   74    0.76908E-01
   75    0.15015E-01
   76    0.25918E-01
   77    0.85642E-02
   78    0.20312E-01
   79    0.10902E-01
   80    0.68457E-01
   81    0.13072E-01
   82    0.16086E-01
   83    0.10564E-01
   84    0.50709E-01
   85    0.78599E-02
   86    0.26200E-02
   87    0.28172E-03
   88    0.71838E-02
   89    0.36905E-02
   90    0.27890E-02
   91    0.11269E-03
   92    0.15213E-02
   93    0.30989E-03
   94    0.47892E-03
   95    0.60006E-03
   96    0.84515E-03
   97    0.24509E-03
   98    0.26200E-03
   99    0.48455E-03
  100    0.68175E-03
  101    0.74936E-03
  102    0.92121E-03
  103    0.81416E-03
  104    0.98037E-03
  105    0.75781E-03
  106    0.54371E-03
  107    0.67330E-03
  108    0.40849E-03
  109    0.55216E-03
  110    0.46201E-03
  111    0.45638E-03
  112    0.51836E-03
  113    0.37750E-04
  114    0.47892E-03
  115    0.33524E-03
  116    0.33524E-03
  117    0.54653E-03
  118    0.88740E-03
  119    0.49300E-03
  120    0.96065E-03
  121    0.43666E-03
  122    0.49018E-03
  123    0.42257E-03
  124    0.60569E-03
  125    0.75781E-03
  126    0.14593E-02
  127    0.23946E-02
  128    0.43948E-02
  129    0.37017E-02
  130    0.47610E-02
  131    0.28031E-02
  132    0.23354E-02
  133    0.89022E-03
  134    0.13579E-02
  135    0.68175E-03
  136    0.11015E-02
  137    0.20847E-03
  138    0.81698E-03
  139    0.31270E-03
  140    0.36905E-03
  141    0.26763E-03
  142    0.36341E-03
  143    0.18227E-03
  144    0.34088E-03
  145    0.14677E-03
  146    0.25918E-03
  147    0.93248E-04
  148    0.12593E-03
  149    0.89022E-04
  150    0.13184E-03
  151    0.12001E-03
  152    0.14734E-03
  153    0.13551E-03
  154    0.17044E-03
  155    0.13015E-03
  156    0.15748E-03
  157    0.13212E-03
  158    0.12959E-03
  159    0.15382E-03
  160    0.20340E-03
  161    0.21016E-03
  162    0.25016E-03
  163    0.27664E-03
  164    0.27524E-03
  165    0.23044E-03
  166    0.20340E-03
  167    0.14931E-03
  168    0.13607E-03
  169    0.90149E-04
  170    0.10593E-03
  171    0.82261E-04
  172    0.10029E-03
  173    0.87614E-04
  174    0.10339E-03
  175    0.87050E-04
  176    0.84515E-04
  177    0.67893E-04
  178    0.60569E-04
  179    0.41130E-04
  180    0.55498E-04
  181    0.37468E-04
  182    0.32679E-04
  183    0.18875E-04
  184    0.36060E-04
  185    0.39722E-04
  186    0.88459E-04
  187    0.93811E-04
  188    0.22340E-03
  189    0.47216E-03
  190    0.47216E-03
  191    0.67978E-03
  192    0.82515E-03
  193    0.11505E-02
  194    0.12148E-02
  195    0.12880E-02
  196    0.87980E-03
  197    0.49469E-03
  198    0.27777E-03
  199    0.12226E-03
  200    0.83951E-04
  201    0.74655E-04
  202    0.72119E-04
  203    0.32397E-04
  204    0.57470E-04
  205    0.11607E-03
  206    0.62907E-03
  207    0.78881E-03
  208    0.33355E-03
  209    0.26200E-03
