           1  7.463087939452443E-005
           2  6.470609901488105E-012
           3  1.574717819390911E-008
           4  8.095643419180456E-005
           6  5.674563962362780E-015
           7  3.114017005274736E-012
           8  2.708281752318958E-013
           9  1.912633244112939E-009
          10  2.713051082138141E-014
          14  1.943465170341905E-015
          15  1.877927473619741E-012
          16  1.215353702463493E-009
          17  9.061264231159127E-011
          18  4.614274790978183E-010
          19  2.183161982077991E-010
          20  4.581168163997129E-009
          21  7.390929900909213E-010
          22  1.569003864875981E-009
          23  4.851003792036353E-009
          24  1.123011411232089E-008
          25  1.375648548958957E-008
          26  1.220093720018186E-008
          27  2.497692059023962E-009
          28  1.510279140008698E-009
          29  8.491366484738558E-010
          30  2.611486689601450E-009
          31  4.345527474777953E-010
          32  6.439800425472076E-010
          33  8.109661609857290E-010
          34  4.416105789108760E-009
          35  2.850417140955233E-010
          36  1.154486347002079E-009
          37  8.004138811028514E-010
          38  1.085011029025614E-009
          39  2.824667013824219E-010
          40  6.040853000956911E-010
          41  8.957884624863744E-010
          42  5.901520939500185E-009
          43  4.816661714122500E-010
          44  9.981330518879269E-010
          45  4.446339677294703E-009
          46  7.508974892536933E-009
          47  8.198022536246597E-009
          48  6.019426866615897E-009
          49  5.106117214747595E-010
          50  3.077715640912724E-009
          51  1.529018354425375E-009
          52  6.225163750417137E-009
          53  2.222601878201158E-010
          54  5.658498191301744E-010
          55  3.429401403731205E-010
          56  3.721685513594756E-010
          57  9.423691320722775E-011
          58  2.027797650425917E-010
          59  1.373710649496177E-010
          60  1.628514991469135E-010
          61  1.748779227977452E-010
          62  8.125002900020856E-010
          63  3.339137744503247E-010
          64  3.665126319161846E-010
          65  3.121444923640416E-010
          66  4.311748728665311E-010
          67  5.858331537230992E-010
          68  8.321867030441527E-010
          69  1.573813029851609E-010
          70  4.782365289344417E-010
          71  1.625807622205960E-010
          72  2.000539072977034E-010
          73  2.183107861855670E-010
          74  4.360866349185743E-010
          75  1.051188142594712E-009
          76  2.796855933337226E-009
          77  5.598502950474326E-009
          78  1.034558649177237E-008
          79  8.028659826753211E-009
          80  3.164789906814924E-008
          81  1.244165483839373E-008
          82  1.046476958308908E-008
          83  4.402992098464223E-009
          84  5.089493243965843E-009
          85  3.423583702627760E-009
          86  3.689325448784585E-009
          87  2.478800288495269E-009
          88  5.952230288202454E-009
          89  2.728191750773739E-009
          90  5.323862327637084E-009
          91  3.481126854795380E-009
          92  2.830955810560638E-009
          93  2.350269174126853E-009
          94  5.467403307595210E-009
          95  2.786209459196199E-009
          96  3.532467764715355E-009
          97  1.519967454898760E-009
          98  1.396275940477945E-009
          99  1.529857469334094E-009
         100  1.308800887419701E-009
         101  9.935258351040456E-010
         102  1.730925757666886E-009
         103  1.640203482113795E-009
         104  1.583964675222802E-009
         105  1.686803162282853E-009
         106  2.143223790050210E-009
         107  1.678110512206739E-009
         108  5.751576951401372E-009
         109  2.598769841321301E-009
         110  7.162809750227089E-009
         111  5.046718712502927E-009
         112  6.527567201775629E-009
         113  3.230955740262913E-009
         114  2.501487095378078E-009
         115  1.298220251107349E-009
         116  1.328523441751775E-009
         117  1.173569822834697E-009
         118  1.268001496521142E-009
         119  4.916660266107400E-010
         120  7.116003263878282E-010
         121  5.758398527210401E-010
         122  7.314386500892117E-010
         123  6.787230928633461E-010
         124  1.943768694461778E-008
         125  8.919281913934601E-008
         126  7.126368282561397E-007
         127  3.643499397212258E-006
         128  2.973935151894538E-005
         129  1.422477313985615E-004
         130  3.362014032967153E-004
         131  1.071767004013510E-003
         132  1.023316105185334E-003
         133  3.252956824963315E-005
         134  8.153359454335671E-005
         135  8.521472339478478E-005
         136  2.085065568156130E-004
         137  1.115530157531365E-004
         138  8.875361448001114E-005
         139  1.408409544991000E-005
         140  3.147489457909836E-005
         141  2.246427542640354E-005
         142  9.077032864914352E-006
         143  1.491896166943119E-006
         144  5.120764374475247E-006
         145  1.751928615344825E-006
         146  7.822686784125095E-006
         147  1.225442733841101E-005
         148  3.121407649780743E-005
         149  2.068798609660757E-005
         150  1.894113435621640E-005
         151  8.052334470539286E-006
         152  1.414789847209814E-005
         153  8.094151953706046E-006
         154  5.336563924975626E-005
         155  2.863580822749965E-005
         156  4.984601249554579E-005
         157  1.884375351630529E-005
         158  2.940627279336219E-005
         159  1.729048120895638E-005
         160  4.136939137438288E-005
         161  2.425471446193581E-005
         162  8.996443264868276E-005
         163  5.502727775147137E-005
         164  1.741119073276536E-004
         165  1.214709110463505E-004
         166  1.247597913758919E-004
         167  4.682715169090286E-005
         168  7.616826404318623E-005
         169  3.478080643226668E-005
         170  5.066520154869205E-005
         171  3.602476563010894E-005
         172  5.506713675099205E-005
         173  2.870949359379592E-005
         174  4.690424415504468E-005
         175  2.126979758277815E-005
         176  3.777863822650232E-005
         177  1.194787334287920E-005
         178  1.471696484719330E-005
         179  4.670180616396969E-006
         180  8.969342544652833E-006
         181  5.088744289010260E-006
         182  1.240441579622012E-005
         183  6.674105394790982E-006
         184  1.237408923180290E-005
         185  3.936607694686889E-006
         186  1.515095955402146E-005
         187  4.493155017115166E-006
         188  1.526934020194783E-005
         189  1.362836259127776E-005
         190  2.767772676296445E-005
         191  3.045991386970247E-005
         192  1.064117630338109E-004
         193  1.367113339533425E-004
         194  3.242340177194675E-004
         195  2.158247362593710E-004
         196  3.995589790810960E-004
         197  2.014623219613520E-004
         198  1.391187109254498E-004
         199  1.086929584612745E-005
         200  2.022371552209313E-006
         201  8.840376784544590E-008
         202  1.109757912050946E-007
         203  2.609893320962821E-008
         204  7.984961251313383E-008
         205  6.797317688101755E-008
         206  2.172820593634547E-006
         207  1.396652696874957E-006
         208  2.360520193623059E-006
         209  1.507850295338747E-006
         226  6.046911014285763E-014
         227  4.705856216850462E-015
         230  2.849605795027170E-012
         231  7.064441673447454E-012
         232  5.402692300462849E-007
         234  9.278071713677418E-012
         235  1.518050996689650E-007
         236  1.569069776900554E-009
         238  1.688478939520811E-007
         240  3.049920389969482E-013
         244  3.723047128222171E-009
