           1  7.499502398741498E-005
           2  6.470609901488105E-012
           3  1.574717819390911E-008
           4  8.387255148342006E-005
           6  5.674563962362780E-015
           7  3.114017005274736E-012
           8  2.708281752318958E-013
           9  1.912633244112939E-009
          10  2.713051082138141E-014
          14  1.783082593700262E-015
          15  1.742156557966473E-012
          16  1.202059822595802E-009
          17  8.988468287535838E-011
          18  4.485675859108947E-010
          19  2.021297417580901E-010
          20  4.546503226017867E-009
          21  7.443714421743933E-010
          22  1.611425143094628E-009
          23  4.801964882325700E-009
          24  1.115082481977635E-008
          25  1.362381074224980E-008
          26  1.192747433054297E-008
          27  2.567204178670854E-009
          28  1.561778982889431E-009
          29  8.419918578122786E-010
          30  2.680888766544732E-009
          31  4.679817415736149E-010
          32  6.035005117833853E-010
          33  7.781530484891981E-010
          34  4.338841461105424E-009
          35  2.905498521178648E-010
          36  1.160969390219675E-009
          37  7.639049472591714E-010
          38  1.017782188075868E-009
          39  2.888462044548812E-010
          40  6.130882817949457E-010
          41  8.811628137425246E-010
          42  6.052880662847029E-009
          43  5.145390240235792E-010
          44  9.763961514273672E-010
          45  4.333839511258471E-009
          46  7.331345453521240E-009
          47  8.089509286526729E-009
          48  6.029668191204803E-009
          49  5.113199834679552E-010
          50  3.128488043045854E-009
          51  1.572172893386219E-009
          52  6.282696717899596E-009
          53  2.174231179476744E-010
          54  5.365773024211091E-010
          55  3.461258810419036E-010
          56  4.025166146235872E-010
          57  1.061310976354305E-010
          58  2.132442600240128E-010
          59  1.493997847709988E-010
          60  1.701140991219581E-010
          61  1.726166340103868E-010
          62  8.281008952185156E-010
          63  3.419013534688822E-010
          64  3.628986073761790E-010
          65  3.129939893518964E-010
          66  4.431858840468017E-010
          67  5.825349396225902E-010
          68  8.545161541186372E-010
          69  1.602479083353678E-010
          70  4.824228214389310E-010
          71  1.679312153394884E-010
          72  2.104598573985762E-010
          73  2.218248259425986E-010
          74  4.466648441058943E-010
          75  1.039126170251893E-009
          76  2.809061793957724E-009
          77  5.547090383690265E-009
          78  1.023008038604662E-008
          79  7.875360043344110E-009
          80  3.161538603194043E-008
          81  1.191172360787401E-008
          82  1.043558582841529E-008
          83  4.497599205641037E-009
          84  5.057318430502721E-009
          85  3.409501291073624E-009
          86  3.670631255937628E-009
          87  2.384442669766713E-009
          88  5.780354137491288E-009
          89  2.652737731323597E-009
          90  5.053965640830811E-009
          91  3.348829839588911E-009
          92  2.788205131379691E-009
          93  2.313536849392460E-009
          94  5.366335081637035E-009
          95  2.716211014858054E-009
          96  3.335681305670545E-009
          97  1.447079526978756E-009
          98  1.345571957779179E-009
          99  1.506480574604775E-009
         100  1.313579373091553E-009
         101  9.844521529307416E-010
         102  1.698071019542437E-009
         103  1.602743882103947E-009
         104  1.540854913076235E-009
         105  1.641399973845777E-009
         106  2.086830694378364E-009
         107  1.609860442035464E-009
         108  5.412626682591908E-009
         109  2.437257181096281E-009
         110  6.758130187141497E-009
         111  4.773067652682208E-009
         112  6.295382602329720E-009
         113  3.154424351643298E-009
         114  2.482654792003700E-009
         115  1.317231988845361E-009
         116  1.369329854481530E-009
         117  1.239872787557730E-009
         118  1.338162719404245E-009
         119  4.914154728731754E-010
         120  6.981563953861596E-010
         121  5.676318699436913E-010
         122  7.568557266468524E-010
         123  6.604050104185864E-010
         124  1.923944805059643E-008
         125  7.634782131623446E-008
         126  6.257180736865356E-007
         127  3.254916673612410E-006
         128  2.703252859758058E-005
         129  1.328065913853184E-004
         130  3.247994013234055E-004
         131  1.079250778299132E-003
         132  1.005885569263933E-003
         133  3.279204938897722E-005
         134  8.216071541873829E-005
         135  7.853494270605354E-005
         136  2.040297257273459E-004
         137  1.113908314275353E-004
         138  8.829629038256487E-005
         139  1.406778361429766E-005
         140  3.284060930794866E-005
         141  2.471219611713048E-005
         142  9.712179362499328E-006
         143  1.599577594912694E-006
         144  5.707556213391506E-006
         145  2.145146833233462E-006
         146  8.729879895995355E-006
         147  1.130590285638956E-005
         148  2.031578641960903E-005
         149  1.423121789651171E-005
         150  3.587854048517850E-005
         151  1.796296828624699E-005
         152  3.238201897632528E-005
         153  1.705382803066506E-005
         154  4.351973564198776E-005
         155  2.382840206488106E-005
         156  4.725161001525122E-005
         157  3.202602860296705E-005
         158  7.366621594609230E-005
         159  3.234545813101158E-005
         160  1.125573530905535E-004
         161  4.840307679408210E-005
         162  6.997428851860078E-005
         163  3.245548007141224E-005
         164  1.164509332286348E-004
         165  8.503480762156089E-005
         166  1.787950260531757E-004
         167  4.325923547306901E-005
         168  1.118187852297508E-004
         169  5.088197034413521E-005
         170  2.476974012484262E-005
         171  6.401394316569039E-006
         172  1.319667192094715E-005
         173  1.336654277966753E-005
         174  4.522385536723551E-005
         175  2.937558269847003E-005
         176  2.223125079403042E-005
         177  8.514052481785179E-006
         178  1.677467501455821E-005
         179  8.001339036958711E-006
         180  1.444284720105148E-005
         181  6.445178186428381E-006
         182  1.326047290421086E-005
         183  6.765052027536319E-006
         184  1.200806136458412E-005
         185  3.798387841225208E-006
         186  1.468616630817649E-005
         187  4.287289708870214E-006
         188  1.403266105677209E-005
         189  1.222956487811853E-005
         190  2.516107993069747E-005
         191  2.892845078367584E-005
         192  1.012471970212713E-004
         193  1.301486124482562E-004
         194  3.144138227128891E-004
         195  2.151180964700703E-004
         196  4.068534168072793E-004
         197  2.104963596944088E-004
         198  1.497974312781978E-004
         199  1.180684615849312E-005
         200  2.171576972960632E-006
         201  8.606885277157688E-008
         202  1.102878597489003E-007
         203  2.788275280616405E-008
         204  8.151633869568279E-008
         205  6.877717510624762E-008
         206  2.380242356837614E-006
         207  1.546168634413361E-006
         208  2.600246792250718E-006
         209  1.680106890797107E-006
         210  1.051944002074658E-015
         226  7.449766785100965E-014
         227  5.655658527561952E-015
         230  3.510701340282931E-012
         231  8.490286985359193E-012
         232  6.393985194567955E-007
         234  1.143054202700269E-011
         235  1.824445471571994E-007
         236  1.928331073349320E-009
         238  2.080198351070069E-007
         240  3.748479059096935E-013
         244  4.575779827588034E-009
