           1  7.441827156497285E-005
           2  6.470609901488105E-012
           3  1.574717819390911E-008
           4  8.190484001863033E-005
           6  5.674563962362780E-015
           7  3.114017005274736E-012
           8  2.708281752318958E-013
           9  1.912633244112939E-009
          10  2.713051082138141E-014
          14  2.059130287804037E-015
          15  2.056576937111643E-012
          16  1.229136283314746E-009
          17  9.164332041411046E-011
          18  4.563643506408950E-010
          19  2.084165634577562E-010
          20  4.582780759803632E-009
          21  7.650878645548482E-010
          22  1.586451955705256E-009
          23  4.843706826142126E-009
          24  1.124054274421754E-008
          25  1.360391935651763E-008
          26  1.205211152684361E-008
          27  2.728527186091539E-009
          28  1.643252183100865E-009
          29  8.350881482832974E-010
          30  2.683673736860583E-009
          31  4.961514839324326E-010
          32  6.418797057044071E-010
          33  7.549782750991556E-010
          34  4.398923129028079E-009
          35  3.015970666858642E-010
          36  1.170188019402825E-009
          37  8.013624134635124E-010
          38  1.060984925465658E-009
          39  3.031855245557523E-010
          40  6.177012647409638E-010
          41  8.643202024917508E-010
          42  6.004923138035030E-009
          43  5.352702073023380E-010
          44  9.406049947884991E-010
          45  4.228877406043158E-009
          46  7.361688002430415E-009
          47  8.213065177026640E-009
          48  6.162112059508181E-009
          49  5.156815394628852E-010
          50  3.123003684759526E-009
          51  1.580934670187996E-009
          52  6.360484156445901E-009
          53  2.191952576477904E-010
          54  5.216414621206692E-010
          55  3.490240778170176E-010
          56  4.044742615438622E-010
          57  1.114010031176159E-010
          58  1.978596991431724E-010
          59  1.410563756816828E-010
          60  1.670223271305265E-010
          61  1.681061703387629E-010
          62  8.316311015636195E-010
          63  3.459939282528823E-010
          64  3.500594080838364E-010
          65  2.971209343488899E-010
          66  4.409053437850282E-010
          67  5.809285856436032E-010
          68  8.870626353518746E-010
          69  1.642367375027857E-010
          70  4.789467667550370E-010
          71  1.663599461785851E-010
          72  2.078714095204837E-010
          73  2.063221231972150E-010
          74  4.300171060547252E-010
          75  9.975178564758535E-010
          76  2.747077918612188E-009
          77  5.387553819984800E-009
          78  1.025525333421523E-008
          79  7.884432506528393E-009
          80  3.176954326240614E-008
          81  1.234862962411282E-008
          82  1.087484680758600E-008
          83  4.707206371076738E-009
          84  5.208360695919750E-009
          85  3.437585451555361E-009
          86  3.714868922197961E-009
          87  2.457243396973081E-009
          88  5.923668190263509E-009
          89  2.764939619852164E-009
          90  5.232355680785035E-009
          91  3.455291515429643E-009
          92  2.883118641097233E-009
          93  2.409941547167706E-009
          94  5.673140712742260E-009
          95  2.929209473395767E-009
          96  3.349812185067965E-009
          97  1.486532351255899E-009
          98  1.396852989199020E-009
          99  1.558452334260045E-009
         100  1.404648857521873E-009
         101  1.037947715568392E-009
         102  1.744143888504119E-009
         103  1.651392277010510E-009
         104  1.601915450749936E-009
         105  1.671478677561754E-009
         106  2.149718734955471E-009
         107  1.640639154248508E-009
         108  5.433563754505975E-009
         109  2.441483894538003E-009
         110  6.869255478813835E-009
         111  4.915025147272853E-009
         112  6.663106069474248E-009
         113  3.441837395177658E-009
         114  2.790558895003833E-009
         115  1.490240937321306E-009
         116  1.556917316870586E-009
         117  1.357810784532058E-009
         118  1.450125466862122E-009
         119  5.361669708818402E-010
         120  7.369611031114060E-010
         121  6.004650087421489E-010
         122  7.748271600909254E-010
         123  6.741638492069838E-010
         124  1.672118793053916E-008
         125  6.842480965521568E-008
         126  5.713902059001033E-007
         127  2.958833881112184E-006
         128  2.487841742695836E-005
         129  1.271339327471225E-004
         130  3.269555086889016E-004
         131  1.097660449492738E-003
         132  1.050610678976083E-003
         133  3.396193957918709E-005
         134  8.530499750714486E-005
         135  8.496519901519367E-005
         136  2.185256653741626E-004
         137  1.181654276917339E-004
         138  8.801203068916082E-005
         139  1.417889364330729E-005
         140  3.341029584319193E-005
         141  2.549631093273134E-005
         142  1.012045255029255E-005
         143  1.625080189573883E-006
         144  5.270613206574479E-006
         145  1.834636699301516E-006
         146  7.111579667824145E-006
         147  9.895800589069335E-006
         148  1.198408661165279E-005
         149  8.080410073180418E-006
         150  4.066822060662154E-005
         151  3.512933593882713E-005
         152  5.166511472317304E-005
         153  1.816412730981418E-005
         154  4.761025416980003E-005
         155  2.737768047935951E-005
         156  4.081611196409818E-005
         157  1.820082229000429E-005
         158  4.027324941115555E-005
         159  3.038149210478302E-005
         160  4.969183214729389E-005
         161  2.943775989589703E-005
         162  1.275977120840357E-004
         163  7.665020913681941E-005
         164  5.492455829593396E-005
         165  2.184428880664813E-005
         166  4.905006432548340E-005
         167  2.240232247679173E-005
         168  1.501237793238618E-004
         169  9.030402922992552E-005
         170  6.643606779291612E-005
         171  2.296028907276641E-005
         172  3.130266861309812E-005
         173  1.438088696274233E-005
         174  2.884278100602593E-005
         175  1.544570676096101E-005
         176  2.257164865778870E-005
         177  1.031545882304666E-005
         178  1.087340493814995E-005
         179  5.403516300809810E-006
         180  1.155906095594439E-005
         181  5.441680064379418E-006
         182  1.179867611321246E-005
         183  6.144576715127045E-006
         184  1.119246746735904E-005
         185  3.566272214825771E-006
         186  1.365791615046436E-005
         187  3.910668698356626E-006
         188  1.234999713367511E-005
         189  1.054146642095533E-005
         190  2.270728442823591E-005
         191  2.674835692515399E-005
         192  9.534915096818763E-005
         193  1.250652995671570E-004
         194  3.154952853506424E-004
         195  2.257133685488913E-004
         196  4.393675238548854E-004
         197  2.358859894903817E-004
         198  1.753298276150479E-004
         199  1.427944269967512E-005
         200  2.546993459986059E-006
         201  9.069777163936695E-008
         202  1.073466234046262E-007
         203  2.622306094869370E-008
         204  8.272851904414389E-008
         205  7.133255589658405E-008
         206  2.253978316808607E-006
         207  1.471262133482987E-006
         208  2.472761030253183E-006
         209  1.592411572915137E-006
         226  6.671462581189233E-014
         227  5.069114846306090E-015
         230  3.143925615533350E-012
         231  7.609766324671764E-012
         232  5.851050783990422E-007
         234  1.023635176987971E-011
         235  1.635233736469639E-007
         236  1.640194049508294E-009
         238  1.862872471171915E-007
         240  3.179964540092788E-013
         244  3.881792419165161E-009
