           1  7.477446935996612E-005
           2  6.470609901488105E-012
           3  1.574717819390911E-008
           4  8.299628236763707E-005
           6  5.674563962362780E-015
           7  3.114017005274736E-012
           8  2.708281752318958E-013
           9  1.912633244112939E-009
          10  2.713051082138141E-014
          14  1.860947238591803E-015
          15  1.827455126120464E-012
          16  1.223513248403820E-009
          17  9.103396494435046E-011
          18  4.496133690577691E-010
          19  2.030724416985642E-010
          20  4.598946078078151E-009
          21  7.491365728554525E-010
          22  1.604301685978950E-009
          23  4.852562298671881E-009
          24  1.124171260948274E-008
          25  1.371821184834880E-008
          26  1.194560670124725E-008
          27  2.502488873605644E-009
          28  1.549282187604544E-009
          29  8.519043024178391E-010
          30  2.693644625258240E-009
          31  4.532128011145578E-010
          32  6.175419657149533E-010
          33  8.092141506941863E-010
          34  4.324284102478135E-009
          35  2.850180855527463E-010
          36  1.160898887017984E-009
          37  7.538160975725028E-010
          38  1.012870561250489E-009
          39  2.892289489561043E-010
          40  6.214505267466366E-010
          41  9.045092293746314E-010
          42  6.119287466990040E-009
          43  4.984090172076033E-010
          44  9.900519607385432E-010
          45  4.409284591948899E-009
          46  7.357478626880369E-009
          47  8.073614049100696E-009
          48  5.989020846595186E-009
          49  5.023588992075346E-010
          50  3.131983156872185E-009
          51  1.572580542759936E-009
          52  6.262758635123191E-009
          53  2.107789785277013E-010
          54  5.236699787308174E-010
          55  3.418090956586010E-010
          56  4.034378159442607E-010
          57  1.027998915908537E-010
          58  2.149806775537317E-010
          59  1.479870173864767E-010
          60  1.684776124867405E-010
          61  1.783373635204821E-010
          62  8.480000165549713E-010
          63  3.440059759075167E-010
          64  3.692066140973495E-010
          65  3.183878785073393E-010
          66  4.368505574503290E-010
          67  5.869237299964482E-010
          68  8.475334373972372E-010
          69  1.593681097870011E-010
          70  4.869011155265513E-010
          71  1.673061853787347E-010
          72  2.041638115747051E-010
          73  2.200851637498873E-010
          74  4.448781516810079E-010
          75  1.061374137317669E-009
          76  2.830998511786990E-009
          77  5.568316817315319E-009
          78  1.022910061040129E-008
          79  7.949899355568188E-009
          80  3.199278918371850E-008
          81  1.184271866142683E-008
          82  1.042277278790758E-008
          83  4.514579601977782E-009
          84  5.159683889690330E-009
          85  3.479511580954929E-009
          86  3.732056666154705E-009
          87  2.398620119605033E-009
          88  5.832307639300340E-009
          89  2.678341046952510E-009
          90  5.199563725400966E-009
          91  3.389382773760585E-009
          92  2.813215691958798E-009
          93  2.362014048344945E-009
          94  5.547807130918619E-009
          95  2.751476547910628E-009
          96  3.426848942343049E-009
          97  1.455711488009269E-009
          98  1.334299699089949E-009
          99  1.498758950164490E-009
         100  1.283958230808358E-009
         101  9.742073133139313E-010
         102  1.720324754524373E-009
         103  1.622080263405277E-009
         104  1.565639279893946E-009
         105  1.696877986062073E-009
         106  2.146974425081237E-009
         107  1.666897082364632E-009
         108  5.651665419980367E-009
         109  2.531148721555042E-009
         110  6.967372735046637E-009
         111  4.886462540670588E-009
         112  6.347758781797156E-009
         113  3.114448153064753E-009
         114  2.399718602661856E-009
         115  1.263079139714481E-009
         116  1.316472724232585E-009
         117  1.214988822754399E-009
         118  1.313422141629913E-009
         119  4.797800842455850E-010
         120  6.898045848579615E-010
         121  5.590216922044089E-010
         122  7.306920311450388E-010
         123  6.631626957265674E-010
         124  1.997227113740477E-008
         125  8.585914627021202E-008
         126  6.878249264030801E-007
         127  3.536500870897797E-006
         128  2.896982630092737E-005
         129  1.390167237151156E-004
         130  3.301793388665448E-004
         131  1.082081220947696E-003
         132  1.010307269939132E-003
         133  3.301671437068700E-005
         134  8.255884570523249E-005
         135  7.917310397062865E-005
         136  2.071567868176322E-004
         137  1.130514390343640E-004
         138  8.840976200939013E-005
         139  1.421964103335273E-005
         140  3.282412502869863E-005
         141  2.486046912408231E-005
         142  9.695023855429523E-006
         143  1.556423380635871E-006
         144  5.418333229120078E-006
         145  1.858846874032231E-006
         146  6.755083744642385E-006
         147  7.863560578245298E-006
         148  1.580675346835804E-005
         149  1.029080254998550E-005
         150  1.646256383767638E-005
         151  1.274841927115002E-005
         152  1.481123924286252E-005
         153  5.806246453613551E-006
         154  3.213993065883537E-005
         155  2.046804691468594E-005
         156  9.251026548142093E-005
         157  4.953897880878940E-005
         158  9.633043802438039E-005
         159  3.947849795348424E-005
         160  5.599458039687528E-005
         161  3.317268206281193E-005
         162  1.933674770753865E-004
         163  6.532423232060114E-005
         164  7.211975487069447E-005
         165  4.849314082829810E-005
         166  1.528518332453890E-004
         167  2.920102053145559E-005
         168  4.114910017397413E-005
         169  2.524500877794667E-005
         170  2.691906502240073E-005
         171  1.680085411556410E-005
         172  3.589153878941379E-005
         173  2.562635946187245E-005
         174  5.910811868121767E-005
         175  3.495222192821596E-005
         176  2.649694862977612E-005
         177  9.771010279348338E-006
         178  1.662003293813748E-005
         179  9.422310446352548E-006
         180  1.842156368087758E-005
         181  7.932237358747828E-006
         182  1.529474355933554E-005
         183  7.618129525924315E-006
         184  1.332997883284573E-005
         185  4.204037188476143E-006
         186  1.605116405186379E-005
         187  4.677493231977322E-006
         188  1.550398997172730E-005
         189  1.372583108580656E-005
         190  2.747225081679557E-005
         191  3.103927501049785E-005
         192  1.077244293000358E-004
         193  1.364538801968870E-004
         194  3.219296851494809E-004
         195  2.154172397198191E-004
         196  4.032291470942415E-004
         197  2.041995980289429E-004
         198  1.424934796085113E-004
         199  1.102669038447961E-005
         200  2.039602946711374E-006
         201  8.491953774831211E-008
         202  1.097919348418833E-007
         203  2.749576048290362E-008
         204  8.411172409001194E-008
         205  7.167639518090859E-008
         206  2.346927553274763E-006
         207  1.529107131467651E-006
         208  2.571297803760173E-006
         209  1.633655576075910E-006
         226  6.801152863096885E-014
         227  5.237758853000158E-015
         230  3.205042138996265E-012
         231  7.862935077384761E-012
         232  5.908382090082210E-007
         234  1.043534192092766E-011
         235  1.689636206636696E-007
         236  1.787349137694303E-009
         238  1.899085888095739E-007
         240  3.476083650955687E-013
         244  4.243265921534464E-009
