           1  7.468503541726339E-005
           2  6.470609901488105E-012
           3  1.574717819390911E-008
           4  8.226338799567349E-005
           6  5.674563962362780E-015
           7  3.114017005274736E-012
           8  2.708281752318958E-013
           9  1.912633244112939E-009
          10  2.713051082138141E-014
          14  1.900905373728917E-015
          15  1.896498958898098E-012
          16  1.247205635799191E-009
          17  9.240456314164480E-011
          18  4.404242637255248E-010
          19  1.896184866029870E-010
          20  4.666070304478181E-009
          21  7.650110687129430E-010
          22  1.621464794644568E-009
          23  4.893366736609162E-009
          24  1.132579277891312E-008
          25  1.378168628650621E-008
          26  1.181226206745400E-008
          27  2.522090163504051E-009
          28  1.563771546809772E-009
          29  8.300967888403721E-010
          30  2.706132329529581E-009
          31  4.626794985073378E-010
          32  5.784289689805140E-010
          33  8.159739769925053E-010
          34  4.286526417541397E-009
          35  2.901390417204641E-010
          36  1.182460175034006E-009
          37  7.604916466303961E-010
          38  1.016496387017132E-009
          39  2.979561751895755E-010
          40  6.151528974387514E-010
          41  8.784666071175325E-010
          42  6.276554121849852E-009
          43  5.217411141227431E-010
          44  9.927130086882265E-010
          45  4.416374372871730E-009
          46  7.328818184740137E-009
          47  7.982224017312224E-009
          48  5.914193455700234E-009
          49  5.188761255992107E-010
          50  3.164893008226055E-009
          51  1.576699577773630E-009
          52  6.155695158151045E-009
          53  2.114886416155851E-010
          54  5.274968835851197E-010
          55  3.576047593569560E-010
          56  4.348282172911200E-010
          57  1.129182312688039E-010
          58  2.240891210885325E-010
          59  1.551348674723324E-010
          60  1.734711792245692E-010
          61  1.817817870453316E-010
          62  8.734513598334849E-010
          63  3.531875557117221E-010
          64  3.683944219576826E-010
          65  3.145632924051637E-010
          66  4.366544178695333E-010
          67  5.839804465753940E-010
          68  8.583005877726340E-010
          69  1.609512865669818E-010
          70  4.917544686538418E-010
          71  1.700201127327240E-010
          72  2.084242062800619E-010
          73  2.222474626998135E-010
          74  4.557272907092791E-010
          75  1.079531311571385E-009
          76  2.858884850627634E-009
          77  5.494792594537687E-009
          78  1.008844848774539E-008
          79  7.935126668282172E-009
          80  3.251281199994385E-008
          81  1.181062101041130E-008
          82  1.043020654013335E-008
          83  4.548935316410421E-009
          84  5.151882197661247E-009
          85  3.503127418829337E-009
          86  3.772966634369785E-009
          87  2.418844836089155E-009
          88  5.893061345665318E-009
          89  2.665690757809412E-009
          90  5.121094153940500E-009
          91  3.432665306505428E-009
          92  2.855054114593075E-009
          93  2.390212479236640E-009
          94  5.670174580801905E-009
          95  2.822885546382323E-009
          96  3.344852802494621E-009
          97  1.430601429633363E-009
          98  1.308629453100248E-009
          99  1.467309740815193E-009
         100  1.274474590203686E-009
         101  9.670389964786749E-010
         102  1.743024148852946E-009
         103  1.659971502485415E-009
         104  1.609880842078395E-009
         105  1.734926040012799E-009
         106  2.215104486060378E-009
         107  1.714500655853666E-009
         108  5.724069072355180E-009
         109  2.541174067862943E-009
         110  6.893884755246107E-009
         111  4.854239141726295E-009
         112  6.338514119956704E-009
         113  3.142336383924622E-009
         114  2.445218844203652E-009
         115  1.285713244175647E-009
         116  1.332054266314509E-009
         117  1.202360554165158E-009
         118  1.296032651693404E-009
         119  4.775480422670797E-010
         120  6.826027872283704E-010
         121  5.552682213127941E-010
         122  7.224027985303845E-010
         123  6.617849276419258E-010
         124  1.938740478377882E-008
         125  8.483554118830335E-008
         126  6.830003167490339E-007
         127  3.506970259400505E-006
         128  2.871018954787680E-005
         129  1.383434471628519E-004
         130  3.285887713246583E-004
         131  1.096949029637354E-003
         132  1.012464778050914E-003
         133  3.288426248688749E-005
         134  8.215644877023219E-005
         135  7.912081793026197E-005
         136  2.091885252268205E-004
         137  1.141038665569533E-004
         138  8.602087770161180E-005
         139  1.383185863802920E-005
         140  3.149655876419445E-005
         141  2.332494790127385E-005
         142  8.634792706663654E-006
         143  1.770196298414352E-006
         144  1.075327176666141E-005
         145  7.205672882663197E-006
         146  2.888009478291934E-005
         147  1.939998469916828E-005
         148  2.574956656937596E-005
         149  1.728733722836354E-005
         150  4.810605788834900E-005
         151  1.860632717397809E-005
         152  2.092501407798573E-005
         153  8.159972528828459E-006
         154  2.034107500012798E-005
         155  1.159301129675736E-005
         156  3.007703270098624E-005
         157  2.021048942052830E-005
         158  6.321375077301708E-005
         159  4.842305802614796E-005
         160  6.191532422466336E-005
         161  2.698237638259766E-005
         162  1.438748377149411E-004
         163  5.414532134448816E-005
         164  9.332065581921960E-005
         165  7.248563914864015E-005
         166  8.898536424054234E-005
         167  2.723581007710616E-005
         168  1.064990412367364E-004
         169  4.523368482167723E-005
         170  4.272604684132637E-005
         171  1.767147085677273E-005
         172  3.275779312734484E-005
         173  2.736635804692393E-005
         174  3.525117228797894E-005
         175  2.166681440947896E-005
         176  2.419208896662794E-005
         177  1.246272215560177E-005
         178  3.084068733393918E-005
         179  1.176777961530502E-005
         180  1.664262628824437E-005
         181  7.285761863360546E-006
         182  1.461366006121905E-005
         183  7.368836977615002E-006
         184  1.298119484383439E-005
         185  4.129933648873959E-006
         186  1.597628032863767E-005
         187  4.637749946161971E-006
         188  1.525356784693520E-005
         189  1.339036715797924E-005
         190  2.730731483361750E-005
         191  3.082857843496280E-005
         192  1.072578898957342E-004
         193  1.362598250333600E-004
         194  3.254035318283409E-004
         195  2.191981568936255E-004
         196  4.104708481051310E-004
         197  2.096988506682707E-004
         198  1.475515126859719E-004
         199  1.159247676276994E-005
         200  2.110718775791439E-006
         201  8.274315508849090E-008
         202  1.069505642844645E-007
         203  2.765712848711596E-008
         204  8.651286577837590E-008
         205  7.444329943428115E-008
         206  2.301056999446213E-006
         207  1.530444917996769E-006
         208  2.542955097512649E-006
         209  1.597904563666938E-006
         226  6.419260258013135E-014
         227  4.920006869660190E-015
         230  3.025075313297373E-012
         231  7.385925103112785E-012
         232  5.565466293216168E-007
         234  9.849385393947307E-012
         235  1.587133347904606E-007
         236  1.677558469200897E-009
         238  1.792450017430654E-007
         240  3.261588912306443E-013
         244  3.981431539439388E-009
