           1  7.420728260588068E-005
           2  6.470609901488105E-012
           3  1.574717819390911E-008
           4  8.167914765655143E-005
           6  5.674563962362780E-015
           7  3.114017005274736E-012
           8  2.708281752318958E-013
           9  1.912633244112939E-009
          10  2.713051082138141E-014
          14  2.077815759582894E-015
          15  2.168859163278918E-012
          16  1.233586124893728E-009
          17  9.178089805461337E-011
          18  4.506304297856172E-010
          19  2.014548517867105E-010
          20  4.728997353519318E-009
          21  7.650602518296727E-010
          22  1.401154130519972E-009
          23  4.982696921838185E-009
          24  1.144905125449227E-008
          25  1.401529857256565E-008
          26  1.160249904220752E-008
          27  2.464898318887201E-009
          28  1.568253637571861E-009
          29  8.509554326374155E-010
          30  2.607318122928073E-009
          31  4.604438728466468E-010
          32  6.750054454056606E-010
          33  8.596208861012226E-010
          34  4.349241043882119E-009
          35  2.864436974777339E-010
          36  1.128404541034105E-009
          37  8.059463669030400E-010
          38  1.094913400864089E-009
          39  3.162631944676204E-010
          40  6.420797198196001E-010
          41  8.966967524329897E-010
          42  6.036488308167333E-009
          43  5.206436667312561E-010
          44  1.028694604706930E-009
          45  4.661844068895382E-009
          46  7.465740969318113E-009
          47  7.908157250435081E-009
          48  5.806257224147599E-009
          49  5.232503776736099E-010
          50  3.065700967921856E-009
          51  1.536073702271867E-009
          52  6.438677119718164E-009
          53  2.316970641888867E-010
          54  5.669109291349215E-010
          55  3.577217854873266E-010
          56  4.073863777741629E-010
          57  1.096287919072798E-010
          58  2.056686956784988E-010
          59  1.448069774071800E-010
          60  1.821618782124789E-010
          61  1.955881258324535E-010
          62  9.059557611634575E-010
          63  3.661203763402145E-010
          64  3.610845360330311E-010
          65  3.009370970858460E-010
          66  4.429774550127842E-010
          67  5.885142736572408E-010
          68  8.581563645200989E-010
          69  1.581800760528222E-010
          70  4.630956560960250E-010
          71  1.601680129460503E-010
          72  2.033195776226406E-010
          73  2.168228263333700E-010
          74  4.622238856234849E-010
          75  1.121194084524625E-009
          76  2.892986364052495E-009
          77  5.518506401931950E-009
          78  1.002770304380073E-008
          79  7.971539389589031E-009
          80  3.163066648267055E-008
          81  1.232242455984697E-008
          82  1.059195274231050E-008
          83  4.560608118095202E-009
          84  5.190460862430086E-009
          85  3.435991403474665E-009
          86  3.747359914629564E-009
          87  2.638566535098848E-009
          88  6.166768515870576E-009
          89  2.745561013898663E-009
          90  5.233349259311284E-009
          91  3.573684485491190E-009
          92  3.037800782708209E-009
          93  2.509604494732144E-009
          94  5.685824630408939E-009
          95  2.938540888367339E-009
          96  3.363142221094463E-009
          97  1.477701100280497E-009
          98  1.383833267541049E-009
          99  1.536818501809233E-009
         100  1.372049281905354E-009
         101  1.017217064704795E-009
         102  1.766273722057303E-009
         103  1.681023559903608E-009
         104  1.644470034682361E-009
         105  1.749326983324392E-009
         106  2.303124606577385E-009
         107  1.785636270690715E-009
         108  6.022573659921094E-009
         109  2.642561899477169E-009
         110  6.971348734424685E-009
         111  4.965394193314965E-009
         112  6.493705353532625E-009
         113  3.281589959012633E-009
         114  2.590120531551112E-009
         115  1.349097454174176E-009
         116  1.379127632926135E-009
         117  1.228862876672663E-009
         118  1.301884726649240E-009
         119  4.669695639310868E-010
         120  6.485407453067970E-010
         121  5.294519562911892E-010
         122  6.853794776881666E-010
         123  6.444232621529989E-010
         124  1.806058196754642E-008
         125  8.382808354511393E-008
         126  6.873374649220538E-007
         127  3.508887984186826E-006
         128  2.857516305593149E-005
         129  1.385166720908155E-004
         130  3.262878836038619E-004
         131  1.082423642654563E-003
         132  1.046063146134459E-003
         133  3.500393824648931E-005
         134  8.799896865759896E-005
         135  8.825316296311537E-005
         136  2.256913001870939E-004
         137  1.220676576507063E-004
         138  9.228144178897576E-005
         139  1.475042543142181E-005
         140  3.336953135028546E-005
         141  2.578076455330233E-005
         142  1.019114556556125E-005
         143  1.788352781796885E-006
         144  7.765839940078034E-006
         145  4.190319218000598E-006
         146  1.582535251218833E-005
         147  1.166243506151451E-005
         148  1.779901190849720E-005
         149  1.450733991411197E-005
         150  3.147159237399409E-005
         151  1.714308861270037E-005
         152  3.933067011790077E-005
         153  1.930925752135270E-005
         154  4.005813665674290E-005
         155  1.826487692382954E-005
         156  3.263142452457081E-005
         157  3.721532735796928E-005
         158  1.008875653150045E-004
         159  5.613462498894410E-005
         160  7.509255484431061E-005
         161  3.394044676824399E-005
         162  5.971476215849203E-005
         163  3.918366458931164E-005
         164  7.230760887447426E-005
         165  4.666229760059733E-005
         166  6.870601230827188E-005
         167  2.547004124757779E-005
         168  9.019328928734843E-005
         169  4.629867198806235E-005
         170  2.827657842748844E-005
         171  9.215331135653063E-006
         172  2.001032423932620E-005
         173  1.347902209063985E-005
         174  5.074814457472818E-005
         175  3.353984547326132E-005
         176  2.418518092224540E-005
         177  8.843767641522813E-006
         178  1.024775463915112E-005
         179  5.500216778499488E-006
         180  1.202471822165511E-005
         181  5.588761917581177E-006
         182  1.206094938772346E-005
         183  6.442875601026835E-006
         184  1.222523064898901E-005
         185  3.988729759290171E-006
         186  1.564291807081752E-005
         187  4.537800024097735E-006
         188  1.496292055234349E-005
         189  1.302384040712956E-005
         190  2.769887851025155E-005
         191  3.032503410213067E-005
         192  1.073389188225592E-004
         193  1.403878963067554E-004
         194  3.477115590106377E-004
         195  2.335858736235072E-004
         196  4.298137350995179E-004
         197  2.249683544990127E-004
         198  1.613133497954868E-004
         199  1.320506284167942E-005
         200  2.371823444083775E-006
         201  9.001969309696238E-008
         202  1.092966380360297E-007
         203  2.682357711817217E-008
         204  8.009009811496191E-008
         205  6.818489881881744E-008
         206  2.252693107050726E-006
         207  1.468965375777790E-006
         208  2.487584748353548E-006
         209  1.577407569147127E-006
         226  5.914369603751037E-014
         227  4.548027298228313E-015
         230  2.787145677679893E-012
         231  6.827508554667277E-012
         232  5.348381574502788E-007
         234  9.074706936344341E-012
         235  1.467137340134891E-007
         236  1.471156951057249E-009
         238  1.651469401961294E-007
         240  2.855046012780552E-013
         244  3.485163381241945E-009
