           1  7.457783649754918E-005
           2  6.470609901488105E-012
           3  1.574717819390911E-008
           4  8.007929345023617E-005
           6  5.674563962362780E-015
           7  3.114017005274736E-012
           8  2.708281752318958E-013
           9  1.912633244112939E-009
          10  2.713051082138141E-014
          14  1.998597656385659E-015
          15  1.960962600264378E-012
          16  1.237716782660934E-009
          17  9.192015816018942E-011
          18  4.565462543355397E-010
          19  2.107636211297710E-010
          20  4.597610122754054E-009
          21  7.542076330857863E-010
          22  1.646629763518922E-009
          23  4.847606546395118E-009
          24  1.124958877085958E-008
          25  1.369291109962062E-008
          26  1.204765852149768E-008
          27  2.575183030904594E-009
          28  1.596258689661615E-009
          29  8.745873873348205E-010
          30  2.763245496072014E-009
          31  4.781790974606462E-010
          32  6.340957874975082E-010
          33  7.868424723082128E-010
          34  4.307435438604558E-009
          35  2.948871386892987E-010
          36  1.194240138103976E-009
          37  7.431972333061305E-010
          38  9.849414720964544E-010
          39  2.883326970621209E-010
          40  6.314450484175020E-010
          41  9.163443670414006E-010
          42  6.109556025183754E-009
          43  5.206573838835074E-010
          44  9.765080737540323E-010
          45  4.323827278453199E-009
          46  7.351955549627646E-009
          47  8.147271967037312E-009
          48  6.100439045600610E-009
          49  4.911902529867720E-010
          50  3.141831406517253E-009
          51  1.601820326822276E-009
          52  6.297787513697407E-009
          53  2.038116474068481E-010
          54  4.822101480069153E-010
          55  3.236036933059908E-010
          56  4.018356717597151E-010
          57  1.064915616493728E-010
          58  2.137941089960399E-010
          59  1.467429373780069E-010
          60  1.683194005729739E-010
          61  1.746126852727720E-010
          62  8.378842423196006E-010
          63  3.463455927654160E-010
          64  3.709011660853726E-010
          65  3.137443023810791E-010
          66  4.408371606809595E-010
          67  5.857701376430130E-010
          68  8.521677327896656E-010
          69  1.598671960987953E-010
          70  4.811918076937300E-010
          71  1.649336682752904E-010
          72  2.033601958974633E-010
          73  2.162814011178395E-010
          74  4.360610410568433E-010
          75  1.025650586498264E-009
          76  2.773243839186011E-009
          77  5.498768450262071E-009
          78  1.030896975689665E-008
          79  7.989796494641225E-009
          80  3.200253393825440E-008
          81  1.205590850500344E-008
          82  1.071195120674685E-008
          83  4.688595834399915E-009
          84  5.327153902555690E-009
          85  3.552793019579492E-009
          86  3.809509583511694E-009
          87  2.405544337913192E-009
          88  5.807253715753102E-009
          89  2.689863630400546E-009
          90  5.194501188365321E-009
          91  3.452365427947707E-009
          92  2.887123695398852E-009
          93  2.402597441320870E-009
          94  5.532028462662977E-009
          95  2.870923834908417E-009
          96  3.488657358924006E-009
          97  1.522173458514761E-009
          98  1.387391009688804E-009
          99  1.521335428857577E-009
         100  1.333043998760974E-009
         101  9.971427357055820E-010
         102  1.733944646808702E-009
         103  1.646186448909826E-009
         104  1.611688668159211E-009
         105  1.701251279926856E-009
         106  2.156019652714406E-009
         107  1.668911745743131E-009
         108  5.613680470207958E-009
         109  2.517675753322462E-009
         110  6.902610168901008E-009
         111  4.933363831574517E-009
         112  6.520537266595752E-009
         113  3.293775418061403E-009
         114  2.603598670699131E-009
         115  1.363716732837692E-009
         116  1.396813055015258E-009
         117  1.216620897545311E-009
         118  1.316176506813688E-009
         119  5.020027548272034E-010
         120  7.137467818573849E-010
         121  5.827462960876067E-010
         122  7.395071836232155E-010
         123  6.739728343555370E-010
         124  1.816111310921774E-008
         125  8.124421350848402E-008
         126  6.578148682692613E-007
         127  3.381338641076897E-006
         128  2.784425478940911E-005
         129  1.364089037741737E-004
         130  3.323634130781935E-004
         131  1.098061461121172E-003
         132  1.028232901010068E-003
         133  3.364094613075828E-005
         134  8.357004913359979E-005
         135  7.896179652727834E-005
         136  2.126270514056661E-004
         137  1.163388874739858E-004
         138  8.737409913074474E-005
         139  1.411042997310622E-005
         140  3.243942260446699E-005
         141  2.491947799491650E-005
         142  9.752932394652213E-006
         143  1.903480227080139E-006
         144  1.028679652524284E-005
         145  6.043003392788722E-006
         146  2.339474057643476E-005
         147  1.645216785309980E-005
         148  1.988758804387020E-005
         149  1.245329088722715E-005
         150  2.347236035395998E-005
         151  1.470354858110980E-005
         152  2.938029559168198E-005
         153  1.190844365134565E-005
         154  6.233435226151112E-005
         155  3.824488582894222E-005
         156  4.539335851192530E-005
         157  2.113809999668095E-005
         158  4.978355385094743E-005
         159  2.264992045256696E-005
         160  5.258911971339123E-005
         161  3.600128922474035E-005
         162  7.542385449435343E-005
         163  4.104003252380018E-005
         164  1.003058537843585E-004
         165  5.502700720288679E-005
         166  7.211342312167311E-005
         167  2.357672263619549E-005
         168  9.458266658669183E-005
         169  6.207012280855854E-005
         170  6.571978633148647E-005
         171  3.328274780187803E-005
         172  3.727237648299738E-005
         173  2.170447330048170E-005
         174  6.451359230322452E-005
         175  3.697470240672515E-005
         176  2.303394952474727E-005
         177  8.228448042104446E-006
         178  1.355437911030894E-005
         179  7.175651135542469E-006
         180  1.486712086547532E-005
         181  7.002212495072589E-006
         182  1.497648660485230E-005
         183  7.609590914786494E-006
         184  1.363578178781032E-005
         185  4.281569099733709E-006
         186  1.614398447889222E-005
         187  4.693434837312507E-006
         188  1.538843464712037E-005
         189  1.329392773168040E-005
         190  2.775310145693385E-005
         191  3.044702535858372E-005
         192  1.059690307634966E-004
         193  1.352739102132765E-004
         194  3.267001478661255E-004
         195  2.225819703225847E-004
         196  4.155781888223336E-004
         197  2.136495149900446E-004
         198  1.506032159726183E-004
         199  1.200298912598098E-005
         200  2.125941670004773E-006
         201  8.022254963779827E-008
         202  9.855491835085552E-008
         203  2.443788769811359E-008
         204  8.029838445852220E-008
         205  6.950234853377283E-008
         206  2.094167154877835E-006
         207  1.373020751635327E-006
         208  2.287473651820467E-006
         209  1.456829510660551E-006
         226  5.936908543372641E-014
         227  4.575529727159296E-015
         230  2.797767149172984E-012
         231  6.868795261295790E-012
         232  5.248421036770972E-007
         234  9.109289535239125E-012
         235  1.476009283459587E-007
         236  1.522957168181289E-009
         238  1.657762949986113E-007
         240  2.957209138688963E-013
         244  3.609874220834487E-009
