           1  7.442497444101595E-005
           2  6.470609901488105E-012
           3  1.574717819390911E-008
           4  7.853103950746418E-005
           6  5.674563962362780E-015
           7  3.114017005274736E-012
           8  2.708281752318958E-013
           9  1.912633244112939E-009
          10  2.713051082138141E-014
          14  2.020450496961618E-015
          15  2.012666586704626E-012
          16  1.217246682333929E-009
          17  9.089011710208351E-011
          18  4.753554367491148E-010
          19  2.348064126055699E-010
          20  4.492401559857336E-009
          21  7.404805820013603E-010
          22  1.705388238713559E-009
          23  4.762121165560211E-009
          24  1.108746499013373E-008
          25  1.354276576040439E-008
          26  1.239054119326182E-008
          27  2.694469320424895E-009
          28  1.607206570547049E-009
          29  8.926464356462100E-010
          30  2.824092947275678E-009
          31  4.959422499966768E-010
          32  6.466522989465227E-010
          33  7.245052567861177E-010
          34  4.422874277468523E-009
          35  3.083923997025228E-010
          36  1.254649823134030E-009
          37  7.451871341982120E-010
          38  9.656901804423207E-010
          39  2.677725180848691E-010
          40  6.104603152431771E-010
          41  9.057177159147809E-010
          42  5.907494515843736E-009
          43  5.014211085065573E-010
          44  9.490479419789753E-010
          45  4.199155698799307E-009
          46  7.416436812655492E-009
          47  8.416097378600755E-009
          48  6.314041515045284E-009
          49  4.805696814352216E-010
          50  3.124751910383164E-009
          51  1.600388422184762E-009
          52  6.265620169170084E-009
          53  2.066820197737392E-010
          54  4.933982121910833E-010
          55  3.125404606784844E-010
          56  3.790940950882525E-010
          57  9.940811848904835E-011
          58  1.993713139864201E-010
          59  1.396788728742020E-010
          60  1.596251494337767E-010
          61  1.624480694238956E-010
          62  7.857605332492841E-010
          63  3.258336501986288E-010
          64  3.548597262882502E-010
          65  3.080075074134586E-010
          66  4.358359089453543E-010
          67  5.861456161557688E-010
          68  8.500372645110348E-010
          69  1.567055387026982E-010
          70  4.654891112347557E-010
          71  1.620606717842265E-010
          72  2.014394782072892E-010
          73  2.161290369963496E-010
          74  4.261058812709490E-010
          75  9.574393600758719E-010
          76  2.664814736950493E-009
          77  5.432059346768587E-009
          78  1.053704526551826E-008
          79  7.996173983142926E-009
          80  3.154044513845862E-008
          81  1.250359189267713E-008
          82  1.098774648717686E-008
          83  4.715852171168585E-009
          84  5.401426727248229E-009
          85  3.575826284567863E-009
          86  3.815360782919840E-009
          87  2.381913739898436E-009
          88  5.728332482094573E-009
          89  2.703291036027421E-009
          90  5.231584421109408E-009
          91  3.412523714467352E-009
          92  2.889964903708482E-009
          93  2.399994201151905E-009
          94  5.427459851618695E-009
          95  2.775815332458298E-009
          96  3.575906563115792E-009
          97  1.547263893552090E-009
          98  1.421853855376518E-009
          99  1.595358010153631E-009
         100  1.391952333172477E-009
         101  1.039773507448229E-009
         102  1.764490074940842E-009
         103  1.640486042457240E-009
         104  1.569638411080843E-009
         105  1.666306157587103E-009
         106  2.089502017818222E-009
         107  1.611977338225217E-009
         108  5.466183636391475E-009
         109  2.480755746888786E-009
         110  7.063288992309053E-009
         111  5.026705757756280E-009
         112  6.704613460345483E-009
         113  3.367761321023580E-009
         114  2.664717255799170E-009
         115  1.407210567716039E-009
         116  1.462111382864439E-009
         117  1.251181847067586E-009
         118  1.352383488978799E-009
         119  5.425964123857727E-010
         120  7.842997809874798E-010
         121  6.393578056966997E-010
         122  7.855134658199059E-010
         123  7.061556336037998E-010
         124  1.637827546220623E-008
         125  7.514250714001641E-008
         126  6.080696858486173E-007
         127  3.129102290705779E-006
         128  2.628420276419359E-005
         129  1.323031462921343E-004
         130  3.378328473903805E-004
         131  1.098165191405716E-003
         132  1.047228042579469E-003
         133  3.307050097666057E-005
         134  8.195350014614690E-005
         135  8.017436509995830E-005
         136  2.112523869553984E-004
         137  1.148787247885533E-004
         138  8.858526733792665E-005
         139  1.422834612823620E-005
         140  3.265432493736903E-005
         141  2.350567314903306E-005
         142  9.256477708226474E-006
         143  1.847734914047216E-006
         144  1.030644706767917E-005
         145  5.559536312939922E-006
         146  2.109188480362870E-005
         147  1.479547546556980E-005
         148  1.411922075694758E-005
         149  1.010415577925013E-005
         150  3.147122981101389E-005
         151  1.482316409878191E-005
         152  2.813492491633835E-005
         153  1.430480743225338E-005
         154  4.160536825279876E-005
         155  2.300450208937878E-005
         156  2.632308070974937E-005
         157  1.157635858735107E-005
         158  3.135248386493637E-005
         159  3.493149663395601E-005
         160  5.031029143540250E-005
         161  2.681906204512413E-005
         162  1.280354798092901E-004
         163  4.859452279548785E-005
         164  9.805305644487725E-005
         165  7.760798482857893E-005
         166  1.366904232543196E-004
         167  2.727696505131778E-005
         168  3.385744479304944E-005
         169  1.763254862218059E-005
         170  3.578080744450373E-005
         171  3.315681398675082E-005
         172  7.224436360280712E-005
         173  3.820583346388764E-005
         174  5.602099224419614E-005
         175  2.853599380775867E-005
         176  4.048160455979299E-005
         177  1.980191617255493E-005
         178  2.104452224005568E-005
         179  9.402783502345155E-006
         180  1.794531552551109E-005
         181  7.955407623373075E-006
         182  1.541629353211093E-005
         183  7.433265941896172E-006
         184  1.266386545353112E-005
         185  3.943725798898275E-006
         186  1.486847728897124E-005
         187  4.299137353304432E-006
         188  1.377845895111483E-005
         189  1.188340190343866E-005
         190  2.444801148285937E-005
         191  2.845017659859693E-005
         192  1.003228001203963E-004
         193  1.290762929004562E-004
         194  3.130958638640285E-004
         195  2.193617958104642E-004
         196  4.233421658416137E-004
         197  2.192058115154277E-004
         198  1.573211943632151E-004
         199  1.227083509096563E-005
         200  2.201514834544356E-006
         201  8.707845448539156E-008
         202  1.056990306238036E-007
         203  2.483260172744530E-008
         204  8.413823939964226E-008
         205  7.265816356435448E-008
         206  1.996027162260781E-006
         207  1.301939196333005E-006
         208  2.157571281389520E-006
         209  1.373565761503324E-006
         226  5.315345064047942E-014
         227  4.174386617433117E-015
         230  2.504855464434041E-012
         231  6.266598345202470E-012
         232  4.837875649102108E-007
         234  8.155594248149045E-012
         235  1.346605479035113E-007
         236  1.324823125470955E-009
         238  1.484203782018265E-007
         240  2.569204231027159E-013
         244  3.136235445882450E-009
