           1  7.423683231175417E-005
           2  6.470609901488105E-012
           3  1.574717819390911E-008
           4  8.154628621671558E-005
           6  5.674563962362780E-015
           7  3.114017005274736E-012
           8  2.708281752318958E-013
           9  1.912633244112939E-009
          10  2.713051082138141E-014
          14  2.092549452708969E-015
          15  2.106028670634188E-012
          16  1.247100295155342E-009
          17  9.257830650293431E-011
          18  4.478627644476539E-010
          19  1.972481726955294E-010
          20  4.640745111567671E-009
          21  7.660899030576253E-010
          22  1.600341699032771E-009
          23  4.880428000130409E-009
          24  1.131094776498606E-008
          25  1.372414978331293E-008
          26  1.190627559240928E-008
          27  2.614766353231787E-009
          28  1.623257210322654E-009
          29  8.502998410932805E-010
          30  2.735753973728942E-009
          31  4.882735586268830E-010
          32  6.228174118517995E-010
          33  7.977030855289655E-010
          34  4.306372944683004E-009
          35  2.940616716125980E-010
          36  1.166750346032730E-009
          37  7.771850398625365E-010
          38  1.039144059663843E-009
          39  3.124912582114484E-010
          40  6.404748629886459E-010
          41  8.933138662225644E-010
          42  6.195110667855646E-009
          43  5.392022006723837E-010
          44  9.739888927379917E-010
          45  4.340688196591729E-009
          46  7.308331792320458E-009
          47  8.037511579509107E-009
          48  6.020981429058121E-009
          49  5.142480163385026E-010
          50  3.149144828951319E-009
          51  1.592412398941713E-009
          52  6.390657282881432E-009
          53  2.125531333663485E-010
          54  5.039284918085590E-010
          55  3.474962190903980E-010
          56  4.207942242956116E-010
          57  1.139012996377767E-010
          58  2.149634619879997E-010
          59  1.512324940936732E-010
          60  1.744356115509476E-010
          61  1.774767869648448E-010
          62  8.635598222428291E-010
          63  3.549900486146499E-010
          64  3.633148455153834E-010
          65  3.084844146156447E-010
          66  4.446383582408572E-010
          67  5.808131747975100E-010
          68  8.702925643461005E-010
          69  1.625448009264807E-010
          70  4.849180386907457E-010
          71  1.679784525724814E-010
          72  2.088255675315553E-010
          73  2.133001216721545E-010
          74  4.401823227638126E-010
          75  1.035201994605227E-009
          76  2.794357310931615E-009
          77  5.454853278613077E-009
          78  1.013413649272728E-008
          79  7.908365586289921E-009
          80  3.220538771901281E-008
          81  1.198253624915259E-008
          82  1.082072524747183E-008
          83  4.775388946934437E-009
          84  5.229724472685170E-009
          85  3.497110505782330E-009
          86  3.779640588890059E-009
          87  2.466352049388733E-009
          88  5.985386364899312E-009
          89  2.732546165222915E-009
          90  5.185087282661350E-009
          91  3.482068357522962E-009
          92  2.917123877999835E-009
          93  2.438354931192310E-009
          94  5.733252866959409E-009
          95  2.939147391770721E-009
          96  3.416523949178858E-009
          97  1.497588405139732E-009
          98  1.390245489258816E-009
          99  1.550377426673129E-009
         100  1.378431269176094E-009
         101  1.020912666340760E-009
         102  1.762118983433711E-009
         103  1.674073708608690E-009
         104  1.634420260600131E-009
         105  1.729952092669850E-009
         106  2.214106331557752E-009
         107  1.694218521566601E-009
         108  5.639525818680026E-009
         109  2.510685184139363E-009
         110  6.891611393516475E-009
         111  4.913575128411249E-009
         112  6.557627443835711E-009
         113  3.337600981203634E-009
         114  2.662119001375347E-009
         115  1.405831463811968E-009
         116  1.456804648884778E-009
         117  1.273371781684577E-009
         118  1.365231574287373E-009
         119  5.075265936714750E-010
         120  7.067426506441124E-010
         121  5.760481417612642E-010
         122  7.399429602543625E-010
         123  6.648059538978985E-010
         124  1.758804090922905E-008
         125  7.629142739179484E-008
         126  6.269995780714803E-007
         127  3.217404100373096E-006
         128  2.659855371397429E-005
         129  1.321928512560416E-004
         130  3.261980106349322E-004
         131  1.103370410746124E-003
         132  1.041887987370468E-003
         133  3.437756715278729E-005
         134  8.631608108809805E-005
         135  8.311363941310615E-005
         136  2.229039377130639E-004
         137  1.214362527951831E-004
         138  8.644764023299240E-005
         139  1.309649300891501E-005
         140  2.954702583264494E-005
         141  2.215441932640085E-005
         142  8.450955996500557E-006
         143  1.498552129340302E-006
         144  6.916154327028429E-006
         145  3.767115512828911E-006
         146  1.454202664359230E-005
         147  1.106832822497764E-005
         148  9.079530912896403E-006
         149  5.330035897500007E-006
         150  1.430965010550961E-005
         151  7.321638289210536E-006
         152  5.084376538293212E-005
         153  4.140464466341533E-005
         154  5.477035313209956E-005
         155  2.265015044280050E-005
         156  3.878402193617427E-005
         157  1.714495142329345E-005
         158  2.477357449355256E-005
         159  1.247857784076823E-005
         160  7.740220390125429E-005
         161  3.686968640882689E-005
         162  5.445548754141229E-005
         163  5.121465983185027E-005
         164  1.255898246760404E-004
         165  7.577297548742581E-005
         166  1.033244872946191E-004
         167  3.336465682688430E-005
         168  1.104499630728084E-004
         169  6.713245034506610E-005
         170  4.642758622335138E-005
         171  1.850095238711082E-005
         172  3.479724672333244E-005
         173  2.137754056743987E-005
         174  3.764674440904521E-005
         175  1.770195658629746E-005
         176  2.390806301082007E-005
         177  1.249484843181328E-005
         178  1.579962849829536E-005
         179  7.551682165958848E-006
         180  1.463904558517566E-005
         181  6.519246157731566E-006
         182  1.337651314251815E-005
         183  6.887664193437781E-006
         184  1.244003081523073E-005
         185  3.950208037211939E-006
         186  1.508071632608446E-005
         187  4.357020585619215E-006
         188  1.404365281555063E-005
         189  1.204244244507335E-005
         190  2.532589710093660E-005
         191  2.863752083048505E-005
         192  1.006917111727295E-004
         193  1.302708846498591E-004
         194  3.216216265005788E-004
         195  2.228534205696510E-004
         196  4.236638058382883E-004
         197  2.233646786823118E-004
         198  1.626613480253163E-004
         199  1.315630595892713E-005
         200  2.328226182132885E-006
         201  8.271106964491261E-008
         202  1.006549443298773E-007
         203  2.552937885629900E-008
         204  8.122028404754495E-008
         205  7.038271309903563E-008
         206  2.231528466576171E-006
         207  1.474616093919896E-006
         208  2.465086599874925E-006
         209  1.564991087187004E-006
         226  6.278495493796647E-014
         227  4.812574028425280E-015
         230  2.958739941915310E-012
         231  7.224646686233165E-012
         232  5.550870529635973E-007
         234  9.633403122325648E-012
         235  1.552476842435978E-007
         236  1.565231567661977E-009
         238  1.753144272853852E-007
         240  3.037478619385283E-013
         244  3.707859420898450E-009
