           1  7.513123678117107E-005
           2  6.470609901488105E-012
           3  1.574717819390911E-008
           4  8.446377225074899E-005
           6  5.674563962362780E-015
           7  3.114017005274736E-012
           8  2.708281752318958E-013
           9  1.912633244112939E-009
          10  2.713051082138141E-014
          14  1.666026636236396E-015
          15  1.661002235116304E-012
          16  1.200525682571175E-009
          17  8.970168658005543E-011
          18  4.369340488679112E-010
          19  1.879025845312434E-010
          20  4.627144791820531E-009
          21  7.519617508024506E-010
          22  1.499330438423160E-009
          23  4.878437482413951E-009
          24  1.126615828497445E-008
          25  1.378534792755236E-008
          26  1.163784787354730E-008
          27  2.463812306785369E-009
          28  1.515905298860241E-009
          29  8.032888868910862E-010
          30  2.562973901601174E-009
          31  4.411383843748127E-010
          32  5.874396918431514E-010
          33  8.265926996689326E-010
          34  4.310334686398244E-009
          35  2.814125017470364E-010
          36  1.125704192807789E-009
          37  7.858465763400618E-010
          38  1.063172763539319E-009
          39  2.994756765140121E-010
          40  6.067125031520346E-010
          41  8.602995104721696E-010
          42  6.087668532565774E-009
          43  5.072118408375519E-010
          44  1.005935063399085E-009
          45  4.521146785484870E-009
          46  7.376017655066646E-009
          47  7.920869108899337E-009
          48  5.826830662447926E-009
          49  5.341942103577370E-010
          50  3.120083167916507E-009
          51  1.538407198913929E-009
          52  6.193599959873385E-009
          53  2.279295695201757E-010
          54  5.854688585533028E-010
          55  3.714854975911164E-010
          56  4.154638325682482E-010
          57  1.086534861904914E-010
          58  2.148437765912276E-010
          59  1.502489765879483E-010
          60  1.753033560428639E-010
          61  1.835244301730931E-010
          62  8.680403575132712E-010
          63  3.537239715883666E-010
          64  3.634463456231997E-010
          65  3.115888989371932E-010
          66  4.414917996823387E-010
          67  5.836142051013249E-010
          68  8.573562323388933E-010
          69  1.609737181332438E-010
          70  4.865898554813092E-010
          71  1.684061350096808E-010
          72  2.110320879159697E-010
          73  2.242677411215023E-010
          74  4.664876410693858E-010
          75  1.120509192413638E-009
          76  2.924340498114260E-009
          77  5.588473258264071E-009
          78  1.003681263268439E-008
          79  7.857279130410447E-009
          80  3.166375853083007E-008
          81  1.182064560244290E-008
          82  1.010053215103734E-008
          83  4.300413086047896E-009
          84  4.906990265885445E-009
          85  3.335137103818176E-009
          86  3.612894736638591E-009
          87  2.440996559697109E-009
          88  5.857210106421834E-009
          89  2.627968535108013E-009
          90  5.009724913425315E-009
          91  3.351826434227065E-009
          92  2.774135958474099E-009
          93  2.305549867394689E-009
          94  5.444049967333124E-009
          95  2.690127288629798E-009
          96  3.175380471602590E-009
          97  1.372633404324432E-009
          98  1.294727605201587E-009
          99  1.447290218425908E-009
         100  1.250837878769629E-009
         101  9.502407755783238E-010
         102  1.669620185309135E-009
         103  1.602159073844648E-009
         104  1.538237715436547E-009
         105  1.657996618277277E-009
         106  2.148944864862384E-009
         107  1.661208675460947E-009
         108  5.556632396058159E-009
         109  2.493639896638423E-009
         110  6.775073633254488E-009
         111  4.693726352765698E-009
         112  6.071579400059603E-009
         113  3.011378424027236E-009
         114  2.341157289045967E-009
         115  1.236424947161579E-009
         116  1.273747959119952E-009
         117  1.145004844216541E-009
         118  1.224387176385694E-009
         119  4.520618252459127E-010
         120  6.428392485626102E-010
         121  5.191231090404382E-010
         122  7.117272209127303E-010
         123  6.345903402830583E-010
         124  2.020224746163457E-008
         125  8.124698069569486E-008
         126  6.668586519077027E-007
         127  3.465279732915024E-006
         128  2.852446914246529E-005
         129  1.366621009881402E-004
         130  3.209488274821755E-004
         131  1.067137230799764E-003
         132  9.897492289716767E-004
         133  3.252775570427995E-005
         134  8.190570577768927E-005
         135  7.951335962727240E-005
         136  2.003043339440632E-004
         137  1.089358436904839E-004
         138  8.871660268376332E-005
         139  1.434155297741930E-005
         140  3.341846997855738E-005
         141  2.517597654822024E-005
         142  9.794590634145897E-006
         143  1.722127474155399E-006
         144  7.536226742373817E-006
         145  3.975157023776980E-006
         146  1.584714736818566E-005
         147  1.296193527736591E-005
         148  1.575269899808541E-005
         149  9.018861703629362E-006
         150  1.556074415488102E-005
         151  2.479096755427476E-005
         152  4.108082590317365E-005
         153  1.575387855376949E-005
         154  7.988235236570746E-005
         155  4.380483241762721E-005
         156  5.691739565191510E-005
         157  2.433752198619976E-005
         158  4.868183385755379E-005
         159  4.733935183626909E-005
         160  9.555646625112777E-005
         161  4.631801863608345E-005
         162  8.240313891586846E-005
         163  1.089088678307558E-004
         164  1.042224625391525E-004
         165  3.443802164704361E-005
         166  7.528104302196883E-005
         167  3.657156849606966E-005
         168  1.777913380804569E-004
         169  5.142366413670471E-005
         170  4.370752267915180E-005
         171  2.018710957092427E-005
         172  3.568395730200100E-005
         173  1.825123621743106E-005
         174  3.927861368139571E-005
         175  1.953452490283724E-005
         176  2.556330560811364E-005
         177  9.130041563693866E-006
         178  1.254225795825242E-005
         179  4.698341738351546E-006
         180  9.102396065269806E-006
         181  5.043000072026779E-006
         182  1.256613256844074E-005
         183  6.997497256365547E-006
         184  1.310133150563550E-005
         185  4.221502237432454E-006
         186  1.674021607969597E-005
         187  4.866688493998101E-006
         188  1.590165882848974E-005
         189  1.394488451431259E-005
         190  2.792308605983786E-005
         191  3.128944003841015E-005
         192  1.070605682803889E-004
         193  1.361241607795570E-004
         194  3.222111544476937E-004
         195  2.115848575429013E-004
         196  3.891894812375812E-004
         197  1.992875180692991E-004
         198  1.392722810975168E-004
         199  1.089227345906626E-005
         200  2.044598820901385E-006
         201  8.458496854727931E-008
         202  1.124022823604324E-007
         203  2.902540985456698E-008
         204  7.932783321097875E-008
         205  6.561966125382978E-008
         206  2.406882531544543E-006
         207  1.566642974339939E-006
         208  2.658602614438693E-006
         209  1.701085133683691E-006
         210  1.065920449815405E-015
         226  7.548746650916141E-014
         227  5.653607859781023E-015
         230  3.557345585344845E-012
         231  8.487208518389009E-012
         232  6.363411417482650E-007
         234  1.158241168261260E-011
         235  1.823783951515862E-007
         236  1.978211546588382E-009
         238  2.107836498625191E-007
         240  3.849641365780443E-013
         244  4.699268964098295E-009
