           1  7.505878638491358E-005
           2  6.470609901488105E-012
           3  1.574717819390911E-008
           4  8.088940054602712E-005
           6  5.674563962362780E-015
           7  3.114017005274736E-012
           8  2.708281752318958E-013
           9  1.912633244112939E-009
          10  2.713051082138141E-014
          14  1.573159816075296E-015
          15  1.735749245920144E-012
          16  1.212522614065134E-009
          17  9.053548603399526E-011
          18  4.356149700316200E-010
          19  1.839191003774414E-010
          20  4.451557486273162E-009
          21  7.461658085103388E-010
          22  1.794799721406967E-009
          23  4.694952419603881E-009
          24  1.099594858849999E-008
          25  1.327066755861539E-008
          26  1.175306420089526E-008
          27  2.596024410573815E-009
          28  1.635353166526904E-009
          29  8.488686414427151E-010
          30  2.860906459367518E-009
          31  4.943436505941623E-010
          32  5.607182938721566E-010
          33  7.753484712965471E-010
          34  4.392532371760153E-009
          35  2.902297771500382E-010
          36  1.148802385992624E-009
          37  6.745217800813633E-010
          38  8.825072055509780E-010
          39  2.746770520636564E-010
          40  6.242460857621052E-010
          41  9.137840756514014E-010
          42  6.540458107793968E-009
          43  5.475433876141370E-010
          44  9.335790068473319E-010
          45  4.055475208647552E-009
          46  7.062070847703828E-009
          47  8.058505969246091E-009
          48  6.144110060682429E-009
          49  4.735489331817302E-010
          50  3.176823191190207E-009
          51  1.632240953407065E-009
          52  6.235260939291835E-009
          53  1.948268011095373E-010
          54  4.710730438737167E-010
          55  3.481680439944601E-010
          56  4.363893017810552E-010
          57  1.139287030033160E-010
          58  2.358850293563699E-010
          59  1.628121019660548E-010
          60  1.693964535415491E-010
          61  1.664071131853482E-010
          62  8.265130619384940E-010
          63  3.459139701129411E-010
          64  3.808571670891670E-010
          65  3.300245256295822E-010
          66  4.478453013441464E-010
          67  5.920973956171015E-010
          68  8.915678471450765E-010
          69  1.714254876991658E-010
          70  5.308585588509854E-010
          71  1.826525919593565E-010
          72  2.188719191168271E-010
          73  2.203088809302394E-010
          74  4.336797434072371E-010
          75  9.980740338356440E-010
          76  2.772405545739795E-009
          77  5.443276185153435E-009
          78  1.016476243885404E-008
          79  7.766808090234044E-009
          80  3.247542810864977E-008
          81  1.081833653013752E-008
          82  9.999453234978179E-009
          83  4.474792055875606E-009
          84  5.135514719081311E-009
          85  3.518103744764254E-009
          86  3.733832598542577E-009
          87  2.180678925905561E-009
          88  5.452806507058114E-009
          89  2.640996222171636E-009
          90  5.094833015704114E-009
          91  3.212227919373843E-009
          92  2.617576792479776E-009
          93  2.221211316719598E-009
          94  5.428806071046742E-009
          95  2.681003002069080E-009
          96  3.244893627751899E-009
          97  1.391283174080288E-009
          98  1.276266655867796E-009
          99  1.421420280973833E-009
         100  1.228589131825525E-009
         101  9.484126650075687E-010
         102  1.667426927047867E-009
         103  1.589523714175147E-009
         104  1.544917808686052E-009
         105  1.633736500684167E-009
         106  2.013190408833457E-009
         107  1.543688856753816E-009
         108  5.020568879292227E-009
         109  2.290380742033360E-009
         110  6.472291088517033E-009
         111  4.544077092430818E-009
         112  6.008417308954605E-009
         113  2.992455266522493E-009
         114  2.364872030301252E-009
         115  1.263786782756952E-009
         116  1.316634667254540E-009
         117  1.147328111035429E-009
         118  1.244893843568254E-009
         119  4.873859101428350E-010
         120  6.994755575933268E-010
         121  5.643918111505824E-010
         122  7.273979384240483E-010
         123  6.347284635662748E-010
         124  1.757529966182726E-008
         125  7.071057830944270E-008
         126  5.764253835457775E-007
         127  3.049414079118417E-006
         128  2.578284389892836E-005
         129  1.272005820609509E-004
         130  3.181968483358548E-004
         131  1.078859033062201E-003
         132  9.959478300515070E-004
         133  3.319433194374794E-005
         134  8.317441250770416E-005
         135  6.969614127544737E-005
         136  1.980195826253261E-004
         137  1.121651515598152E-004
         138  9.564936722884171E-005
         139  1.378945125125969E-005
         140  3.277313100002744E-005
         141  2.553041441384332E-005
         142  1.016914726087299E-005
         143  1.700925075616197E-006
         144  6.042080297395581E-006
         145  2.425705783659323E-006
         146  1.159335567837652E-005
         147  1.753888920635744E-005
         148  2.106071720089990E-005
         149  1.197735818927430E-005
         150  4.645491765009414E-005
         151  2.719726350339842E-005
         152  2.975388330258130E-005
         153  1.276312860184629E-005
         154  8.204438861523053E-005
         155  4.151839097474090E-005
         156  1.015028447612325E-004
         157  3.753091397331632E-005
         158  4.324270073065114E-005
         159  2.267731686717010E-005
         160  7.521155948685293E-005
         161  4.524025283429599E-005
         162  1.370458077732268E-004
         163  6.114965720705692E-005
         164  1.068590019468732E-004
         165  7.300326117616218E-005
         166  1.580862520957083E-004
         167  3.222830210589953E-005
         168  7.303094502773628E-005
         169  2.709733381947379E-005
         170  2.162042910016957E-005
         171  1.054115544763883E-005
         172  3.371397189069920E-005
         173  1.517793195227166E-005
         174  2.520214339450632E-005
         175  1.052781505567967E-005
         176  2.233894025003872E-005
         177  8.362858613800703E-006
         178  6.825183760608842E-006
         179  3.462636309779611E-006
         180  7.890106190320941E-006
         181  4.368051599802690E-006
         182  1.087251248177422E-005
         183  5.925237436471327E-006
         184  1.075460301791914E-005
         185  3.422701372402743E-006
         186  1.343161006775009E-005
         187  3.954700794274208E-006
         188  1.301298944246739E-005
         189  1.154594260418806E-005
         190  2.387179730339561E-005
         191  2.891187828529261E-005
         192  1.009011598461752E-004
         193  1.282681948743624E-004
         194  3.074947226127818E-004
         195  2.195840323011886E-004
         196  4.317887099182928E-004
         197  2.222418136950923E-004
         198  1.581362390758501E-004
         199  1.220866883860333E-005
         200  2.242732084847405E-006
         201  8.634070670431523E-008
         202  1.157528125626492E-007
         203  3.108352667332656E-008
         204  8.706085874001147E-008
         205  7.111828450458070E-008
         206  2.214869658499373E-006
         207  1.479379464088877E-006
         208  2.442143551594100E-006
         209  1.556054202729776E-006
         226  6.370820743406668E-014
         227  4.862580035459163E-015
         230  3.002248200213554E-012
         231  7.299715813663774E-012
         232  5.415910648011957E-007
         234  9.775062274385472E-012
         235  1.568608161651902E-007
         236  1.659169429131598E-009
         238  1.778924251951317E-007
         240  3.223914695825514E-013
         244  3.935442508401517E-009
