           1  7.478993880696081E-005
           2  6.470609901488105E-012
           3  1.574717819390911E-008
           4  8.237408036279183E-005
           6  5.674563962362780E-015
           7  3.114017005274736E-012
           8  2.708281752318958E-013
           9  1.912633244112939E-009
          10  2.713051082138141E-014
          14  1.836261157036256E-015
          15  1.837000091125062E-012
          16  1.181753983911709E-009
          17  8.882497022272366E-011
          18  4.585119349950794E-010
          19  2.145309444380986E-010
          20  4.438568076666752E-009
          21  7.268152296826766E-010
          22  1.653588178992221E-009
          23  4.717257598802992E-009
          24  1.099225099771533E-008
          25  1.343632941761536E-008
          26  1.230089048597027E-008
          27  2.604401201039580E-009
          28  1.562667440672814E-009
          29  8.594145350294801E-010
          30  2.731301210894666E-009
          31  4.624257467325298E-010
          32  6.214070261159879E-010
          33  7.552090570705381E-010
          34  4.341063674648236E-009
          35  2.955391082309064E-010
          36  1.215611644919491E-009
          37  7.864016984892444E-010
          38  1.049034240743080E-009
          39  2.863206619101344E-010
          40  6.081350757944556E-010
          41  8.875162598172798E-010
          42  5.930751925179820E-009
          43  4.886028646337326E-010
          44  9.539203418058298E-010
          45  4.222695983907529E-009
          46  7.344915432736132E-009
          47  8.240063513304211E-009
          48  6.164200880352888E-009
          49  5.065539445920744E-010
          50  3.150588849650144E-009
          51  1.578075861318674E-009
          52  6.292255129923833E-009
          53  2.100847388352244E-010
          54  5.205768899813314E-010
          55  3.334200662438884E-010
          56  3.880429593363898E-010
          57  9.886299653185254E-011
          58  2.120741218768463E-010
          59  1.449424961135246E-010
          60  1.620658900800048E-010
          61  1.673672917255749E-010
          62  7.979488402969294E-010
          63  3.311849060761473E-010
          64  3.699790443187004E-010
          65  3.196545576117986E-010
          66  4.365039301163240E-010
          67  5.861455280308251E-010
          68  8.426801147772820E-010
          69  1.600669223565138E-010
          70  4.858702546907047E-010
          71  1.667554134629558E-010
          72  2.035074027600320E-010
          73  2.187071041229036E-010
          74  4.274376389320437E-010
          75  9.911796832979252E-010
          76  2.736745852322869E-009
          77  5.583282447979457E-009
          78  1.030332786011546E-008
          79  7.838941267207728E-009
          80  3.134498892143617E-008
          81  1.206358245692901E-008
          82  1.062716986348543E-008
          83  4.555268191899214E-009
          84  5.074012820540765E-009
          85  3.428949903785081E-009
          86  3.659414093498505E-009
          87  2.295402531596634E-009
          88  5.696221097260997E-009
          89  2.671584799897687E-009
          90  5.123051651256690E-009
          91  3.264543687328543E-009
          92  2.721055930977972E-009
          93  2.300696497018984E-009
          94  5.425233062367380E-009
          95  2.747144616157051E-009
          96  3.568252482389302E-009
          97  1.523619146589512E-009
          98  1.377732345204849E-009
          99  1.529224258185281E-009
         100  1.312057409841799E-009
         101  9.940070297801052E-010
         102  1.711560393250833E-009
         103  1.591375356950440E-009
         104  1.524372430181645E-009
         105  1.614415671808420E-009
         106  2.008737834012350E-009
         107  1.568272692892957E-009
         108  5.314290957542508E-009
         109  2.419491396358485E-009
         110  6.854129982763675E-009
         111  4.871714490442890E-009
         112  6.406129781352211E-009
         113  3.169881294031085E-009
         114  2.471703650347763E-009
         115  1.307998213080466E-009
         116  1.361063416277850E-009
         117  1.232675459375893E-009
         118  1.350106105333798E-009
         119  5.104729473132863E-010
         120  7.404591262887850E-010
         121  6.028795167290007E-010
         122  7.722426715769976E-010
         123  6.772464645576466E-010
         124  1.858622604632759E-008
         125  7.727476885697828E-008
         126  6.210040859260377E-007
         127  3.230152045902054E-006
         128  2.687755757310328E-005
         129  1.319212541900080E-004
         130  3.258560589182407E-004
         131  1.070111225379128E-003
         132  1.020890745908749E-003
         133  3.372917944463055E-005
         134  8.508529076445532E-005
         135  8.001171404879740E-005
         136  2.085808036089902E-004
         137  1.138181200204929E-004
         138  8.934845175146025E-005
         139  1.413250580869476E-005
         140  3.328466839116281E-005
         141  2.496300987153780E-005
         142  9.779126190620962E-006
         143  1.606891056397499E-006
         144  5.657763391968304E-006
         145  1.922458708287363E-006
         146  7.769787799689371E-006
         147  1.099559572224355E-005
         148  1.581081784881838E-005
         149  8.998249745613568E-006
         150  1.201307959532982E-005
         151  1.001507658611487E-005
         152  4.751324485709307E-005
         153  3.005493377554000E-005
         154  4.764371782628807E-005
         155  2.457712172393810E-005
         156  7.734637183918016E-005
         157  3.145097503208162E-005
         158  6.100502031154211E-005
         159  2.765179790747321E-005
         160  5.929941721438658E-005
         161  4.008364007960584E-005
         162  1.681741033406577E-004
         163  6.380520517204766E-005
         164  1.119217672957160E-004
         165  5.645826960766194E-005
         166  6.434982561623479E-005
         167  2.359896099279025E-005
         168  1.118516026392461E-004
         169  6.161024329254799E-005
         170  5.683956581586736E-005
         171  3.038333025991138E-005
         172  5.276373404723365E-005
         173  1.986393924360193E-005
         174  3.005755374622463E-005
         175  1.655427699106049E-005
         176  1.533422396161993E-005
         177  7.652501459750433E-006
         178  1.596170271515160E-005
         179  4.771476346773529E-006
         180  7.875832239058863E-006
         181  4.407604974901756E-006
         182  1.066200547478928E-005
         183  5.633696521277824E-006
         184  1.017540413790458E-005
         185  3.242130923219374E-006
         186  1.252923408099084E-005
         187  3.693027111340897E-006
         188  1.241461805306106E-005
         189  1.114427886048085E-005
         190  2.312051250277894E-005
         191  2.749222514146118E-005
         192  9.867467760817852E-005
         193  1.280897087023718E-004
         194  3.097517858810717E-004
         195  2.192021883367283E-004
         196  4.271627474758241E-004
         197  2.184342553713829E-004
         198  1.546107516433697E-004
         199  1.203278971014738E-005
         200  2.187525349367376E-006
         201  8.788962481014433E-008
         202  1.124828647767018E-007
         203  2.806388499553929E-008
         204  8.088718009169081E-008
         205  6.763460139747869E-008
         206  2.288847400236511E-006
         207  1.473336265921999E-006
         208  2.473391915958428E-006
         209  1.609037186707389E-006
         226  6.787245092780236E-014
         227  5.267863127209117E-015
         230  3.198488104581570E-012
         231  7.908127679850843E-012
         232  5.960356992716859E-007
         234  1.041400254780469E-011
         235  1.699347473059136E-007
         236  1.755466281868532E-009
         238  1.895202421443116E-007
         240  3.409253570317739E-013
         244  4.161686238138053E-009
