           1  7.407474467429541E-005
           2  6.470609901488105E-012
           3  1.574717819390911E-008
           4  8.179968801528071E-005
           6  5.674563962362780E-015
           7  3.114017005274736E-012
           8  2.708281752318958E-013
           9  1.912633244112939E-009
          10  2.713051082138141E-014
          14  2.280475846496548E-015
          15  2.232338429993713E-012
          16  1.247498275234907E-009
          17  9.289458652615026E-011
          18  4.542788492170863E-010
          19  2.026298165562656E-010
          20  4.508508480519291E-009
          21  7.646716427340851E-010
          22  1.778846057114646E-009
          23  4.744058451318612E-009
          24  1.110639227984266E-008
          25  1.336376493060953E-008
          26  1.234919483190694E-008
          27  2.916611911693625E-009
          28  1.720820718824052E-009
          29  8.361258157765467E-010
          30  2.820525892812160E-009
          31  5.416469284233975E-010
          32  5.879397269179050E-010
          33  7.033714004717730E-010
          34  4.397380058961355E-009
          35  3.142803384826376E-010
          36  1.204831730977663E-009
          37  8.122332686826229E-010
          38  1.060159335364563E-009
          39  3.110470734547748E-010
          40  6.167343161336334E-010
          41  8.440816280123689E-010
          42  6.148066644773979E-009
          43  5.759031951337939E-010
          44  9.033051231063705E-010
          45  3.947586604624112E-009
          46  7.211000749066819E-009
          47  8.275750021420873E-009
          48  6.325651474898631E-009
          49  5.266954272051871E-010
          50  3.184462691105546E-009
          51  1.618875335143397E-009
          52  6.380722163020151E-009
          53  2.142081789868380E-010
          54  4.927920035164926E-010
          55  3.495998035877698E-010
          56  4.175863561368414E-010
          57  1.200730185837562E-010
          58  2.098329172916271E-010
          59  1.515069007182373E-010
          60  1.693079143011141E-010
          61  1.536723003009008E-010
          62  7.856419902000647E-010
          63  3.381947430765637E-010
          64  3.481641730953066E-010
          65  2.980949538976321E-010
          66  4.516528969939248E-010
          67  5.679441106741969E-010
          68  8.970818164042146E-010
          69  1.682490736992319E-010
          70  4.924242757736097E-010
          71  1.728090944146534E-010
          72  2.202325396854464E-010
          73  2.052628471036857E-010
          74  4.129741052393121E-010
          75  9.118078707139484E-010
          76  2.617100932058810E-009
          77  5.289893017203670E-009
          78  1.028163504537178E-008
          79  7.809767109697697E-009
          80  3.228480882196853E-008
          81  1.232998566974953E-008
          82  1.132712596766796E-008
          83  5.003792306989728E-009
          84  5.193055977607575E-009
          85  3.469907414173391E-009
          86  3.762366670054836E-009
          87  2.420994652061641E-009
          88  5.928684805823271E-009
          89  2.783464322067617E-009
          90  5.160726182206768E-009
          91  3.480447510151589E-009
          92  2.866567719874285E-009
          93  2.372313342608213E-009
          94  5.706225305900277E-009
          95  2.994710421705446E-009
          96  3.417411450118701E-009
          97  1.549441597534526E-009
          98  1.488054546051087E-009
          99  1.648313021827612E-009
         100  1.505583640096883E-009
         101  1.098518555375816E-009
         102  1.786442437251962E-009
         103  1.705800161990872E-009
         104  1.657542242371481E-009
         105  1.696191598925881E-009
         106  2.153005361882918E-009
         107  1.598437113776471E-009
         108  5.131797686894683E-009
         109  2.348616672653093E-009
         110  6.853454508224163E-009
         111  4.885278648993130E-009
         112  6.811147154622137E-009
         113  3.609425725486122E-009
         114  3.028336908828934E-009
         115  1.634149065759568E-009
         116  1.740986184016018E-009
         117  1.499186822987741E-009
         118  1.589965618679436E-009
         119  6.040380114765804E-010
         120  8.230064735556496E-010
         121  6.654832849946841E-010
         122  8.499882666715648E-010
         123  7.184135460839989E-010
         124  1.531528110426724E-008
         125  5.869315446526994E-008
         126  5.026024564796456E-007
         127  2.596670028604441E-006
         128  2.225244302260388E-005
         129  1.183576815086132E-004
         130  3.227340375823257E-004
         131  1.125719103147093E-003
         132  1.071197635829291E-003
         133  3.370701072955850E-005
         134  8.526280430940219E-005
         135  8.588153574036811E-005
         136  2.275234701005678E-004
         137  1.229500092483104E-004
         138  8.299147595519129E-005
         139  1.258885677580087E-005
         140  2.929794563949054E-005
         141  2.113105656725783E-005
         142  8.176799291905229E-006
         143  1.329908753812460E-006
         144  4.485363573960157E-006
         145  1.614716729796498E-006
         146  6.878956021070101E-006
         147  1.089848450526893E-005
         148  2.476821471895043E-005
         149  1.586340474910861E-005
         150  2.069115121054011E-005
         151  1.212025166055721E-005
         152  5.069682649679216E-005
         153  3.441221046857765E-005
         154  3.461901711935794E-005
         155  1.005224036827253E-005
         156  3.697831260806459E-005
         157  1.653032530036773E-005
         158  2.167205115365748E-005
         159  1.929461795719564E-005
         160  9.873871477611795E-005
         161  3.971903505899364E-005
         162  4.220113087319971E-005
         163  6.312028200048963E-005
         164  1.190190751571788E-004
         165  7.761720248707874E-005
         166  1.329126827144341E-004
         167  4.471058502743179E-005
         168  7.260734114108023E-005
         169  2.213060268420439E-005
         170  3.994659901480031E-005
         171  1.960827561112682E-005
         172  2.256784156007516E-005
         173  1.374554987567842E-005
         174  3.140470909092620E-005
         175  2.073718784200154E-005
         176  4.170205137774460E-005
         177  1.396214520304845E-005
         178  1.345693849378759E-005
         179  4.049973536774709E-006
         180  6.589272790652674E-006
         181  3.791325063932394E-006
         182  9.926526421099926E-006
         183  5.543211547196405E-006
         184  1.038669632960260E-005
         185  3.277829739568352E-006
         186  1.246315602832852E-005
         187  3.612250875773434E-006
         188  1.115031980074145E-005
         189  9.223836822886387E-006
         190  1.997767756210389E-005
         191  2.408753873328337E-005
         192  8.606200287639335E-005
         193  1.155451442450268E-004
         194  3.009437281970618E-004
         195  2.261413173167796E-004
         196  4.577330743312088E-004
         197  2.545119595586125E-004
         198  1.981149721652020E-004
         199  1.640224179552459E-005
         200  2.887289542559718E-006
         201  8.951349009567922E-008
         202  1.018975798235615E-007
         203  2.571375896564853E-008
         204  8.593521899720119E-008
         205  7.569085396480791E-008
         206  2.265193121969626E-006
         207  1.510564568908759E-006
         208  2.494665687391613E-006
         209  1.604341261134376E-006
         226  6.838904958001988E-014
         227  5.142535735639952E-015
         230  3.222832807349387E-012
         231  7.719985924763763E-012
         232  5.997257892000167E-007
         234  1.049326680903062E-011
         235  1.658918407036498E-007
         236  1.591932303010301E-009
         238  1.909627405412507E-007
         240  3.079353510571933E-013
         244  3.758976228369820E-009
