           1  7.398298660786828E-005
           2  6.470609901488105E-012
           3  1.574717819390911E-008
           4  8.248768001006018E-005
           6  5.674563962362780E-015
           7  3.114017005274736E-012
           8  2.708281752318958E-013
           9  1.912633244112939E-009
          10  2.713051082138141E-014
          14  2.279219568216396E-015
          15  2.329565583126090E-012
          16  1.283785370234851E-009
          17  9.472573623142265E-011
          18  4.450046717704264E-010
          19  1.912372812408579E-010
          20  4.686417398869017E-009
          21  7.833481578119046E-010
          22  1.676118832097281E-009
          23  4.901644243860508E-009
          24  1.137453356751394E-008
          25  1.371958570173141E-008
          26  1.187963931893055E-008
          27  2.682395275014200E-009
          28  1.677630919602009E-009
          29  8.509973618878802E-010
          30  2.831462574257629E-009
          31  5.157395861530897E-010
          32  5.997211601716523E-010
          33  7.934543379834352E-010
          34  4.370208888850405E-009
          35  2.988282763967922E-010
          36  1.164293486805545E-009
          37  7.604387496078727E-010
          38  1.007991098338356E-009
          39  3.130463300101432E-010
          40  6.411944705280763E-010
          41  8.885860545470415E-010
          42  6.386873022799942E-009
          43  5.659460102465313E-010
          44  9.591693725860245E-010
          45  4.248358142186882E-009
          46  7.243945580865030E-009
          47  8.029438833237025E-009
          48  6.042055207832255E-009
          49  5.095516264170410E-010
          50  3.152419612287907E-009
          51  1.604137525251851E-009
          52  6.414369484047357E-009
          53  2.123596643382703E-010
          54  4.978101335653556E-010
          55  3.585001932294383E-010
          56  4.421639533833591E-010
          57  1.215861013327792E-010
          58  2.192068112174977E-010
          59  1.555705978199470E-010
          60  1.757861247484881E-010
          61  1.749972857711340E-010
          62  8.691808922325604E-010
          63  3.580016602937194E-010
          64  3.596763025562186E-010
          65  3.044459472099347E-010
          66  4.431929513183160E-010
          67  5.777324880189912E-010
          68  8.869492903878676E-010
          69  1.650661275045224E-010
          70  4.918034445221192E-010
          71  1.712447307773082E-010
          72  2.124108225611337E-010
          73  2.104846195866404E-010
          74  4.364791996850554E-010
          75  1.011334559298103E-009
          76  2.759439968467978E-009
          77  5.344545210393499E-009
          78  1.012688424232394E-008
          79  7.925943189420940E-009
          80  3.286406045360853E-008
          81  1.190248381528840E-008
          82  1.100345310170812E-008
          83  4.934345944439215E-009
          84  5.322903826364187E-009
          85  3.579504492868654E-009
          86  3.877528382778063E-009
          87  2.500700969068109E-009
          88  6.105393916684256E-009
          89  2.792703259800575E-009
          90  5.285956106762459E-009
          91  3.587683750944825E-009
          92  2.970841091304200E-009
          93  2.476935234337960E-009
          94  5.921710857136951E-009
          95  3.030722897005179E-009
          96  3.403760197090165E-009
          97  1.500150647980017E-009
          98  1.403821821093969E-009
          99  1.569657133155970E-009
         100  1.413694352787935E-009
         101  1.048295405963462E-009
         102  1.821353520877007E-009
         103  1.742421851000059E-009
         104  1.704426883242618E-009
         105  1.791824978051836E-009
         106  2.291088843478347E-009
         107  1.736742063445757E-009
         108  5.700326042107696E-009
         109  2.533422358515504E-009
         110  6.994979848469502E-009
         111  4.979523177355063E-009
         112  6.722145736956061E-009
         113  3.460334712848967E-009
         114  2.801299874659722E-009
         115  1.476961862986675E-009
         116  1.558868919545640E-009
         117  1.407287570850990E-009
         118  1.498187514679663E-009
         119  5.353121082517450E-010
         120  7.374918429252195E-010
         121  5.984989466097562E-010
         122  7.668997995571707E-010
         123  6.830562253622691E-010
         124  1.718674480005906E-008
         125  7.391880801597801E-008
         126  6.111816953816643E-007
         127  3.113942712217150E-006
         128  2.580651854835729E-005
         129  1.302920804619194E-004
         130  3.289030019476684E-004
         131  1.126198373347592E-003
         132  1.061543899837421E-003
         133  3.403801524743276E-005
         134  8.532024440498197E-005
         135  8.484948325628712E-005
         136  2.301803272539290E-004
         137  1.252978861441510E-004
         138  8.626002424239771E-005
         139  1.293428280829063E-005
         140  2.883801445362838E-005
         141  2.117926740418736E-005
         142  8.065795645200169E-006
         143  1.614109374710911E-006
         144  9.386828686522448E-006
         145  5.821765634106547E-006
         146  2.242467167091103E-005
         147  1.425510786930775E-005
         148  1.224303338769810E-005
         149  9.180707950188790E-006
         150  3.154331145929091E-005
         151  1.731888198364565E-005
         152  2.924670818174195E-005
         153  1.554261038244372E-005
         154  7.906010834649290E-005
         155  3.759476392803654E-005
         156  4.631305020560390E-005
         157  2.457180713346936E-005
         158  4.078300202577676E-005
         159  1.821972438599342E-005
         160  3.507330866138300E-005
         161  2.029883954683770E-005
         162  1.337094336122227E-004
         163  4.770232036766803E-005
         164  5.804542870064764E-005
         165  4.000677243893101E-005
         166  1.315636625345872E-004
         167  2.649882292805843E-005
         168  2.013721997297238E-005
         169  8.227634065946725E-006
         170  3.702442490044884E-005
         171  2.425859669072778E-005
         172  4.665241765874168E-005
         173  2.537449103525155E-005
         174  3.126888656264257E-005
         175  1.232661342973711E-005
         176  1.508172712024370E-005
         177  8.291260961730767E-006
         178  1.213133958640372E-005
         179  6.571420770097750E-006
         180  1.380609672289741E-005
         181  6.350787837541345E-006
         182  1.339848373420970E-005
         183  6.981972815497596E-006
         184  1.262898981515733E-005
         185  4.009380008029095E-006
         186  1.530555235412096E-005
         187  4.413304300411320E-006
         188  1.392726663561703E-005
         189  1.178078931450783E-005
         190  2.499179075884141E-005
         191  2.869197901153636E-005
         192  1.013808761841792E-004
         193  1.322650589952221E-004
         194  3.317447675468136E-004
         195  2.352443512286985E-004
         196  4.568592089392323E-004
         197  2.448898335703178E-004
         198  1.827630949002122E-004
         199  1.492735446457167E-005
         200  2.628533439326118E-006
         201  8.864485937487758E-008
         202  1.053486816701917E-007
         203  2.693390967074274E-008
         204  9.222836666176989E-008
         205  8.139896571604287E-008
         206  2.355894727185088E-006
         207  1.587161402225403E-006
         208  2.622887450482781E-006
         209  1.640997381314692E-006
         226  6.369312203653115E-014
         227  4.879909510577621E-015
         230  3.001537301109268E-012
         231  7.325730859717975E-012
         232  5.656397109783411E-007
         234  9.772747647961616E-012
         235  1.574198435932167E-007
         236  1.548139299175734E-009
         238  1.778503022401674E-007
         240  3.001668162502749E-013
         244  3.664145486890430E-009
