           1  7.444200177286932E-005
           2  6.470609901488105E-012
           3  1.574717819390911E-008
           4  8.251609423553929E-005
           6  5.674563962362780E-015
           7  3.114017005274736E-012
           8  2.708281752318958E-013
           9  1.912633244112939E-009
          10  2.713051082138141E-014
          14  2.155300731522017E-015
          15  2.012244058147309E-012
          16  1.264987084680657E-009
          17  9.359846219453407E-011
          18  4.483616567407520E-010
          19  1.975456716318100E-010
          20  4.615650536254789E-009
          21  7.717190306742025E-010
          22  1.729977121572950E-009
          23  4.841315779939379E-009
          24  1.127263564573689E-008
          25  1.359854484270766E-008
          26  1.209337908907024E-008
          27  2.721525065808249E-009
          28  1.655643678494076E-009
          29  8.426760223946654E-010
          30  2.782625655133380E-009
          31  5.060640808071711E-010
          32  5.906257393471962E-010
          33  7.570811843549309E-010
          34  4.295478829704859E-009
          35  3.000729705791025E-010
          36  1.183413215135539E-009
          37  7.589298371774120E-010
          38  1.000054342253140E-009
          39  3.040409405904743E-010
          40  6.317926879009839E-010
          41  8.848586113133890E-010
          42  6.254557494070198E-009
          43  5.582329341362044E-010
          44  9.434777802700085E-010
          45  4.150666676173347E-009
          46  7.242180261164215E-009
          47  8.134376377418725E-009
          48  6.162839996158266E-009
          49  5.080956127213846E-010
          50  3.181928041999638E-009
          51  1.621039731897612E-009
          52  6.294940062033288E-009
          53  2.027767185513881E-010
          54  4.680461483884564E-010
          55  3.365239744913940E-010
          56  4.206846522501679E-010
          57  1.165460050469355E-010
          58  2.159819863788658E-010
          59  1.519081972334946E-010
          60  1.697812266125663E-010
          61  1.658430956487412E-010
          62  8.288629482202661E-010
          63  3.480309465277999E-010
          64  3.611538328989466E-010
          65  3.063686678193051E-010
          66  4.447667458904119E-010
          67  5.749717106802087E-010
          68  8.788993839820361E-010
          69  1.650469679934221E-010
          70  4.940389204961508E-010
          71  1.710958731949894E-010
          72  2.128743845669805E-010
          73  2.106469952902304E-010
          74  4.288062873137126E-010
          75  9.886474541044809E-010
          76  2.734368170401690E-009
          77  5.388570633379648E-009
          78  1.026795425560314E-008
          79  7.933592046626446E-009
          80  3.262163268124135E-008
          81  1.197902357548992E-008
          82  1.094963461951521E-008
          83  4.870496519442548E-009
          84  5.275251529402725E-009
          85  3.535865141960758E-009
          86  3.814527342628552E-009
          87  2.410213615357293E-009
          88  5.879064919807408E-009
          89  2.724198025304549E-009
          90  5.162604362483397E-009
          91  3.484593091840042E-009
          92  2.875942463692965E-009
          93  2.391738224608898E-009
          94  5.695398065406933E-009
          95  2.955219998357122E-009
          96  3.399963149490521E-009
          97  1.511412996069594E-009
          98  1.411854697930370E-009
          99  1.557037498819761E-009
         100  1.390588181005784E-009
         101  1.027279827752364E-009
         102  1.750907343031838E-009
         103  1.681696647261806E-009
         104  1.648953084302837E-009
         105  1.722135831237392E-009
         106  2.187908136745657E-009
         107  1.657084142482179E-009
         108  5.442887977018251E-009
         109  2.457554363538840E-009
         110  6.885938142253172E-009
         111  4.902790550102432E-009
         112  6.643837765798016E-009
         113  3.434222012266308E-009
         114  2.789655054012509E-009
         115  1.488446557672059E-009
         116  1.552376531038994E-009
         117  1.355484990428757E-009
         118  1.454411732544791E-009
         119  5.401749676933461E-010
         120  7.478262353156427E-010
         121  6.091419760026698E-010
         122  7.940543631587590E-010
         123  6.901447616526381E-010
         124  1.794114666582161E-008
         125  7.181625145908652E-008
         126  5.971774087573773E-007
         127  3.068809397567488E-006
         128  2.556092013294070E-005
         129  1.294217600072403E-004
         130  3.294887392819567E-004
         131  1.121715985745420E-003
         132  1.035736245328721E-003
         133  3.313657546198732E-005
         134  8.271418424409759E-005
         135  7.997286459561918E-005
         136  2.168258560612581E-004
         137  1.181883257076055E-004
         138  8.294709423657138E-005
         139  1.381145129451762E-005
         140  3.271202748532778E-005
         141  2.539590594851548E-005
         142  9.811214581158257E-006
         143  1.569963357039695E-006
         144  5.499272458012450E-006
         145  2.006427321483980E-006
         146  6.311995923916154E-006
         147  5.173678449590370E-006
         148  1.731119214189579E-005
         149  1.486401666708309E-005
         150  3.569757007828832E-005
         151  1.818762851403779E-005
         152  2.981397179433951E-005
         153  1.215230095411217E-005
         154  5.951372271778088E-005
         155  3.310089305936424E-005
         156  4.098577830365796E-005
         157  1.998768463376307E-005
         158  4.547351901561373E-005
         159  2.352880891312145E-005
         160  5.885563073365724E-005
         161  3.076095380080781E-005
         162  8.410023820084823E-005
         163  7.184356863758045E-005
         164  1.049639167954146E-004
         165  5.214383150383159E-005
         166  5.117085804566610E-005
         167  1.657443624644947E-005
         168  1.014755689659526E-004
         169  7.754966745632590E-005
         170  6.440209885313653E-005
         171  2.497050971730822E-005
         172  3.208236170728352E-005
         173  2.652089756370719E-005
         174  5.391777217855437E-005
         175  2.336081226432938E-005
         176  2.844706347708775E-005
         177  1.428145768644563E-005
         178  1.667928043603012E-005
         179  8.092168036793476E-006
         180  1.651849056883152E-005
         181  7.497987619707003E-006
         182  1.562593933507344E-005
         183  7.907903067470293E-006
         184  1.391941434240761E-005
         185  4.276514376364727E-006
         186  1.572127356536543E-005
         187  4.503061666125776E-006
         188  1.416160431693853E-005
         189  1.187498072711522E-005
         190  2.492833175646479E-005
         191  2.800854258753372E-005
         192  9.736649830576213E-005
         193  1.258421303019860E-004
         194  3.126824880428779E-004
         195  2.201457711666711E-004
         196  4.236888960856895E-004
         197  2.260517802459624E-004
         198  1.667739206714447E-004
         199  1.356494864499929E-005
         200  2.408429241960394E-006
         201  8.285917569600761E-008
         202  9.977453412323769E-008
         203  2.547500398869356E-008
         204  8.761525702555816E-008
         205  7.730613608307221E-008
         206  2.313166132315262E-006
         207  1.539905689978461E-006
         208  2.551010567205408E-006
         209  1.622151414810338E-006
         226  7.012540869671721E-014
         227  5.299022349695573E-015
         230  3.304658701421576E-012
         231  7.954903972984775E-012
         232  6.057764068384391E-007
         234  1.075968489203789E-011
         235  1.709399052744521E-007
         236  1.756528225435522E-009
         238  1.958111760367661E-007
         240  3.408669213386822E-013
         244  4.160972911849059E-009
