           1  7.436217643212412E-005
           2  6.470609901488105E-012
           3  1.574717819390911E-008
           4  8.297922902403656E-005
           6  5.674563962362780E-015
           7  3.114017005274736E-012
           8  2.708281752318958E-013
           9  1.912633244112939E-009
          10  2.713051082138141E-014
          14  2.133333547455961E-015
          15  2.088632030236545E-012
          16  1.265400411364885E-009
          17  9.350387338060609E-011
          18  4.465292373373256E-010
          19  1.960505337217710E-010
          20  4.750605426236686E-009
          21  7.812537364560498E-010
          22  1.513885341563480E-009
          23  4.986146404697327E-009
          24  1.148508104678685E-008
          25  1.393759476346462E-008
          26  1.177419305478294E-008
          27  2.563677767130504E-009
          28  1.590505409104293E-009
          29  8.254267046492077E-010
          30  2.639920421169096E-009
          31  4.677579882527992E-010
          32  6.297399864457339E-010
          33  8.266222063526359E-010
          34  4.350158457310095E-009
          35  2.881277754716200E-010
          36  1.137605403819399E-009
          37  7.924799696994130E-010
          38  1.067937396844195E-009
          39  3.110316318228927E-010
          40  6.245202712817641E-010
          41  8.740542390843658E-010
          42  6.157503688575147E-009
          43  5.228694937620143E-010
          44  9.932161177436092E-010
          45  4.495980101413918E-009
          46  7.410050014416078E-009
          47  7.998900684829371E-009
          48  5.898911664688233E-009
          49  5.231347252252259E-010
          50  3.114850129304845E-009
          51  1.555992767361080E-009
          52  6.298333599377838E-009
          53  2.224106520472406E-010
          54  5.477764501188907E-010
          55  3.641975564852962E-010
          56  4.220009347654903E-010
          57  1.123310248529312E-010
          58  2.053280510834531E-010
          59  1.453476250682380E-010
          60  1.738075956685094E-010
          61  1.851225517193139E-010
          62  8.900533336404434E-010
          63  3.582624652991893E-010
          64  3.533243955841615E-010
          65  2.989190097288518E-010
          66  4.333462177317294E-010
          67  5.825356955737383E-010
          68  8.724056590227108E-010
          69  1.604408503128573E-010
          70  4.772000260970192E-010
          71  1.652645862236916E-010
          72  2.043405034359924E-010
          73  2.115596672510141E-010
          74  4.522263966720771E-010
          75  1.088324751708193E-009
          76  2.865890382457126E-009
          77  5.442050988799452E-009
          78  1.012186219601275E-008
          79  7.991943544861629E-009
          80  3.241810313535813E-008
          81  1.220645120754228E-008
          82  1.068617008134654E-008
          83  4.640546360074702E-009
          84  5.225477860884254E-009
          85  3.481920928501411E-009
          86  3.780838662041723E-009
          87  2.571409765065767E-009
          88  6.135816706002305E-009
          89  2.761404563931966E-009
          90  5.302628676168591E-009
          91  3.568282793394285E-009
          92  2.976411218504147E-009
          93  2.484266751559374E-009
          94  5.872055749761096E-009
          95  2.935145820615423E-009
          96  3.321927114086902E-009
          97  1.442556004076199E-009
          98  1.353702627818186E-009
          99  1.522764049130293E-009
         100  1.345673427194442E-009
         101  1.011171656791406E-009
         102  1.774908439057526E-009
         103  1.698513352709942E-009
         104  1.647612270162823E-009
         105  1.768620726344397E-009
         106  2.308054482133592E-009
         107  1.777374629473202E-009
         108  5.943143360017635E-009
         109  2.630572962341676E-009
         110  7.132800439524887E-009
         111  5.010427675314788E-009
         112  6.587501532330975E-009
         113  3.315719080304743E-009
         114  2.614027285541120E-009
         115  1.369847369925468E-009
         116  1.424818854582726E-009
         117  1.285676997489292E-009
         118  1.363886728388322E-009
         119  4.913974409383365E-010
         120  6.863679722475212E-010
         121  5.549213936469950E-010
         122  7.271446003062474E-010
         123  6.655651561479259E-010
         124  1.896837596139371E-008
         125  8.324536797023688E-008
         126  6.801269332762415E-007
         127  3.452877943520313E-006
         128  2.822209968845952E-005
         129  1.380949023224403E-004
         130  3.325527360601178E-004
         131  1.103654561487693E-003
         132  1.039840093071890E-003
         133  3.338534987406785E-005
         134  8.361341062547628E-005
         135  8.611618714159545E-005
         136  2.196128923626294E-004
         137  1.181244505207220E-004
         138  8.632272115248250E-005
         139  1.448794156130101E-005
         140  3.332646402006570E-005
         141  2.524268622003396E-005
         142  9.702456016974893E-006
         143  1.525027709422154E-006
         144  5.029338936438170E-006
         145  1.879754892422884E-006
         146  7.986963882969125E-006
         147  1.113131982793185E-005
         148  1.353341813007758E-005
         149  8.601890114333240E-006
         150  2.274441402844591E-005
         151  1.374957453228617E-005
         152  2.619376262375027E-005
         153  1.088847383055247E-005
         154  5.041607863103885E-005
         155  2.907191213077616E-005
         156  4.415803179347448E-005
         157  2.176514243896922E-005
         158  5.154078456678409E-005
         159  2.624316596697232E-005
         160  1.072399170678681E-004
         161  4.548867860227935E-005
         162  1.226265460356492E-004
         163  6.178854482351913E-005
         164  8.530467400513689E-005
         165  4.388445972227566E-005
         166  9.335899397518900E-005
         167  2.169427159011325E-005
         168  4.080127066888859E-005
         169  2.647311859034654E-005
         170  4.196681511164714E-005
         171  2.683075362968305E-005
         172  7.593923279644397E-005
         173  3.417691022028245E-005
         174  2.308439923732978E-005
         175  1.198625513707818E-005
         176  1.835569815538515E-005
         177  9.936229081348364E-006
         178  1.594344743115385E-005
         179  6.663075260642412E-006
         180  1.216821108930145E-005
         181  5.891859265631484E-006
         182  1.305603393524913E-005
         183  7.007190711595776E-006
         184  1.308843595192712E-005
         185  4.244098832639576E-006
         186  1.667763890149727E-005
         187  4.791572779468944E-006
         188  1.539832210949161E-005
         189  1.338348814010360E-005
         190  2.763001604762920E-005
         191  3.109341105212800E-005
         192  1.080473594857765E-004
         193  1.387493503692316E-004
         194  3.369808161634869E-004
         195  2.263149609624675E-004
         196  4.225783046120667E-004
         197  2.204581297061105E-004
         198  1.588314204323028E-004
         199  1.267389715793422E-005
         200  2.289575792170423E-006
         201  8.744821208947812E-008
         202  1.076824500987511E-007
         203  2.663392039753194E-008
         204  8.728563447141361E-008
         205  7.618197065918696E-008
         206  2.364173961127532E-006
         207  1.560409921036529E-006
         208  2.629617999091696E-006
         209  1.644625975912628E-006
         226  6.580984948740027E-014
         227  5.028342982266676E-015
         230  3.101288046510343E-012
         231  7.548559512956438E-012
         232  5.774822110775587E-007
         234  1.009752750731585E-011
         235  1.622081237542813E-007
         236  1.669029415829746E-009
         238  1.837608402207238E-007
         240  3.242157222286224E-013
         244  3.957711216127275E-009
