           1  7.451581135538589E-005
           2  6.470609901488105E-012
           3  1.574717819390911E-008
           4  8.136027434383136E-005
           6  5.674563962362780E-015
           7  3.114017005274736E-012
           8  2.708281752318958E-013
           9  1.912633244112939E-009
          10  2.713051082138141E-014
          14  2.000523167651197E-015
          15  1.977939660605548E-012
          16  1.263488827531440E-009
          17  9.334203783584473E-011
          18  4.472785415436850E-010
          19  1.979234199276056E-010
          20  4.695669935528560E-009
          21  7.707223377068397E-010
          22  1.603344794790475E-009
          23  4.928433537987773E-009
          24  1.139988590368811E-008
          25  1.383644210128208E-008
          26  1.182256987975927E-008
          27  2.541311080081337E-009
          28  1.579960537016959E-009
          29  8.374645822199215E-010
          30  2.677479726426337E-009
          31  4.655573365383006E-010
          32  6.167694969749044E-010
          33  8.254386955573834E-010
          34  4.412977301125513E-009
          35  2.850944311323815E-010
          36  1.115854542652355E-009
          37  7.564905087957948E-010
          38  1.016932395725299E-009
          39  2.922817587809402E-010
          40  6.204774202570184E-010
          41  8.950860803016799E-010
          42  6.244508733440891E-009
          43  5.283167568264545E-010
          44  9.910451657167060E-010
          45  4.418982893188168E-009
          46  7.375973233799079E-009
          47  8.047980676079944E-009
          48  5.957466817923392E-009
          49  5.056233395260271E-010
          50  3.101310532230848E-009
          51  1.561258192624466E-009
          52  6.257054072831499E-009
          53  2.182906404056693E-010
          54  5.391871394612787E-010
          55  3.581142503932718E-010
          56  4.099342391979398E-010
          57  1.074946680032834E-010
          58  2.110245809619753E-010
          59  1.473255001259819E-010
          60  1.702054114656392E-010
          61  1.789623674267607E-010
          62  8.592971806384810E-010
          63  3.486996465486916E-010
          64  3.609555569131468E-010
          65  3.069342808859669E-010
          66  4.351758610714686E-010
          67  5.847111970691986E-010
          68  8.685627993076705E-010
          69  1.619651892901800E-010
          70  4.891700346187400E-010
          71  1.688419436302541E-010
          72  2.069621587388854E-010
          73  2.151234011080354E-010
          74  4.450682811702598E-010
          75  1.066060864816284E-009
          76  2.833759355965533E-009
          77  5.454350480677068E-009
          78  1.021574544779682E-008
          79  8.026201026525402E-009
          80  3.255787613869145E-008
          81  1.197222453162794E-008
          82  1.044895124718195E-008
          83  4.547662417959988E-009
          84  5.215047285093636E-009
          85  3.502591667095515E-009
          86  3.787198097206053E-009
          87  2.509784475713383E-009
          88  6.022131998832100E-009
          89  2.754546000291408E-009
          90  5.339550199057859E-009
          91  3.563616956117562E-009
          92  2.901096852084459E-009
          93  2.406434798674306E-009
          94  5.658185751259619E-009
          95  2.861499840472725E-009
          96  3.340259361637904E-009
          97  1.444703697138089E-009
          98  1.336707141130631E-009
          99  1.501678609510725E-009
         100  1.322920697915835E-009
         101  9.967962786261120E-010
         102  1.768697261743891E-009
         103  1.682473503597201E-009
         104  1.637020131648478E-009
         105  1.750493880102555E-009
         106  2.242770881003650E-009
         107  1.732275619383767E-009
         108  5.818549348836591E-009
         109  2.574610682442139E-009
         110  6.987134052155995E-009
         111  4.959058294529946E-009
         112  6.538124420036225E-009
         113  3.283632581339220E-009
         114  2.575013183222940E-009
         115  1.350783649085003E-009
         116  1.392752497642692E-009
         117  1.227511903613238E-009
         118  1.317377884031284E-009
         119  4.903635989718789E-010
         120  6.907147933322619E-010
         121  5.617163832675395E-010
         122  7.219647665182072E-010
         123  6.641464843592847E-010
         124  1.883477790687838E-008
         125  8.442965356616199E-008
         126  6.830375843881746E-007
         127  3.494504420896554E-006
         128  2.861500053619233E-005
         129  1.393012958855344E-004
         130  3.346905299914618E-004
         131  1.098707849276087E-003
         132  1.027022532679519E-003
         133  3.252523894426365E-005
         134  8.094629234896044E-005
         135  8.293833107161267E-005
         136  2.122707000165715E-004
         137  1.148084151558542E-004
         138  8.816440647125426E-005
         139  1.388620132515014E-005
         140  3.101305773220232E-005
         141  2.263261059103664E-005
         142  8.943316921427433E-006
         143  1.444815646202123E-006
         144  5.157041193963447E-006
         145  1.918203075353800E-006
         146  6.196238865259219E-006
         147  5.180007162871595E-006
         148  1.528982919241209E-005
         149  1.445601682965762E-005
         150  3.747896786735965E-005
         151  1.603211691298581E-005
         152  2.868499616047815E-005
         153  1.498531882083488E-005
         154  3.689821433325442E-005
         155  1.826632901426961E-005
         156  3.394685814893762E-005
         157  2.045505117494175E-005
         158  5.262156843849094E-005
         159  2.791124067966718E-005
         160  5.534602813156284E-005
         161  3.784529886816732E-005
         162  1.986651649978998E-004
         163  6.957561169305424E-005
         164  7.317629416107514E-005
         165  3.594600138206951E-005
         166  6.031642317918444E-005
         167  2.897633695315396E-005
         168  1.152669784082077E-004
         169  7.629543036550615E-005
         170  4.970657395628156E-005
         171  2.143700241954865E-005
         172  2.854876170074098E-005
         173  2.448489804288915E-005
         174  6.254943877662670E-005
         175  2.453916027118061E-005
         176  1.743447550162283E-005
         177  6.042537123842757E-006
         178  1.992013940638849E-005
         179  6.179471319614423E-006
         180  1.007674405921394E-005
         181  5.418044976608315E-006
         182  1.310517130407320E-005
         183  7.115292648971020E-006
         184  1.326940238269924E-005
         185  4.262618711200432E-006
         186  1.644535379498863E-005
         187  4.756624690626855E-006
         188  1.552542827227361E-005
         189  1.345787096396213E-005
         190  2.774809325002282E-005
         191  3.071459544906700E-005
         192  1.067473919012400E-004
         193  1.359007967775876E-004
         194  3.275535884142104E-004
         195  2.205434582017122E-004
         196  4.103544740016138E-004
         197  2.114038764062778E-004
         198  1.499755343152764E-004
         199  1.193313336963673E-005
         200  2.178838118007003E-006
         201  8.653210745410806E-008
         202  1.075660412823210E-007
         203  2.649050175874958E-008
         204  8.624595852513914E-008
         205  7.467436462674740E-008
         206  2.237944851647210E-006
         207  1.476299946178459E-006
         208  2.469572717360040E-006
         209  1.551907119954740E-006
         226  6.147984367325226E-014
         227  4.728399422036272E-015
         230  2.897236595590241E-012
         231  7.098283582513322E-012
         232  5.407687498817868E-007
         234  9.433153509263052E-012
         235  1.525323155787576E-007
         236  1.589651416711564E-009
         238  1.716701651505611E-007
         240  3.088883491165031E-013
         244  3.770609504764782E-009
