           1  7.420203948619593E-005
           2  6.470609901488105E-012
           3  1.574717819390911E-008
           4  8.188199572003969E-005
           6  5.674563962362780E-015
           7  3.114017005274736E-012
           8  2.708281752318958E-013
           9  1.912633244112939E-009
          10  2.713051082138141E-014
          14  2.197664936346230E-015
          15  2.156091479885155E-012
          16  1.278181536934557E-009
          17  9.426864663983257E-011
          18  4.516935268800437E-010
          19  2.018070568779064E-010
          20  4.705974089915050E-009
          21  7.761100767282313E-010
          22  1.623085040212263E-009
          23  4.936174974514091E-009
          24  1.142121561240175E-008
          25  1.382710332069335E-008
          26  1.191898352004102E-008
          27  2.589253209558759E-009
          28  1.610833649568383E-009
          29  8.483187543705899E-010
          30  2.725517876680393E-009
          31  4.790469223699091E-010
          32  6.268980693757575E-010
          33  8.172047963610408E-010
          34  4.427103404913851E-009
          35  2.897600940709657E-010
          36  1.133095336081939E-009
          37  7.619050024660401E-010
          38  1.020414883261135E-009
          39  2.955900326053820E-010
          40  6.244327518013095E-010
          41  8.966529648517137E-010
          42  6.252345740952971E-009
          43  5.339124280449505E-010
          44  9.810032689912869E-010
          45  4.373312807275605E-009
          46  7.377636595137132E-009
          47  8.092901057683478E-009
          48  6.005682398859332E-009
          49  5.029376751473712E-010
          50  3.103448750742335E-009
          51  1.569351657893564E-009
          52  6.306974615292505E-009
          53  2.166795066172274E-010
          54  5.272759693732967E-010
          55  3.551757082845104E-010
          56  4.123611248547088E-010
          57  1.094063381439590E-010
          58  2.089380473321121E-010
          59  1.462594808353067E-010
          60  1.693713027866158E-010
          61  1.765253206632979E-010
          62  8.565628992079790E-010
          63  3.491247352018060E-010
          64  3.588296063309392E-010
          65  3.051446311620925E-010
          66  4.356548977264494E-010
          67  5.818992844938355E-010
          68  8.708283456373234E-010
          69  1.619309080051283E-010
          70  4.867399964707333E-010
          71  1.676518630357560E-010
          72  2.053153077602691E-010
          73  2.106939479057553E-010
          74  4.371057508201020E-010
          75  1.042253823929153E-009
          76  2.793461541079499E-009
          77  5.412764907580012E-009
          78  1.024602760895348E-008
          79  8.044911569687800E-009
          80  3.271770677228340E-008
          81  1.212454690473801E-008
          82  1.070783933694541E-008
          83  4.687191044472858E-009
          84  5.309999621068659E-009
          85  3.555363888587957E-009
          86  3.845309121831272E-009
          87  2.537912237977474E-009
          88  6.097672426336068E-009
          89  2.797826375264207E-009
          90  5.420443341815386E-009
          91  3.624853904808814E-009
          92  2.955115042867016E-009
          93  2.455775231741538E-009
          94  5.806887637679281E-009
          95  2.939484454756574E-009
          96  3.406158303728809E-009
          97  1.482692919676296E-009
          98  1.380020374311211E-009
          99  1.545160807841007E-009
         100  1.366542890242849E-009
         101  1.022265115574541E-009
         102  1.794691431522829E-009
         103  1.715132625942889E-009
         104  1.675967108796067E-009
         105  1.787450688265863E-009
         106  2.288822403155643E-009
         107  1.753162842544416E-009
         108  5.867508107552468E-009
         109  2.607831273500865E-009
         110  7.159327403451840E-009
         111  5.070426826310179E-009
         112  6.728245013856365E-009
         113  3.400628951303821E-009
         114  2.692002865959489E-009
         115  1.411118968895651E-009
         116  1.469291503372709E-009
         117  1.306013784921970E-009
         118  1.398895654242923E-009
         119  5.130265508687418E-010
         120  7.172412604385004E-010
         121  5.825927066227568E-010
         122  7.461693913273902E-010
         123  6.818528260748794E-010
         124  1.857947105202525E-008
         125  8.319504462491039E-008
         126  6.760398482968253E-007
         127  3.431788478914617E-006
         128  2.810369383097234E-005
         129  1.381545728979562E-004
         130  3.367967590476706E-004
         131  1.109900288098359E-003
         132  1.046841996843259E-003
         133  3.299093071857313E-005
         134  8.223809050824414E-005
         135  8.531205177263568E-005
         136  2.199259366717998E-004
         137  1.187362111228384E-004
         138  8.846131408870842E-005
         139  1.453286602805054E-005
         140  3.305932632136121E-005
         141  2.470276586385310E-005
         142  9.808903236508653E-006
         143  1.572178621358467E-006
         144  5.277089882412716E-006
         145  1.938825355006558E-006
         146  8.124635351391499E-006
         147  1.149652823706096E-005
         148  1.834735451995641E-005
         149  1.098678956250423E-005
         150  1.790469774400259E-005
         151  1.203731856697476E-005
         152  3.630658680225550E-005
         153  2.373730108433262E-005
         154  2.245973278538160E-005
         155  8.904836881604314E-006
         156  2.241576038981413E-005
         157  1.364049565276196E-005
         158  3.436949168953410E-005
         159  2.702243398268642E-005
         160  9.467081087431982E-005
         161  5.250145065802684E-005
         162  1.161897287420852E-004
         163  5.250670737162251E-005
         164  9.268209593383533E-005
         165  5.421972958310389E-005
         166  7.282172450756912E-005
         167  5.387069240112878E-005
         168  1.254185133863914E-004
         169  3.759651095576549E-005
         170  3.433822126562341E-005
         171  2.077020904199848E-005
         172  3.232782572519440E-005
         173  2.127680019969173E-005
         174  4.820788293682476E-005
         175  2.155363390649805E-005
         176  1.722874345014034E-005
         177  7.284480191639795E-006
         178  1.003429632514959E-005
         179  5.694077071033185E-006
         180  1.262784858179055E-005
         181  6.008193915505560E-006
         182  1.301814833295669E-005
         183  6.890377872776231E-006
         184  1.269823809696895E-005
         185  4.075942499131866E-006
         186  1.569303004657297E-005
         187  4.549990119245692E-006
         188  1.482388987004933E-005
         189  1.286844506739571E-005
         190  2.673021253673282E-005
         191  3.002294307963813E-005
         192  1.052061147778390E-004
         193  1.355817591182822E-004
         194  3.314108187209367E-004
         195  2.264010412938545E-004
         196  4.278915245337099E-004
         197  2.234741544716807E-004
         198  1.613823301010357E-004
         199  1.292226027888120E-005
         200  2.341045367531869E-006
         201  9.016979768087544E-008
         202  1.099157782014529E-007
         203  2.687874180103043E-008
         204  9.168198528443902E-008
         205  8.018664657229022E-008
         206  2.307243591080055E-006
         207  1.528386967981676E-006
         208  2.549962655914409E-006
         209  1.595142834952776E-006
         226  6.186112748360248E-014
         227  4.774064483862312E-015
         230  2.915204588718587E-012
         231  7.166836073477515E-012
         232  5.489735263866858E-007
         234  9.491655751603580E-012
         235  1.540054139783791E-007
         236  1.572402093303070E-009
         238  1.727348239197006E-007
         240  3.053556463836795E-013
         244  3.727485694689093E-009
