           1  7.413876203046435E-005
           2  6.470609901488105E-012
           3  1.574717819390911E-008
           4  8.137939526706782E-005
           6  5.674563962362780E-015
           7  3.114017005274736E-012
           8  2.708281752318958E-013
           9  1.912633244112939E-009
          10  2.713051082138141E-014
          14  2.171116786905281E-015
          15  2.187045006413199E-012
          16  1.280696905179684E-009
          17  9.446774357743449E-011
          18  4.408384040598390E-010
          19  1.869168577981064E-010
          20  4.680241049493171E-009
          21  7.703305886579134E-010
          22  1.733525330650047E-009
          23  4.876524569665413E-009
          24  1.133443077696761E-008
          25  1.376822794586788E-008
          26  1.183152467072961E-008
          27  2.591377500766369E-009
          28  1.628769675535954E-009
          29  8.631249070801464E-010
          30  2.853100859590667E-009
          31  5.073081716536502E-010
          32  5.624048730073697E-010
          33  8.094310038639787E-010
          34  4.329498669362194E-009
          35  2.969580125396036E-010
          36  1.176350613912934E-009
          37  7.386634771081100E-010
          38  9.769188032456202E-010
          39  3.021841571725112E-010
          40  6.353827735757534E-010
          41  8.954173465330057E-010
          42  6.474630622902711E-009
          43  5.727164720420233E-010
          44  9.931485940491256E-010
          45  4.309960993569530E-009
          46  7.237889412322182E-009
          47  7.946001692689988E-009
          48  5.953065118032640E-009
          49  5.119020749885017E-010
          50  3.161174052681812E-009
          51  1.603074575175315E-009
          52  6.308370765023234E-009
          53  2.129646683474716E-010
          54  5.085575616379016E-010
          55  3.572424196167123E-010
          56  4.433267742480985E-010
          57  1.216741867295096E-010
          58  2.352478523693797E-010
          59  1.656079311910013E-010
          60  1.808962159395433E-010
          61  1.738633318312532E-010
          62  8.530327255372972E-010
          63  3.550863251705802E-010
          64  3.688088458544109E-010
          65  3.156321473343429E-010
          66  4.534408583292433E-010
          67  5.714607413115375E-010
          68  8.609472380668894E-010
          69  1.622206886938279E-010
          70  4.932172928298900E-010
          71  1.724316204480323E-010
          72  2.187101221877470E-010
          73  2.227605516104253E-010
          74  4.471658670379942E-010
          75  1.027650376954798E-009
          76  2.768722903032176E-009
          77  5.418896202401042E-009
          78  1.011299703969801E-008
          79  7.960978743702950E-009
          80  3.299431023735433E-008
          81  1.177946282064748E-008
          82  1.079164221502299E-008
          83  4.827462234349999E-009
          84  5.257713040484837E-009
          85  3.593415770811450E-009
          86  3.898749095147094E-009
          87  2.502062882201224E-009
          88  6.055784385769408E-009
          89  2.710550035837637E-009
          90  5.129292397100351E-009
          91  3.611901677352093E-009
          92  2.971534193074650E-009
          93  2.425122158860489E-009
          94  5.657798550693664E-009
          95  2.900740336671372E-009
          96  3.395096246233732E-009
          97  1.499982713027646E-009
          98  1.412012693927880E-009
          99  1.571799867902820E-009
         100  1.394215374669482E-009
         101  1.024032678620648E-009
         102  1.791717840280863E-009
         103  1.734732145443397E-009
         104  1.705444014507863E-009
         105  1.817518190121375E-009
         106  2.306613178008929E-009
         107  1.727779373215146E-009
         108  5.681696598113043E-009
         109  2.540453359036452E-009
         110  6.957907696560416E-009
         111  4.886456208850749E-009
         112  6.542613090528047E-009
         113  3.347211167455164E-009
         114  2.686015763407723E-009
         115  1.417651265368496E-009
         116  1.485817287602882E-009
         117  1.317515253505551E-009
         118  1.402132363886277E-009
         119  5.166014016097758E-010
         120  7.203944577456616E-010
         121  5.859847444500516E-010
         122  7.555134424264627E-010
         123  6.817178745175679E-010
         124  1.794119219400560E-008
         125  7.799054346644890E-008
         126  6.447385601087439E-007
         127  3.281696650020806E-006
         128  2.704984581098408E-005
         129  1.339686391104840E-004
         130  3.283256830606884E-004
         131  1.125156263873168E-003
         132  1.039849473712150E-003
         133  3.316661148546077E-005
         134  8.280348454289131E-005
         135  8.121875062174391E-005
         136  2.230449960659326E-004
         137  1.221214412035229E-004
         138  8.711493636061810E-005
         139  1.451839620963372E-005
         140  3.347393784987657E-005
         141  2.518064749497596E-005
         142  9.552433021100335E-006
         143  1.548673303525614E-006
         144  5.830374594746667E-006
         145  2.344743557618505E-006
         146  7.958638889325286E-006
         147  6.518428644514277E-006
         148  9.341442251880170E-006
         149  8.038945406132352E-006
         150  2.972477604684909E-005
         151  1.355519666942329E-005
         152  2.833273594045961E-005
         153  1.586437194187576E-005
         154  5.139845634790991E-005
         155  2.092609261788074E-005
         156  3.389839208715376E-005
         157  2.585811393806671E-005
         158  4.945976432076106E-005
         159  1.929045385005909E-005
         160  4.575418159255515E-005
         161  3.239435536923945E-005
         162  8.424681400163042E-005
         163  5.965062720687040E-005
         164  7.860337096175287E-005
         165  4.591679873761880E-005
         166  1.736377244339375E-004
         167  4.357684931572891E-005
         168  8.416322959497584E-005
         169  2.810526986194565E-005
         170  3.667642096858651E-005
         171  1.961576305515111E-005
         172  5.426578917410255E-005
         173  3.497295699830135E-005
         174  4.901555223190901E-005
         175  2.279800843038273E-005
         176  1.834495153208582E-005
         177  7.405453028723081E-006
         178  1.127558198810944E-005
         179  6.268881904572582E-006
         180  1.299737485449952E-005
         181  5.967879116555201E-006
         182  1.275317801137737E-005
         183  6.741139972983494E-006
         184  1.218761524313025E-005
         185  3.848036756622010E-006
         186  1.470683837521587E-005
         187  4.349634315356650E-006
         188  1.427776013039042E-005
         189  1.219072768214237E-005
         190  2.524555735560527E-005
         191  2.831732634623909E-005
         192  9.974418399992986E-005
         193  1.311065018465893E-004
         194  3.266144851347369E-004
         195  2.246264705989171E-004
         196  4.266198382710876E-004
         197  2.266913507368070E-004
         198  1.662563133854198E-004
         199  1.344905739481170E-005
         200  2.394910521179313E-006
         201  8.327878186354322E-008
         202  1.025411159542043E-007
         203  2.670449325732782E-008
         204  9.002313842431735E-008
         205  7.918695392193788E-008
         206  2.269845032701163E-006
         207  1.538996958957847E-006
         208  2.518121567922870E-006
         209  1.574007524677113E-006
         226  6.200050246766509E-014
         227  4.716625956386091E-015
         230  2.921772632490496E-012
         231  7.080609230058137E-012
         232  5.438156412267483E-007
         234  9.513040737990359E-012
         235  1.521525181425174E-007
         236  1.552254521826918E-009
         238  1.731240006823979E-007
         240  3.013656187459592E-013
         244  3.678779305542030E-009
