           1  7.352630494141468E-005
           2  6.470609901488105E-012
           3  1.574717819390911E-008
           4  8.240343403428986E-005
           6  5.674563962362780E-015
           7  3.114017005274736E-012
           8  2.708281752318958E-013
           9  1.912633244112939E-009
          10  2.713051082138141E-014
          14  2.635681749938720E-015
          15  2.584596213728675E-012
          16  1.288691687850045E-009
          17  9.516914547594512E-011
          18  4.539809338710225E-010
          19  2.005653313124029E-010
          20  4.615657504777538E-009
          21  7.802197799381359E-010
          22  1.734832711899069E-009
          23  4.846541176317106E-009
          24  1.129452940722302E-008
          25  1.353682885580593E-008
          26  1.245187182917584E-008
          27  2.856886278111685E-009
          28  1.704609293502591E-009
          29  8.273155602566081E-010
          30  2.812510565355272E-009
          31  5.148329148682379E-010
          32  6.061895661425144E-010
          33  7.582318760947400E-010
          34  4.523533533990653E-009
          35  3.023129303582301E-010
          36  1.147668737707457E-009
          37  8.404216741748455E-010
          38  1.128345909340668E-009
          39  3.195927780090441E-010
          40  6.115101929961426E-010
          41  8.445152307306608E-010
          42  6.202064048318504E-009
          43  5.527469689498699E-010
          44  9.126266529676667E-010
          45  4.048339060906901E-009
          46  7.302542596937452E-009
          47  8.252327886245813E-009
          48  6.205417048676633E-009
          49  5.327962817678517E-010
          50  3.150056074622186E-009
          51  1.574736164961773E-009
          52  6.473228172103153E-009
          53  2.280140456022980E-010
          54  5.550293142217704E-010
          55  3.873833430176249E-010
          56  4.249410239615054E-010
          57  1.145766806752724E-010
          58  2.054232274038157E-010
          59  1.444709572943752E-010
          60  1.616250095317290E-010
          61  1.614563185418407E-010
          62  8.091816430282886E-010
          63  3.354848507042693E-010
          64  3.471523919585727E-010
          65  2.934004862615617E-010
          66  4.254585040823387E-010
          67  5.707619605074812E-010
          68  8.901222301409163E-010
          69  1.672489668196082E-010
          70  4.974200739606444E-010
          71  1.717283764696601E-010
          72  2.072383242198928E-010
          73  1.983751185559034E-010
          74  4.036327176741249E-010
          75  9.315265151639204E-010
          76  2.643961098876279E-009
          77  5.303349273662768E-009
          78  1.023656796975762E-008
          79  7.906828808745591E-009
          80  3.291653806085514E-008
          81  1.247617355418982E-008
          82  1.147570697690261E-008
          83  5.086884997084918E-009
          84  5.217550919053137E-009
          85  3.524171077541161E-009
          86  3.828614841842202E-009
          87  2.514598616048396E-009
          88  6.315687486432251E-009
          89  2.956531577791654E-009
          90  5.583044402679617E-009
          91  3.663083610647878E-009
          92  2.897032277458907E-009
          93  2.447629624567853E-009
          94  6.138734815210634E-009
          95  3.197117139583861E-009
          96  3.609008280603068E-009
          97  1.589847614882145E-009
          98  1.462200554698768E-009
          99  1.630211735950924E-009
         100  1.488202685453829E-009
         101  1.108890255273026E-009
         102  1.914611343074185E-009
         103  1.797848100354497E-009
         104  1.750516726915796E-009
         105  1.793609519778475E-009
         106  2.254200985162735E-009
         107  1.720857548486472E-009
         108  5.658326608144507E-009
         109  2.519473943950518E-009
         110  7.204560794816644E-009
         111  5.263804250694313E-009
         112  7.263529409771586E-009
         113  3.779113112617928E-009
         114  3.098592482644357E-009
         115  1.635322972869439E-009
         116  1.748055654727085E-009
         117  1.598556208470443E-009
         118  1.717231616142916E-009
         119  6.093945729242752E-010
         120  8.389130125450227E-010
         121  6.851424324345442E-010
         122  8.506331841341340E-010
         123  7.413328126122861E-010
         124  1.629700597536280E-008
         125  7.054977562256923E-008
         126  5.781315933205279E-007
         127  2.933740554798710E-006
         128  2.442655092771970E-005
         129  1.266942515943512E-004
         130  3.341856862411113E-004
         131  1.130448456614070E-003
         132  1.100232054112187E-003
         133  3.357226595911234E-005
         134  8.528419462463869E-005
         135  9.649081789566251E-005
         136  2.418873476702686E-004
         137  1.280074918796084E-004
         138  8.396823315097038E-005
         139  1.361093853598103E-005
         140  3.109162170741551E-005
         141  2.203674711848289E-005
         142  8.877183152661211E-006
         143  1.431368272660200E-006
         144  4.688103042779600E-006
         145  1.643053958415039E-006
         146  6.284594270054262E-006
         147  8.946437262133137E-006
         148  1.218734561673892E-005
         149  9.205936741206192E-006
         150  3.270716974245207E-005
         151  2.001845919436587E-005
         152  3.634431631049530E-005
         153  1.369265360829940E-005
         154  3.727246431059003E-005
         155  2.061778181802332E-005
         156  2.308749602102949E-005
         157  1.032437573818183E-005
         158  2.086054887683490E-005
         159  1.577119803372991E-005
         160  2.468182066510553E-005
         161  1.422830334272460E-005
         162  1.311100997981174E-004
         163  4.988118940984145E-005
         164  6.118482700938697E-005
         165  3.272481623202296E-005
         166  1.374863690787366E-004
         167  3.010021975556984E-005
         168  5.142142893679333E-005
         169  2.160862522660494E-005
         170  4.515702311452980E-005
         171  3.503629147930881E-005
         172  6.030329973701801E-005
         173  2.542215910389176E-005
         174  3.844704662637361E-005
         175  1.922769901956056E-005
         176  1.843066081200932E-005
         177  7.657984827606212E-006
         178  9.169932336718881E-006
         179  4.608240855255930E-006
         180  9.796597147862322E-006
         181  4.867453313770529E-006
         182  1.099676095944385E-005
         183  5.791788894469186E-006
         184  1.057898712917747E-005
         185  3.385052545557391E-006
         186  1.282405015900284E-005
         187  3.708652329953163E-006
         188  1.178106312074632E-005
         189  1.003938868084669E-005
         190  2.215516834116136E-005
         191  2.621229797042452E-005
         192  9.485016604227257E-005
         193  1.243405817989621E-004
         194  3.169534043117089E-004
         195  2.361347762069194E-004
         196  4.749564901120672E-004
         197  2.568163215542220E-004
         198  1.953470309564292E-004
         199  1.623360051686038E-005
         200  2.816399779331994E-006
         201  9.238298309738419E-008
         202  1.030988347291155E-007
         203  2.502900507044599E-008
         204  8.820188673156280E-008
         205  7.885554753930394E-008
         206  2.331542723254250E-006
         207  1.550372420121445E-006
         208  2.575749134464600E-006
         209  1.633597513565609E-006
         226  6.398882008919708E-014
         227  4.988330172098112E-015
         230  3.015472066851056E-012
         231  7.488492194576759E-012
         232  5.843139459208968E-007
         234  9.818118048348649E-012
         235  1.609173600004028E-007
         236  1.499271370338479E-009
         238  1.786759799013802E-007
         240  2.899343473958451E-013
         244  3.539237427295181E-009
