           1  7.429061022717440E-005
           2  6.470609901488105E-012
           3  1.574717819390911E-008
           4  8.111528665644074E-005
           6  5.674563962362780E-015
           7  3.114017005274736E-012
           8  2.708281752318958E-013
           9  1.912633244112939E-009
          10  2.713051082138141E-014
          14  2.205490101250712E-015
          15  2.117511853152698E-012
          16  1.247959939617551E-009
          17  9.255911916570863E-011
          18  4.684229258037865E-010
          19  2.251644645853785E-010
          20  4.676562792813859E-009
          21  7.579198179071785E-010
          22  1.546987895972488E-009
          23  4.931204114389993E-009
          24  1.138502147560462E-008
          25  1.392929534908658E-008
          26  1.203963639647767E-008
          27  2.551908534495854E-009
          28  1.578120784474730E-009
          29  8.924773968859952E-010
          30  2.693326162533890E-009
          31  4.754705598505939E-010
          32  6.852813351799855E-010
          33  7.989362062978796E-010
          34  4.318572262802906E-009
          35  2.968317086150778E-010
          36  1.195723123189305E-009
          37  7.697495364799263E-010
          38  1.022748053384671E-009
          39  2.920825496932044E-010
          40  6.410767176645599E-010
          41  9.269980610937417E-010
          42  5.936148949064505E-009
          43  5.158447571478634E-010
          44  1.007452349165355E-009
          45  4.494698866617947E-009
          46  7.491153637449032E-009
          47  8.163732145230770E-009
          48  6.055087149249205E-009
          49  4.927937579627456E-010
          50  3.087698186435294E-009
          51  1.578866479995481E-009
          52  6.326090820445425E-009
          53  2.108986526249959E-010
          54  4.919170626565011E-010
          55  3.112729442138195E-010
          56  3.805359711080089E-010
          57  1.033277613759838E-010
          58  2.001510659608565E-010
          59  1.399351196358000E-010
          60  1.718616080767764E-010
          61  1.788445189722686E-010
          62  8.452485776298542E-010
          63  3.491448378048276E-010
          64  3.612819945962881E-010
          65  3.043639643991347E-010
          66  4.455708984353217E-010
          67  5.837809460127412E-010
          68  8.407578237550312E-010
          69  1.548210963712558E-010
          70  4.561126501328826E-010
          71  1.577373049315486E-010
          72  2.013810639523116E-010
          73  2.166550979806937E-010
          74  4.438540614044642E-010
          75  1.047353034777466E-009
          76  2.777251761269645E-009
          77  5.489747638335083E-009
          78  1.038764860237061E-008
          79  8.115098492073390E-009
          80  3.173251553963603E-008
          81  1.264541485274579E-008
          82  1.091620687969060E-008
          83  4.705308224159504E-009
          84  5.440573931313856E-009
          85  3.551734237350711E-009
          86  3.837322265235540E-009
          87  2.573910427677589E-009
          88  5.986586324158829E-009
          89  2.713478250567040E-009
          90  5.246154570898190E-009
          91  3.602992909668180E-009
          92  3.079700939013098E-009
          93  2.513631191827462E-009
          94  5.516282398104603E-009
          95  2.900817049497158E-009
          96  3.524587826189753E-009
          97  1.563829662079394E-009
          98  1.460125409928596E-009
          99  1.599160229073552E-009
         100  1.412306974849538E-009
         101  1.033792412329844E-009
         102  1.752585050449605E-009
         103  1.674473705917570E-009
         104  1.644984444486146E-009
         105  1.748824407703471E-009
         106  2.266862517356865E-009
         107  1.741334378005985E-009
         108  5.921750208606995E-009
         109  2.649462803932924E-009
         110  7.183596011948539E-009
         111  5.084726102072618E-009
         112  6.715114819634395E-009
         113  3.432540293346404E-009
         114  2.731666861602945E-009
         115  1.418883545055577E-009
         116  1.458347010164690E-009
         117  1.286571220388253E-009
         118  1.371393706107382E-009
         119  5.087254830777690E-010
         120  7.141233084649083E-010
         121  5.814291378209148E-010
         122  7.470356448032334E-010
         123  6.878732443030272E-010
         124  1.853112144878097E-008
         125  8.405599132311561E-008
         126  6.891135773863853E-007
         127  3.492675902799700E-006
         128  2.852659466185414E-005
         129  1.398570799731186E-004
         130  3.379365615857436E-004
         131  1.102128793477909E-003
         132  1.047468052204193E-003
         133  3.401758424186680E-005
         134  8.427440776208656E-005
         135  8.388955235086211E-005
         136  2.191687507080515E-004
         137  1.183149343435447E-004
         138  8.658314253862298E-005
         139  1.416887750218693E-005
         140  3.179697743135297E-005
         141  2.390904288784720E-005
         142  9.336672863051001E-006
         143  1.508871319571501E-006
         144  5.318097507493553E-006
         145  2.018333262380808E-006
         146  7.313435048428003E-006
         147  7.977046078901830E-006
         148  1.570853051221831E-005
         149  1.355893635572811E-005
         150  3.718554797868379E-005
         151  2.067305647176140E-005
         152  5.139042785871923E-005
         153  2.885142180406561E-005
         154  3.121471219987993E-005
         155  1.184968816156985E-005
         156  2.199218619161091E-005
         157  1.299337734221239E-005
         158  4.089625540033900E-005
         159  4.205186652006499E-005
         160  5.448392678634726E-005
         161  2.051290287579474E-005
         162  5.444562673549821E-005
         163  3.671501843760172E-005
         164  1.036288914207711E-004
         165  5.102963542283482E-005
         166  1.010696922342082E-004
         167  8.250811810885789E-005
         168  1.433122930468498E-004
         169  3.587485074209574E-005
         170  2.345156638144774E-005
         171  1.531033799627855E-005
         172  4.375940556257099E-005
         173  2.855810337180242E-005
         174  3.572659514213872E-005
         175  1.535934633418162E-005
         176  2.417613250797016E-005
         177  1.268188705680129E-005
         178  1.525000623432714E-005
         179  7.428996638699509E-006
         180  1.509826768144832E-005
         181  6.851434021038450E-006
         182  1.408110091498706E-005
         183  7.203439562391202E-006
         184  1.310257409319670E-005
         185  4.134536165432231E-006
         186  1.563972745183554E-005
         187  4.570592875932703E-006
         188  1.502715052040632E-005
         189  1.294853203640602E-005
         190  2.713969902183389E-005
         191  2.938438269850772E-005
         192  1.036222835520026E-004
         193  1.363710079407610E-004
         194  3.375624530694919E-004
         195  2.274876677218869E-004
         196  4.210369723246168E-004
         197  2.204116466250794E-004
         198  1.582475078304502E-004
         199  1.282282352957481E-005
         200  2.312494724497407E-006
         201  9.027496784730907E-008
         202  1.077399300579556E-007
         203  2.540834927939512E-008
         204  8.795330699956784E-008
         205  7.668587495701991E-008
         206  2.220969470033766E-006
         207  1.445716561884686E-006
         208  2.422590171190154E-006
         209  1.536719413157396E-006
         226  6.096681777099157E-014
         227  4.683202738514458E-015
         230  2.873060258603846E-012
         231  7.030434222086664E-012
         232  5.467902942735526E-007
         234  9.354437432560357E-012
         235  1.510743264837725E-007
         236  1.541019833214834E-009
         238  1.702376429431904E-007
         240  2.991739104384622E-013
         244  3.652025055342703E-009
