           1  7.480538433331244E-005
           2  6.470609901488105E-012
           3  1.574717819390911E-008
           4  8.204673425848665E-005
           6  5.674563962362780E-015
           7  3.114017005274736E-012
           8  2.708281752318958E-013
           9  1.912633244112939E-009
          10  2.713051082138141E-014
          14  1.733550238427626E-015
          15  1.801638544244803E-012
          16  1.192923683502054E-009
          17  8.942307360666068E-011
          18  4.529491826045495E-010
          19  2.073261817707924E-010
          20  4.417614210185904E-009
          21  7.264442914778369E-010
          22  1.750911694608289E-009
          23  4.681771952596956E-009
          24  1.095037303657185E-008
          25  1.335064451918255E-008
          26  1.214230221263476E-008
          27  2.581446616424852E-009
          28  1.590608274566191E-009
          29  8.810631772772931E-010
          30  2.846485031649051E-009
          31  4.795206638975342E-010
          32  6.028078501352966E-010
          33  7.614262606138481E-010
          34  4.363003913487382E-009
          35  2.927615157518020E-010
          36  1.195107469163179E-009
          37  7.184573612230078E-010
          38  9.482910930660272E-010
          39  2.743001735074570E-010
          40  6.206262481259658E-010
          41  9.186246170465454E-010
          42  6.184511554921108E-009
          43  5.081459694686027E-010
          44  9.519975816599337E-010
          45  4.146156862606355E-009
          46  7.221676063977512E-009
          47  8.195220706850034E-009
          48  6.188841453124538E-009
          49  4.807372179817636E-010
          50  3.160924819300479E-009
          51  1.612065735084424E-009
          52  6.330158953392026E-009
          53  2.002646963072821E-010
          54  4.861759761615591E-010
          55  3.276264407992789E-010
          56  3.993813813882396E-010
          57  1.019865002043987E-010
          58  2.259284698327286E-010
          59  1.546036603854553E-010
          60  1.650712976546955E-010
          61  1.650244602587769E-010
          62  7.975383545786823E-010
          63  3.334607324116027E-010
          64  3.784574527741074E-010
          65  3.308318098059382E-010
          66  4.447327943045254E-010
          67  5.867361131547599E-010
          68  8.500934737092280E-010
          69  1.628006247042410E-010
          70  5.015030136562029E-010
          71  1.723514329127734E-010
          72  2.092155927708003E-010
          73  2.211546166291988E-010
          74  4.253963551088644E-010
          75  9.776468380811556E-010
          76  2.721112535769654E-009
          77  5.560952084942427E-009
          78  1.031500748527160E-008
          79  7.829008657274774E-009
          80  3.176197448490574E-008
          81  1.148372775637337E-008
          82  1.043373579464624E-008
          83  4.573116564926898E-009
          84  5.158303615542397E-009
          85  3.510683138526871E-009
          86  3.728704892598331E-009
          87  2.239120127107553E-009
          88  5.573716607754857E-009
          89  2.649886213076013E-009
          90  5.118600272529931E-009
          91  3.251837894455377E-009
          92  2.689680409750322E-009
          93  2.266881133159504E-009
          94  5.355224916882858E-009
          95  2.669729665550862E-009
          96  3.508827155651250E-009
          97  1.492054418056239E-009
          98  1.359997169037367E-009
          99  1.518618282877379E-009
         100  1.292984190355562E-009
         101  9.803814073135434E-010
         102  1.692361105811146E-009
         103  1.585631025033885E-009
         104  1.527107695335881E-009
         105  1.632650382067112E-009
         106  2.001544052095460E-009
         107  1.540218535367560E-009
         108  5.172628868285154E-009
         109  2.369659763437599E-009
         110  6.761517137813659E-009
         111  4.741013116113495E-009
         112  6.241997289786011E-009
         113  3.076725209262187E-009
         114  2.397454152818003E-009
         115  1.274300959644724E-009
         116  1.340886777381349E-009
         117  1.218075950826313E-009
         118  1.331824509395530E-009
         119  5.053181517988822E-010
         120  7.330318733463861E-010
         121  5.936665464879057E-010
         122  7.614599578910333E-010
         123  6.655357294525611E-010
         124  1.844974678737058E-008
         125  7.570754727536032E-008
         126  6.098787840205774E-007
         127  3.185417894429859E-006
         128  2.667599133210789E-005
         129  1.307797164655658E-004
         130  3.240306134732344E-004
         131  1.075801020323508E-003
         132  1.011133408483728E-003
         133  3.354988797048200E-005
         134  8.422974676335755E-005
         135  7.454717989379785E-005
         136  2.050733768689489E-004
         137  1.141053149708818E-004
         138  9.257541022622758E-005
         139  1.395040501780819E-005
         140  3.281408598415427E-005
         141  2.494007133658151E-005
         142  9.885161681811703E-006
         143  1.630538275617128E-006
         144  5.912685608311543E-006
         145  1.889866131988875E-006
         146  5.996562948840573E-006
         147  5.909369035840530E-006
         148  2.799958123527658E-005
         149  2.141353815677020E-005
         150  2.178546082341437E-005
         151  1.001814871100108E-005
         152  1.842446721953444E-005
         153  8.545359641559970E-006
         154  6.049801374442452E-005
         155  3.884240353085865E-005
         156  7.689749416670717E-005
         157  2.919231279371459E-005
         158  3.215654776462888E-005
         159  1.697589710600318E-005
         160  6.676913098656446E-005
         161  4.097195534488001E-005
         162  1.914904145214861E-004
         163  7.790796219015795E-005
         164  8.202322752748859E-005
         165  3.722245834330603E-005
         166  9.490627462410777E-005
         167  4.239496017689011E-005
         168  1.214892577206604E-004
         169  5.137105232959927E-005
         170  6.060314772125870E-005
         171  3.730613615341367E-005
         172  5.676832318692993E-005
         173  2.496976340659824E-005
         174  3.702038108150245E-005
         175  1.657854192281534E-005
         176  2.550764694019044E-005
         177  7.918577940995828E-006
         178  1.000502158859123E-005
         179  4.585832629547434E-006
         180  9.610165003746346E-006
         181  5.109018123005270E-006
         182  1.186056848565631E-005
         183  6.223547617742856E-006
         184  1.101452565220213E-005
         185  3.457683390266155E-006
         186  1.319110702769617E-005
         187  3.911740337716667E-006
         188  1.306554168952861E-005
         189  1.164335620616442E-005
         190  2.351116092707524E-005
         191  2.799225164932306E-005
         192  9.881461881825459E-005
         193  1.269195011073089E-004
         194  3.032131061454453E-004
         195  2.135541420242396E-004
         196  4.172862361536952E-004
         197  2.132351663770803E-004
         198  1.510419267597700E-004
         199  1.159111469938362E-005
         200  2.130065148405634E-006
         201  8.548138597684329E-008
         202  1.120316335898900E-007
         203  2.872955247858053E-008
         204  8.351082593942393E-008
         205  6.959660855516738E-008
         206  2.280512300072696E-006
         207  1.486605003623360E-006
         208  2.476571348684627E-006
         209  1.596747978215718E-006
         226  6.686412829071975E-014
         227  5.181995161634062E-015
         230  3.150970917325142E-012
         231  7.779222501607092E-012
         232  5.824160353000893E-007
         234  1.025929066738715E-011
         235  1.671647529686840E-007
         236  1.736240159545742E-009
         238  1.867047028831354E-007
         240  3.373210322213272E-013
         244  4.117688135174954E-009
