           1  7.399854495312560E-005
           2  6.470609901488105E-012
           3  1.574717819390911E-008
           4  8.214753924123482E-005
           6  5.674563962362780E-015
           7  3.114017005274736E-012
           8  2.708281752318958E-013
           9  1.912633244112939E-009
          10  2.713051082138141E-014
          14  2.145829243528514E-015
          15  2.257572055954103E-012
          16  1.239868725908051E-009
          17  9.213780062672948E-011
          18  4.572860715266533E-010
          19  2.098498167157915E-010
          20  4.603703591540119E-009
          21  7.457509829419558E-010
          22  1.650971816976175E-009
          23  4.842402347588727E-009
          24  1.123070346904116E-008
          25  1.376469368696963E-008
          26  1.212328924290164E-008
          27  2.524786209302341E-009
          28  1.574405161558899E-009
          29  8.924568901892168E-010
          30  2.833054432343574E-009
          31  4.767217589836031E-010
          32  6.187635594990023E-010
          33  8.099116774426027E-010
          34  4.353596322186463E-009
          35  2.966400538780611E-010
          36  1.221218952503267E-009
          37  7.720181497356994E-010
          38  1.031866219552307E-009
          39  2.941033091799047E-010
          40  6.259695070745088E-010
          41  9.081726066887934E-010
          42  6.145199964839053E-009
          43  5.127712865831446E-010
          44  1.004311832930615E-009
          45  4.411675031135689E-009
          46  7.390888102766368E-009
          47  8.083913499908671E-009
          48  5.986038861763599E-009
          49  5.083736041031709E-010
          50  3.136161895732842E-009
          51  1.574469916871639E-009
          52  6.358633150292078E-009
          53  2.160446601469853E-010
          54  5.311766679514539E-010
          55  3.405264485003415E-010
          56  4.130952482652799E-010
          57  1.067986387530027E-010
          58  2.256997678637169E-010
          59  1.540929786558483E-010
          60  1.734736194192424E-010
          61  1.797210975852053E-010
          62  8.448956199192704E-010
          63  3.459202315704937E-010
          64  3.757497377038370E-010
          65  3.209163451217004E-010
          66  4.420772083712426E-010
          67  5.837137724208179E-010
          68  8.302874647088824E-010
          69  1.560078471396196E-010
          70  4.742822659439416E-010
          71  1.636941309663250E-010
          72  2.040093508257786E-010
          73  2.242270920628501E-010
          74  4.412675653388418E-010
          75  1.026975997068102E-009
          76  2.753586853800044E-009
          77  5.536616731787014E-009
          78  1.019224880062844E-008
          79  7.973571846538518E-009
          80  3.207637151377577E-008
          81  1.221424230743388E-008
          82  1.089012816994730E-008
          83  4.748741857094230E-009
          84  5.268250104480122E-009
          85  3.581960386155194E-009
          86  3.858208908268198E-009
          87  2.477709420934634E-009
          88  6.031269932146872E-009
          89  2.720200686623964E-009
          90  5.230701868120378E-009
          91  3.545677379178996E-009
          92  2.956570780740230E-009
          93  2.447402303122270E-009
          94  5.627707363296611E-009
          95  2.889891512749539E-009
          96  3.664438215592533E-009
          97  1.577245101959481E-009
          98  1.434133361542286E-009
          99  1.586599023634024E-009
         100  1.373866446382369E-009
         101  1.025191044960371E-009
         102  1.810188474144169E-009
         103  1.706680922747216E-009
         104  1.655592627078144E-009
         105  1.769724742370019E-009
         106  2.226827121702575E-009
         107  1.719424544316148E-009
         108  5.832212781544810E-009
         109  2.604155200070873E-009
         110  7.117787328242468E-009
         111  5.048430838496259E-009
         112  6.606378724106801E-009
         113  3.288291263388131E-009
         114  2.564124547449291E-009
         115  1.333317263098657E-009
         116  1.390013426732696E-009
         117  1.284808632941932E-009
         118  1.392853225245526E-009
         119  5.077726250967596E-010
         120  7.313638241565691E-010
         121  5.971088527406395E-010
         122  7.535676995041116E-010
         123  6.941425989319938E-010
         124  1.878250737479909E-008
         125  8.646031022438404E-008
         126  6.917657776633363E-007
         127  3.514049341891016E-006
         128  2.865478732254141E-005
         129  1.387133020091757E-004
         130  3.318774417461357E-004
         131  1.099979111104518E-003
         132  1.052606984677401E-003
         133  3.420402518078569E-005
         134  8.576741533823096E-005
         135  8.494436681657855E-005
         136  2.266480844926477E-004
         137  1.232270437994440E-004
         138  9.011703300702374E-005
         139  1.504361700629739E-005
         140  3.428202779446862E-005
         141  2.531874365831520E-005
         142  9.676241433252153E-006
         143  1.593271631237218E-006
         144  6.117794652892042E-006
         145  2.445005836398385E-006
         146  8.556783727908964E-006
         147  7.750519927713852E-006
         148  9.175086948521933E-006
         149  5.195212514405734E-006
         150  8.440499640479855E-006
         151  1.096591196127100E-005
         152  1.901554714590662E-005
         153  8.741422340290219E-006
         154  4.717492724323572E-005
         155  2.805002631506907E-005
         156  3.508735972666411E-005
         157  1.977420359400452E-005
         158  3.525795409909561E-005
         159  1.747063524336962E-005
         160  5.637494594458855E-005
         161  3.593824755836140E-005
         162  9.140758234951961E-005
         163  5.305454910045269E-005
         164  1.289741900511380E-004
         165  8.028971619902407E-005
         166  8.816336976506128E-005
         167  2.426666604431080E-005
         168  8.126911945071668E-005
         169  3.444279829547149E-005
         170  5.022615389680504E-005
         171  3.851846156951492E-005
         172  9.022820085196342E-005
         173  3.583773835605511E-005
         174  4.144636503477906E-005
         175  2.029118962279995E-005
         176  1.651562904892000E-005
         177  6.861212367841030E-006
         178  1.258602836080921E-005
         179  7.564546791475626E-006
         180  1.521958549728256E-005
         181  6.533053627997458E-006
         182  1.244774388019295E-005
         183  6.122291683212985E-006
         184  1.065516083411509E-005
         185  3.368643470431704E-006
         186  1.284059525121621E-005
         187  3.825609557287328E-006
         188  1.306881393215145E-005
         189  1.163395172191274E-005
         190  2.419865670416067E-005
         191  2.756179954649578E-005
         192  9.995628942069778E-005
         193  1.320419435658728E-004
         194  3.245183349809137E-004
         195  2.251733565694388E-004
         196  4.315444516379519E-004
         197  2.226015046123683E-004
         198  1.592773677147090E-004
         199  1.271018749115282E-005
         200  2.295879809121159E-006
         201  8.930455683986900E-008
         202  1.114599397106493E-007
         203  2.778353225970030E-008
         204  8.992945462432058E-008
         205  7.809164133501952E-008
         206  2.344583938549190E-006
         207  1.547976817513025E-006
         208  2.562669468084720E-006
         209  1.618179240206292E-006
         226  6.060435338195029E-014
         227  4.757923121439817E-015
         230  2.855979130387095E-012
         231  7.142604624808219E-012
         232  5.527951594168892E-007
         234  9.298822746198441E-012
         235  1.534847135960415E-007
         236  1.520325450495661E-009
         238  1.692255336434559E-007
         240  2.950819357626962E-013
         244  3.602074195590850E-009
