           1  7.420921525519744E-005
           2  6.470609901488105E-012
           3  1.574717819390911E-008
           4  8.192121818562898E-005
           6  5.674563962362780E-015
           7  3.114017005274736E-012
           8  2.708281752318958E-013
           9  1.912633244112939E-009
          10  2.713051082138141E-014
          14  2.154121109774866E-015
          15  2.145197455180442E-012
          16  1.236936541574043E-009
          17  9.213733854097284E-011
          18  4.610396249827445E-010
          19  2.135917390465629E-010
          20  4.533874539110574E-009
          21  7.581923437445105E-010
          22  1.683482034685150E-009
          23  4.791053374238099E-009
          24  1.116481501952223E-008
          25  1.350009731275685E-008
          26  1.220653993637669E-008
          27  2.765911110334842E-009
          28  1.668270060859301E-009
          29  8.599207574947989E-010
          30  2.781124322378935E-009
          31  5.115087878276432E-010
          32  6.418862540996511E-010
          33  7.439838782609552E-010
          34  4.457475900942026E-009
          35  3.013067548564839E-010
          36  1.161189257165461E-009
          37  7.790757404388804E-010
          38  1.028160932363346E-009
          39  2.954108543529257E-010
          40  6.235176377526395E-010
          41  8.844665426567844E-010
          42  6.075831392081645E-009
          43  5.392391245557775E-010
          44  9.296144931713776E-010
          45  4.120628048109255E-009
          46  7.300802913751957E-009
          47  8.278195866972565E-009
          48  6.259142775846345E-009
          49  4.999298140715384E-010
          50  3.117637328907021E-009
          51  1.594787050870312E-009
          52  6.458206855013655E-009
          53  2.149053358637555E-010
          54  5.037866156754794E-010
          55  3.410317019807602E-010
          56  3.958727209958941E-010
          57  1.085309062005621E-010
          58  2.012339203235491E-010
          59  1.437219010869477E-010
          60  1.651659241675123E-010
          61  1.616774673801136E-010
          62  8.042197430466651E-010
          63  3.377666888947789E-010
          64  3.512482872964791E-010
          65  3.025434040831961E-010
          66  4.439105309300834E-010
          67  5.786484213076069E-010
          68  8.842001796784454E-010
          69  1.645684565401362E-010
          70  4.849324247153168E-010
          71  1.686294539188369E-010
          72  2.101160124080716E-010
          73  2.057881170816521E-010
          74  4.170479521604959E-010
          75  9.522999154579870E-010
          76  2.674336489476566E-009
          77  5.375637275454282E-009
          78  1.036373976999242E-008
          79  7.899828827414340E-009
          80  3.197876140811625E-008
          81  1.221004983928880E-008
          82  1.100179621244451E-008
          83  4.814037998808741E-009
          84  5.269693745954574E-009
          85  3.494264509787125E-009
          86  3.765563579362402E-009
          87  2.441654443482563E-009
          88  5.940358566150441E-009
          89  2.801709199509763E-009
          90  5.329456929010799E-009
          91  3.494383719360142E-009
          92  2.878376568469984E-009
          93  2.396871832743315E-009
          94  5.665620133384760E-009
          95  2.904807761086634E-009
          96  3.447301776923321E-009
          97  1.529674004949641E-009
          98  1.449598303530365E-009
          99  1.619362336154919E-009
         100  1.447573963741521E-009
         101  1.067854477477097E-009
         102  1.772444316621375E-009
         103  1.678271797590551E-009
         104  1.619365453961963E-009
         105  1.689698874352788E-009
         106  2.139679859376463E-009
         107  1.616324891910988E-009
         108  5.349703712111927E-009
         109  2.433403752792069E-009
         110  6.995820687496306E-009
         111  4.956356771450452E-009
         112  6.748902944461951E-009
         113  3.479964084642102E-009
         114  2.833555855134776E-009
         115  1.511756554878957E-009
         116  1.602720152367890E-009
         117  1.426750925483662E-009
         118  1.523437905350243E-009
         119  5.607326868953132E-010
         120  7.764952329916759E-010
         121  6.284641528268625E-010
         122  8.031708259662444E-010
         123  6.940330759223371E-010
         124  1.649527484652747E-008
         125  6.741843667865849E-008
         126  5.625922004998158E-007
         127  2.896426276449860E-006
         128  2.445741149966556E-005
         129  1.258688024690813E-004
         130  3.291676644560145E-004
         131  1.104744693158901E-003
         132  1.060959019568318E-003
         133  3.376935720490607E-005
         134  8.492436901537644E-005
         135  8.528049863291692E-005
         136  2.225662181690664E-004
         137  1.206689406758000E-004
         138  8.929772152240347E-005
         139  1.396916191860058E-005
         140  3.279421140007298E-005
         141  2.491124203364875E-005
         142  1.009312603757040E-005
         143  1.769036941677007E-006
         144  7.449093337464346E-006
         145  3.286567794663665E-006
         146  1.130171986408580E-005
         147  7.742028306627253E-006
         148  9.927912112073228E-006
         149  6.477098083253170E-006
         150  2.190513646814507E-005
         151  1.207432063927110E-005
         152  1.647884503234341E-005
         153  7.249092341595738E-006
         154  6.335381487631709E-005
         155  2.975458045120787E-005
         156  3.403681673089369E-005
         157  3.628179119897943E-005
         158  6.862944206702174E-005
         159  2.437640872451240E-005
         160  4.108277408858120E-005
         161  2.801526561490152E-005
         162  1.490450412087286E-004
         163  7.401751958643496E-005
         164  7.582246096554509E-005
         165  2.486643641259147E-005
         166  1.232711192071711E-004
         167  2.918631196111417E-005
         168  3.918683647082018E-005
         169  1.344499091100896E-005
         170  5.055402351702614E-005
         171  3.670091674767834E-005
         172  4.831231351619107E-005
         173  2.764826168485330E-005
         174  7.112547188760105E-005
         175  3.093724827124314E-005
         176  2.066627360962253E-005
         177  8.257911008968405E-006
         178  1.975170656534635E-005
         179  6.177987400026508E-006
         180  9.868124918985948E-006
         181  5.192231038472207E-006
         182  1.217230157956095E-005
         183  6.438953600019207E-006
         184  1.159782266882140E-005
         185  3.619664943798088E-006
         186  1.356276365383725E-005
         187  3.908125442334976E-006
         188  1.227983567972959E-005
         189  1.046151195141081E-005
         190  2.210994752703736E-005
         191  2.632910325187966E-005
         192  9.356971732931980E-005
         193  1.232532802213961E-004
         194  3.099694263974571E-004
         195  2.235180098530659E-004
         196  4.410911268133596E-004
         197  2.374096791786636E-004
         198  1.778716933061030E-004
         199  1.431482388470708E-005
         200  2.555638387387374E-006
         201  9.071583950435612E-008
         202  1.069970027463972E-007
         203  2.590053734003679E-008
         204  8.472474372916117E-008
         205  7.351707779152460E-008
         206  2.258565536955055E-006
         207  1.478258050283067E-006
         208  2.477337534949847E-006
         209  1.588334696707971E-006
         226  6.620029034326008E-014
         227  5.066536080766885E-015
         230  3.119687565253796E-012
         231  7.605895076188658E-012
         232  5.855926739373921E-007
         234  1.015743475999509E-011
         235  1.634401858610091E-007
         236  1.601826847352105E-009
         238  1.848510682076915E-007
         240  3.104181041280224E-013
         244  3.789283270877665E-009
