           1  7.435686283102701E-005
           2  6.470609901488105E-012
           3  1.574717819390911E-008
           4  8.277069140377044E-005
           6  5.674563962362780E-015
           7  3.114017005274736E-012
           8  2.708281752318958E-013
           9  1.912633244112939E-009
          10  2.713051082138141E-014
          14  2.090460821509039E-015
          15  2.082756477247941E-012
          16  1.240134083135661E-009
          17  9.219319219552150E-011
          18  4.554893195424960E-010
          19  2.076894154264337E-010
          20  4.560999277967458E-009
          21  7.543404395613538E-010
          22  1.698152138090303E-009
          23  4.804389721134657E-009
          24  1.118813074414234E-008
          25  1.358551647498913E-008
          26  1.224556947470351E-008
          27  2.695064491573377E-009
          28  1.617119838093722E-009
          29  8.491817661914132E-010
          30  2.758093517119692E-009
          31  4.922529610506860E-010
          32  6.050003572955781E-010
          33  7.608345215458658E-010
          34  4.421585347823383E-009
          35  3.000699556390364E-010
          36  1.180669412010378E-009
          37  7.926089698937836E-010
          38  1.052223958723535E-009
          39  2.939815667929943E-010
          40  6.075942161443446E-010
          41  8.682555066150488E-010
          42  6.093641909134610E-009
          43  5.345222693232272E-010
          44  9.536432301413424E-010
          45  4.196231172087624E-009
          46  7.350330244209132E-009
          47  8.212443149868472E-009
          48  6.143911566976575E-009
          49  5.169857265765580E-010
          50  3.135585522185236E-009
          51  1.577415411050942E-009
          52  6.307885654031330E-009
          53  2.197001634443610E-010
          54  5.352217970540474E-010
          55  3.527268820602132E-010
          56  4.036683756578015E-010
          57  1.088591645852102E-010
          58  2.108467469800880E-010
          59  1.478570198956953E-010
          60  1.664584216521564E-010
          61  1.640584707861186E-010
          62  8.033274657241630E-010
          63  3.366983872110362E-010
          64  3.583358351805601E-010
          65  3.075908793193266E-010
          66  4.425589864822643E-010
          67  5.759312965521160E-010
          68  8.634280290671169E-010
          69  1.622673385646044E-010
          70  4.862099058502456E-010
          71  1.684546213280845E-010
          72  2.101403463547893E-010
          73  2.131488625094512E-010
          74  4.256926553914387E-010
          75  9.787256065103159E-010
          76  2.705761021890908E-009
          77  5.437743214812204E-009
          78  1.029941558167717E-008
          79  7.925719693340181E-009
          80  3.212983364695979E-008
          81  1.230847033364686E-008
          82  1.089176406937559E-008
          83  4.724926866914056E-009
          84  5.161706040923982E-009
          85  3.481826753598298E-009
          86  3.764003178397527E-009
          87  2.451608863660446E-009
          88  5.966423024398432E-009
          89  2.756592907635588E-009
          90  5.244628182080437E-009
          91  3.519013392005843E-009
          92  2.865387268429913E-009
          93  2.367332871479643E-009
          94  5.587990366676474E-009
          95  2.887878950414251E-009
          96  3.474333570738455E-009
          97  1.533133983661505E-009
          98  1.431409418190033E-009
          99  1.587024557272547E-009
         100  1.406918158366922E-009
         101  1.040533334110759E-009
         102  1.769192271867051E-009
         103  1.680139036973583E-009
         104  1.632339634064500E-009
         105  1.711401668292569E-009
         106  2.159188055700055E-009
         107  1.640848953408996E-009
         108  5.455779414728662E-009
         109  2.467015382957269E-009
         110  6.970894083049847E-009
         111  4.962425876681015E-009
         112  6.693183392329989E-009
         113  3.428253855520382E-009
         114  2.760280255673916E-009
         115  1.461614440388473E-009
         116  1.535776777699946E-009
         117  1.384306733312608E-009
         118  1.488594704727818E-009
         119  5.435902954184884E-010
         120  7.613539772817684E-010
         121  6.192970727951435E-010
         122  7.957196467189927E-010
         123  6.958130744714364E-010
         124  1.762720204057217E-008
         125  7.321684928508890E-008
         126  6.043749818181526E-007
         127  3.106729648019135E-006
         128  2.592017813803326E-005
         129  1.307027645612030E-004
         130  3.309121302438240E-004
         131  1.105308788754765E-003
         132  1.048518598590186E-003
         133  3.295080862300542E-005
         134  8.271824258900282E-005
         135  8.523865652775160E-005
         136  2.188914374876099E-004
         137  1.178898665467399E-004
         138  8.641142439148335E-005
         139  1.394570441295305E-005
         140  3.199317185310715E-005
         141  2.311484882604795E-005
         142  9.126230151957272E-006
         143  1.661370793458653E-006
         144  7.780284614462674E-006
         145  4.145402843382207E-006
         146  1.591973540429801E-005
         147  1.226496609767407E-005
         148  3.293913559722249E-005
         149  2.446079822561487E-005
         150  3.511474203876563E-005
         151  2.318758285393989E-005
         152  3.957438754406654E-005
         153  2.154142519294463E-005
         154  2.882849671120522E-005
         155  1.072822449906489E-005
         156  1.185789234251764E-005
         157  6.710528103585729E-006
         158  2.441075657196491E-005
         159  1.488890323185677E-005
         160  7.378823882484226E-005
         161  4.170642814054361E-005
         162  1.140504025056569E-004
         163  4.539036287399259E-005
         164  8.536687320321116E-005
         165  7.694214233652661E-005
         166  8.870458531995616E-005
         167  2.682846089455135E-005
         168  1.107131523617919E-004
         169  4.582399717307214E-005
         170  5.044213808370562E-005
         171  1.966572861257416E-005
         172  3.656557759757378E-005
         173  3.576699401047544E-005
         174  4.420487869366136E-005
         175  1.564420605590378E-005
         176  1.667117313093742E-005
         177  1.053147810193339E-005
         178  2.688744846695150E-005
         179  1.135667552943314E-005
         180  1.794819520171663E-005
         181  7.764355375357284E-006
         182  1.518593613299025E-005
         183  7.416960093950220E-006
         184  1.261893089969881E-005
         185  3.821468213022250E-006
         186  1.380156625920635E-005
         187  3.994063080713197E-006
         188  1.282142221065399E-005
         189  1.098617956314690E-005
         190  2.311825670388518E-005
         191  2.667291102780948E-005
         192  9.521556199579382E-005
         193  1.256506217692523E-004
         194  3.144761047529137E-004
         195  2.234017858717235E-004
         196  4.349240942167419E-004
         197  2.311053218112314E-004
         198  1.702767157786334E-004
         199  1.375899277639989E-005
         200  2.482919938945488E-006
         201  9.156601905193601E-008
         202  1.106447515771971E-007
         203  2.718524282713749E-008
         204  8.844453318101286E-008
         205  7.698982594987700E-008
         206  2.344437612587857E-006
         207  1.542379569011399E-006
         208  2.565838412151976E-006
         209  1.641277991303070E-006
         226  6.768167861835493E-014
         227  5.198527637518958E-015
         230  3.189497962718264E-012
         231  7.804041090663918E-012
         232  6.009371932052507E-007
         234  1.038473141806828E-011
         235  1.676980701874496E-007
         236  1.670625085585051E-009
         238  1.889875486318973E-007
         240  3.240786705435532E-013
         244  3.956038222024895E-009
