           1  7.470759974259229E-005
           2  6.470609901488105E-012
           3  1.574717819390911E-008
           4  8.288203854700486E-005
           6  5.674563962362780E-015
           7  3.114017005274736E-012
           8  2.708281752318958E-013
           9  1.912633244112939E-009
          10  2.713051082138141E-014
          14  1.826492223475835E-015
          15  1.876458844800913E-012
          16  1.215683935942150E-009
          17  9.065510365094515E-011
          18  4.370965980069232E-010
          19  1.859630738012299E-010
          20  4.679479348286730E-009
          21  7.613965807090781E-010
          22  1.443014874306803E-009
          23  4.930226057974084E-009
          24  1.135641685498961E-008
          25  1.387016808414706E-008
          26  1.159365436098057E-008
          27  2.470766385340264E-009
          28  1.541122092554378E-009
          29  8.059520680909429E-010
          30  2.573250096131010E-009
          31  4.466485242972322E-010
          32  6.119109905396778E-010
          33  8.489579700003433E-010
          34  4.339421034599793E-009
          35  2.816557706354994E-010
          36  1.115453402524090E-009
          37  8.099021026987857E-010
          38  1.103357840870533E-009
          39  3.129984486882398E-010
          40  6.136545540597574E-010
          41  8.553850049242924E-010
          42  6.105109650571218E-009
          43  5.112450275946332E-010
          44  1.009880602689149E-009
          45  4.578401024956072E-009
          46  7.398543255637768E-009
          47  7.875696170456324E-009
          48  5.770922863672190E-009
          49  5.427145794656320E-010
          50  3.108536781762604E-009
          51  1.527666471958431E-009
          52  6.310673812111075E-009
          53  2.363961382951956E-010
          54  6.070791724668356E-010
          55  3.875387423446975E-010
          56  4.249084878950509E-010
          57  1.109596327314086E-010
          58  2.127182156821080E-010
          59  1.495762213433203E-010
          60  1.781764616957494E-010
          61  1.902372521222037E-010
          62  8.937347776116610E-010
          63  3.587102731190476E-010
          64  3.595029046071511E-010
          65  3.056651691101855E-010
          66  4.374343519393070E-010
          67  5.850273567966352E-010
          68  8.647770210429940E-010
          69  1.613944516192718E-010
          70  4.828475731389153E-010
          71  1.671294989531308E-010
          72  2.075295214756586E-010
          73  2.188730077361273E-010
          74  4.640806206526117E-010
          75  1.126215341694743E-009
          76  2.927322464503469E-009
          77  5.557022121393076E-009
          78  9.943735489574581E-009
          79  7.856593112172269E-009
          80  3.177926904246349E-008
          81  1.195194402753506E-008
          82  1.028385736085890E-008
          83  4.404738943272178E-009
          84  4.953548588479087E-009
          85  3.354963309548908E-009
          86  3.650656794045109E-009
          87  2.525447164519496E-009
          88  6.048420423003330E-009
          89  2.701240557857739E-009
          90  5.133377813382315E-009
          91  3.427797879743853E-009
          92  2.848175444019876E-009
          93  2.386298634278659E-009
          94  5.667032486815698E-009
          95  2.815333494996416E-009
          96  3.227590175154601E-009
          97  1.389542261845097E-009
          98  1.297558917221870E-009
          99  1.464551117297385E-009
         100  1.287966672740120E-009
         101  9.747824102592500E-010
         102  1.728700136143211E-009
         103  1.639771374023018E-009
         104  1.580821671120699E-009
         105  1.700877358435621E-009
         106  2.215424028405816E-009
         107  1.719867598812666E-009
         108  5.757627663544681E-009
         109  2.535632440925601E-009
         110  6.810884045167637E-009
         111  4.799711609847253E-009
         112  6.243882468224632E-009
         113  3.108792536689524E-009
         114  2.417457224787669E-009
         115  1.269332441827649E-009
         116  1.315770367992967E-009
         117  1.204676855039455E-009
         118  1.281307041962727E-009
         119  4.573711596088762E-010
         120  6.428309065237319E-010
         121  5.218151343731422E-010
         122  6.921561970776627E-010
         123  6.332010739585381E-010
         124  1.900661703690346E-008
         125  8.228961811259841E-008
         126  6.710468347593789E-007
         127  3.464252109011220E-006
         128  2.838937730531764E-005
         129  1.367396664288385E-004
         130  3.214185888449983E-004
         131  1.072177880074200E-003
         132  1.015715496098300E-003
         133  3.367527463703844E-005
         134  8.513990977378196E-005
         135  8.486258440582888E-005
         136  2.130176814473416E-004
         137  1.152422272991763E-004
         138  9.023612411385917E-005
         139  1.457691177075437E-005
         140  3.364099803151589E-005
         141  2.541823710699326E-005
         142  9.893256652566453E-006
         143  1.657823181392410E-006
         144  6.341920927306117E-006
         145  3.166515734087917E-006
         146  1.379748368432133E-005
         147  1.533059301739890E-005
         148  1.576469340467247E-005
         149  9.184971215164886E-006
         150  2.473356550533898E-005
         151  1.904114793970005E-005
         152  3.103475135764331E-005
         153  1.117870616188258E-005
         154  2.590754312792689E-005
         155  1.983474008940368E-005
         156  9.916586276967533E-005
         157  4.235413792896481E-005
         158  7.206753213591709E-005
         159  3.253278877852385E-005
         160  6.402764235800152E-005
         161  3.658664063679388E-005
         162  1.529372243637041E-004
         163  5.257799902172422E-005
         164  6.037756621469002E-005
         165  4.301221526056871E-005
         166  1.583967302109854E-004
         167  4.233612070481713E-005
         168  1.154523324214700E-004
         169  5.275807174081577E-005
         170  2.725168725711902E-005
         171  8.066893956495803E-006
         172  1.693167868839551E-005
         173  1.035493107453482E-005
         174  2.246972605023146E-005
         175  1.357841552253027E-005
         176  2.218132151152503E-005
         177  1.219237084897771E-005
         178  2.337362229503537E-005
         179  6.561992221041711E-006
         180  9.246961063533856E-006
         181  4.788959858458688E-006
         182  1.140344317519892E-005
         183  6.299784286865736E-006
         184  1.190858516137472E-005
         185  3.915956831165507E-006
         186  1.564834258647411E-005
         187  4.546875910221351E-006
         188  1.499061365854941E-005
         189  1.323950153868545E-005
         190  2.739248199711869E-005
         191  3.102738125360335E-005
         192  1.083492188831941E-004
         193  1.385409872221927E-004
         194  3.331008211662904E-004
         195  2.217513836295502E-004
         196  4.094958100291494E-004
         197  2.108452723319782E-004
         198  1.487874606383651E-004
         199  1.182333848493734E-005
         200  2.146703023321624E-006
         201  8.412748161857391E-008
         202  1.080499946938598E-007
         203  2.764902413546160E-008
         204  7.632295854703235E-008
         205  6.365906379946026E-008
         206  2.300204934916551E-006
         207  1.501233996285222E-006
         208  2.546953642521211E-006
         209  1.624313533553673E-006
         226  6.687710538687968E-014
         227  5.084175192917925E-015
         230  3.151582462762682E-012
         231  7.632374950035253E-012
         232  5.798557370680581E-007
         234  1.026128180680565E-011
         235  1.640092017966368E-007
         236  1.715085361714206E-009
         238  1.867409388282492E-007
         240  3.334028954040868E-013
         244  4.069859319467557E-009
