           1  7.439773946476360E-005
           2  6.470609901488105E-012
           3  1.574717819390911E-008
           4  8.114041423716902E-005
           6  5.674563962362780E-015
           7  3.114017005274736E-012
           8  2.708281752318958E-013
           9  1.912633244112939E-009
          10  2.713051082138141E-014
          14  2.112646511268003E-015
          15  2.031755414898564E-012
          16  1.260640735176226E-009
          17  9.330906236367969E-011
          18  4.465517792979496E-010
          19  1.956584724429727E-010
          20  4.746181548723968E-009
          21  7.887229350192728E-010
          22  1.478591357728765E-009
          23  4.988663213151370E-009
          24  1.149008413410452E-008
          25  1.389786589760692E-008
          26  1.180029333728872E-008
          27  2.662153279112072E-009
          28  1.599053369748417E-009
          29  7.879544963094893E-010
          30  2.543670263664969E-009
          31  4.692030970928250E-010
          32  6.286169964330100E-010
          33  8.009324545157552E-010
          34  4.431746940400183E-009
          35  2.884303565622017E-010
          36  1.097593439521056E-009
          37  8.311995410522708E-010
          38  1.122086632384886E-009
          39  3.163859321595982E-010
          40  6.092885976291734E-010
          41  8.377056325036848E-010
          42  6.065150583201576E-009
          43  5.267484309229668E-010
          44  9.704698595306001E-010
          45  4.441807893056591E-009
          46  7.441418633710827E-009
          47  8.074143649869264E-009
          48  5.947348466698047E-009
          49  5.391221771953764E-010
          50  3.094819798661716E-009
          51  1.533757433451965E-009
          52  6.288672149024988E-009
          53  2.333815004157794E-010
          54  5.807905155987688E-010
          55  3.812242246691694E-010
          56  4.135967732802736E-010
          57  1.115631825170153E-010
          58  1.918836543727059E-010
          59  1.397017629243440E-010
          60  1.705247632597622E-010
          61  1.791896418464043E-010
          62  8.767270188753478E-010
          63  3.528775076404891E-010
          64  3.361827443993716E-010
          65  2.855501808285779E-010
          66  4.279754411613794E-010
          67  5.788175184062799E-010
          68  8.955879884615164E-010
          69  1.630250414987369E-010
          70  4.748332818092807E-010
          71  1.665375586737738E-010
          72  2.076225518309252E-010
          73  2.055672725541047E-010
          74  4.487423328640361E-010
          75  1.072287932796357E-009
          76  2.859797734621864E-009
          77  5.373394222480725E-009
          78  1.014231023029068E-008
          79  7.948661623090156E-009
          80  3.231088806777502E-008
          81  1.242061767427835E-008
          82  1.069497321544000E-008
          83  4.578152979319539E-009
          84  5.103053079462754E-009
          85  3.375190568937359E-009
          86  3.685941614377864E-009
          87  2.605294477404708E-009
          88  6.211692378632287E-009
          89  2.812377210033723E-009
          90  5.345454147341678E-009
          91  3.562428764335004E-009
          92  2.947342631058838E-009
          93  2.463012892795079E-009
          94  5.897058415204613E-009
          95  2.926803751254557E-009
          96  3.204074154273608E-009
          97  1.398217941470239E-009
          98  1.336942593177163E-009
          99  1.533694706063786E-009
         100  1.378209520550897E-009
         101  1.032910390808619E-009
         102  1.779750678225163E-009
         103  1.688186646520066E-009
         104  1.618906665572996E-009
         105  1.729827604507318E-009
         106  2.277144557212994E-009
         107  1.748990375042239E-009
         108  5.839310572429897E-009
         109  2.581959025755646E-009
         110  7.103885101318452E-009
         111  5.009024180922729E-009
         112  6.692230871733059E-009
         113  3.398300171637045E-009
         114  2.711774574556588E-009
         115  1.436470029431842E-009
         116  1.495771556775535E-009
         117  1.293928379455429E-009
         118  1.360870958156609E-009
         119  5.096478275940845E-010
         120  7.020318988765457E-010
         121  5.651655258316390E-010
         122  7.284455224363158E-010
         123  6.570295144654863E-010
         124  1.721148828430060E-008
         125  7.532915333973438E-008
         126  6.244080717796659E-007
         127  3.188577630949172E-006
         128  2.647834685226433E-005
         129  1.330879163982744E-004
         130  3.318088369481734E-004
         131  1.101035647009196E-003
         132  1.044165211308806E-003
         133  3.270295439036039E-005
         134  8.232399493198035E-005
         135  8.976379098650062E-005
         136  2.179161225921549E-004
         137  1.157088605346812E-004
         138  8.552259119959998E-005
         139  1.426448355301750E-005
         140  3.310258219632558E-005
         141  2.479429584342759E-005
         142  9.804124180157523E-006
         143  1.670538649354763E-006
         144  6.909746707250943E-006
         145  3.330910748754694E-006
         146  1.204521005943239E-005
         147  8.512348018833089E-006
         148  1.526769071578904E-005
         149  1.205812587289215E-005
         150  2.702332671177621E-005
         151  1.228919988705086E-005
         152  4.148426090543679E-005
         153  3.144591194932482E-005
         154  2.767421684454954E-005
         155  8.104431290622359E-006
         156  2.745743201564380E-005
         157  1.280111670276690E-005
         158  3.002032659936746E-005
         159  2.404038871649635E-005
         160  6.833481340440848E-005
         161  3.300952055207975E-005
         162  1.463762510053733E-004
         163  6.861667405316246E-005
         164  8.355971573191127E-005
         165  5.659062720673676E-005
         166  1.290272087148906E-004
         167  2.589833162440371E-005
         168  4.753058100028795E-005
         169  2.048815674119874E-005
         170  5.890967787318932E-005
         171  3.931639634194218E-005
         172  4.994730070653168E-005
         173  2.993806890474222E-005
         174  5.028516886486558E-005
         175  2.198946277826559E-005
         176  3.363574893838211E-005
         177  1.710637477125794E-005
         178  2.897980796223419E-005
         179  8.060212724532041E-006
         180  1.106917888407521E-005
         181  5.594211993788968E-006
         182  1.285732960251031E-005
         183  6.973540125740644E-006
         184  1.304475714404256E-005
         185  4.234246475776886E-006
         186  1.668261530569909E-005
         187  4.723315329588099E-006
         188  1.466676525462333E-005
         189  1.250729508574905E-005
         190  2.597788979722215E-005
         191  3.009463307944755E-005
         192  1.041544761057912E-004
         193  1.330298283884707E-004
         194  3.249941127529926E-004
         195  2.197069948836814E-004
         196  4.113465860066808E-004
         197  2.172838237380891E-004
         198  1.586787414314054E-004
         199  1.264336182906911E-005
         200  2.264297289376744E-006
         201  8.430035655035587E-008
         202  1.012220412974273E-007
         203  2.443003247485714E-008
         204  7.823565248087001E-008
         205  6.811773084753783E-008
         206  2.164957588495848E-006
         207  1.421949553263434E-006
         208  2.414829249766685E-006
         209  1.517306322241950E-006
         226  6.166808478904775E-014
         227  4.689644500178382E-015
         230  2.906107454995415E-012
         231  7.040104608824383E-012
         232  5.403083741364226E-007
         234  9.462036265561056E-012
         235  1.512821297455751E-007
         236  1.534825009416233E-009
         238  1.721957908110375E-007
         240  2.980111101518809E-013
         244  3.637830716756390E-009
