           1  7.442634131329023E-005
           2  6.470609901488105E-012
           3  1.574717819390911E-008
           4  8.174794018342704E-005
           6  5.674563962362780E-015
           7  3.114017005274736E-012
           8  2.708281752318958E-013
           9  1.912633244112939E-009
          10  2.713051082138141E-014
          14  2.101380642771943E-015
          15  2.011683536320533E-012
          16  1.219106537514075E-009
          17  9.092452282446182E-011
          18  4.695340548174915E-010
          19  2.278425734807836E-010
          20  4.653574212218173E-009
          21  7.529579890601397E-010
          22  1.457713520687584E-009
          23  4.928207138552316E-009
          24  1.135010082449604E-008
          25  1.393730514019944E-008
          26  1.201878396316404E-008
          27  2.560201477725655E-009
          28  1.554481547707185E-009
          29  8.760444515180689E-010
          30  2.612405071998772E-009
          31  4.649417705120147E-010
          32  6.995194449803675E-010
          33  7.866011768459770E-010
          34  4.307691512142899E-009
          35  2.963626324805302E-010
          36  1.199106483872187E-009
          37  8.033054138572658E-010
          38  1.070846048342287E-009
          39  2.966976962684057E-010
          40  6.309615360636136E-010
          41  9.030514835176095E-010
          42  5.764184369191400E-009
          43  4.936031933097667E-010
          44  1.005887721589981E-009
          45  4.557646539372187E-009
          46  7.539754992791106E-009
          47  8.179376328427073E-009
          48  6.033560830326182E-009
          49  5.069523656580357E-010
          50  3.078031182225921E-009
          51  1.556897603471388E-009
          52  6.355384097868280E-009
          53  2.188638360645673E-010
          54  5.209091531822103E-010
          55  3.173444861598367E-010
          56  3.767139756619794E-010
          57  1.010269195118265E-010
          58  1.902979763416828E-010
          59  1.356845897650130E-010
          60  1.718848679101879E-010
          61  1.822384184337062E-010
          62  8.540840677337480E-010
          63  3.467586078048160E-010
          64  3.491999450573518E-010
          65  2.975570093340004E-010
          66  4.402250405046454E-010
          67  5.863586481392602E-010
          68  8.407222919807570E-010
          69  1.523623534056128E-010
          70  4.435562171572784E-010
          71  1.551651303934601E-010
          72  1.992214273592752E-010
          73  2.169045080984019E-010
          74  4.518792130109151E-010
          75  1.062483444704138E-009
          76  2.807763546345209E-009
          77  5.519068173866254E-009
          78  1.035456110824176E-008
          79  8.043775964347576E-009
          80  3.117932749596167E-008
          81  1.279904910096633E-008
          82  1.088325812714176E-008
          83  4.609978721296332E-009
          84  5.335125781135756E-009
          85  3.457269866280326E-009
          86  3.739473573526465E-009
          87  2.582184950879481E-009
          88  5.986604678855580E-009
          89  2.699858037915733E-009
          90  5.185734378234952E-009
          91  3.500866648929029E-009
          92  3.059044489852752E-009
          93  2.519595846075213E-009
          94  5.510123793662062E-009
          95  2.830298476722030E-009
          96  3.470524390947561E-009
          97  1.521018547840947E-009
          98  1.427644264193186E-009
          99  1.599370194631740E-009
         100  1.409418195008569E-009
         101  1.033153118476095E-009
         102  1.738920185998914E-009
         103  1.635908674842947E-009
         104  1.579838722185570E-009
         105  1.701159777077777E-009
         106  2.225660730044935E-009
         107  1.719465370739662E-009
         108  5.897189340648716E-009
         109  2.625936840248732E-009
         110  7.158307209503087E-009
         111  5.051091098359444E-009
         112  6.637827547448476E-009
         113  3.351743901428217E-009
         114  2.638023212465104E-009
         115  1.378829567334185E-009
         116  1.428281224551549E-009
         117  1.278361241096480E-009
         118  1.360441092142474E-009
         119  4.995568758011372E-010
         120  7.039953924379583E-010
         121  5.735194931155794E-010
         122  7.445963194564681E-010
         123  6.787294276224278E-010
         124  1.837984573532693E-008
         125  8.153116888576725E-008
         126  6.686446447741357E-007
         127  3.406485789758039E-006
         128  2.799508584738930E-005
         129  1.378041545692924E-004
         130  3.346178616221319E-004
         131  1.087130278151637E-003
         132  1.043201667718774E-003
         133  3.422701736891349E-005
         134  8.527052585417202E-005
         135  8.543349390054243E-005
         136  2.169265392664879E-004
         137  1.164533666936721E-004
         138  8.681843143910953E-005
         139  1.437680876529894E-005
         140  3.289757427223410E-005
         141  2.502089187003571E-005
         142  9.705256865074908E-006
         143  1.536306923752920E-006
         144  5.178138336799097E-006
         145  1.669657679111917E-006
         146  4.920844005023455E-006
         147  4.286327755953601E-006
         148  6.046900917060899E-006
         149  7.208107495394630E-006
         150  1.975561998254087E-005
         151  1.223393077474293E-005
         152  5.610265825373395E-005
         153  4.153673662658233E-005
         154  4.905620790279285E-005
         155  1.817366385221045E-005
         156  4.004522772710737E-005
         157  1.672766125618566E-005
         158  2.085088746736517E-005
         159  1.416948209448764E-005
         160  4.790050916134781E-005
         161  2.894271431847360E-005
         162  1.094612945550431E-004
         163  4.355370310689777E-005
         164  7.032146372706275E-005
         165  4.824500856708763E-005
         166  1.574874459456438E-004
         167  6.831254894821358E-005
         168  1.258797722284179E-004
         169  4.237192866751137E-005
         170  4.570036442229747E-005
         171  3.205977361609032E-005
         172  7.255406369477700E-005
         173  2.710206294463691E-005
         174  1.990871750756534E-005
         175  1.054917154959542E-005
         176  2.280515272589119E-005
         177  1.139271649003187E-005
         178  1.221539799853422E-005
         179  6.151275286842984E-006
         180  1.321069067832065E-005
         181  6.154099138996723E-006
         182  1.296649837144238E-005
         183  6.806247500568704E-006
         184  1.267469855269728E-005
         185  4.116384392172605E-006
         186  1.612395567600125E-005
         187  4.658957095491961E-006
         188  1.503365634672671E-005
         189  1.297662861989812E-005
         190  2.679039495161283E-005
         191  2.981907415250178E-005
         192  1.046404065326070E-004
         193  1.359649276609728E-004
         194  3.320109261167974E-004
         195  2.214605452880659E-004
         196  4.085783935269169E-004
         197  2.130493971604845E-004
         198  1.526092160278574E-004
         199  1.216534380649334E-005
         200  2.201464146859130E-006
         201  8.842379647354135E-008
         202  1.064193786549229E-007
         203  2.480422434679200E-008
         204  8.110613284354098E-008
         205  7.014040421125936E-008
         206  2.228453465342832E-006
         207  1.430496369361448E-006
         208  2.427223097411426E-006
         209  1.554202826602334E-006
         226  6.391578569678992E-014
         227  4.905194650546594E-015
         230  3.012030322341370E-012
         231  7.363688967293839E-012
         232  5.698232531610954E-007
         234  9.806912023839314E-012
         235  1.582355109269081E-007
         236  1.617014726288149E-009
         238  1.784720459702392E-007
         240  3.140280921579068E-013
         244  3.833350504933281E-009
