           1  7.395836473841582E-005
           2  6.470609901488105E-012
           3  1.574717819390911E-008
           4  8.134130732418108E-005
           6  5.674563962362780E-015
           7  3.114017005274736E-012
           8  2.708281752318958E-013
           9  1.912633244112939E-009
          10  2.713051082138141E-014
          14  2.298780695137912E-015
          15  2.309527331204846E-012
          16  1.213250473757306E-009
          17  9.077204226336146E-011
          18  4.721301368965648E-010
          19  2.288866869059569E-010
          20  4.523131609116730E-009
          21  7.356684141257720E-010
          22  1.594277569301587E-009
          23  4.798907995092424E-009
          24  1.114686546123555E-008
          25  1.364247474490577E-008
          26  1.255099861017264E-008
          27  2.659912318496848E-009
          28  1.576719471943321E-009
          29  8.727747475718439E-010
          30  2.700647611249772E-009
          31  4.711159577585216E-010
          32  6.683765717449922E-010
          33  7.694460952343246E-010
          34  4.430586495226578E-009
          35  3.033518047902971E-010
          36  1.221072488690494E-009
          37  8.628512039343901E-010
          38  1.160434028341954E-009
          39  2.996390095881186E-010
          40  6.055205377572192E-010
          41  8.723819120739430E-010
          42  5.762357202641290E-009
          43  4.994770582116180E-010
          44  9.695690722276999E-010
          45  4.301909281913877E-009
          46  7.520700483958298E-009
          47  8.313702797993738E-009
          48  6.151341230714480E-009
          49  5.274572894643611E-010
          50  3.096307909432202E-009
          51  1.539990323591096E-009
          52  6.382507736869080E-009
          53  2.292207136280856E-010
          54  5.656744380496419E-010
          55  3.441023133279172E-010
          56  3.741972242219561E-010
          57  9.904289233060997E-011
          58  1.993713907723319E-010
          59  1.371411407944704E-010
          60  1.629220754086216E-010
          61  1.667465229071462E-010
          62  7.880976344764696E-010
          63  3.301789777282033E-010
          64  3.593198761410419E-010
          65  3.054318062979611E-010
          66  4.380227823073447E-010
          67  5.769923132289469E-010
          68  8.339545293132371E-010
          69  1.571497144928683E-010
          70  4.662875710249188E-010
          71  1.597441389908668E-010
          72  2.003781486554541E-010
          73  2.122964616077350E-010
          74  4.187418903975502E-010
          75  9.746976260562942E-010
          76  2.676036658617431E-009
          77  5.523222180190544E-009
          78  1.034525997573975E-008
          79  7.961109025570275E-009
          80  3.132865218497178E-008
          81  1.302885665356698E-008
          82  1.116770472650984E-008
          83  4.723968593852709E-009
          84  5.159194714620410E-009
          85  3.442891697019834E-009
          86  3.727891144216151E-009
          87  2.527795796815554E-009
          88  6.105114196770952E-009
          89  2.797743499248901E-009
          90  5.327791961745472E-009
          91  3.560421232833099E-009
          92  2.937631212938847E-009
          93  2.431264433047552E-009
          94  5.596011494421877E-009
          95  2.964302263874758E-009
          96  3.731915028452768E-009
          97  1.650767095236725E-009
          98  1.518546485351821E-009
          99  1.654632738942227E-009
         100  1.462392915758242E-009
         101  1.069991968693436E-009
         102  1.801680918786360E-009
         103  1.692504619953971E-009
         104  1.646678656617540E-009
         105  1.713564510493113E-009
         106  2.163904682024371E-009
         107  1.663613176737632E-009
         108  5.662080195901299E-009
         109  2.556427564474090E-009
         110  7.207489209234922E-009
         111  5.183810058915919E-009
         112  6.944657509359172E-009
         113  3.558504059156223E-009
         114  2.846901448694181E-009
         115  1.482804007767541E-009
         116  1.551189082869962E-009
         117  1.402503089384018E-009
         118  1.509939288887545E-009
         119  5.542542954833125E-010
         120  7.818148376724795E-010
         121  6.407028212143345E-010
         122  7.954407054966927E-010
         123  7.144713692011721E-010
         124  1.692662278069947E-008
         125  7.793949142770402E-008
         126  6.349017899183965E-007
         127  3.236195169435622E-006
         128  2.675647281606762E-005
         129  1.336955696740899E-004
         130  3.336753373724182E-004
         131  1.088175081616966E-003
         132  1.076757582890520E-003
         133  3.444883919297690E-005
         134  8.720093590999975E-005
         135  9.349382387470837E-005
         136  2.303922858162524E-004
         137  1.221998201043702E-004
         138  8.857519679227131E-005
         139  1.501296153849202E-005
         140  3.456303590769652E-005
         141  2.531849794292764E-005
         142  1.025610121099487E-005
         143  1.969732229133397E-006
         144  9.896097003859965E-006
         145  5.357904391689538E-006
         146  2.073379792266269E-005
         147  1.662820917214227E-005
         148  2.396699140765840E-005
         149  1.514911258349266E-005
         150  2.145539331638368E-005
         151  9.481053734537744E-006
         152  1.327199846624027E-005
         153  6.506893232575519E-006
         154  2.022987940527764E-005
         155  1.136322546408885E-005
         156  3.654178794466512E-005
         157  2.043139692020559E-005
         158  4.084468555947554E-005
         159  2.245744619418843E-005
         160  8.606047376431620E-005
         161  5.027235859409776E-005
         162  1.384595749808162E-004
         163  5.226370478253504E-005
         164  7.690150103335040E-005
         165  4.742960461607884E-005
         166  6.050127154212517E-005
         167  3.309344970755782E-005
         168  7.685494030619815E-005
         169  4.950735924210701E-005
         170  3.899652906879163E-005
         171  1.421090214834017E-005
         172  3.104685969568734E-005
         173  2.756447036937528E-005
         174  4.010344345929096E-005
         175  1.351621615635055E-005
         176  1.644299361704757E-005
         177  8.942612894353579E-006
         178  1.995629405504971E-005
         179  6.396671035821881E-006
         180  9.701840955288195E-006
         181  4.882638397067701E-006
         182  1.099946523039067E-005
         183  5.709694452249182E-006
         184  1.030725116066218E-005
         185  3.249561179904299E-006
         186  1.211993124423473E-005
         187  3.598020497339945E-006
         188  1.213911647250802E-005
         189  1.069063106680299E-005
         190  2.306918632001122E-005
         191  2.638397401993777E-005
         192  9.694238391240381E-005
         193  1.305598153859655E-004
         194  3.303388137487633E-004
         195  2.354750281915003E-004
         196  4.574072012035850E-004
         197  2.418275136601193E-004
         198  1.767468093531421E-004
         199  1.444763517973270E-005
         200  2.569710761340364E-006
         201  9.750312552649560E-008
         202  1.136676016795503E-007
         203  2.629467440949065E-008
         204  8.335268473915372E-008
         205  7.207940946424097E-008
         206  2.236511910434310E-006
         207  1.441727889242567E-006
         208  2.417625602829297E-006
         209  1.562567003938804E-006
         226  5.858096477141888E-014
         227  4.620208358371027E-015
         230  2.760626976261783E-012
         231  6.935866920458378E-012
         232  5.487839225590101E-007
         234  8.988364322239544E-012
         235  1.490422057143329E-007
         236  1.408711328563199E-009
         238  1.635756257032246E-007
         240  2.727086706593075E-013
         244  3.328963065654248E-009
