           1  7.441206880213484E-005
           2  6.470609901488105E-012
           3  1.574717819390911E-008
           4  8.119702423442538E-005
           6  5.674563962362780E-015
           7  3.114017005274736E-012
           8  2.708281752318958E-013
           9  1.912633244112939E-009
          10  2.713051082138141E-014
          14  2.045790930670834E-015
          15  2.053633779918570E-012
          16  1.261151909629249E-009
          17  9.328171925360183E-011
          18  4.459007482767065E-010
          19  1.951747689825900E-010
          20  4.671296893077222E-009
          21  7.716593490246980E-010
          22  1.614905872871411E-009
          23  4.906621024765822E-009
          24  1.136258856723795E-008
          25  1.375472441466591E-008
          26  1.193553948410199E-008
          27  2.591267412504220E-009
          28  1.591581801227854E-009
          29  8.234988664393716E-010
          30  2.680100680984148E-009
          31  4.674736916481420E-010
          32  6.066040168706525E-010
          33  8.138218206300861E-010
          34  4.413073143603245E-009
          35  2.893332130367672E-010
          36  1.137548047875131E-009
          37  7.839939902810031E-010
          38  1.054514097946962E-009
          39  2.991822484148982E-010
          40  6.110721204451523E-010
          41  8.728747658096039E-010
          42  6.233996636172785E-009
          43  5.285640674862024E-010
          44  9.736997206143341E-010
          45  4.350572040174949E-009
          46  7.370052169845518E-009
          47  8.077819801618577E-009
          48  5.984296926118652E-009
          49  5.180583709809986E-010
          50  3.124257621530243E-009
          51  1.559413260440250E-009
          52  6.227983787136298E-009
          53  2.194465943126234E-010
          54  5.471382449115672E-010
          55  3.681308267080785E-010
          56  4.184015148259676E-010
          57  1.095812250348272E-010
          58  2.115656299636908E-010
          59  1.469592592403384E-010
          60  1.680102261726975E-010
          61  1.768436461648336E-010
          62  8.558211720697617E-010
          63  3.479043297267223E-010
          64  3.608408776221205E-010
          65  3.055818849288276E-010
          66  4.317394622981433E-010
          67  5.844322781857850E-010
          68  8.747927555521449E-010
          69  1.638439174896817E-010
          70  4.946282750458058E-010
          71  1.700146462714023E-010
          72  2.062087083228906E-010
          73  2.122089709277627E-010
          74  4.390871254365244E-010
          75  1.049363093474361E-009
          76  2.815157184990830E-009
          77  5.432457116796614E-009
          78  1.016126282826927E-008
          79  7.971098436578966E-009
          80  3.260683059544642E-008
          81  1.205982172492065E-008
          82  1.054873959142893E-008
          83  4.583767343282088E-009
          84  5.164731742745928E-009
          85  3.485610874970559E-009
          86  3.767857109470504E-009
          87  2.480562220048240E-009
          88  6.035185272594339E-009
          89  2.773763065424116E-009
          90  5.343715573114988E-009
          91  3.535985614566788E-009
          92  2.868848180176446E-009
          93  2.403399834560607E-009
          94  5.777342474117477E-009
          95  2.928057619037020E-009
          96  3.374103178690581E-009
          97  1.457913867682680E-009
          98  1.337084393796375E-009
          99  1.495295625305072E-009
         100  1.322268393357654E-009
         101  1.000611172750842E-009
         102  1.779867721834899E-009
         103  1.688763767527041E-009
         104  1.644804316714456E-009
         105  1.742093484971254E-009
         106  2.225020886415936E-009
         107  1.724777424503677E-009
         108  5.757265055287924E-009
         109  2.549330705570712E-009
         110  6.969521041403545E-009
         111  4.989650163949381E-009
         112  6.608041500065497E-009
         113  3.325003606269823E-009
         114  2.622885068057837E-009
         115  1.377014640866696E-009
         116  1.419120942595345E-009
         117  1.241628283889673E-009
         118  1.335021081742814E-009
         119  5.016608986981534E-010
         120  7.071243176363685E-010
         121  5.758741047693049E-010
         122  7.294185747074032E-010
         123  6.685165872557300E-010
         124  1.809773022786590E-008
         125  8.200555279997028E-008
         126  6.625618269892698E-007
         127  3.395625902543219E-006
         128  2.790829199052428E-005
         129  1.368978557860631E-004
         130  3.328290951080761E-004
         131  1.099437767169102E-003
         132  1.036516790872403E-003
         133  3.289075514548068E-005
         134  8.233084168126222E-005
         135  8.490381897815088E-005
         136  2.158336665615322E-004
         137  1.163988780539678E-004
         138  8.810973740390124E-005
         139  1.465207636653632E-005
         140  3.372015774835628E-005
         141  2.519927701204614E-005
         142  9.913544399505039E-006
         143  1.677297423439158E-006
         144  6.528805519631457E-006
         145  3.254519569988352E-006
         146  1.464094375873729E-005
         147  1.777039894775293E-005
         148  2.984034203166325E-005
         149  1.858415993129821E-005
         150  3.956051722753947E-005
         151  1.517570871667276E-005
         152  1.930284756143773E-005
         153  8.714683932816565E-006
         154  5.538342422671527E-005
         155  3.316261794700963E-005
         156  3.796262356598173E-005
         157  1.711137917365132E-005
         158  4.513271038675931E-005
         159  3.409900121718786E-005
         160  5.732197247537958E-005
         161  3.363722943617067E-005
         162  9.687204634746989E-005
         163  5.430872878835204E-005
         164  1.040889546387944E-004
         165  6.143086815600011E-005
         166  6.807500869077447E-005
         167  2.093480852351682E-005
         168  9.789204983429459E-005
         169  4.683412948752336E-005
         170  2.562970095743695E-005
         171  1.086110750690589E-005
         172  2.343463046409389E-005
         173  2.075680974290000E-005
         174  5.132003358268682E-005
         175  2.781601045936094E-005
         176  2.680873699039507E-005
         177  1.322996240949385E-005
         178  2.423015387960046E-005
         179  1.290092367768693E-005
         180  2.273393194449052E-005
         181  9.115286136758781E-006
         182  1.629777284575094E-005
         183  7.815001743409051E-006
         184  1.343386201574256E-005
         185  4.196295990025637E-006
         186  1.573751179766128E-005
         187  4.524158842041008E-006
         188  1.467969280496263E-005
         189  1.273778301862307E-005
         190  2.668761119201959E-005
         191  3.001261660024272E-005
         192  1.051994740683412E-004
         193  1.343885945931387E-004
         194  3.267234318342075E-004
         195  2.251921874350166E-004
         196  4.267226193312800E-004
         197  2.210077982398542E-004
         198  1.582153833912257E-004
         199  1.268220201514974E-005
         200  2.295385306192460E-006
         201  8.863225578463328E-008
         202  1.096337915869524E-007
         203  2.723251855145407E-008
         204  8.734463820610764E-008
         205  7.555369510803265E-008
         206  2.243021855645655E-006
         207  1.485927869240293E-006
         208  2.478179669071540E-006
         209  1.556984938911975E-006
         226  5.924471976698256E-014
         227  4.594164346967420E-015
         230  2.791906419226430E-012
         231  6.896769593420511E-012
         232  5.291051882435690E-007
         234  9.090207501915950E-012
         235  1.482020581270038E-007
         236  1.505937034035495E-009
         238  1.654290287520925E-007
         240  2.922920819879887E-013
         244  3.568018365418218E-009
