           1  7.439605194159775E-005
           2  6.470609901488105E-012
           3  1.574717819390911E-008
           4  8.107685374393706E-005
           6  5.674563962362780E-015
           7  3.114017005274736E-012
           8  2.708281752318958E-013
           9  1.912633244112939E-009
          10  2.713051082138141E-014
          14  2.031573560432616E-015
          15  2.066160266594497E-012
          16  1.227165536232957E-009
          17  9.145540033382058E-011
          18  4.646905152719082E-010
          19  2.201997674655116E-010
          20  4.536053936970176E-009
          21  7.462951091064008E-010
          22  1.669111103154136E-009
          23  4.796944776083989E-009
          24  1.115886454291591E-008
          25  1.359029506278445E-008
          26  1.220601263891807E-008
          27  2.643655249729101E-009
          28  1.606343893526698E-009
          29  8.779387803347438E-010
          30  2.771369813788029E-009
          31  4.872777425354551E-010
          32  6.452042885875346E-010
          33  7.635524602373562E-010
          34  4.419062783174568E-009
          35  2.995327553917783E-010
          36  1.196075705846120E-009
          37  7.620784213949062E-010
          38  1.006062272416421E-009
          39  2.827236404914878E-010
          40  6.219288635679170E-010
          41  9.078664582874330E-010
          42  6.034798995833620E-009
          43  5.172257711508281E-010
          44  9.607806969805439E-010
          45  4.245510886447011E-009
          46  7.373692598087946E-009
          47  8.267773671608406E-009
          48  6.194976534343202E-009
          49  4.902570483295861E-010
          50  3.111124783680625E-009
          51  1.586905336269332E-009
          52  6.317150812289034E-009
          53  2.092745720753287E-010
          54  4.992080568063777E-010
          55  3.251267633331238E-010
          56  3.860062126611299E-010
          57  1.025324251346318E-010
          58  2.056515903470383E-010
          59  1.436906999955560E-010
          60  1.649663893904935E-010
          61  1.668575301736338E-010
          62  8.081633139262196E-010
          63  3.365304139416784E-010
          64  3.623711150342602E-010
          65  3.124499510841919E-010
          66  4.440734840983269E-010
          67  5.852331221215800E-010
          68  8.589157600290737E-010
          69  1.604373162930304E-010
          70  4.797220959338107E-010
          71  1.657563945709766E-010
          72  2.057953881927250E-010
          73  2.145293891559055E-010
          74  4.271410676475585E-010
          75  9.851500181272533E-010
          76  2.708608095291734E-009
          77  5.455077585138123E-009
          78  1.038968900383710E-008
          79  7.971118065254575E-009
          80  3.182668412159116E-008
          81  1.225930428849637E-008
          82  1.079099753000114E-008
          83  4.666074127425730E-009
          84  5.297240218373696E-009
          85  3.525903202462856E-009
          86  3.782362944005065E-009
          87  2.420667594079778E-009
          88  5.839482520296877E-009
          89  2.733406638116963E-009
          90  5.273553386968266E-009
          91  3.469735548281576E-009
          92  2.886069810277179E-009
          93  2.395508028718045E-009
          94  5.517040422533225E-009
          95  2.828788553082010E-009
          96  3.522236209351133E-009
          97  1.538700007430659E-009
          98  1.427904658639527E-009
          99  1.587699050801097E-009
         100  1.390944427743249E-009
         101  1.032085919696232E-009
         102  1.751106857875002E-009
         103  1.650932112028517E-009
         104  1.599249383935231E-009
         105  1.693986889335138E-009
         106  2.133502736843202E-009
         107  1.633281498241213E-009
         108  5.500246665186228E-009
         109  2.490698944346755E-009
         110  7.020065174850843E-009
         111  4.975648511505297E-009
         112  6.641024274874295E-009
         113  3.356080335702974E-009
         114  2.669415543804631E-009
         115  1.408643738488269E-009
         116  1.472257530320932E-009
         117  1.312367921335805E-009
         118  1.412187287624950E-009
         119  5.289932998405026E-010
         120  7.497571490598056E-010
         121  6.091518357088208E-010
         122  7.675525199347061E-010
         123  6.861115516844453E-010
         124  1.726931687844620E-008
         125  7.611929270115199E-008
         126  6.213401209692995E-007
         127  3.193918712267833E-006
         128  2.662964077978203E-005
         129  1.328467162682740E-004
         130  3.330467664491598E-004
         131  1.094276061604123E-003
         132  1.045809842131735E-003
         133  3.362898233763651E-005
         134  8.395103468484622E-005
         135  8.220929636746599E-005
         136  2.157782979862598E-004
         137  1.174195038571083E-004
         138  8.999565136346766E-005
         139  1.397515302871623E-005
         140  3.187350259076857E-005
         141  2.357789390275459E-005
         142  9.394478635921352E-006
         143  1.866644261817199E-006
         144  1.022108655941245E-005
         145  5.842193194761343E-006
         146  2.288685613981791E-005
         147  1.687381845984007E-005
         148  2.899079576736789E-005
         149  2.039602273671576E-005
         150  5.846772351066268E-005
         151  2.033074743751943E-005
         152  1.711078586449306E-005
         153  7.023322660129673E-006
         154  1.709615619913830E-005
         155  1.075836999485493E-005
         156  6.055873120881200E-005
         157  2.375280044413518E-005
         158  2.856381961171901E-005
         159  1.654628574983959E-005
         160  5.579289120533900E-005
         161  3.165492605814354E-005
         162  1.521613687782551E-004
         163  6.860900063056333E-005
         164  1.342849971324208E-004
         165  6.089819122380682E-005
         166  6.361203281396492E-005
         167  1.606032757962824E-005
         168  5.145965487261259E-005
         169  1.949423646673445E-005
         170  4.896232089975668E-005
         171  2.585543609410673E-005
         172  3.236248679475073E-005
         173  2.147474695974197E-005
         174  4.538800512569386E-005
         175  1.985082993832063E-005
         176  1.851517477198855E-005
         177  9.570098215680544E-006
         178  2.437361608881617E-005
         179  1.060532949860158E-005
         180  1.639693804448762E-005
         181  7.020822758276503E-006
         182  1.364556028505560E-005
         183  6.774510792650660E-006
         184  1.182777508275713E-005
         185  3.695487290353657E-006
         186  1.391882312403882E-005
         187  4.071910882171583E-006
         188  1.333867065770174E-005
         189  1.163968600155768E-005
         190  2.427988363146297E-005
         191  2.819059038471093E-005
         192  1.004850582353081E-004
         193  1.315809798114134E-004
         194  3.243316570296956E-004
         195  2.275918520827434E-004
         196  4.399544411531126E-004
         197  2.304438265240538E-004
         198  1.670191929613351E-004
         199  1.325226708895101E-005
         200  2.405994501301066E-006
         201  9.363391697816835E-008
         202  1.142538996165674E-007
         203  2.752497092265375E-008
         204  8.903293747080484E-008
         205  7.649945140542878E-008
         206  2.229267072989910E-006
         207  1.456887894547802E-006
         208  2.428338177497769E-006
         209  1.547591862105469E-006
         226  5.992441082617223E-014
         227  4.662236722912095E-015
         230  2.823936848920522E-012
         231  6.998959993482498E-012
         232  5.404916439733338E-007
         234  9.194495829880573E-012
         235  1.503979887587096E-007
         236  1.492423539666425E-009
         238  1.673269300708173E-007
         240  2.895478483068485E-013
         244  3.534519421120063E-009
