           1  7.472218832491870E-005
           2  6.470609901488105E-012
           3  1.574717819390911E-008
           4  8.182822024219776E-005
           6  5.674563962362780E-015
           7  3.114017005274736E-012
           8  2.708281752318958E-013
           9  1.912633244112939E-009
          10  2.713051082138141E-014
          14  1.805576046045599E-015
          15  1.849013210417113E-012
          16  1.201307709411718E-009
          17  8.997354400510655E-011
          18  4.510403591928413E-010
          19  2.037506222809299E-010
          20  4.614420345333308E-009
          21  7.612321948004751E-010
          22  1.452345006280037E-009
          23  4.883550257476513E-009
          24  1.127429695038498E-008
          25  1.375229481754102E-008
          26  1.178481158971848E-008
          27  2.633592680394654E-009
          28  1.567851910550497E-009
          29  8.006329528020672E-010
          30  2.524170319384729E-009
          31  4.657745203848044E-010
          32  6.345694219129075E-010
          33  7.760930342250672E-010
          34  4.416264619296162E-009
          35  2.940365098959637E-010
          36  1.135279756554918E-009
          37  8.287897404145119E-010
          38  1.108630624109354E-009
          39  3.050857890961040E-010
          40  6.053522623156478E-010
          41  8.425031696504528E-010
          42  5.895280409706036E-009
          43  5.164488933113301E-010
          44  9.724876873454573E-010
          45  4.435827525850390E-009
          46  7.456328391862218E-009
          47  8.117398934943475E-009
          48  5.994187992189601E-009
          49  5.351067449504148E-010
          50  3.083336542520858E-009
          51  1.532528878415095E-009
          52  6.263604362320680E-009
          53  2.335310943815284E-010
          54  5.815794129373688E-010
          55  3.644401031504150E-010
          56  3.988965877880884E-010
          57  1.086919224804566E-010
          58  1.907901949511008E-010
          59  1.382979331786470E-010
          60  1.709822512125724E-010
          61  1.765445539625962E-010
          62  8.539538750839808E-010
          63  3.503105832975318E-010
          64  3.421661245056035E-010
          65  2.915383759998655E-010
          66  4.391337797736167E-010
          67  5.844512390132943E-010
          68  8.843646521380992E-010
          69  1.615951422909616E-010
          70  4.675557294159334E-010
          71  1.642419076604292E-010
          72  2.099399285721891E-010
          73  2.136620081047608E-010
          74  4.562700149906893E-010
          75  1.068479575344143E-009
          76  2.852285818940401E-009
          77  5.442085179697912E-009
          78  1.015406442508003E-008
          79  7.854453598686673E-009
          80  3.129718974071500E-008
          81  1.241585776307520E-008
          82  1.047939430547424E-008
          83  4.403774891173074E-009
          84  4.988817461263760E-009
          85  3.295902115325276E-009
          86  3.584374919505860E-009
          87  2.507004815377943E-009
          88  5.947629300666142E-009
          89  2.712461831581459E-009
          90  5.113261472088470E-009
          91  3.398664591814526E-009
          92  2.868279679328361E-009
          93  2.379629525877249E-009
          94  5.526815381831171E-009
          95  2.780983308552951E-009
          96  3.169172427495412E-009
          97  1.397990317045369E-009
          98  1.343197154328672E-009
          99  1.517544775804756E-009
         100  1.355733144987673E-009
         101  1.011108714304623E-009
         102  1.699336798521828E-009
         103  1.613156737580563E-009
         104  1.539400283197545E-009
         105  1.628943241745287E-009
         106  2.143407622703600E-009
         107  1.648021841698067E-009
         108  5.505581687801939E-009
         109  2.471375922890616E-009
         110  6.844962060561979E-009
         111  4.803918367660841E-009
         112  6.387138503562097E-009
         113  3.252438119633750E-009
         114  2.605070985374576E-009
         115  1.386559260071086E-009
         116  1.435095651050047E-009
         117  1.234920379486063E-009
         118  1.300901762415150E-009
         119  4.927150113543236E-010
         120  6.833711194813492E-010
         121  5.514903147277459E-010
         122  7.235059598061749E-010
         123  6.389580417232077E-010
         124  1.679867694012632E-008
         125  6.976433482317261E-008
         126  5.857814664534938E-007
         127  3.049413696193760E-006
         128  2.568224774115139E-005
         129  1.292259058258109E-004
         130  3.232941309896902E-004
         131  1.074287846636932E-003
         132  1.027033633194014E-003
         133  3.317669094055304E-005
         134  8.363933759918507E-005
         135  8.549639833978028E-005
         136  2.090746665266709E-004
         137  1.122513831717211E-004
         138  8.903549233478640E-005
         139  1.374843671440336E-005
         140  3.166359277778967E-005
         141  2.322732500723269E-005
         142  9.148208375793731E-006
         143  1.733817268408057E-006
         144  8.615691482001542E-006
         145  5.108306710795366E-006
         146  2.170572461052462E-005
         147  1.914294126379165E-005
         148  2.168383035604184E-005
         149  1.259732094896643E-005
         150  4.435877980777768E-005
         151  1.626322791869008E-005
         152  3.211384521724434E-005
         153  2.064176654194169E-005
         154  3.752797197009238E-005
         155  1.224649545363325E-005
         156  2.703237719622288E-005
         157  2.073929271298828E-005
         158  5.934567428101176E-005
         159  4.761704427229732E-005
         160  5.624337079170750E-005
         161  2.441429124361992E-005
         162  7.745010454584351E-005
         163  3.652498093654933E-005
         164  1.408471840639481E-004
         165  1.040719354066704E-004
         166  1.102722414308643E-004
         167  2.897496984102643E-005
         168  8.644675460035183E-005
         169  4.598490956363137E-005
         170  7.040764851486408E-005
         171  4.392380655398353E-005
         172  5.738093038706803E-005
         173  2.892659585053986E-005
         174  5.083633718081465E-005
         175  2.946178108973269E-005
         176  2.261897281888095E-005
         177  6.454863181526290E-006
         178  8.194478644735205E-006
         179  5.296720226348630E-006
         180  1.228555420796322E-005
         181  5.593575716841651E-006
         182  1.181171831199272E-005
         183  6.219301222809981E-006
         184  1.144225466546418E-005
         185  3.689194878697179E-006
         186  1.458772631252989E-005
         187  4.154339883172791E-006
         188  1.295869543487091E-005
         189  1.108918117087747E-005
         190  2.317803113854719E-005
         191  2.729133660876633E-005
         192  9.578475420501293E-005
         193  1.251491847605296E-004
         194  3.104433306722706E-004
         195  2.146239058613633E-004
         196  4.089342587358540E-004
         197  2.176054013540437E-004
         198  1.595641664071511E-004
         199  1.277170905682835E-005
         200  2.356010170581952E-006
         201  9.150214049019013E-008
         202  1.131992328493911E-007
         203  2.760712955473837E-008
         204  7.855312662690791E-008
         205  6.589079642279857E-008
         206  2.218465139001558E-006
         207  1.438494750841799E-006
         208  2.445731460449062E-006
         209  1.570052989534540E-006
         226  6.506645029052387E-014
         227  4.905500795181636E-015
         230  3.066255371902880E-012
         231  7.364148552291390E-012
         232  5.665900957403153E-007
         234  9.983464127778520E-012
         235  1.582453867740853E-007
         236  1.619434286517140E-009
         238  1.816850466715591E-007
         240  3.143551712017891E-013
         244  3.837343168804220E-009
