           1  7.451687774934818E-005
           2  6.470609901488105E-012
           3  1.574717819390911E-008
           4  7.958064398783587E-005
           6  5.674563962362780E-015
           7  3.114017005274736E-012
           8  2.708281752318958E-013
           9  1.912633244112939E-009
          10  2.713051082138141E-014
          14  2.052441025758758E-015
          15  1.986066553717634E-012
          16  1.240169397780084E-009
          17  9.208096264751904E-011
          18  4.595258395681628E-010
          19  2.143908913472306E-010
          20  4.526391758317487E-009
          21  7.411248982023712E-010
          22  1.782131810659064E-009
          23  4.766035742035794E-009
          24  1.112449099603621E-008
          25  1.356312277148673E-008
          26  1.234661875920690E-008
          27  2.620698490250832E-009
          28  1.588394985354472E-009
          29  8.809500203836643E-010
          30  2.833634907478335E-009
          31  4.837901650271206E-010
          32  5.988697277739898E-010
          33  7.645426162229337E-010
          34  4.395234655414058E-009
          35  2.978862066428089E-010
          36  1.204933932457056E-009
          37  7.462552382372955E-010
          38  9.854489485079469E-010
          39  2.750626850927214E-010
          40  6.091364417298909E-010
          41  9.017747949084993E-010
          42  6.140914821073723E-009
          43  5.222739610929630E-010
          44  9.673933582933035E-010
          45  4.191673771799303E-009
          46  7.340581388902824E-009
          47  8.243961625669799E-009
          48  6.172303950789099E-009
          49  4.946164754736890E-010
          50  3.145405142393879E-009
          51  1.594374009304278E-009
          52  6.245289974331238E-009
          53  2.083137972922567E-010
          54  5.065771691240123E-010
          55  3.315025683024059E-010
          56  3.937734993718125E-010
          57  1.030007888256562E-010
          58  2.204808905416858E-010
          59  1.509061990955332E-010
          60  1.640002154631637E-010
          61  1.626154807494102E-010
          62  7.857147911976678E-010
          63  3.298074426395309E-010
          64  3.703573937298269E-010
          65  3.199864381941985E-010
          66  4.415148063538316E-010
          67  5.766442328002353E-010
          68  8.387753834482208E-010
          69  1.594345746997176E-010
          70  4.884380608737784E-010
          71  1.681309016798413E-010
          72  2.078839752616593E-010
          73  2.196654920067120E-010
          74  4.232070050385319E-010
          75  9.716670397776740E-010
          76  2.687482882080090E-009
          77  5.502707558745926E-009
          78  1.041229326644840E-008
          79  7.997149929657299E-009
          80  3.225540555475064E-008
          81  1.214489187681886E-008
          82  1.079522769569480E-008
          83  4.701083527912721E-009
          84  5.255269719249092E-009
          85  3.568800373662900E-009
          86  3.828290264067590E-009
          87  2.390470899196836E-009
          88  5.829667120769588E-009
          89  2.705896504061284E-009
          90  5.230975756561641E-009
          91  3.500276818218534E-009
          92  2.840529014420081E-009
          93  2.337877024642916E-009
          94  5.424829660208588E-009
          95  2.803180859131698E-009
          96  3.591340915207028E-009
          97  1.560499209220998E-009
          98  1.427742696365464E-009
          99  1.577712379849141E-009
         100  1.367568024410289E-009
         101  1.016284692054808E-009
         102  1.758627026707261E-009
         103  1.664467821126448E-009
         104  1.622743615058001E-009
         105  1.722641907467370E-009
         106  2.131663905137396E-009
         107  1.627196027785738E-009
         108  5.485358872242544E-009
         109  2.490665444671989E-009
         110  7.013050952203137E-009
         111  4.986400498375930E-009
         112  6.644683370199172E-009
         113  3.340735735114037E-009
         114  2.638066507548345E-009
         115  1.390660696150309E-009
         116  1.441742301641925E-009
         117  1.252543833937936E-009
         118  1.361853049769517E-009
         119  5.338407337721385E-010
         120  7.673804929124566E-010
         121  6.264541770344383E-010
         122  7.783859240248765E-010
         123  7.023466133615374E-010
         124  1.775829752086488E-008
         125  8.020736924770994E-008
         126  6.472823990154116E-007
         127  3.317675458531245E-006
         128  2.749188583212031E-005
         129  1.356897629720416E-004
         130  3.357532232771074E-004
         131  1.104623233932487E-003
         132  1.033134736869480E-003
         133  3.240986269011462E-005
         134  8.065693796473376E-005
         135  8.034674640947793E-005
         136  2.119925257618974E-004
         137  1.151709411205927E-004
         138  8.687555571827203E-005
         139  1.436409084434233E-005
         140  3.292705019526363E-005
         141  2.399276626559312E-005
         142  9.515756808814900E-006
         143  1.940077224620731E-006
         144  1.115418002376386E-005
         145  6.403387755768486E-006
         146  2.462149647896108E-005
         147  1.705862328401641E-005
         148  2.858194565025141E-005
         149  2.020230716214825E-005
         150  4.893628781225997E-005
         151  1.875586601945845E-005
         152  2.229851177188820E-005
         153  8.161683118879518E-006
         154  3.265415818898705E-005
         155  1.762879291263686E-005
         156  2.754274852039234E-005
         157  1.533956835714412E-005
         158  3.276955452424852E-005
         159  2.478675718427452E-005
         160  6.875656343540615E-005
         161  3.794598973344927E-005
         162  6.642185371456648E-005
         163  6.191577690569664E-005
         164  1.322788712591472E-004
         165  5.818825488837993E-005
         166  5.709734915464603E-005
         167  2.414718015437004E-005
         168  1.400849067255333E-004
         169  5.423833780784885E-005
         170  3.179216140131653E-005
         171  1.277483354167776E-005
         172  4.308098535192430E-005
         173  2.727014791610416E-005
         174  4.403366147569092E-005
         175  1.818792047337797E-005
         176  2.979197584575173E-005
         177  1.589667177860084E-005
         178  2.634501302960291E-005
         179  7.505758556149381E-006
         180  1.106488829602681E-005
         181  5.992319759795350E-006
         182  1.430230263321040E-005
         183  7.536056048772420E-006
         184  1.354015396429073E-005
         185  4.213569938142148E-006
         186  1.568607317427413E-005
         187  4.635796610090516E-006
         188  1.540180175719679E-005
         189  1.330678711773842E-005
         190  2.713970963125336E-005
         191  3.019908110698585E-005
         192  1.056053824213248E-004
         193  1.355990850361728E-004
         194  3.269251112429417E-004
         195  2.238528997377999E-004
         196  4.229963354308009E-004
         197  2.174928132946730E-004
         198  1.537705409501392E-004
         199  1.207859759427709E-005
         200  2.145141680135212E-006
         201  8.163286845470784E-008
         202  1.006327994895191E-007
         203  2.474580756512834E-008
         204  8.300331497010618E-008
         205  7.215332040121140E-008
         206  2.071836315669222E-006
         207  1.364408422059336E-006
         208  2.249403950376214E-006
         209  1.430561285325164E-006
         226  5.695801689684712E-014
         227  4.445434564660216E-015
         230  2.684145585060875E-012
         231  6.673496118032222E-012
         232  5.118540798684817E-007
         234  8.739347481537519E-012
         235  1.434042193519808E-007
         236  1.448926063550028E-009
         238  1.590438684147834E-007
         240  2.812708998887660E-013
         244  3.433482459172693E-009
