           1  7.454633339275760E-005
           2  6.470609901488105E-012
           3  1.574717819390911E-008
           4  8.225291038034590E-005
           6  5.674563962362780E-015
           7  3.114017005274736E-012
           8  2.708281752318958E-013
           9  1.912633244112939E-009
          10  2.713051082138141E-014
          14  2.023347456007803E-015
          15  1.940268973839937E-012
          16  1.209386573318428E-009
          17  9.033434588468530E-011
          18  4.602410623725746E-010
          19  2.164505596555404E-010
          20  4.551468472903246E-009
          21  7.335865651672489E-010
          22  1.632752294581429E-009
          23  4.804677071693532E-009
          24  1.115216011624341E-008
          25  1.371894986181146E-008
          26  1.229620591867123E-008
          27  2.549359587660251E-009
          28  1.533111078178767E-009
          29  8.748857966968839E-010
          30  2.727594169893857E-009
          31  4.632865783754293E-010
          32  6.115910866537803E-010
          33  7.728198382551601E-010
          34  4.258549002958825E-009
          35  3.008807714382882E-010
          36  1.257059454364555E-009
          37  8.019958567292467E-010
          38  1.067337803609901E-009
          39  2.898404300422738E-010
          40  6.064139457214098E-010
          41  8.798839852530504E-010
          42  5.898328668940519E-009
          43  5.003035703073584E-010
          44  9.998333608242498E-010
          45  4.396123340935812E-009
          46  7.458601757576424E-009
          47  8.164335660009125E-009
          48  6.035797414389210E-009
          49  5.242937553175993E-010
          50  3.155336576018007E-009
          51  1.569767308338627E-009
          52  6.215531940582840E-009
          53  2.160591007284301E-010
          54  5.328903031961276E-010
          55  3.289385494632305E-010
          56  3.951661373190943E-010
          57  1.037712468345694E-010
          58  2.186400534643836E-010
          59  1.496561967237028E-010
          60  1.705843751788956E-010
          61  1.729220718012154E-010
          62  8.128770526203755E-010
          63  3.379932442579705E-010
          64  3.707312756019628E-010
          65  3.176591675391483E-010
          66  4.447810191295885E-010
          67  5.761484590701704E-010
          68  8.149592465610007E-010
          69  1.535819261616812E-010
          70  4.645067683101234E-010
          71  1.609143907944912E-010
          72  2.050569360631343E-010
          73  2.268606175330125E-010
          74  4.426348277425962E-010
          75  1.022481762688063E-009
          76  2.752927045850001E-009
          77  5.602323847985401E-009
          78  1.027738708407145E-008
          79  7.957301952360405E-009
          80  3.149582745195690E-008
          81  1.257882568821611E-008
          82  1.087315315341391E-008
          83  4.635271131727691E-009
          84  5.153636800336176E-009
          85  3.482704763954197E-009
          86  3.755151258922513E-009
          87  2.444356018800382E-009
          88  5.870695227383860E-009
          89  2.631961795596668E-009
          90  5.016580355335300E-009
          91  3.445878355410462E-009
          92  2.905990648131595E-009
          93  2.384899363377297E-009
          94  5.368850143752246E-009
          95  2.801051491262834E-009
          96  3.607833234532703E-009
          97  1.571321588345354E-009
          98  1.436509054459226E-009
          99  1.575204333077594E-009
         100  1.361614264940373E-009
         101  1.004657819833466E-009
         102  1.732351245612229E-009
         103  1.636479325208033E-009
         104  1.591636178047952E-009
         105  1.699541394961163E-009
         106  2.148044135086616E-009
         107  1.656810255564479E-009
         108  5.637674425149860E-009
         109  2.543415878185519E-009
         110  7.001832848763734E-009
         111  4.975489390372165E-009
         112  6.535780591179832E-009
         113  3.277905149667936E-009
         114  2.569734913894145E-009
         115  1.343893926045813E-009
         116  1.386877692017360E-009
         117  1.253669719056119E-009
         118  1.360842168952049E-009
         119  5.109909312360884E-010
         120  7.366306240898195E-010
         121  6.019923045733587E-010
         122  7.744470788267817E-010
         123  6.970578509537531E-010
         124  1.918040476850317E-008
         125  8.316457497763865E-008
         126  6.736133250261764E-007
         127  3.448240083335202E-006
         128  2.827105620534340E-005
         129  1.375390793619550E-004
         130  3.304257131807940E-004
         131  1.091318888435922E-003
         132  1.028050954173709E-003
         133  3.339611637679486E-005
         134  8.362118159338869E-005
         135  8.219072595055212E-005
         136  2.135388752161629E-004
         137  1.152104870265715E-004
         138  8.441603644746169E-005
         139  1.444433564808242E-005
         140  3.314364063709682E-005
         141  2.411210855354424E-005
         142  9.043630886601454E-006
         143  1.557458219350082E-006
         144  6.640280827789665E-006
         145  3.196499856895633E-006
         146  1.318365212495546E-005
         147  1.373251434419515E-005
         148  2.551789916894666E-005
         149  1.623301854273150E-005
         150  1.717268266483623E-005
         151  9.871581078509848E-006
         152  2.763232854938277E-005
         153  1.614123218228094E-005
         154  4.177299315515168E-005
         155  1.667417499468340E-005
         156  3.338524003001624E-005
         157  2.556040459560734E-005
         158  7.987178523233045E-005
         159  5.372362200626508E-005
         160  7.933128843574917E-005
         161  2.813867848980611E-005
         162  7.732186467232914E-005
         163  3.872858329625958E-005
         164  1.236134369284500E-004
         165  8.225791241465438E-005
         166  1.578078876819212E-004
         167  3.261374685832886E-005
         168  4.397957550063508E-005
         169  2.763503009302587E-005
         170  2.842509224390146E-005
         171  1.878237501698592E-005
         172  2.851497498112002E-005
         173  1.935583612637948E-005
         174  6.576907952038911E-005
         175  3.864795884821691E-005
         176  2.733301915329370E-005
         177  1.028397190069503E-005
         178  1.743149304306588E-005
         179  6.429167949440943E-006
         180  1.106439968432245E-005
         181  5.686141787744698E-006
         182  1.311851946869973E-005
         183  6.862766041486429E-006
         184  1.245720827290087E-005
         185  3.931560968945543E-006
         186  1.500553579483884E-005
         187  4.458980872638968E-006
         188  1.498553761994968E-005
         189  1.301766268532868E-005
         190  2.673070458929069E-005
         191  2.933921321284430E-005
         192  1.036719719259750E-004
         193  1.351712553561598E-004
         194  3.283891203347523E-004
         195  2.224934263496334E-004
         196  4.155546988740563E-004
         197  2.138402372981398E-004
         198  1.510897628930119E-004
         199  1.202873999323099E-005
         200  2.162116940973155E-006
         201  8.409491504548618E-008
         202  1.051411403201845E-007
         203  2.607566310075664E-008
         204  8.238192703736959E-008
         205  7.122269569645187E-008
         206  2.280618705066493E-006
         207  1.483200945588169E-006
         208  2.469671425273730E-006
         209  1.590357010562346E-006
         226  6.631050425822758E-014
         227  5.118134637617131E-015
         230  3.124881394136709E-012
         231  7.683354942896313E-012
         232  5.904199890854416E-007
         234  1.017434542073572E-011
         235  1.651046914694419E-007
         236  1.701108015240303E-009
         238  1.851588185182634E-007
         240  3.304120242964885E-013
         244  4.033349664577390E-009
