           1  7.403568039997847E-005
           2  6.470609901488105E-012
           3  1.574717819390911E-008
           4  8.181357969347367E-005
           6  5.674563962362780E-015
           7  3.114017005274736E-012
           8  2.708281752318958E-013
           9  1.912633244112939E-009
          10  2.713051082138141E-014
          14  2.373154121929628E-015
          15  2.286487012509081E-012
          16  1.237840445960083E-009
          17  9.218086308360733E-011
          18  4.647131109450492E-010
          19  2.180918896156430E-010
          20  4.564608633979996E-009
          21  7.541735014877590E-010
          22  1.643957214306067E-009
          23  4.821384476821603E-009
          24  1.120631314690245E-008
          25  1.361954297285328E-008
          26  1.252804032319270E-008
          27  2.758096271258486E-009
          28  1.612798555687039E-009
          29  8.412300613459347E-010
          30  2.706073594280523E-009
          31  4.847175292662361E-010
          32  6.292501700982395E-010
          33  7.488692891451703E-010
          34  4.436369725451124E-009
          35  3.045552876448541E-010
          36  1.205806682903239E-009
          37  8.621668059902547E-010
          38  1.154127147803237E-009
          39  3.064930236884096E-010
          40  5.980935787368351E-010
          41  8.444032794343805E-010
          42  5.879449178760037E-009
          43  5.149948130342590E-010
          44  9.455087866139549E-010
          45  4.209128463950400E-009
          46  7.455571471750740E-009
          47  8.309417339066780E-009
          48  6.173721025321035E-009
          49  5.372291950809555E-010
          50  3.129783119455432E-009
          51  1.551437002359244E-009
          52  6.328559386885268E-009
          53  2.289626983014834E-010
          54  5.660849063039849E-010
          55  3.599527296983055E-010
          56  3.938660816759925E-010
          57  1.052692574753732E-010
          58  1.987860483266497E-010
          59  1.393540356009837E-010
          60  1.614244414918320E-010
          61  1.630036814907655E-010
          62  7.920010128188802E-010
          63  3.295281074312899E-010
          64  3.479477434674694E-010
          65  2.972298023484147E-010
          66  4.310149157774624E-010
          67  5.718739979669775E-010
          68  8.541678504456597E-010
          69  1.594757269427681E-010
          70  4.721064408301337E-010
          71  1.633708840270056E-010
          72  2.031943457763481E-010
          73  2.078686153023221E-010
          74  4.180710528370236E-010
          75  9.628511370565226E-010
          76  2.675350487907653E-009
          77  5.436865800850029E-009
          78  1.032464073933796E-008
          79  7.937588794761580E-009
          80  3.189106856057763E-008
          81  1.292143991731206E-008
          82  1.129228709215247E-008
          83  4.828331623756774E-009
          84  5.143111391227820E-009
          85  3.443867691451518E-009
          86  3.735914435833902E-009
          87  2.513239990116496E-009
          88  6.145496324408244E-009
          89  2.823552848746050E-009
          90  5.342558638895589E-009
          91  3.560077084169761E-009
          92  2.911742478560021E-009
          93  2.424395026372774E-009
          94  5.755822557581802E-009
          95  2.996890839664637E-009
          96  3.621824064057349E-009
          97  1.595407811855986E-009
          98  1.477881037530159E-009
          99  1.640395273961519E-009
         100  1.464013400053870E-009
         101  1.079815148789115E-009
         102  1.827454125909498E-009
         103  1.713992102587377E-009
         104  1.657106505848778E-009
         105  1.725308691044614E-009
         106  2.185472158501222E-009
         107  1.674760340306729E-009
         108  5.625186308872019E-009
         109  2.531955585472315E-009
         110  7.207839823363774E-009
         111  5.193849965539077E-009
         112  7.034593816414097E-009
         113  3.609777773673831E-009
         114  2.912047862441923E-009
         115  1.534088435989363E-009
         116  1.614026487752801E-009
         117  1.447302927490193E-009
         118  1.555516010669461E-009
         119  5.724526107699888E-010
         120  8.031414968635872E-010
         121  6.561386487347183E-010
         122  8.237054134442381E-010
         123  7.260842376416525E-010
         124  1.696469112253638E-008
         125  7.405229446071775E-008
         126  6.069619948586449E-007
         127  3.092019531521609E-006
         128  2.570763800817974E-005
         129  1.307281430921537E-004
         130  3.345133350103219E-004
         131  1.106193647847141E-003
         132  1.075754578742907E-003
         133  3.346502419157715E-005
         134  8.469370675851286E-005
         135  9.325248829397074E-005
         136  2.290310420951513E-004
         137  1.209551424991099E-004
         138  8.450917792136163E-005
         139  1.481867160641972E-005
         140  3.468909361881428E-005
         141  2.515871267696301E-005
         142  1.001197328508702E-005
         143  1.656121985326946E-006
         144  5.798425126921395E-006
         145  2.213579902138298E-006
         146  1.000325958641646E-005
         147  1.559944045133750E-005
         148  3.311637069666750E-005
         149  2.099502569366539E-005
         150  2.412596760517149E-005
         151  9.817220796567613E-006
         152  3.184118693765046E-005
         153  2.395261894994790E-005
         154  3.754399695137377E-005
         155  1.466176502567785E-005
         156  2.028653490878100E-005
         157  1.367406703017853E-005
         158  3.008717983985650E-005
         159  1.647126487206302E-005
         160  5.371350980905119E-005
         161  3.404318405098533E-005
         162  9.493511433380575E-005
         163  5.445163429914295E-005
         164  8.709253690903993E-005
         165  4.629778491449495E-005
         166  1.045351668609225E-004
         167  2.739397601267633E-005
         168  7.720730372176453E-005
         169  3.009106479176457E-005
         170  4.220283529585835E-005
         171  2.897203411802759E-005
         172  6.909876940392422E-005
         173  2.716246640656469E-005
         174  3.377193357736518E-005
         175  1.938450400569440E-005
         176  1.847237181718944E-005
         177  8.165415672391017E-006
         178  1.599162053277348E-005
         179  5.413432801491163E-006
         180  8.823096472254029E-006
         181  4.617305419986066E-006
         182  1.082735965449608E-005
         183  5.729969237809449E-006
         184  1.048526504508447E-005
         185  3.342066875666645E-006
         186  1.273344726486102E-005
         187  3.718167245969023E-006
         188  1.210911378650026E-005
         189  1.049561235374697E-005
         190  2.258849042098554E-005
         191  2.646198926190589E-005
         192  9.610467955874971E-005
         193  1.277907238591389E-004
         194  3.231603327746829E-004
         195  2.327721890623206E-004
         196  4.571526102046570E-004
         197  2.437116642965378E-004
         198  1.808336988220279E-004
         199  1.472198849606597E-005
         200  2.595842153915326E-006
         201  9.352657806614904E-008
         202  1.083875744094771E-007
         203  2.556782803680878E-008
         204  8.468248502533936E-008
         205  7.436864803620531E-008
         206  2.266557495169267E-006
         207  1.479056948158914E-006
         208  2.470446445501558E-006
         209  1.585949695674363E-006
         226  6.312988515164250E-014
         227  4.913957455976790E-015
         230  2.974994772413873E-012
         231  7.376843710023914E-012
         232  5.742309671748061E-007
         234  9.686327454288523E-012
         235  1.585181881891133E-007
         236  1.531492232922583E-009
         238  1.762775759079143E-007
         240  2.966661193980658E-013
         244  3.621412373576204E-009
