           1  7.389863910922406E-005
           2  6.470609901488105E-012
           3  1.574717819390911E-008
           4  8.197302275327367E-005
           6  5.674563962362780E-015
           7  3.114017005274736E-012
           8  2.708281752318958E-013
           9  1.912633244112939E-009
          10  2.713051082138141E-014
          14  2.442283769607864E-015
          15  2.370174528651464E-012
          16  1.241083444222898E-009
          17  9.237817756100938E-011
          18  4.800892269471547E-010
          19  2.380744870111492E-010
          20  4.511376268657856E-009
          21  7.454545066927827E-010
          22  1.730108857239584E-009
          23  4.775097641182034E-009
          24  1.113149759122517E-008
          25  1.354941140930597E-008
          26  1.262443961858465E-008
          27  2.760931104529780E-009
          28  1.648788468287876E-009
          29  9.048665593030821E-010
          30  2.878351637451645E-009
          31  5.101685106082241E-010
          32  6.663338756873711E-010
          33  7.318590881947766E-010
          34  4.470940307683087E-009
          35  3.110228156718596E-010
          36  1.243825079043556E-009
          37  7.858194726897731E-010
          38  1.030142660036640E-009
          39  2.807241333818125E-010
          40  6.127346072068338E-010
          41  8.979578502519496E-010
          42  5.888726503888289E-009
          43  5.146920049726868E-010
          44  9.389279780256742E-010
          45  4.132838130681613E-009
          46  7.425909183505490E-009
          47  8.437527060842791E-009
          48  6.338568026230617E-009
          49  4.909745993556497E-010
          50  3.110124807737845E-009
          51  1.589848121153861E-009
          52  6.450471367298848E-009
          53  2.150861531438619E-010
          54  5.070382111148601E-010
          55  3.240612969943184E-010
          56  3.776073271644775E-010
          57  1.002942489147347E-010
          58  1.988003859916691E-010
          59  1.378548945448663E-010
          60  1.580596774032993E-010
          61  1.598609720951415E-010
          62  7.722751849000672E-010
          63  3.228456954299341E-010
          64  3.538391126499088E-010
          65  3.021555945206366E-010
          66  4.313589094244469E-010
          67  5.776813137323687E-010
          68  8.457147778499833E-010
          69  1.574832770908816E-010
          70  4.655794717290015E-010
          71  1.606870726436132E-010
          72  1.985370716266214E-010
          73  2.082549619432938E-010
          74  4.076874348025176E-010
          75  9.199638967327884E-010
          76  2.599945186386850E-009
          77  5.407447683886142E-009
          78  1.054855721041338E-008
          79  8.030344653390663E-009
          80  3.175858511333651E-008
          81  1.283998019631802E-008
          82  1.145068817972396E-008
          83  4.966871255456095E-009
          84  5.444994964446511E-009
          85  3.611405202357033E-009
          86  3.878023014647028E-009
          87  2.470847230863861E-009
          88  6.006434972731834E-009
          89  2.825993733284429E-009
          90  5.424518774457522E-009
          91  3.577761404231810E-009
          92  2.963906247955585E-009
          93  2.458327056337306E-009
          94  5.625624074940807E-009
          95  2.985557481903396E-009
          96  3.776455486709784E-009
          97  1.659868194355989E-009
          98  1.507614999322705E-009
          99  1.667000910112825E-009
         100  1.488081604943013E-009
         101  1.095793004968601E-009
         102  1.857250423004319E-009
         103  1.720500240337835E-009
         104  1.666808087190204E-009
         105  1.727125153195318E-009
         106  2.152750520316495E-009
         107  1.656088140758966E-009
         108  5.615310643712391E-009
         109  2.528322833415443E-009
         110  7.209568851000805E-009
         111  5.257258637007509E-009
         112  7.148401292484156E-009
         113  3.667385691921058E-009
         114  2.953613481201943E-009
         115  1.552458827648114E-009
         116  1.637426744096130E-009
         117  1.494800876171261E-009
         118  1.630273741801373E-009
         119  5.908246773760318E-010
         120  8.356219615952514E-010
         121  6.886667053336590E-010
         122  8.570810416432564E-010
         123  7.521447891210958E-010
         124  1.721589722904414E-008
         125  7.518997112085495E-008
         126  6.089910250920857E-007
         127  3.101454001990132E-006
         128  2.576382300715696E-005
         129  1.314550941252428E-004
         130  3.411103469458621E-004
         131  1.113285978803151E-003
         132  1.085979427101008E-003
         133  3.384360276883739E-005
         134  8.441446710020584E-005
         135  8.880305231104860E-005
         136  2.291667583914469E-004
         137  1.227546209491244E-004
         138  8.758871638878760E-005
         139  1.454259411703770E-005
         140  3.323360654297998E-005
         141  2.397105033192801E-005
         142  9.689431023595099E-006
         143  1.774451034610525E-006
         144  8.300044782340212E-006
         145  3.984725607246596E-006
         146  1.379014337822210E-005
         147  9.228143788890595E-006
         148  1.745880290339948E-005
         149  1.294701903954836E-005
         150  1.867603413984194E-005
         151  1.115743204029770E-005
         152  2.472300541924490E-005
         153  9.753862787270383E-006
         154  4.895111574765506E-005
         155  3.095825990460429E-005
         156  4.106994812688254E-005
         157  1.659758671576759E-005
         158  2.428871552786388E-005
         159  1.248514712080060E-005
         160  3.089613528033537E-005
         161  2.003996658313912E-005
         162  1.033776313529347E-004
         163  4.316455063255317E-005
         164  8.158256561567087E-005
         165  5.869341280451421E-005
         166  8.617265313121421E-005
         167  2.839816459466064E-005
         168  1.235436528356298E-004
         169  5.066198503701648E-005
         170  3.779666066947890E-005
         171  1.410015067695414E-005
         172  2.308258896186336E-005
         173  1.997156551966092E-005
         174  4.557015886923605E-005
         175  1.882079417222256E-005
         176  2.532963488065398E-005
         177  1.217887079758682E-005
         178  1.443748663414185E-005
         179  7.047503182809718E-006
         180  1.414332204726202E-005
         181  6.374274510611555E-006
         182  1.265432613080984E-005
         183  6.162772554117768E-006
         184  1.066264463252340E-005
         185  3.341976202597814E-006
         186  1.237607363178735E-005
         187  3.616484581301212E-006
         188  1.187258714755570E-005
         189  1.027559398361742E-005
         190  2.232436632476295E-005
         191  2.600453852792761E-005
         192  9.542128560740617E-005
         193  1.266197174554087E-004
         194  3.204964423072397E-004
         195  2.345725788564832E-004
         196  4.647077935946130E-004
         197  2.463276944579244E-004
         198  1.823318752747783E-004
         199  1.486738346355819E-005
         200  2.624238506835237E-006
         201  9.744193147395298E-008
         202  1.117481169420292E-007
         203  2.574511060501199E-008
         204  9.278444912029739E-008
         205  8.161933134771114E-008
         206  2.296428839343515E-006
         207  1.491577136703668E-006
         208  2.469933064391182E-006
         209  1.591938141366760E-006
         226  6.391949865289629E-014
         227  5.024316823157051E-015
         230  3.012205295335225E-012
         231  7.542515434071046E-012
         232  5.865237949067041E-007
         234  9.807481720878735E-012
         235  1.620782448423988E-007
         236  1.559146130543570E-009
         238  1.784824136574340E-007
         240  3.018938492528825E-013
         244  3.685227431461342E-009
