           1  7.427738000598917E-005
           2  6.470609901488105E-012
           3  1.574717819390911E-008
           4  8.105917243137220E-005
           6  5.674563962362780E-015
           7  3.114017005274736E-012
           8  2.708281752318958E-013
           9  1.912633244112939E-009
          10  2.713051082138141E-014
          14  2.095368488297537E-015
          15  2.103658607143201E-012
          16  1.248050808441589E-009
          17  9.253261744211434E-011
          18  4.595715110995995E-010
          19  2.137138770145822E-010
          20  4.576033918865374E-009
          21  7.496339979014472E-010
          22  1.717726155483161E-009
          23  4.819403973258974E-009
          24  1.120686501094137E-008
          25  1.365242894545815E-008
          26  1.222355584080630E-008
          27  2.584253949408858E-009
          28  1.593700269666710E-009
          29  8.850321561827832E-010
          30  2.838138982395204E-009
          31  4.794788425724307E-010
          32  6.189231027563668E-010
          33  7.849223742165118E-010
          34  4.373693225594609E-009
          35  2.953926336839353E-010
          36  1.206049180611621E-009
          37  7.429974454611065E-010
          38  9.860123349375900E-010
          39  2.833614391565435E-010
          40  6.248730937278167E-010
          41  9.191022194569951E-010
          42  6.172374906594663E-009
          43  5.124151126557263E-010
          44  9.746948145434804E-010
          45  4.279512250094181E-009
          46  7.351510359949005E-009
          47  8.197647838011295E-009
          48  6.122479476702563E-009
          49  4.891896996287161E-010
          50  3.143326542870230E-009
          51  1.595227224680762E-009
          52  6.303945150403208E-009
          53  2.049317506231106E-010
          54  4.955139836817274E-010
          55  3.287218681497808E-010
          56  4.014903935953979E-010
          57  1.031925571718775E-010
          58  2.180098700339856E-010
          59  1.485377465249026E-010
          60  1.648696398552466E-010
          61  1.714811864032887E-010
          62  8.209499562710734E-010
          63  3.374853174648241E-010
          64  3.717959867076217E-010
          65  3.180148990153190E-010
          66  4.347395160887218E-010
          67  5.848690909215546E-010
          68  8.431621412598433E-010
          69  1.586853804935844E-010
          70  4.845023521971933E-010
          71  1.661466925318670E-010
          72  2.022675594335026E-010
          73  2.180118122653274E-010
          74  4.292812140976579E-010
          75  9.998973425985529E-010
          76  2.728845284166848E-009
          77  5.494885720099245E-009
          78  1.034363767856227E-008
          79  8.005867259999567E-009
          80  3.230573324713700E-008
          81  1.206351434098658E-008
          82  1.084212161426491E-008
          83  4.753796455679954E-009
          84  5.333113112588054E-009
          85  3.602041700765479E-009
          86  3.855517301121215E-009
          87  2.399178833830509E-009
          88  5.880771443640516E-009
          89  2.727129816557075E-009
          90  5.300931715762920E-009
          91  3.487680984360109E-009
          92  2.874948816501321E-009
          93  2.400600060787445E-009
          94  5.608808093677832E-009
          95  2.867176920882683E-009
          96  3.624752687077815E-009
          97  1.553902817778908E-009
          98  1.403123310760835E-009
          99  1.555983373338263E-009
         100  1.345656385220874E-009
         101  1.015697113454377E-009
         102  1.789307222786166E-009
         103  1.682825283725388E-009
         104  1.632152772504215E-009
         105  1.736481032614942E-009
         106  2.166531093731908E-009
         107  1.679480591254926E-009
         108  5.687364519143524E-009
         109  2.556415553435326E-009
         110  7.094426359083347E-009
         111  5.054010535767214E-009
         112  6.653733185114829E-009
         113  3.311990092272620E-009
         114  2.585640770282036E-009
         115  1.354032005753596E-009
         116  1.404547526063647E-009
         117  1.256873490095305E-009
         118  1.363932472443180E-009
         119  5.191440656138886E-010
         120  7.497478250457412E-010
         121  6.112972832970511E-010
         122  7.632433897924373E-010
         123  6.970845059497159E-010
         124  1.852752672874487E-008
         125  8.460365333321004E-008
         126  6.743615218415927E-007
         127  3.441176542715377E-006
         128  2.824778453301749E-005
         129  1.378922558891898E-004
         130  3.364574477243854E-004
         131  1.103625950723243E-003
         132  1.041415929287091E-003
         133  3.329524724078068E-005
         134  8.292758544795018E-005
         135  8.136465037707230E-005
         136  2.177849227437850E-004
         137  1.186602271152680E-004
         138  8.826869383659254E-005
         139  1.450812285475468E-005
         140  3.323637411892818E-005
         141  2.471244444563855E-005
         142  9.657901896536828E-006
         143  1.601790491416099E-006
         144  6.162438467895425E-006
         145  2.414130430066361E-006
         146  8.300335886705336E-006
         147  7.410920877156946E-006
         148  1.859468012229219E-005
         149  1.385056476895778E-005
         150  2.175779091300812E-005
         151  1.162615305615770E-005
         152  1.889560858427154E-005
         153  8.090394914701664E-006
         154  7.763243141008072E-005
         155  5.178548970864684E-005
         156  1.083739738727380E-004
         157  4.074972127117009E-005
         158  3.641356464568141E-005
         159  1.479947410168105E-005
         160  3.761154671008815E-005
         161  2.321421139077373E-005
         162  7.901822281005374E-005
         163  3.410361257774183E-005
         164  7.078028246984097E-005
         165  5.569110353162340E-005
         166  7.002718501067599E-005
         167  1.968831742776941E-005
         168  5.583511837930866E-005
         169  2.520791643792172E-005
         170  3.328256888879291E-005
         171  2.377291522017923E-005
         172  7.467752647381360E-005
         173  4.333044482576018E-005
         174  6.077588921308812E-005
         175  3.100080692178776E-005
         176  4.215530406610668E-005
         177  2.027586215860720E-005
         178  2.894887425435264E-005
         179  8.052393438746523E-006
         180  1.088890193364126E-005
         181  5.733900979676588E-006
         182  1.329721745995602E-005
         183  6.934562690578610E-006
         184  1.248817241952565E-005
         185  3.954798671918964E-006
         186  1.504377189591534E-005
         187  4.410190256603406E-006
         188  1.465764098664605E-005
         189  1.283988950430255E-005
         190  2.634783309890762E-005
         191  2.960133949349898E-005
         192  1.045033797521748E-004
         193  1.342813796130053E-004
         194  3.238964386159295E-004
         195  2.248417647531214E-004
         196  4.308417346618151E-004
         197  2.204768716034689E-004
         198  1.566082640358833E-004
         199  1.233752090732551E-005
         200  2.226472513834619E-006
         201  8.770027919880205E-008
         202  1.092596839854200E-007
         203  2.691364538046108E-008
         204  9.093992530163918E-008
         205  7.916890708782202E-008
         206  2.251775093300417E-006
         207  1.485791024398065E-006
         208  2.456309023718229E-006
         209  1.547583273507663E-006
         226  5.895099428073123E-014
         227  4.636416213130777E-015
         230  2.778064610643642E-012
         231  6.960198187570186E-012
         232  5.331722166840000E-007
         234  9.045139762054451E-012
         235  1.495650510572088E-007
         236  1.503730286139352E-009
         238  1.646088590880041E-007
         240  2.918968269297677E-013
         244  3.563193474859551E-009
