           1  7.420892702025227E-005
           2  6.470609901488105E-012
           3  1.574717819390911E-008
           4  8.004677353474049E-005
           6  5.674563962362780E-015
           7  3.114017005274736E-012
           8  2.708281752318958E-013
           9  1.912633244112939E-009
          10  2.713051082138141E-014
          14  2.277954497630989E-015
          15  2.136366484362442E-012
          16  1.246350511733707E-009
          17  9.266849536387625E-011
          18  4.733567568964799E-010
          19  2.297720805163039E-010
          20  4.549794302284923E-009
          21  7.567913184395093E-010
          22  1.744066548937127E-009
          23  4.792171371831289E-009
          24  1.116953898703572E-008
          25  1.359413745492646E-008
          26  1.240983561627732E-008
          27  2.818128645510057E-009
          28  1.658231144128827E-009
          29  8.809607054637966E-010
          30  2.824137938529216E-009
          31  5.282925155698008E-010
          32  6.270596434474725E-010
          33  7.018985159053735E-010
          34  4.364185930941629E-009
          35  3.178807745629890E-010
          36  1.259768945088496E-009
          37  7.739804427527591E-010
          38  9.948798202832779E-010
          39  2.841368840382430E-010
          40  6.156407435170273E-010
          41  8.800903320406979E-010
          42  5.943386484412870E-009
          43  5.470779497970046E-010
          44  9.418489459173852E-010
          45  4.130513890164166E-009
          46  7.385273861564787E-009
          47  8.387673857695986E-009
          48  6.344958519633893E-009
          49  5.003037584009019E-010
          50  3.145580360449665E-009
          51  1.616754821372837E-009
          52  6.271662719920780E-009
          53  2.075859607904759E-010
          54  4.697403063720257E-010
          55  3.085617977841860E-010
          56  3.861754069752729E-010
          57  1.090922605061736E-010
          58  2.007217694825837E-010
          59  1.440589201257147E-010
          60  1.661433215447050E-010
          61  1.580780869268078E-010
          62  7.833130064454853E-010
          63  3.319857736986042E-010
          64  3.473594449120506E-010
          65  2.976009665191741E-010
          66  4.471956276680874E-010
          67  5.736805899161463E-010
          68  8.627773896883405E-010
          69  1.584069603652792E-010
          70  4.588735079086396E-010
          71  1.618423752178079E-010
          72  2.094446227454813E-010
          73  2.133296179422802E-010
          74  4.261506513202795E-010
          75  9.353549400656233E-010
          76  2.627441965410817E-009
          77  5.331401336464559E-009
          78  1.051957879762091E-008
          79  8.016646151715414E-009
          80  3.184810757188609E-008
          81  1.282449763613096E-008
          82  1.137807715387394E-008
          83  4.936433717062817E-009
          84  5.432635452257778E-009
          85  3.570286608091341E-009
          86  3.852957918283765E-009
          87  2.473178791047466E-009
          88  5.857790851399056E-009
          89  2.714296987301551E-009
          90  5.121730971655234E-009
          91  3.534836165398085E-009
          92  3.005594751076423E-009
          93  2.445940342139741E-009
          94  5.447157553201076E-009
          95  2.901900179631626E-009
          96  3.518093255207324E-009
          97  1.583352386713775E-009
          98  1.491196932118258E-009
          99  1.659922698474607E-009
         100  1.505584444079656E-009
         101  1.090200148212832E-009
         102  1.795037766431939E-009
         103  1.687544895970467E-009
         104  1.637341334228320E-009
         105  1.700985274236672E-009
         106  2.167176692230645E-009
         107  1.635213752493180E-009
         108  5.438958770612945E-009
         109  2.457526542216905E-009
         110  6.987224515969606E-009
         111  5.031707022349898E-009
         112  6.923878251348187E-009
         113  3.628948863777933E-009
         114  2.981415778851616E-009
         115  1.589208257722026E-009
         116  1.664541089386037E-009
         117  1.418303870125868E-009
         118  1.515499643058782E-009
         119  5.843545663115450E-010
         120  8.109752447875011E-010
         121  6.644335680967346E-010
         122  8.398065482546589E-010
         123  7.316981108851362E-010
         124  1.606705821282308E-008
         125  6.714519764041086E-008
         126  5.629419764014214E-007
         127  2.889708175632046E-006
         128  2.439766889198056E-005
         129  1.270454237433048E-004
         130  3.358543331541636E-004
         131  1.126843896304004E-003
         132  1.062168401537566E-003
         133  3.302588032429942E-005
         134  8.171356718447691E-005
         135  8.247263367403842E-005
         136  2.185808957625795E-004
         137  1.179355332285082E-004
         138  8.324594727973914E-005
         139  1.430276862540746E-005
         140  3.351970998398583E-005
         141  2.469482214532890E-005
         142  9.582962015789579E-006
         143  1.616433767666398E-006
         144  6.481376240184695E-006
         145  2.540280536300744E-006
         146  7.993224041357480E-006
         147  5.637162238982421E-006
         148  1.709241621026525E-005
         149  1.330385919945041E-005
         150  1.883043866026226E-005
         151  1.059444609061394E-005
         152  1.596055271486409E-005
         153  6.084851734968052E-006
         154  5.249450890861094E-005
         155  3.407063568725602E-005
         156  5.198158642487479E-005
         157  2.063518110368489E-005
         158  3.039887915322357E-005
         159  2.313827498184028E-005
         160  4.645408504359961E-005
         161  1.842590152803366E-005
         162  5.708902464368931E-005
         163  2.694118730960356E-005
         164  8.454449385559618E-005
         165  7.020430588614090E-005
         166  1.557414453366819E-004
         167  4.024017341489410E-005
         168  1.312360024093551E-004
         169  8.266645422814265E-005
         170  5.176594692593136E-005
         171  1.815250939616722E-005
         172  3.454674663029241E-005
         173  1.741610254043474E-005
         174  3.499816011346845E-005
         175  1.881783765576269E-005
         176  2.106175056514992E-005
         177  1.003754047699690E-005
         178  1.330687719133762E-005
         179  7.292335679589879E-006
         180  1.600733460847083E-005
         181  7.269693880704081E-006
         182  1.493658036649734E-005
         183  7.453834314427876E-006
         184  1.306230774420480E-005
         185  4.042166992574479E-006
         186  1.491642115980689E-005
         187  4.294261758706049E-006
         188  1.335560131878434E-005
         189  1.096636173233009E-005
         190  2.330720399437604E-005
         191  2.640718275494015E-005
         192  9.345748825243083E-005
         193  1.230416670252261E-004
         194  3.128188953316930E-004
         195  2.238880355443283E-004
         196  4.334734087049619E-004
         197  2.345081828016814E-004
         198  1.759060557134802E-004
         199  1.443093505614917E-005
         200  2.553604364822992E-006
         201  8.854000382204924E-008
         202  1.018468366657727E-007
         203  2.444047563500093E-008
         204  8.964225293508993E-008
         205  7.913011303427763E-008
         206  2.127697240915655E-006
         207  1.401495685081645E-006
         208  2.300463744684836E-006
         209  1.478336273671855E-006
         226  6.209516512062018E-014
         227  4.723253631859032E-015
         230  2.926233608413510E-012
         231  7.090558711013690E-012
         232  5.507793014062912E-007
         234  9.527565292438888E-012
         235  1.523663187537941E-007
         236  1.508407523098268E-009
         238  1.733883272046438E-007
         240  2.923771624303951E-013
         244  3.569056944975281E-009
