           1  7.438170912139757E-005
           2  6.470609901488105E-012
           3  1.574717819390911E-008
           4  8.362308940649701E-005
           6  5.674563962362780E-015
           7  3.114017005274736E-012
           8  2.708281752318958E-013
           9  1.912633244112939E-009
          10  2.713051082138141E-014
          14  2.114990089496810E-015
          15  2.061215834083093E-012
          16  1.256851319902008E-009
          17  9.288882198455445E-011
          18  4.416665286158448E-010
          19  1.909884582250349E-010
          20  4.813100264150696E-009
          21  7.712151524251109E-010
          22  1.426071005289146E-009
          23  5.043121507693541E-009
          24  1.155315915006500E-008
          25  1.416735399172111E-008
          26  1.162896183579943E-008
          27  2.374221088518986E-009
          28  1.517319052399213E-009
          29  8.338312907012821E-010
          30  2.609318056484828E-009
          31  4.329773056422780E-010
          32  6.251986448172830E-010
          33  8.909974336332519E-010
          34  4.216983496676459E-009
          35  2.786645741855813E-010
          36  1.151370973049516E-009
          37  8.035540195814459E-010
          38  1.103730104578375E-009
          39  3.222727294097987E-010
          40  6.356165603657382E-010
          41  8.899875462009780E-010
          42  6.140699285723946E-009
          43  4.957072423947732E-010
          44  1.055785382780272E-009
          45  4.778779684672205E-009
          46  7.453492427033955E-009
          47  7.790040727230225E-009
          48  5.672523273569937E-009
          49  5.380984552271775E-010
          50  3.124439875404207E-009
          51  1.533396597382974E-009
          52  6.287645984069806E-009
          53  2.244549005847826E-010
          54  5.677033325439018E-010
          55  3.634990987864914E-010
          56  4.285047410302342E-010
          57  1.089475437593889E-010
          58  2.186533633797328E-010
          59  1.503309736869590E-010
          60  1.823597296743247E-010
          61  2.060832045690076E-010
          62  9.332842417099103E-010
          63  3.654549706413708E-010
          64  3.661387966083240E-010
          65  3.059819158056519E-010
          66  4.275042640647657E-010
          67  5.857317904099950E-010
          68  8.327645452106076E-010
          69  1.543147972418884E-010
          70  4.679331833353647E-010
          71  1.611725386106080E-010
          72  1.994323656911177E-010
          73  2.244619890930454E-010
          74  4.763401386460706E-010
          75  1.174304235272104E-009
          76  2.962612737037069E-009
          77  5.593255237742723E-009
          78  9.950040190607656E-009
          79  8.032924462564441E-009
          80  3.227118521596089E-008
          81  1.216288988638071E-008
          82  1.056546622132633E-008
          83  4.575094531786314E-009
          84  5.156559383595508E-009
          85  3.484625607110827E-009
          86  3.791578468825312E-009
          87  2.616987855584712E-009
          88  6.216336448380699E-009
          89  2.692516044872443E-009
          90  5.192931522288013E-009
          91  3.553179236342543E-009
          92  3.016898023154657E-009
          93  2.520067329520111E-009
          94  5.858366366116818E-009
          95  2.928184153597759E-009
          96  3.432784089048479E-009
          97  1.457051480310846E-009
          98  1.328354853510078E-009
          99  1.482305854573299E-009
         100  1.285863122495918E-009
         101  9.811589375683932E-010
         102  1.802814712504138E-009
         103  1.715395988334110E-009
         104  1.657613172632807E-009
         105  1.801829033819741E-009
         106  2.375213987134361E-009
         107  1.870303778800113E-009
         108  6.342140414792110E-009
         109  2.756085394183713E-009
         110  7.140461299201894E-009
         111  5.015180776930289E-009
         112  6.370377668328363E-009
         113  3.124051029257563E-009
         114  2.382876519990877E-009
         115  1.222343443044480E-009
         116  1.256392657792664E-009
         117  1.183682407549007E-009
         118  1.269953441371595E-009
         119  4.457314287559061E-010
         120  6.414184779792054E-010
         121  5.225815704975648E-010
         122  6.919989749337473E-010
         123  6.714344805561891E-010
         124  2.154071329956255E-008
         125  1.004408776464632E-007
         126  7.959525594536378E-007
         127  4.004436834385888E-006
         128  3.179639308292591E-005
         129  1.479230380749990E-004
         130  3.308969192237556E-004
         131  1.091244263681845E-003
         132  1.024371006611037E-003
         133  3.390593632798637E-005
         134  8.513787833665426E-005
         135  8.619398598430880E-005
         136  2.214759310839548E-004
         137  1.191850808547629E-004
         138  8.570371774975082E-005
         139  1.479596387222937E-005
         140  3.352896975628946E-005
         141  2.567258805114412E-005
         142  9.507155876390130E-006
         143  1.554681368904923E-006
         144  6.141339212665851E-006
         145  3.177350842180103E-006
         146  1.242545918775016E-005
         147  1.077604807028206E-005
         148  1.470719671990215E-005
         149  1.027081573335346E-005
         150  3.595205992529478E-005
         151  1.497858532126182E-005
         152  2.515925575995163E-005
         153  1.268190599732625E-005
         154  6.846019234922835E-005
         155  3.889272519149804E-005
         156  4.628721557348829E-005
         157  2.114517519755604E-005
         158  4.894284365082457E-005
         159  2.402393531917956E-005
         160  5.257646229623116E-005
         161  3.259294350159757E-005
         162  6.526421054601731E-005
         163  3.736381173870164E-005
         164  1.052058413162984E-004
         165  6.619899857774029E-005
         166  8.887997785180349E-005
         167  3.445133811824672E-005
         168  8.686735537557876E-005
         169  3.178724840448302E-005
         170  6.599244206687838E-005
         171  3.424450164941539E-005
         172  4.329500170117062E-005
         173  2.313109991672166E-005
         174  4.067684708106886E-005
         175  1.642755266124426E-005
         176  2.129802255370026E-005
         177  1.164172644413468E-005
         178  1.592369398402746E-005
         179  7.325332141990835E-006
         180  1.380453886403985E-005
         181  6.365360994474568E-006
         182  1.340465132067378E-005
         183  7.120825770746697E-006
         184  1.338675664512273E-005
         185  4.436388896626343E-006
         186  1.774285163557795E-005
         187  5.176422317931180E-006
         188  1.744734472315034E-005
         189  1.554299896446208E-005
         190  3.157548863559678E-005
         191  3.367919324070068E-005
         192  1.166955178768023E-004
         193  1.481280056020883E-004
         194  3.496240562266936E-004
         195  2.259937087667454E-004
         196  4.064999837001745E-004
         197  2.040556448846597E-004
         198  1.408889783853995E-004
         199  1.120017576378780E-005
         200  2.030247251497188E-006
         201  8.231703175313430E-008
         202  1.052819847947827E-007
         203  2.664072924234305E-008
         204  8.368355885883182E-008
         205  7.265822320405916E-008
         206  2.410358724602509E-006
         207  1.585512999200430E-006
         208  2.673118357513648E-006
         209  1.668549170845922E-006
         226  6.533106677306115E-014
         227  5.016573939448997E-015
         230  3.078725419176876E-012
         231  7.530891800067105E-012
         232  5.730910545999189E-007
         234  1.002406553064028E-011
         235  1.618284689931458E-007
         236  1.714755095331393E-009
         238  1.824239352656842E-007
         240  3.334849900868687E-013
         244  4.070861451765759E-009
