           1  7.493088421620770E-005
           2  6.470609901488105E-012
           3  1.574717819390911E-008
           4  8.330555211229153E-005
           6  5.674563962362780E-015
           7  3.114017005274736E-012
           8  2.708281752318958E-013
           9  1.912633244112939E-009
          10  2.713051082138141E-014
          14  1.703223620338785E-015
          15  1.779469338695509E-012
          16  1.218290963192432E-009
          17  9.085041736345277E-011
          18  4.452831020548973E-010
          19  1.965291047133940E-010
          20  4.507685335991773E-009
          21  7.520191322688316E-010
          22  1.711970476824326E-009
          23  4.760920504510200E-009
          24  1.110112534017502E-008
          25  1.342724981470185E-008
          26  1.182799315194330E-008
          27  2.605666374769417E-009
          28  1.626549816223960E-009
          29  8.539146863277560E-010
          30  2.796925938964632E-009
          31  4.880994909372923E-010
          32  6.017266299255250E-010
          33  7.736925189048545E-010
          34  4.395132868890615E-009
          35  2.899731628443785E-010
          36  1.145679004454647E-009
          37  6.984132433231904E-010
          38  9.183305354961641E-010
          39  2.778252553116329E-010
          40  6.261852450392381E-010
          41  9.135345974406854E-010
          42  6.329385659726879E-009
          43  5.303918460431023E-010
          44  9.416435410369229E-010
          45  4.156560606791277E-009
          46  7.181143232164716E-009
          47  8.127625846292058E-009
          48  6.154509190529068E-009
          49  4.759648313222484E-010
          50  3.147804749556608E-009
          51  1.616737517244480E-009
          52  6.286903408934021E-009
          53  1.996164108951693E-010
          54  4.793029923065102E-010
          55  3.388677606510708E-010
          56  4.175353458212760E-010
          57  1.094134045212754E-010
          58  2.195902420124919E-010
          59  1.529139345195980E-010
          60  1.672886915544873E-010
          61  1.692916329285440E-010
          62  8.336239345328652E-010
          63  3.453963639445126E-010
          64  3.708697777304260E-010
          65  3.201176641884436E-010
          66  4.432153411020117E-010
          67  5.922133814836742E-010
          68  8.857557346146698E-010
          69  1.672369655490000E-010
          70  5.090511307805274E-010
          71  1.754483261731224E-010
          72  2.119390433669733E-010
          73  2.157127758229261E-010
          74  4.338476814531886E-010
          75  1.008358250952227E-009
          76  2.779128269825290E-009
          77  5.447525346301476E-009
          78  1.025213617992911E-008
          79  7.845216166471772E-009
          80  3.219337096328094E-008
          81  1.127802608746176E-008
          82  1.023795778357631E-008
          83  4.525388242994016E-009
          84  5.213996028431270E-009
          85  3.512703938812245E-009
          86  3.738903134904181E-009
          87  2.267445022629251E-009
          88  5.588651507070997E-009
          89  2.678694225924383E-009
          90  5.184055585072123E-009
          91  3.289151214433414E-009
          92  2.711351880933771E-009
          93  2.291330529522257E-009
          94  5.492424474348637E-009
          95  2.725432154073431E-009
          96  3.288038378954365E-009
          97  1.415288579058855E-009
          98  1.307340558801108E-009
          99  1.460569579092053E-009
         100  1.267074382714717E-009
         101  9.715332082053519E-010
         102  1.688350876507701E-009
         103  1.602876183905026E-009
         104  1.547423906618290E-009
         105  1.640061343360744E-009
         106  2.052671266703354E-009
         107  1.582365100547355E-009
         108  5.221477525394732E-009
         109  2.372610411518271E-009
         110  6.676122810628713E-009
         111  4.686609041211440E-009
         112  6.192646993688826E-009
         113  3.092219372842528E-009
         114  2.442952153818621E-009
         115  1.300509235934744E-009
         116  1.358161890380995E-009
         117  1.220610871913073E-009
         118  1.321804717993750E-009
         119  4.942871367427357E-010
         120  7.051279531651452E-010
         121  5.684737405044483E-010
         122  7.467089114725645E-010
         123  6.486868482520071E-010
         124  1.853275010300933E-008
         125  7.327205204295099E-008
         126  5.979886616095855E-007
         127  3.129946069096939E-006
         128  2.625502450319376E-005
         129  1.297802782980866E-004
         130  3.241183445695100E-004
         131  1.082901504633941E-003
         132  1.007420705797621E-003
         133  3.318216606901852E-005
         134  8.289447604200875E-005
         135  7.334742826269903E-005
         136  2.017997771465380E-004
         137  1.126916783756647E-004
         138  9.321607423731047E-005
         139  1.377552174709545E-005
         140  3.238847432541005E-005
         141  2.510243079173958E-005
         142  1.001976766675623E-005
         143  1.721208062519474E-006
         144  6.890638627219649E-006
         145  3.187856605166580E-006
         146  1.254796841711753E-005
         147  1.191340614869923E-005
         148  4.197635984274674E-005
         149  3.111660766018713E-005
         150  3.942070753047756E-005
         151  1.979715697191438E-005
         152  3.326529890557487E-005
         153  1.221826624524242E-005
         154  3.438582082077975E-005
         155  1.775568160556270E-005
         156  5.024420457361793E-005
         157  2.062988312777679E-005
         158  4.869145136637148E-005
         159  6.420335592072737E-005
         160  8.530957802389019E-005
         161  4.148357654168777E-005
         162  1.584190564357336E-004
         163  6.675449737483905E-005
         164  9.446837958248810E-005
         165  7.522601285550526E-005
         166  9.138408656776543E-005
         167  3.257157678877477E-005
         168  6.710590012432148E-005
         169  2.108157727388704E-005
         170  3.193283514227357E-005
         171  2.889197469174841E-005
         172  4.165519655128707E-005
         173  2.604959312558833E-005
         174  5.365270383257457E-005
         175  3.007441305351742E-005
         176  2.677763641033157E-005
         177  7.193489211050832E-006
         178  6.342952632930969E-006
         179  3.825885228618263E-006
         180  9.457429247463403E-006
         181  5.055871249898685E-006
         182  1.208445143221999E-005
         183  6.461696168829524E-006
         184  1.172167929184169E-005
         185  3.719298365507632E-006
         186  1.448442336752727E-005
         187  4.198982590181154E-006
         188  1.354323071353241E-005
         189  1.188347656480365E-005
         190  2.441591625120771E-005
         191  2.897977303898853E-005
         192  1.007524464635756E-004
         193  1.282123792670838E-004
         194  3.077416872547416E-004
         195  2.172477761434826E-004
         196  4.239730259834810E-004
         197  2.192059860090124E-004
         198  1.571980264022390E-004
         199  1.223777301676030E-005
         200  2.280154591705563E-006
         201  9.058280422400483E-008
         202  1.182491112356657E-007
         203  3.049250988725141E-008
         204  9.027302088134301E-008
         205  7.551725709870167E-008
         206  2.396607589511369E-006
         207  1.578887937286725E-006
         208  2.638021739533428E-006
         209  1.680747060200541E-006
         210  1.001123235383175E-015
         226  7.089858977315996E-014
         227  5.415867285604820E-015
         230  3.341094846601014E-012
         231  8.130311847031770E-012
         232  6.073856197059637E-007
         234  1.087831785121236E-011
         235  1.747091783512629E-007
         236  1.830775578943411E-009
         238  1.979701295271106E-007
         240  3.556575040665917E-013
         244  4.341522006608962E-009
