           1  7.467369669898622E-005
           2  6.470609901488105E-012
           3  1.574717819390911E-008
           4  8.286302723556860E-005
           6  5.674563962362780E-015
           7  3.114017005274736E-012
           8  2.708281752318958E-013
           9  1.912633244112939E-009
          10  2.713051082138141E-014
          14  1.897764545751090E-015
          15  1.926365391802250E-012
          16  1.240341524529662E-009
          17  9.207773113662763E-011
          18  4.361658509343328E-010
          19  1.835928581862139E-010
          20  4.614713331874080E-009
          21  7.561180174637563E-010
          22  1.684511916287798E-009
          23  4.833641180624305E-009
          24  1.123406860066747E-008
          25  1.367706524932956E-008
          26  1.177191246943587E-008
          27  2.517828196819346E-009
          28  1.591859535469856E-009
          29  8.527700191797061E-010
          30  2.800420223057474E-009
          31  4.811365501982638E-010
          32  5.619422550842173E-010
          33  8.176036447077275E-010
          34  4.240707615295608E-009
          35  2.911510437079564E-010
          36  1.182929617414615E-009
          37  7.364361131269748E-010
          38  9.818101772628510E-010
          39  3.032181897573211E-010
          40  6.365700475582180E-010
          41  9.012641649549331E-010
          42  6.398061661455904E-009
          43  5.474652804921563E-010
          44  9.922947638091494E-010
          45  4.334888648690205E-009
          46  7.210095601914918E-009
          47  7.899904737795276E-009
          48  5.924593334439254E-009
          49  5.117220657369987E-010
          50  3.180646759317035E-009
          51  1.603269107594544E-009
          52  6.280227102825929E-009
          53  2.065407897766525E-010
          54  4.996972026663498E-010
          55  3.525316018445838E-010
          56  4.416181481504051E-010
          57  1.177276448070463E-010
          58  2.392975129466482E-010
          59  1.642612574179607E-010
          60  1.785747511291109E-010
          61  1.786836550151123E-010
          62  8.615148330654882E-010
          63  3.572086250104948E-010
          64  3.804398017851773E-010
          65  3.227912342971748E-010
          66  4.488014810429596E-010
          67  5.782308652218503E-010
          68  8.532273536034475E-010
          69  1.630647503139458E-010
          70  5.008235247905217E-010
          71  1.727896684414919E-010
          72  2.150666687000435E-010
          73  2.258035948808085E-010
          74  4.515278198619040E-010
          75  1.057222838610437E-009
          76  2.827472214270557E-009
          77  5.528167863852288E-009
          78  1.004642398309616E-008
          79  7.876882244935659E-009
          80  3.248059481930311E-008
          81  1.148126271726329E-008
          82  1.048745810717173E-008
          83  4.672463366035643E-009
          84  5.127935465615875E-009
          85  3.521433439586016E-009
          86  3.794300132248903E-009
          87  2.374691430075665E-009
          88  5.844565348711627E-009
          89  2.637989846423534E-009
          90  4.998378164024724E-009
          91  3.414482043907723E-009
          92  2.833230131212819E-009
          93  2.351001115530495E-009
          94  5.543424282682007E-009
          95  2.837235368198512E-009
          96  3.377024298558106E-009
          97  1.472585605597453E-009
          98  1.353501052277269E-009
          99  1.483581030614776E-009
         100  1.295288220855882E-009
         101  9.727213994548565E-010
         102  1.729569307995692E-009
         103  1.666324749271188E-009
         104  1.632876964406663E-009
         105  1.728536438702323E-009
         106  2.183805868413542E-009
         107  1.673538483685379E-009
         108  5.531210684913281E-009
         109  2.477741356074320E-009
         110  6.716632510573614E-009
         111  4.738985505507231E-009
         112  6.231454904021040E-009
         113  3.146339149171047E-009
         114  2.489199704516208E-009
         115  1.304800495970618E-009
         116  1.352152686798576E-009
         117  1.229513151886719E-009
         118  1.323664780641634E-009
         119  4.819485330284259E-010
         120  6.840777076030988E-010
         121  5.559480047989917E-010
         122  7.323306247289163E-010
         123  6.580971716036917E-010
         124  1.921973492197422E-008
         125  8.052164875109244E-008
         126  6.570595282602771E-007
         127  3.388002467993622E-006
         128  2.781361615860445E-005
         129  1.347383240899892E-004
         130  3.222050077670248E-004
         131  1.099791530613264E-003
         132  1.010483157559908E-003
         133  3.360437716179756E-005
         134  8.424856970291674E-005
         135  7.670960915493442E-005
         136  2.132321720494320E-004
         137  1.179298067027683E-004
         138  8.784322890502145E-005
         139  1.418687499421651E-005
         140  3.314362432089061E-005
         141  2.581559553269086E-005
         142  9.745316063171040E-006
         143  1.586088979665700E-006
         144  5.847473068486080E-006
         145  2.534846596555521E-006
         146  1.018019592313543E-005
         147  1.134554659789606E-005
         148  3.092709596535393E-005
         149  2.246948210650496E-005
         150  4.503917096865997E-005
         151  2.032713576131569E-005
         152  4.082415209609198E-005
         153  2.421098249612381E-005
         154  4.065035651365905E-005
         155  2.084684202141215E-005
         156  4.498159797401038E-005
         157  2.903055502880031E-005
         158  8.058185245610663E-005
         159  3.867097456622969E-005
         160  6.735051826667229E-005
         161  3.205159300572929E-005
         162  6.725557381448831E-005
         163  3.757107315511168E-005
         164  8.906705624504258E-005
         165  6.824879561702910E-005
         166  1.964442260308595E-004
         167  5.300671942658098E-005
         168  6.626515865081544E-005
         169  3.066058755416016E-005
         170  1.557579695208780E-005
         171  6.509858085689285E-006
         172  3.374360596220514E-005
         173  1.762480052894308E-005
         174  2.671241434758815E-005
         175  1.169192444063092E-005
         176  1.960198465524099E-005
         177  1.134908713263158E-005
         178  2.053944583295913E-005
         179  5.886326361642452E-006
         180  8.709241148749895E-006
         181  4.872279874863024E-006
         182  1.233917275781692E-005
         183  6.769993693134889E-006
         184  1.250562050356833E-005
         185  3.955880296899900E-006
         186  1.522996653614927E-005
         187  4.497965113675111E-006
         188  1.488277929104128E-005
         189  1.287861587129446E-005
         190  2.665688415521888E-005
         191  2.958055690261915E-005
         192  1.036092821082865E-004
         193  1.343097471468970E-004
         194  3.274835960416904E-004
         195  2.252670712623973E-004
         196  4.268601260787403E-004
         197  2.215168773751898E-004
         198  1.581232420134459E-004
         199  1.268634017388504E-005
         200  2.276734060892877E-006
         201  8.327688502654574E-008
         202  1.073162505566647E-007
         203  2.857433136461534E-008
         204  8.682313477115377E-008
         205  7.418706452808246E-008
         206  2.366913205494289E-006
         207  1.585951742154357E-006
         208  2.617885517528750E-006
         209  1.658045656930366E-006
         226  6.801854907603447E-014
         227  5.168664645588675E-015
         230  3.205372977351508E-012
         231  7.759210701683758E-012
         232  5.872727130592612E-007
         234  1.043641910219636E-011
         235  1.667347270130114E-007
         236  1.748185481987761E-009
         238  1.899281919980636E-007
         240  3.397296823402848E-013
         244  4.147090600687723E-009
