           1  7.439847624150148E-005
           2  6.470609901488105E-012
           3  1.574717819390911E-008
           4  8.296042936680748E-005
           6  5.674563962362780E-015
           7  3.114017005274736E-012
           8  2.708281752318958E-013
           9  1.912633244112939E-009
          10  2.713051082138141E-014
          14  2.021465176531753E-015
          15  2.053906677504353E-012
          16  1.242639671498163E-009
          17  9.220830366126029E-011
          18  4.407477320101530E-010
          19  1.891594199157647E-010
          20  4.761547647993506E-009
          21  7.778961392041906E-010
          22  1.401163548634781E-009
          23  5.008558612694433E-009
          24  1.149451174708990E-008
          25  1.400236791789320E-008
          26  1.156768271857313E-008
          27  2.488341647003969E-009
          28  1.570892332519528E-009
          29  8.159907677299152E-010
          30  2.585059026250728E-009
          31  4.529793536371616E-010
          32  6.430993651490540E-010
          33  8.559290499544283E-010
          34  4.274940290766377E-009
          35  2.834237964936168E-010
          36  1.132328295327340E-009
          37  8.108465768258201E-010
          38  1.104822263969513E-009
          39  3.269247525485150E-010
          40  6.357571210287481E-010
          41  8.722574245455344E-010
          42  6.114485534593478E-009
          43  5.117792552386021E-010
          44  1.012093593892581E-009
          45  4.638163676154288E-009
          46  7.412784580104446E-009
          47  7.865931307246518E-009
          48  5.780316351356093E-009
          49  5.360811033397646E-010
          50  3.121336894749317E-009
          51  1.545488339115393E-009
          52  6.360389113451703E-009
          53  2.264655647492376E-010
          54  5.628421478933183E-010
          55  3.725086386803212E-010
          56  4.314293740464152E-010
          57  1.133355658165325E-010
          58  2.073980713972826E-010
          59  1.463669400907658E-010
          60  1.798535891601125E-010
          61  1.988077856116135E-010
          62  9.312584958885390E-010
          63  3.680677497815641E-010
          64  3.559872561246547E-010
          65  2.979224520827661E-010
          66  4.305087389248979E-010
          67  5.877743304483782E-010
          68  8.695304581713147E-010
          69  1.598451496272708E-010
          70  4.729776827537560E-010
          71  1.636084952309865E-010
          72  2.015755731546867E-010
          73  2.137410461653765E-010
          74  4.660548080387041E-010
          75  1.140169463670358E-009
          76  2.943752565908720E-009
          77  5.502216946734554E-009
          78  9.938811667779897E-009
          79  7.915498527235506E-009
          80  3.201010750740178E-008
          81  1.207891751903721E-008
          82  1.056137591796459E-008
          83  4.581793835574511E-009
          84  5.141392596627158E-009
          85  3.422981204015608E-009
          86  3.720556559727807E-009
          87  2.568899338288983E-009
          88  6.135252417972222E-009
          89  2.730467566667459E-009
          90  5.202929572046153E-009
          91  3.472632045157926E-009
          92  2.965449639125912E-009
          93  2.504607500491122E-009
          94  5.904688695960873E-009
          95  2.947765785811369E-009
          96  3.291158614199552E-009
          97  1.414828729681015E-009
          98  1.307125276644723E-009
          99  1.475419182322586E-009
         100  1.308542698442614E-009
         101  9.899730451186393E-010
         102  1.767679452697060E-009
         103  1.674228283428067E-009
         104  1.619535470468611E-009
         105  1.741232270962620E-009
         106  2.297477377423182E-009
         107  1.796840097190110E-009
         108  6.028413922214251E-009
         109  2.626569688934710E-009
         110  6.944061343114649E-009
         111  4.919939929636117E-009
         112  6.402602574899471E-009
         113  3.192943605377886E-009
         114  2.487429759568658E-009
         115  1.299649743458721E-009
         116  1.343460292871803E-009
         117  1.241538507333445E-009
         118  1.324363597617920E-009
         119  4.594583778294290E-010
         120  6.430723489576821E-010
         121  5.239528314196194E-010
         122  6.929760268535235E-010
         123  6.429545298676923E-010
         124  1.921995130859007E-008
         125  8.536547396020996E-008
         126  6.918802531159572E-007
         127  3.534514511836631E-006
         128  2.870001147296050E-005
         129  1.384020384938662E-004
         130  3.253175537917011E-004
         131  1.086838215597677E-003
         132  1.032789896740796E-003
         133  3.463667095672454E-005
         134  8.727027662068392E-005
         135  8.628498555977641E-005
         136  2.218019948590585E-004
         137  1.198940134930598E-004
         138  8.792726486879819E-005
         139  1.444110695582330E-005
         140  3.333127175549506E-005
         141  2.603943014683203E-005
         142  9.842943214054610E-006
         143  1.662040952921728E-006
         144  7.054603366164266E-006
         145  3.796248314286470E-006
         146  1.362335531456820E-005
         147  8.250883525781986E-006
         148  2.201553662477125E-005
         149  1.714301527417268E-005
         150  2.390406997074410E-005
         151  8.590979662168834E-006
         152  1.777053731814873E-005
         153  1.135284553632748E-005
         154  1.993538628286359E-005
         155  1.381622195061977E-005
         156  3.208838919862226E-005
         157  2.503302447199939E-005
         158  7.861445615157402E-005
         159  3.614154438283389E-005
         160  6.437589874535209E-005
         161  4.128448961844496E-005
         162  1.922845252915720E-004
         163  6.718480574605961E-005
         164  6.271748418286155E-005
         165  3.832258888526166E-005
         166  5.076105590876682E-005
         167  2.329601994743405E-005
         168  1.553930602228973E-004
         169  6.645768819673749E-005
         170  3.678521741294312E-005
         171  1.123031607158637E-005
         172  2.215892649983215E-005
         173  1.739053044834589E-005
         174  4.441223509611217E-005
         175  2.300390958367265E-005
         176  1.863262429633830E-005
         177  9.308230829170407E-006
         178  2.269871764336857E-005
         179  6.752763030919018E-006
         180  9.502857513889262E-006
         181  4.778798029769200E-006
         182  1.110459144048145E-005
         183  6.087891600114790E-006
         184  1.166230729088424E-005
         185  3.890410211806270E-006
         186  1.566477219354439E-005
         187  4.494425086048296E-006
         188  1.469979941939896E-005
         189  1.300144476560963E-005
         190  2.734691152084553E-005
         191  3.084730982834833E-005
         192  1.082521137005525E-004
         193  1.383350662091182E-004
         194  3.348544354055652E-004
         195  2.242605481156623E-004
         196  4.150125038850907E-004
         197  2.142736840220344E-004
         198  1.524553534385701E-004
         199  1.224580904442528E-005
         200  2.190988701426352E-006
         201  8.334353685053786E-008
         202  1.040321137410971E-007
         203  2.634117775263454E-008
         204  7.905677807702345E-008
         205  6.767151093970888E-008
         206  2.327861760371184E-006
         207  1.524689614654381E-006
         208  2.588369539270810E-006
         209  1.634374612247400E-006
         226  6.553261956043106E-014
         227  4.999335323823465E-015
         230  3.088223590880351E-012
         231  7.505013152482957E-012
         232  5.712032817095662E-007
         234  1.005499076190119E-011
         235  1.612723725799536E-007
         236  1.681634950569308E-009
         238  1.829867311061915E-007
         240  3.268172993730669E-013
         244  3.989468747728190E-009
