           1  7.541906822106259E-005
           2  6.470609901488105E-012
           3  1.574717819390911E-008
           4  8.468735711209270E-005
           6  5.674563962362780E-015
           7  3.114017005274736E-012
           8  2.708281752318958E-013
           9  1.912633244112939E-009
          10  2.713051082138141E-014
          14  1.547157054161531E-015
          15  1.545607638678810E-012
          16  1.190826527172650E-009
          17  8.911905726311931E-011
          18  4.454357869750565E-010
          19  2.002437659434625E-010
          20  4.465322535093229E-009
          21  7.322382884682685E-010
          22  1.716213167551111E-009
          23  4.724181520422037E-009
          24  1.102256027030419E-008
          25  1.343931194789985E-008
          26  1.192113340556089E-008
          27  2.517138426366686E-009
          28  1.549676193084987E-009
          29  8.515812070052063E-010
          30  2.730806574097289E-009
          31  4.591993419291559E-010
          32  5.847755117408113E-010
          33  7.755276125170371E-010
          34  4.328703339150530E-009
          35  2.872273389782930E-010
          36  1.168975716516401E-009
          37  7.004089195497002E-010
          38  9.240919415975815E-010
          39  2.670351638485640E-010
          40  6.127581348546404E-010
          41  9.130091367897362E-010
          42  6.193286996672273E-009
          43  5.083564919665906E-010
          44  9.656504681143149E-010
          45  4.224938529112527E-009
          46  7.238966351079551E-009
          47  8.127564724144914E-009
          48  6.110645627902542E-009
          49  4.813155510569584E-010
          50  3.154994113476801E-009
          51  1.604341535753362E-009
          52  6.121340539055111E-009
          53  1.984436320140430E-010
          54  4.895273251486776E-010
          55  3.282338090706093E-010
          56  4.001689783688598E-010
          57  1.028535729053455E-010
          58  2.251073063043491E-010
          59  1.537460143342924E-010
          60  1.663045647240130E-010
          61  1.678542794600012E-010
          62  8.114346411374516E-010
          63  3.393866774082200E-010
          64  3.806753815071051E-010
          65  3.309204388540742E-010
          66  4.474318425598095E-010
          67  5.896404089968216E-010
          68  8.557953689290458E-010
          69  1.639559840551564E-010
          70  5.065143377939666E-010
          71  1.737016576644455E-010
          72  2.122842981460882E-010
          73  2.252894255326354E-010
          74  4.405277933156252E-010
          75  1.029193773021431E-009
          76  2.802090403928138E-009
          77  5.575540137287861E-009
          78  1.031164739323238E-008
          79  7.871435224883591E-009
          80  3.180530551229136E-008
          81  1.135554602400712E-008
          82  9.999958672820960E-009
          83  4.336179457258457E-009
          84  5.101680504037085E-009
          85  3.461160231308969E-009
          86  3.676945322720553E-009
          87  2.227049477870809E-009
          88  5.454022307389619E-009
          89  2.581771530328595E-009
          90  5.019147006833638E-009
          91  3.226607323306620E-009
          92  2.656066612564272E-009
          93  2.219231729314235E-009
          94  5.205798258633885E-009
          95  2.586264916438175E-009
          96  3.304999154391484E-009
          97  1.413221055946102E-009
          98  1.300623189922460E-009
          99  1.440077565796318E-009
         100  1.220686554902277E-009
         101  9.335526024530996E-010
         102  1.627320696621282E-009
         103  1.550444500476153E-009
         104  1.502969281740826E-009
         105  1.614851990066780E-009
         106  2.005244952653829E-009
         107  1.546820431757397E-009
         108  5.172095642773720E-009
         109  2.370211506410648E-009
         110  6.642551115794658E-009
         111  4.618830153681890E-009
         112  6.017293478978078E-009
         113  2.962820765579674E-009
         114  2.303921844187333E-009
         115  1.223714584987304E-009
         116  1.271884937719712E-009
         117  1.155712792241411E-009
         118  1.259439381179314E-009
         119  4.748729379783053E-010
         120  6.874525433059368E-010
         121  5.539918502928534E-010
         122  7.488917884140750E-010
         123  6.480350055533759E-010
         124  2.050430158889978E-008
         125  7.829480120992072E-008
         126  6.353609054707450E-007
         127  3.339520243771095E-006
         128  2.781025766824253E-005
         129  1.340660789884242E-004
         130  3.238286972884100E-004
         131  1.068344769410697E-003
         132  9.762827870296320E-004
         133  3.218812676790502E-005
         134  8.012714448742589E-005
         135  6.987229234756011E-005
         136  1.890769777271525E-004
         137  1.055038317383661E-004
         138  9.072543500623798E-005
         139  1.393172441282696E-005
         140  3.275655297923838E-005
         141  2.505016941207298E-005
         142  9.963983538543353E-006
         143  2.085686648675224E-006
         144  1.243984692725555E-005
         145  7.769060629172597E-006
         146  3.011949912955469E-005
         147  1.765746770156042E-005
         148  2.642422912988794E-005
         149  1.729687006125994E-005
         150  1.760375334184214E-005
         151  1.200923726278435E-005
         152  3.131857873509915E-005
         153  1.417810941840483E-005
         154  8.081116166762680E-005
         155  4.819412127551092E-005
         156  6.332918716617014E-005
         157  2.430237340809990E-005
         158  3.483503263847995E-005
         159  2.728693392631502E-005
         160  1.441159338413317E-004
         161  5.868406014990214E-005
         162  9.529523103225698E-005
         163  4.224097202815088E-005
         164  1.121133316769318E-004
         165  1.000228709053174E-004
         166  1.188880719016298E-004
         167  3.254101973976701E-005
         168  9.227033679925600E-005
         169  2.874950020338204E-005
         170  2.454157405456362E-005
         171  1.529858232068720E-005
         172  6.113260393696668E-005
         173  3.412041221009473E-005
         174  4.773719411992753E-005
         175  2.127752378471493E-005
         176  3.135650619811452E-005
         177  1.579311072482673E-005
         178  2.192955249583595E-005
         179  6.999228169309062E-006
         180  1.076283164155940E-005
         181  5.684598716332642E-006
         182  1.331783306851957E-005
         183  7.043331806834047E-006
         184  1.256656448739750E-005
         185  3.916214024453178E-006
         186  1.501498763935132E-005
         187  4.435011719740605E-006
         188  1.471669915134750E-005
         189  1.301614690782687E-005
         190  2.591306261200640E-005
         191  2.982669289915806E-005
         192  1.027565460284159E-004
         193  1.302759010540782E-004
         194  3.060924033787226E-004
         195  2.082186245333327E-004
         196  3.955230357861500E-004
         197  2.002561515733749E-004
         198  1.391393396839127E-004
         199  1.065209306723143E-005
         200  2.043411626405344E-006
         201  8.784762004820740E-008
         202  1.187632512030990E-007
         203  3.075858508125453E-008
         204  8.773712174780522E-008
         205  7.241744575174410E-008
         206  2.453039820922300E-006
         207  1.595792405793073E-006
         208  2.674084556404746E-006
         209  1.722180088170114E-006
         210  1.097230047375597E-015
         226  7.770478225488402E-014
         227  5.895600011212253E-015
         230  3.661836552443399E-012
         231  8.850487666845898E-012
         232  6.542185045024532E-007
         234  1.192262529667238E-011
         235  1.901847625742848E-007
         236  2.083164733213140E-009
         238  2.169750605349694E-007
         240  4.054630662268433E-013
         244  4.949500023937050E-009
