           1  7.465701116342130E-005
           2  6.470609901488105E-012
           3  1.574717819390911E-008
           4  8.325129861439351E-005
           6  5.674563962362780E-015
           7  3.114017005274736E-012
           8  2.708281752318958E-013
           9  1.912633244112939E-009
          10  2.713051082138141E-014
          14  1.964787807149673E-015
          15  1.893493184015820E-012
          16  1.198114852180452E-009
          17  8.959383894762657E-011
          18  4.616947430466391E-010
          19  2.198742999838894E-010
          20  4.519738419528438E-009
          21  7.178197915067239E-010
          22  1.652031940187086E-009
          23  4.778821445032365E-009
          24  1.109647977101194E-008
          25  1.372227982703090E-008
          26  1.241638898593583E-008
          27  2.441429312265944E-009
          28  1.486852609287213E-009
          29  8.944196850028391E-010
          30  2.749843310030803E-009
          31  4.385136345225973E-010
          32  6.108653118019195E-010
          33  7.951302281308990E-010
          34  4.241429706224775E-009
          35  2.940846274150646E-010
          36  1.265630871557535E-009
          37  7.922795362130408E-010
          38  1.066150400843050E-009
          39  2.818569225365399E-010
          40  6.052164580614649E-010
          41  9.009804534500499E-010
          42  5.879430006177012E-009
          43  4.727251700594491E-010
          44  1.020303256369447E-009
          45  4.450525664155098E-009
          46  7.476879672978107E-009
          47  8.148858126755820E-009
          48  5.989533970074618E-009
          49  5.179928328845967E-010
          50  3.157947463793573E-009
          51  1.561031394976166E-009
          52  6.202674041069846E-009
          53  2.133572388952429E-010
          54  5.405914218262437E-010
          55  3.231851096528800E-010
          56  3.863110745384096E-010
          57  9.643334257671856E-011
          58  2.277894598721981E-010
          59  1.502403781408691E-010
          60  1.681897840286519E-010
          61  1.750746194873353E-010
          62  8.043340444589309E-010
          63  3.339674743938504E-010
          64  3.860786942474803E-010
          65  3.307353471509912E-010
          66  4.393821587158590E-010
          67  5.758451626435917E-010
          68  7.857670947585460E-010
          69  1.512084814054763E-010
          70  4.681343598129576E-010
          71  1.600835472731749E-010
          72  2.020502436254140E-010
          73  2.331307266580183E-010
          74  4.406271642788873E-010
          75  1.033898540420876E-009
          76  2.761564564306252E-009
          77  5.722670589229140E-009
          78  1.029602786942510E-008
          79  7.980890173791750E-009
          80  3.142296682365161E-008
          81  1.246193571798814E-008
          82  1.075259290398750E-008
          83  4.566468138045758E-009
          84  5.120533712499019E-009
          85  3.503921847842753E-009
          86  3.757842823851305E-009
          87  2.401800237367677E-009
          88  5.838625035868830E-009
          89  2.606014858882163E-009
          90  5.040870620947067E-009
          91  3.420690527011199E-009
          92  2.854545029083598E-009
          93  2.351026842690947E-009
          94  5.312454287011137E-009
          95  2.742993343691800E-009
          96  3.770466397813022E-009
          97  1.605131563737884E-009
          98  1.441368156969981E-009
          99  1.561599257956304E-009
         100  1.305356792985210E-009
         101  9.771787386670837E-010
         102  1.723946122177326E-009
         103  1.630171197220655E-009
         104  1.579284806548172E-009
         105  1.706269498239795E-009
         106  2.123581552148346E-009
         107  1.652150031835317E-009
         108  5.715978496445782E-009
         109  2.601539812194942E-009
         110  7.148984846123300E-009
         111  5.000733032568009E-009
         112  6.410659181095178E-009
         113  3.134988618121105E-009
         114  2.392305177962800E-009
         115  1.239791102987497E-009
         116  1.290373668631697E-009
         117  1.219248002597168E-009
         118  1.339191289790018E-009
         119  4.991244414097382E-010
         120  7.355188059603387E-010
         121  5.984986194116348E-010
         122  7.682330614275480E-010
         123  7.042003562676588E-010
         124  2.105960045364217E-008
         125  9.364890176897139E-008
         126  7.400334242150489E-007
         127  3.770686030765030E-006
         128  3.052363408000984E-005
         129  1.436311613330598E-004
         130  3.324469537287756E-004
         131  1.079818318188686E-003
         132  1.017879958801691E-003
         133  3.323435216468638E-005
         134  8.335195042100445E-005
         135  8.133612792747754E-005
         136  2.114414638172174E-004
         137  1.141546477832153E-004
         138  8.461956971301413E-005
         139  1.393268472333978E-005
         140  3.109914318671821E-005
         141  2.169872730566791E-005
         142  8.057028895751009E-006
         143  1.340784373261837E-006
         144  5.069228572717757E-006
         145  1.999916503938442E-006
         146  1.067596278613770E-005
         147  1.774338532184873E-005
         148  2.653814421121088E-005
         149  1.522918366682103E-005
         150  3.385719485273799E-005
         151  1.551241038329487E-005
         152  2.072035160372031E-005
         153  9.022508999468978E-006
         154  4.430201376940585E-005
         155  2.478155807425238E-005
         156  5.689884032468514E-005
         157  2.701739792727051E-005
         158  5.313081660882270E-005
         159  2.756615441340855E-005
         160  6.381776667273066E-005
         161  3.989372774006669E-005
         162  7.636818555927571E-005
         163  4.995306344138478E-005
         164  1.259151821371507E-004
         165  5.254060792347415E-005
         166  1.120525514759685E-004
         167  4.721652812464870E-005
         168  9.024470058866916E-005
         169  3.607229796460830E-005
         170  4.958980483156936E-005
         171  3.668042646197403E-005
         172  6.737640492301738E-005
         173  4.288460283438264E-005
         174  5.351362710225124E-005
         175  2.129154896984698E-005
         176  2.600196357867771E-005
         177  9.404411734575682E-006
         178  8.531464884074580E-006
         179  4.583664529010865E-006
         180  1.034699114649510E-005
         181  5.182237172289113E-006
         182  1.147915362137297E-005
         183  6.012055049566087E-006
         184  1.088386931002376E-005
         185  3.482871106718905E-006
         186  1.352449201960158E-005
         187  4.176815105429839E-006
         188  1.493402051881685E-005
         189  1.351432113175720E-005
         190  2.698660491628169E-005
         191  2.973238777833778E-005
         192  1.062543804643339E-004
         193  1.388970284291173E-004
         194  3.295945157591805E-004
         195  2.197308756753404E-004
         196  4.089366768043603E-004
         197  2.042474518296337E-004
         198  1.399817831580839E-004
         199  1.087614209207717E-005
         200  1.999055165692790E-006
         201  8.492740956037240E-008
         202  1.099535364142644E-007
         203  2.723009245347858E-008
         204  8.424765528223835E-008
         205  7.232480406283020E-008
         206  2.375761319383032E-006
         207  1.533488136570346E-006
         208  2.556204470437125E-006
         209  1.644191696311724E-006
         226  6.787190257154428E-014
         227  5.298721946858876E-015
         230  3.198462263302162E-012
         231  7.954453007587493E-012
         232  6.059542333878567E-007
         234  1.041391841081847E-011
         235  1.709302146505860E-007
         236  1.780626354252413E-009
         238  1.895187109691532E-007
         240  3.462649411600022E-013
         244  4.226866704552458E-009
