           1  7.413707520775287E-005
           2  6.470609901488105E-012
           3  1.574717819390911E-008
           4  7.971351454436144E-005
           6  5.674563962362780E-015
           7  3.114017005274736E-012
           8  2.708281752318958E-013
           9  1.912633244112939E-009
          10  2.713051082138141E-014
          14  1.988155638878223E-015
          15  2.174473987568026E-012
          16  1.254510151716031E-009
          17  9.302185270505651E-011
          18  4.476288414399934E-010
          19  1.962263187266900E-010
          20  4.632351494939841E-009
          21  7.608620736353008E-010
          22  1.671701192085537E-009
          23  4.854454605787900E-009
          24  1.127249985845273E-008
          25  1.372653567385975E-008
          26  1.178094895774206E-008
          27  2.562129506047090E-009
          28  1.612325483946051E-009
          29  8.696081756864093E-010
          30  2.809675983011241E-009
          31  4.960663600237989E-010
          32  5.988178304877103E-010
          33  8.085905261792441E-010
          34  4.383038200530289E-009
          35  2.973933239079975E-010
          36  1.181301018996036E-009
          37  7.380129493427422E-010
          38  9.746545703869588E-010
          39  2.937154834304069E-010
          40  6.356537364298070E-010
          41  9.100570720084403E-010
          42  6.381885002048970E-009
          43  5.549132319764697E-010
          44  9.934381502960358E-010
          45  4.355563117456116E-009
          46  7.294512720769370E-009
          47  8.018836916805699E-009
          48  5.991487146909770E-009
          49  4.997690531254117E-010
          50  3.131647589680962E-009
          51  1.593111485526328E-009
          52  6.275020634982117E-009
          53  2.109387295237597E-010
          54  5.057432102122281E-010
          55  3.449991973514484E-010
          56  4.266995572137401E-010
          57  1.150683230534725E-010
          58  2.261740672436263E-010
          59  1.590217817825428E-010
          60  1.778094528002439E-010
          61  1.766283416145064E-010
          62  8.568255691369113E-010
          63  3.534162028487301E-010
          64  3.694906453428187E-010
          65  3.165902410954747E-010
          66  4.517991762628332E-010
          67  5.832338814307884E-010
          68  8.652662973566520E-010
          69  1.620391647569585E-010
          70  4.888261024553213E-010
          71  1.707706514401808E-010
          72  2.149147866303977E-010
          73  2.234252236282646E-010
          74  4.496573487259550E-010
          75  1.037137159610261E-009
          76  2.782454268667528E-009
          77  5.417909481120166E-009
          78  1.012549550621600E-008
          79  7.945686843272283E-009
          80  3.250708558608167E-008
          81  1.181616240579688E-008
          82  1.058045078339692E-008
          83  4.666589899804730E-009
          84  5.277423682125264E-009
          85  3.563567380725500E-009
          86  3.844375510431512E-009
          87  2.459720309547672E-009
          88  5.919576677342457E-009
          89  2.700418600352676E-009
          90  5.158712143524294E-009
          91  3.529155050074751E-009
          92  2.946262194109106E-009
          93  2.423447203703254E-009
          94  5.563060996987031E-009
          95  2.848771092859400E-009
          96  3.391923590617776E-009
          97  1.482308025367935E-009
          98  1.377820341468437E-009
          99  1.543667664859690E-009
         100  1.365229577482014E-009
         101  1.012780158267307E-009
         102  1.773110863088070E-009
         103  1.688308113717678E-009
         104  1.649890429133106E-009
         105  1.761820902268750E-009
         106  2.237130470362478E-009
         107  1.704308976931494E-009
         108  5.662847945459933E-009
         109  2.517846324974328E-009
         110  6.854388479815253E-009
         111  4.866017095123890E-009
         112  6.470481490069525E-009
         113  3.276691234083012E-009
         114  2.599882475017643E-009
         115  1.370622659038614E-009
         116  1.412864778919463E-009
         117  1.205626457756752E-009
         118  1.285495269693499E-009
         119  4.996051254102167E-010
         120  7.045489141471981E-010
         121  5.740127036540140E-010
         122  7.188563385717514E-010
         123  6.620927978724173E-010
         124  1.684439088017939E-008
         125  7.777546275857628E-008
         126  6.367884425457210E-007
         127  3.273225021913770E-006
         128  2.712804399935758E-005
         129  1.338987475368708E-004
         130  3.272886379498172E-004
         131  1.104581942009690E-003
         132  1.040608281175805E-003
         133  3.393510990182845E-005
         134  8.462092821729819E-005
         135  8.036865921341576E-005
         136  2.196834308410032E-004
         137  1.210245828371159E-004
         138  9.239875146872082E-005
         139  1.471534530286879E-005
         140  3.372955969076510E-005
         141  2.541788144164906E-005
         142  9.777514934201283E-006
         143  1.562088832164146E-006
         144  5.373285634067401E-006
         145  1.854536011755025E-006
         146  6.927123351565353E-006
         147  8.908878866967029E-006
         148  1.177253447794631E-005
         149  9.075853183054820E-006
         150  3.108787245443015E-005
         151  1.581012617311429E-005
         152  1.906044254865426E-005
         153  7.861316737592366E-006
         154  4.478790840234338E-005
         155  2.543166014821600E-005
         156  8.464031042522275E-005
         157  3.373849197472428E-005
         158  4.904611196554106E-005
         159  5.142971267490772E-005
         160  6.496406226920451E-005
         161  2.377646995765397E-005
         162  4.931727819767881E-005
         163  4.047043528344205E-005
         164  1.142452966550585E-004
         165  7.016917172059910E-005
         166  7.616484669393709E-005
         167  2.483582135636592E-005
         168  1.294135337824716E-004
         169  5.855496621356704E-005
         170  3.090925406063475E-005
         171  1.418742292751207E-005
         172  4.465691287528526E-005
         173  2.152150331488249E-005
         174  2.923098500456552E-005
         175  1.739519923202845E-005
         176  2.363511435850043E-005
         177  1.307969556328637E-005
         178  2.475645539127025E-005
         179  9.215833443564596E-006
         180  1.351581233359376E-005
         181  6.016873226390658E-006
         182  1.256101151850418E-005
         183  6.445698969130231E-006
         184  1.149132468868858E-005
         185  3.613635526470157E-006
         186  1.372615139645032E-005
         187  4.004980709974842E-006
         188  1.308912889971507E-005
         189  1.127498146759423E-005
         190  2.360677186034054E-005
         191  2.705220742765655E-005
         192  9.710588255347907E-005
         193  1.283168841172115E-004
         194  3.210746206029868E-004
         195  2.254456938172348E-004
         196  4.349864203839580E-004
         197  2.295699590101312E-004
         198  1.677081587846089E-004
         199  1.351091814271474E-005
         200  2.448168635890634E-006
         201  9.050544226977531E-008
         202  1.129941090224349E-007
         203  2.892269103172171E-008
         204  9.144906940234218E-008
         205  7.842365191203470E-008
         206  2.185999260861356E-006
         207  1.471245090015593E-006
         208  2.414852921388052E-006
         209  1.510074624445891E-006
         226  5.312452064549414E-014
         227  4.120985145496015E-015
         230  2.503492138908572E-012
         231  6.186431938412340E-012
         232  4.813124035020635E-007
         234  8.151155377335243E-012
         235  1.329378824848668E-007
         236  1.326990529607107E-009
         238  1.483395969779293E-007
         240  2.574528730478313E-013
         244  3.142735078612547E-009
