           1  7.475544852932604E-005
           2  6.470609901488105E-012
           3  1.574717819390911E-008
           4  7.994581937804540E-005
           6  5.674563962362780E-015
           7  3.114017005274736E-012
           8  2.708281752318958E-013
           9  1.912633244112939E-009
          10  2.713051082138141E-014
          14  1.861702414993199E-015
          15  1.845659244714797E-012
          16  1.259092015821474E-009
          17  9.307645374294579E-011
          18  4.334344612063838E-010
          19  1.803381655683184E-010
          20  4.690390479769861E-009
          21  7.721990078018595E-010
          22  1.646194359297570E-009
          23  4.902565548543254E-009
          24  1.136188759275330E-008
          25  1.378427679139129E-008
          26  1.160465064019626E-008
          27  2.524957348572308E-009
          28  1.593300347436328E-009
          29  8.299474623959720E-010
          30  2.721311668000270E-009
          31  4.782911735554796E-010
          32  5.652902750278878E-010
          33  8.241834664552663E-010
          34  4.263147945955274E-009
          35  2.870915149048103E-010
          36  1.141178961342626E-009
          37  7.291343755360549E-010
          38  9.724437542385799E-010
          39  3.036427895481748E-010
          40  6.374063794302485E-010
          41  8.967983323695326E-010
          42  6.434613126847815E-009
          43  5.547215388662299E-010
          44  9.942728633092217E-010
          45  4.386973050801667E-009
          46  7.230124042626597E-009
          47  7.885983176432612E-009
          48  5.904712880396231E-009
          49  5.103646967865291E-010
          50  3.162889528875078E-009
          51  1.598594932306016E-009
          52  6.220771015646300E-009
          53  2.073635009433103E-010
          54  5.000415065095956E-010
          55  3.560674435096509E-010
          56  4.399602252171695E-010
          57  1.186581427755725E-010
          58  2.287625878252614E-010
          59  1.604705343076252E-010
          60  1.786960949783890E-010
          61  1.797361285935153E-010
          62  8.780177091722127E-010
          63  3.605761451852245E-010
          64  3.696139252502242E-010
          65  3.148485043238087E-010
          66  4.478642130423520E-010
          67  5.784040520023752E-010
          68  8.715962638274680E-010
          69  1.644027424220921E-010
          70  5.015819940815785E-010
          71  1.743084123245269E-010
          72  2.172494598906911E-010
          73  2.227743856267583E-010
          74  4.590206206980273E-010
          75  1.084270176415389E-009
          76  2.871803261540400E-009
          77  5.464860729575226E-009
          78  1.006407649887178E-008
          79  7.929931427421408E-009
          80  3.273901556882255E-008
          81  1.146596673533921E-008
          82  1.034105795259970E-008
          83  4.596706430230783E-009
          84  5.155197285074751E-009
          85  3.502425741428530E-009
          86  3.784893100401487E-009
          87  2.425805120274953E-009
          88  5.873287076737184E-009
          89  2.650198732797441E-009
          90  5.049764009457238E-009
          91  3.457815622661264E-009
          92  2.862891359129441E-009
          93  2.369245944912264E-009
          94  5.587479663164237E-009
          95  2.817246714370290E-009
          96  3.224063152193869E-009
          97  1.406202237712281E-009
          98  1.314825638228898E-009
          99  1.468515676271681E-009
         100  1.292013317626009E-009
         101  9.691470235200839E-010
         102  1.720528527948224E-009
         103  1.661810692600707E-009
         104  1.626315501738987E-009
         105  1.742684158090302E-009
         106  2.231696248823362E-009
         107  1.701218474428912E-009
         108  5.607081721344028E-009
         109  2.495463762628619E-009
         110  6.731250942778376E-009
         111  4.723366613693449E-009
         112  6.230525317031890E-009
         113  3.146428029400656E-009
         114  2.487593568887888E-009
         115  1.311967885606991E-009
         116  1.347370685790695E-009
         117  1.156483088253701E-009
         118  1.230973737957045E-009
         119  4.727028770536097E-010
         120  6.648530027979159E-010
         121  5.384235417684300E-010
         122  6.987538438229677E-010
         123  6.416238842183024E-010
         124  1.821535452652574E-008
         125  7.984726065187030E-008
         126  6.558607189920377E-007
         127  3.378651191959403E-006
         128  2.786169650563986E-005
         129  1.356595197411112E-004
         130  3.250589208975229E-004
         131  1.104432651814431E-003
         132  1.002729643528093E-003
         133  3.274923532362229E-005
         134  8.163265224507701E-005
         135  7.621642409252349E-005
         136  2.081382556225835E-004
         137  1.146950854837965E-004
         138  8.652201090016220E-005
         139  1.389452869640941E-005
         140  3.217992346213674E-005
         141  2.498841625928937E-005
         142  9.517353015034736E-006
         143  1.699565609774042E-006
         144  7.963428731432749E-006
         145  4.641284620430232E-006
         146  1.884488999268459E-005
         147  1.522069192327455E-005
         148  2.610199215839099E-005
         149  1.764043482316000E-005
         150  2.762598660472660E-005
         151  1.863459904420239E-005
         152  2.233793746927780E-005
         153  8.807895526725485E-006
         154  2.116268842198377E-005
         155  1.175001787175910E-005
         156  2.436040669646270E-005
         157  1.862139361043533E-005
         158  8.022851628389734E-005
         159  6.161682469256368E-005
         160  6.820099714102698E-005
         161  2.474775689001339E-005
         162  4.713496093466016E-005
         163  2.901083122877086E-005
         164  9.248316046576930E-005
         165  8.547901598559409E-005
         166  1.562095933709202E-004
         167  4.692349417521782E-005
         168  1.960970617451124E-004
         169  7.405483142849411E-005
         170  3.747083766567043E-005
         171  1.498235165937303E-005
         172  2.960527690451933E-005
         173  3.654146460555147E-005
         174  4.527712111725358E-005
         175  1.291414409999078E-005
         176  1.310394436978540E-005
         177  7.859852562186439E-006
         178  1.288154723699459E-005
         179  7.142492237945104E-006
         180  1.492786344510296E-005
         181  6.840507240865483E-006
         182  1.479806208590739E-005
         183  7.825781244890044E-006
         184  1.423799026044528E-005
         185  4.497902394460328E-006
         186  1.733390152691849E-005
         187  5.032408131212827E-006
         188  1.623287585849938E-005
         189  1.383988070065260E-005
         190  2.819466247652464E-005
         191  3.093152161357702E-005
         192  1.055708395300329E-004
         193  1.337736316802426E-004
         194  3.211426599745915E-004
         195  2.135909751180540E-004
         196  3.931563778015606E-004
         197  2.035795963306869E-004
         198  1.441980545264265E-004
         199  1.143122033001415E-005
         200  2.042523437632346E-006
         201  7.463485449039139E-008
         202  9.533139681724279E-008
         203  2.508267475313793E-008
         204  7.852358005576375E-008
         205  6.755679439471535E-008
         206  2.083560110814034E-006
         207  1.400074819978725E-006
         208  2.320846976991357E-006
         209  1.454309251009011E-006
         226  5.959214474170307E-014
         227  4.495934534974054E-015
         230  2.808278815297116E-012
         231  6.749306784222043E-012
         232  5.101547856508586E-007
         234  9.143514617283850E-012
         235  1.450332859178741E-007
         236  1.541289057892808E-009
         238  1.663991434957908E-007
         240  2.996063917641482E-013
         244  3.657304368084440E-009
