           1  7.413648061241031E-005
           2  6.470609901488105E-012
           3  1.574717819390911E-008
           4  8.168622487940098E-005
           6  5.674563962362780E-015
           7  3.114017005274736E-012
           8  2.708281752318958E-013
           9  1.912633244112939E-009
          10  2.713051082138141E-014
          14  2.193067302165732E-015
          15  2.160755554449246E-012
          16  1.231842739218136E-009
          17  9.181488701257012E-011
          18  4.625224930620270E-010
          19  2.159271843550190E-010
          20  4.564964825739798E-009
          21  7.555242924608199E-010
          22  1.610552478313416E-009
          23  4.828476093582686E-009
          24  1.121554488757214E-008
          25  1.361305290332982E-008
          26  1.230097644981356E-008
          27  2.724003842665381E-009
          28  1.616066894305560E-009
          29  8.403121256594827E-010
          30  2.675938475956215E-009
          31  4.837975679589316E-010
          32  6.456263308970775E-010
          33  7.609163876489747E-010
          34  4.459001326306449E-009
          35  2.987165110282859E-010
          36  1.162932280588172E-009
          37  8.335031015753686E-010
          38  1.115801309213113E-009
          39  3.023537161196815E-010
          40  6.091952342470233E-010
          41  8.632504785609944E-010
          42  5.935849721080299E-009
          43  5.192475931933105E-010
          44  9.477113371980690E-010
          45  4.234989721839657E-009
          46  7.423877867241485E-009
          47  8.279413928322891E-009
          48  6.171863066163357E-009
          49  5.222159304759626E-010
          50  3.101804599180138E-009
          51  1.554754823651521E-009
          52  6.373823184622139E-009
          53  2.249850589882852E-010
          54  5.484793099795455E-010
          55  3.533304859413590E-010
          56  3.874420709649798E-010
          57  1.043348199810426E-010
          58  1.958985451891070E-010
          59  1.388194392150883E-010
          60  1.633251052210668E-010
          61  1.647944962930681E-010
          62  8.043528729000574E-010
          63  3.349356186333732E-010
          64  3.484443353435841E-010
          65  2.989540778325686E-010
          66  4.372613568435459E-010
          67  5.770188388204122E-010
          68  8.693279508937322E-010
          69  1.618361846327089E-010
          70  4.776862110039660E-010
          71  1.653882529440814E-010
          72  2.059946516278906E-010
          73  2.068346780169027E-010
          74  4.214261913786132E-010
          75  9.798325678546407E-010
          76  2.706583479617850E-009
          77  5.429051723357140E-009
          78  1.032578552161429E-008
          79  7.928874529955690E-009
          80  3.181805035162626E-008
          81  1.260997023327883E-008
          82  1.099695121900168E-008
          83  4.709477343965185E-009
          84  5.148669954263330E-009
          85  3.423108216350601E-009
          86  3.707603629460962E-009
          87  2.503331738613186E-009
          88  6.070924959317633E-009
          89  2.812867245667153E-009
          90  5.350640525726291E-009
          91  3.529484046264106E-009
          92  2.892183482547514E-009
          93  2.407171874435775E-009
          94  5.695715884462374E-009
          95  2.924233087371357E-009
          96  3.490188911193510E-009
          97  1.540567544457429E-009
          98  1.452187702653132E-009
          99  1.619777343491747E-009
         100  1.440321537741540E-009
         101  1.064808456381981E-009
         102  1.781604492164231E-009
         103  1.682360151966375E-009
         104  1.622982584703617E-009
         105  1.700010092891257E-009
         106  2.166175832249770E-009
         107  1.652580567558293E-009
         108  5.533525111020440E-009
         109  2.503195115916352E-009
         110  7.128385630481410E-009
         111  5.071979999913733E-009
         112  6.840017535340307E-009
         113  3.504839360387198E-009
         114  2.824597370200413E-009
         115  1.494312697509986E-009
         116  1.566064162659649E-009
         117  1.374437396725930E-009
         118  1.465700519695572E-009
         119  5.512769754784703E-010
         120  7.689664321950262E-010
         121  6.230563964352962E-010
         122  7.908629639502845E-010
         123  6.956957457564874E-010
         124  1.688887117228590E-008
         125  7.221064378160967E-008
         126  5.972974700182853E-007
         127  3.059214267549996E-006
         128  2.557641337482422E-005
         129  1.298492483560022E-004
         130  3.316723724450301E-004
         131  1.096478164518016E-003
         132  1.062989252614889E-003
         133  3.353271699772647E-005
         134  8.474503317036485E-005
         135  9.025748115439172E-005
         136  2.236964128595850E-004
         137  1.192852842407472E-004
         138  8.786640613070832E-005
         139  1.444506720320095E-005
         140  3.376038748792207E-005
         141  2.514655925533719E-005
         142  1.018235217953196E-005
         143  1.658748687854628E-006
         144  5.649739634067199E-006
         145  1.892676734952979E-006
         146  6.158190480637462E-006
         147  6.457082082031928E-006
         148  1.889458744097573E-005
         149  1.378343762269882E-005
         150  2.394765514157107E-005
         151  1.043552367284900E-005
         152  1.854713205188411E-005
         153  7.562648749915338E-006
         154  4.271064299998863E-005
         155  2.005070346965708E-005
         156  4.703780852023480E-005
         157  2.087513748996196E-005
         158  3.669477561809799E-005
         159  2.946932902569675E-005
         160  4.205666860430843E-005
         161  1.660420806054139E-005
         162  4.375870117198497E-005
         163  9.860381311748315E-005
         164  1.598242508082731E-004
         165  6.030602833892047E-005
         166  1.782206214077883E-004
         167  3.739430337151639E-005
         168  3.991114607927584E-005
         169  1.742779047036329E-005
         170  3.345194001702359E-005
         171  2.860850633888868E-005
         172  4.715829529910621E-005
         173  2.487304409727412E-005
         174  3.836275763356690E-005
         175  1.974432589785694E-005
         176  3.658173504184643E-005
         177  1.696682530346659E-005
         178  2.064300058783821E-005
         179  6.938293894335719E-006
         180  1.073285053680362E-005
         181  5.343184754470619E-006
         182  1.206990522432122E-005
         183  6.367584533938565E-006
         184  1.157548584876806E-005
         185  3.641669505103233E-006
         186  1.376391742676894E-005
         187  3.982136179941994E-006
         188  1.271396073590353E-005
         189  1.093122460021900E-005
         190  2.304563757443104E-005
         191  2.689277713016967E-005
         192  9.570953941141697E-005
         193  1.260711199550617E-004
         194  3.152167466392075E-004
         195  2.234050770656472E-004
         196  4.346737767860296E-004
         197  2.317990968183491E-004
         198  1.716313569160832E-004
         199  1.382879419177086E-005
         200  2.481864868473524E-006
         201  9.209975253101342E-008
         202  1.089413333964974E-007
         203  2.579162615302457E-008
         204  8.270325763028970E-008
         205  7.169421359857218E-008
         206  2.243761090000552E-006
         207  1.458152635967010E-006
         208  2.456033356078784E-006
         209  1.575106844904990E-006
         226  6.371038687443451E-014
         227  4.916950748216689E-015
         230  3.002350906304109E-012
         231  7.381337246899227E-012
         232  5.718359399123850E-007
         234  9.775396676594811E-012
         235  1.586147480935977E-007
         236  1.555392437157929E-009
         238  1.778985108463881E-007
         240  3.014938963728538E-013
         244  3.680345194448494E-009
