           1  7.450399900724482E-005
           2  6.470609901488105E-012
           3  1.574717819390911E-008
           4  8.224371829657504E-005
           6  5.674563962362780E-015
           7  3.114017005274736E-012
           8  2.708281752318958E-013
           9  1.912633244112939E-009
          10  2.713051082138141E-014
          14  1.922261260443227E-015
          15  1.962786552412945E-012
          16  1.216948028147834E-009
          17  9.077879174890473E-011
          18  4.582570243287998E-010
          19  2.131939336253097E-010
          20  4.602819740941220E-009
          21  7.503577020305564E-010
          22  1.535206431287820E-009
          23  4.869677196327380E-009
          24  1.125850193270181E-008
          25  1.376411661589283E-008
          26  1.197793219661809E-008
          27  2.546049137524558E-009
          28  1.558810204793018E-009
          29  8.546821396000945E-010
          30  2.656179475620065E-009
          31  4.596048670097755E-010
          32  6.525363526188708E-010
          33  7.992654224194712E-010
          34  4.380947580954984E-009
          35  2.903924897317685E-010
          36  1.166906140272357E-009
          37  7.858873598326416E-010
          38  1.054124767207624E-009
          39  2.925835599789455E-010
          40  6.202083170512978E-010
          41  8.959788454693808E-010
          42  5.971722374234838E-009
          43  4.975149044824937E-010
          44  9.887050956073929E-010
          45  4.446896752661718E-009
          46  7.440193829135060E-009
          47  8.142438918209228E-009
          48  6.022031069847971E-009
          49  5.070747681049887E-010
          50  3.095419491056988E-009
          51  1.554509036664515E-009
          52  6.320116709359950E-009
          53  2.187463898190156E-010
          54  5.395310094013215E-010
          55  3.401711197620787E-010
          56  3.919744298569573E-010
          57  1.017682108706657E-010
          58  2.024027902907185E-010
          59  1.415349647883756E-010
          60  1.689056758911444E-010
          61  1.797647963878103E-010
          62  8.490359246618457E-010
          63  3.443761601294199E-010
          64  3.596488839209814E-010
          65  3.082134946327848E-010
          66  4.370188383350762E-010
          67  5.901717985751369E-010
          68  8.537469165433056E-010
          69  1.579750632963003E-010
          70  4.712703080806285E-010
          71  1.630254509411796E-010
          72  2.020794342141143E-010
          73  2.170458033506304E-010
          74  4.451701427699799E-010
          75  1.054263079714191E-009
          76  2.812358446853593E-009
          77  5.520828117811356E-009
          78  1.025197630357042E-008
          79  7.956713035648347E-009
          80  3.159332095750236E-008
          81  1.225694493608776E-008
          82  1.057583672675052E-008
          83  4.518468700218793E-009
          84  5.181387024362726E-009
          85  3.446789491236398E-009
          86  3.711919241386557E-009
          87  2.470949379082127E-009
          88  5.927242022570055E-009
          89  2.719377191011018E-009
          90  5.247752971097515E-009
          91  3.436079990769518E-009
          92  2.889853336395053E-009
          93  2.415001976866236E-009
          94  5.568564950890298E-009
          95  2.805880536321752E-009
          96  3.440509174681101E-009
          97  1.480734341526895E-009
          98  1.369322959855846E-009
          99  1.537134441100662E-009
         100  1.338352921329123E-009
         101  1.006589034008323E-009
         102  1.742901233036622E-009
         103  1.634835876665325E-009
         104  1.570414580497574E-009
         105  1.683888401052488E-009
         106  2.159541342041901E-009
         107  1.680985265532655E-009
         108  5.712641691615264E-009
         109  2.549588700597327E-009
         110  7.009569729178649E-009
         111  4.955192532197372E-009
         112  6.482762855612572E-009
         113  3.224837499701499E-009
         114  2.513302753582360E-009
         115  1.318987970872473E-009
         116  1.369311791838638E-009
         117  1.244737503368210E-009
         118  1.334116067882537E-009
         119  4.899292240593345E-010
         120  6.985013821504924E-010
         121  5.670139718783291E-010
         122  7.281698466142002E-010
         123  6.635821960022322E-010
         124  1.841316135512273E-008
         125  8.188822130226844E-008
         126  6.622289273038595E-007
         127  3.403298776098272E-006
         128  2.805288603389113E-005
         129  1.368518021025958E-004
         130  3.309143415977890E-004
         131  1.079333532117351E-003
         132  1.032409052967951E-003
         133  3.367881129022546E-005
         134  8.439430685888585E-005
         135  8.380921411505699E-005
         136  2.136566449704345E-004
         137  1.155280930358820E-004
         138  8.922581197590416E-005
         139  1.313878943495898E-005
         140  2.892299921449187E-005
         141  2.058789976870996E-005
         142  7.981101071257304E-006
         143  1.485560125342164E-006
         144  7.448854634716682E-006
         145  4.125788291886046E-006
         146  1.575748625839285E-005
         147  1.108177752848418E-005
         148  1.565415340221502E-005
         149  1.040260604515298E-005
         150  2.668837099979230E-005
         151  1.490466793146482E-005
         152  1.917062161529430E-005
         153  6.965287204434941E-006
         154  2.652517638454735E-005
         155  1.637320116513671E-005
         156  6.244328636280906E-005
         157  2.764554354988983E-005
         158  3.735128662959991E-005
         159  2.318381306043058E-005
         160  8.110705042284779E-005
         161  4.931159232734517E-005
         162  2.016887491047371E-004
         163  6.923900957043202E-005
         164  7.756452686882443E-005
         165  4.793846817894363E-005
         166  1.218038175529146E-004
         167  2.897832722201668E-005
         168  7.471431793509373E-005
         169  3.692212611217568E-005
         170  4.331628896936915E-005
         171  2.468094194442377E-005
         172  6.482005446953890E-005
         173  2.438450060707872E-005
         174  4.078814173359273E-005
         175  2.521942801418858E-005
         176  1.671509548016202E-005
         177  6.180513397072839E-006
         178  1.171716654524973E-005
         179  4.652180563429400E-006
         180  8.619553948735195E-006
         181  4.529275245660278E-006
         182  1.075747226353024E-005
         183  5.886848996924306E-006
         184  1.114769710816958E-005
         185  3.670623738149452E-006
         186  1.466321859841034E-005
         187  4.281243857713325E-006
         188  1.415330571263523E-005
         189  1.252144571104073E-005
         190  2.585073154402043E-005
         191  2.961484143542862E-005
         192  1.043940876383472E-004
         193  1.343862176595095E-004
         194  3.241302459505232E-004
         195  2.206166350962163E-004
         196  4.164478099267173E-004
         197  2.143425867311290E-004
         198  1.523668426670645E-004
         199  1.200692112623961E-005
         200  2.214891456848373E-006
         201  9.131585774614662E-008
         202  1.142714062921144E-007
         203  2.764025291364895E-008
         204  8.441504919711739E-008
         205  7.186419528591320E-008
         206  2.298265126993103E-006
         207  1.489178313561579E-006
         208  2.514706391248908E-006
         209  1.601274628266857E-006
         226  6.298572019856981E-014
         227  4.886704434788032E-015
         230  2.968201001433199E-012
         231  7.335931414845022E-012
         232  5.635001319018530E-007
         234  9.664207519497894E-012
         235  1.576390394418511E-007
         236  1.595015897415043E-009
         238  1.758750241149323E-007
         240  3.097726644620182E-013
         244  3.781404369176295E-009
