           1  7.487681105978992E-005
           2  6.470609901488105E-012
           3  1.574717819390911E-008
           4  8.237546256973673E-005
           6  5.674563962362780E-015
           7  3.114017005274736E-012
           8  2.708281752318958E-013
           9  1.912633244112939E-009
          10  2.713051082138141E-014
          14  1.789434876676953E-015
          15  1.806804331104678E-012
          16  1.177112390020085E-009
          17  8.840041003329542E-011
          18  4.374388095805903E-010
          19  1.883110268957487E-010
          20  4.630420125876904E-009
          21  7.400027212660656E-010
          22  1.360088035487523E-009
          23  4.906572716936282E-009
          24  1.127197277013610E-008
          25  1.387873843237418E-008
          26  1.185805557032013E-008
          27  2.378807945069775E-009
          28  1.450417908550025E-009
          29  7.829099446968158E-010
          30  2.467351811408885E-009
          31  3.990540670466853E-010
          32  6.110206870365508E-010
          33  8.707413566419904E-010
          34  4.257924582279363E-009
          35  2.747008188449074E-010
          36  1.139774450448907E-009
          37  8.897598262558536E-010
          38  1.239174636936005E-009
          39  3.229116107342802E-010
          40  5.941253922529891E-010
          41  8.309869108214791E-010
          42  5.851722475033237E-009
          43  4.596471713757218E-010
          44  1.028971970633954E-009
          45  4.699834578173873E-009
          46  7.508949769804879E-009
          47  7.858559880368519E-009
          48  5.670519824633107E-009
          49  5.778002269339293E-010
          50  3.127579948365847E-009
          51  1.480113754827589E-009
          52  6.223402774210200E-009
          53  2.456487150796473E-010
          54  6.649508294719132E-010
          55  3.958584132878608E-010
          56  4.114303357953863E-010
          57  1.008184887417787E-010
          58  2.134162753015504E-010
          59  1.431533572812986E-010
          60  1.743006390882785E-010
          61  1.995477220866479E-010
          62  8.881154746070707E-010
          63  3.511839572354594E-010
          64  3.679239548721032E-010
          65  3.077938646904606E-010
          66  4.205300739243831E-010
          67  5.891973676402712E-010
          68  8.280087217309819E-010
          69  1.575266665588633E-010
          70  4.771192467178863E-010
          71  1.614927197143618E-010
          72  1.967231912127828E-010
          73  2.225763448063168E-010
          74  4.666378421044282E-010
          75  1.166119197605345E-009
          76  2.973872517402857E-009
          77  5.738708872959666E-009
          78  9.845738931845705E-009
          79  7.810642576125074E-009
          80  3.118771389809502E-008
          81  1.228673565639599E-008
          82  1.024897538648018E-008
          83  4.265524670538640E-009
          84  4.718863817375315E-009
          85  3.247449827373114E-009
          86  3.533590375872571E-009
          87  2.500604044314917E-009
          88  6.070573366596410E-009
          89  2.669644690590408E-009
          90  5.084409259793454E-009
          91  3.306862453146379E-009
          92  2.740742561760646E-009
          93  2.343566488479142E-009
          94  5.712857720606895E-009
          95  2.829741573128565E-009
          96  3.394925684600235E-009
          97  1.426949350078643E-009
          98  1.286328163010429E-009
          99  1.417939425937039E-009
         100  1.216608961252350E-009
         101  9.507319217228797E-010
         102  1.732204123088435E-009
         103  1.624830328583876E-009
         104  1.549621186164742E-009
         105  1.653276247235258E-009
         106  2.162511026163955E-009
         107  1.738639615970836E-009
         108  5.894171346456389E-009
         109  2.593107203577568E-009
         110  6.898764379496354E-009
         111  4.885969030873655E-009
         112  6.154096561120911E-009
         113  2.986085488088276E-009
         114  2.257935367892634E-009
         115  1.161130220764049E-009
         116  1.184752269137242E-009
         117  1.093505617305904E-009
         118  1.183841650929782E-009
         119  4.363906861541783E-010
         120  6.360025055473122E-010
         121  5.176926893152002E-010
         122  6.736962102969285E-010
         123  6.418821407296605E-010
         124  2.020701191561822E-008
         125  9.382636117561430E-008
         126  7.402878926457121E-007
         127  3.815060004361981E-006
         128  3.073535248222319E-005
         129  1.424418701481033E-004
         130  3.192918112737817E-004
         131  1.045026960143683E-003
         132  1.006709657862826E-003
         133  3.396694376152305E-005
         134  8.709877348947437E-005
         135  8.928384997898090E-005
         136  2.128433768749455E-004
         137  1.132923748320349E-004
         138  8.808965106498502E-005
         139  1.491974663323134E-005
         140  3.467658097528018E-005
         141  2.610096426832507E-005
         142  1.001326277544506E-005
         143  1.855925450641337E-006
         144  8.953315618699833E-006
         145  5.900558776033081E-006
         146  2.527624748106657E-005
         147  2.183253728977759E-005
         148  3.251727286496186E-005
         149  1.990115945334642E-005
         150  2.303884355551077E-005
         151  1.496130044538794E-005
         152  3.842228417935647E-005
         153  1.978271903185342E-005
         154  9.783151413542796E-005
         155  5.299812860900090E-005
         156  5.248802036307606E-005
         157  2.282647786889681E-005
         158  6.117084633248170E-005
         159  3.090902138468498E-005
         160  6.892562488041341E-005
         161  4.254018920881907E-005
         162  1.095406553000718E-004
         163  4.929698864994673E-005
         164  7.640579290313861E-005
         165  5.284159755772699E-005
         166  1.135334091942491E-004
         167  3.759803877658504E-005
         168  6.496383248634212E-005
         169  2.294876990099074E-005
         170  2.404636970834159E-005
         171  1.472431110877426E-005
         172  3.252467669831214E-005
         173  2.288449573545391E-005
         174  4.149863060839562E-005
         175  1.887558984721983E-005
         176  1.852310666598845E-005
         177  9.720908697057411E-006
         178  1.921381882244791E-005
         179  9.957659107799463E-006
         180  1.740146364012251E-005
         181  7.208155521442623E-006
         182  1.354982445563579E-005
         183  6.808346504688114E-006
         184  1.225351966449656E-005
         185  4.002559786049676E-006
         186  1.585475822464605E-005
         187  4.657194862152017E-006
         188  1.603465558016960E-005
         189  1.468695894477134E-005
         190  3.013702866965999E-005
         191  3.320822117224977E-005
         192  1.160428328582761E-004
         193  1.467255510328972E-004
         194  3.421343647264065E-004
         195  2.249301433973526E-004
         196  4.102515459596951E-004
         197  2.027532193593686E-004
         198  1.367693406603597E-004
         199  1.075952904282242E-005
         200  1.940115658711766E-006
         201  8.095798368572266E-008
         202  1.073357666715234E-007
         203  2.759785406835397E-008
         204  6.933428225868301E-008
         205  5.610445492187644E-008
         206  2.233458411117941E-006
         207  1.430840704791101E-006
         208  2.446352938092632E-006
         209  1.575899479020482E-006
         226  6.307227347434901E-014
         227  4.869277719500442E-015
         230  2.972279823093652E-012
         231  7.309770391635658E-012
         232  5.541843147282145E-007
         234  9.677487812491057E-012
         235  1.570768751662699E-007
         236  1.641097235214440E-009
         238  1.761167068235986E-007
         240  3.191087658966637E-013
         244  3.895370444321605E-009
