           1  7.455155069033044E-005
           2  6.470609901488105E-012
           3  1.574717819390911E-008
           4  8.235736421775863E-005
           6  5.674563962362780E-015
           7  3.114017005274736E-012
           8  2.708281752318958E-013
           9  1.912633244112939E-009
          10  2.713051082138141E-014
          14  1.792513669591145E-015
          15  1.928988592392654E-012
          16  1.198101648370223E-009
          17  8.993452546750515E-011
          18  4.561521401098476E-010
          19  2.085693863755442E-010
          20  4.482506840824211E-009
          21  7.483549537755090E-010
          22  1.633754314870032E-009
          23  4.750438493555963E-009
          24  1.105972639891303E-008
          25  1.343217504292010E-008
          26  1.191134255058012E-008
          27  2.679589773185438E-009
          28  1.631513713705031E-009
          29  8.506324777078913E-010
          30  2.749583072788554E-009
          31  4.984417093482282E-010
          32  6.268230114508813E-010
          33  7.444651049081576E-010
          34  4.423703195630137E-009
          35  3.027364422240579E-010
          36  1.190849743122826E-009
          37  7.481758823051883E-010
          38  9.772500644398822E-010
          39  2.857192211734745E-010
          40  6.224173389821348E-010
          41  8.918159110393951E-010
          42  6.109243337316088E-009
          43  5.307099535769614E-010
          44  9.383085012049031E-010
          45  4.186081485331727E-009
          46  7.279414028239534E-009
          47  8.218018637815363E-009
          48  6.206214361191558E-009
          49  4.918969568490447E-010
          50  3.127377175817027E-009
          51  1.598837660763729E-009
          52  6.298559751470635E-009
          53  2.090184159597039E-010
          54  4.979798877997537E-010
          55  3.345802694200270E-010
          56  4.049808414980176E-010
          57  1.090171378301355E-010
          58  2.054988595834827E-010
          59  1.460505793524543E-010
          60  1.672476599815133E-010
          61  1.679724796522185E-010
          62  8.265482981568934E-010
          63  3.433423933761131E-010
          64  3.587657929784516E-010
          65  3.087160683916425E-010
          66  4.452200246348481E-010
          67  5.922352459060498E-010
          68  8.894402050043529E-010
          69  1.651757631912993E-010
          70  4.865824928738548E-010
          71  1.699179777947910E-010
          72  2.110585521741488E-010
          73  2.150387243115585E-010
          74  4.376513951071013E-010
          75  9.942848644388333E-010
          76  2.748143066152025E-009
          77  5.392869497223486E-009
          78  1.023923066978726E-008
          79  7.815846231589511E-009
          80  3.157336222076848E-008
          81  1.186651659792219E-008
          82  1.052808991297114E-008
          83  4.566765808699338E-009
          84  5.200263022680588E-009
          85  3.457022835164908E-009
          86  3.696362167464276E-009
          87  2.319723126370031E-009
          88  5.643895525660929E-009
          89  2.690572265559770E-009
          90  5.121109154251921E-009
          91  3.290288290120571E-009
          92  2.783022946395932E-009
          93  2.340622104327648E-009
          94  5.465413986548246E-009
          95  2.776807174885106E-009
          96  3.318976723447262E-009
          97  1.449009362425676E-009
          98  1.345827076462178E-009
          99  1.509320955913376E-009
         100  1.340781502064768E-009
         101  1.008925575902290E-009
         102  1.712332815553042E-009
         103  1.603987719319515E-009
         104  1.538815879387805E-009
         105  1.611463169909148E-009
         106  2.048348367419246E-009
         107  1.581026027547525E-009
         108  5.238505748900226E-009
         109  2.364495677370024E-009
         110  6.668508176439957E-009
         111  4.755451687386307E-009
         112  6.372999991048191E-009
         113  3.238610609823435E-009
         114  2.597734842385207E-009
         115  1.385571627619726E-009
         116  1.449095529429401E-009
         117  1.283251594212342E-009
         118  1.379276983194662E-009
         119  5.159949676402413E-010
         120  7.254659635762437E-010
         121  5.890774996745343E-010
         122  7.604200751265100E-010
         123  6.583835611690080E-010
         124  1.676697063769677E-008
         125  6.732442557207247E-008
         126  5.567197411221134E-007
         127  2.922503140222540E-006
         128  2.476165203264381E-005
         129  1.254257402654831E-004
         130  3.219616367330257E-004
         131  1.078410744872669E-003
         132  1.031075061551994E-003
         133  3.420461418028776E-005
         134  8.571532731189329E-005
         135  7.767323823557729E-005
         136  2.087907011052739E-004
         137  1.156579937317663E-004
         138  9.449229357968936E-005
         139  1.420253763913202E-005
         140  3.357710132324169E-005
         141  2.571948063104056E-005
         142  1.021250192008899E-005
         143  1.891279008331605E-006
         144  8.956766323916885E-006
         145  4.804535853135478E-006
         146  1.883883859219232E-005
         147  1.488434916265611E-005
         148  2.858582424378747E-005
         149  1.958831051456496E-005
         150  2.575373211159960E-005
         151  1.549213777211475E-005
         152  3.485860554330168E-005
         153  1.461796178798942E-005
         154  3.809250249557855E-005
         155  1.577280838854046E-005
         156  6.715123436229809E-005
         157  3.005702649344916E-005
         158  5.954203709643367E-005
         159  4.375040934855128E-005
         160  5.742357123747516E-005
         161  3.105065959767553E-005
         162  1.407672323177997E-004
         163  5.506811242432602E-005
         164  8.155151569460471E-005
         165  7.312462382905547E-005
         166  1.745182145075886E-004
         167  3.303172047096057E-005
         168  6.442566278893938E-005
         169  4.618477002084708E-005
         170  3.243879439500068E-005
         171  9.911111093210491E-006
         172  2.736333791865183E-005
         173  1.222611725058600E-005
         174  2.021473206423362E-005
         175  1.658725367912150E-005
         176  3.006486824865372E-005
         177  1.501211541407729E-005
         178  1.659014560780426E-005
         179  6.956164961672275E-006
         180  1.271805356203752E-005
         181  5.787020609991856E-006
         182  1.196048416859369E-005
         183  5.997118972881992E-006
         184  1.049828117037661E-005
         185  3.309675861242104E-006
         186  1.272067497310291E-005
         187  3.646515559888175E-006
         188  1.148683411961882E-005
         189  9.902809831847795E-006
         190  2.110685032205852E-005
         191  2.569691598193432E-005
         192  9.212579506874068E-005
         193  1.206058242374535E-004
         194  3.012728400043018E-004
         195  2.210890608622900E-004
         196  4.414175886865434E-004
         197  2.343103082091937E-004
         198  1.732426835775554E-004
         199  1.387334506283516E-005
         200  2.579062033244952E-006
         201  1.000056070232974E-007
         202  1.261706180951402E-007
         203  3.178840359971017E-008
         204  9.150517176311699E-008
         205  7.590329489658154E-008
         206  2.348824205842063E-006
         207  1.538650029884182E-006
         208  2.567374380486968E-006
         209  1.655895697889192E-006
         226  6.618443523927024E-014
         227  5.060397871573482E-015
         230  3.118940393745840E-012
         231  7.596680383085424E-012
         232  5.784465405480870E-007
         234  1.015500203374035E-011
         235  1.632421748263631E-007
         236  1.661929386970190E-009
         238  1.848067960014234E-007
         240  3.224254456162794E-013
         244  3.935857254882164E-009
