           1  7.473030500507804E-005
           2  6.470609901488105E-012
           3  1.574717819390911E-008
           4  8.339992566279554E-005
           6  5.674563962362780E-015
           7  3.114017005274736E-012
           8  2.708281752318958E-013
           9  1.912633244112939E-009
          10  2.713051082138141E-014
          14  2.082568062542605E-015
          15  1.863548096085430E-012
          16  1.183943476392537E-009
          17  8.905688005522361E-011
          18  4.606926903120159E-010
          19  2.163496392976475E-010
          20  4.448809467045660E-009
          21  7.342361312175916E-010
          22  1.652332181242464E-009
          23  4.719414596342789E-009
          24  1.100433089899797E-008
          25  1.344296139434874E-008
          26  1.266049080189780E-008
          27  2.795825799700828E-009
          28  1.581570753591591E-009
          29  8.192716474853185E-010
          30  2.636065106575111E-009
          31  4.738669833014900E-010
          32  5.914814697889833E-010
          33  7.023716524181325E-010
          34  4.294369520726892E-009
          35  3.060017190157795E-010
          36  1.235956825066563E-009
          37  8.891078675608538E-010
          38  1.187398275556579E-009
          39  3.087397552328684E-010
          40  5.836236164057385E-010
          41  8.142460592342353E-010
          42  5.676995087705242E-009
          43  5.010755055760590E-010
          44  9.296630980578737E-010
          45  4.126256273404953E-009
          46  7.413564078769704E-009
          47  8.330056325977570E-009
          48  6.230804727170686E-009
          49  5.577479098955539E-010
          50  3.185307893617568E-009
          51  1.560952960726008E-009
          52  6.233909017053707E-009
          53  2.258248090855332E-010
          54  5.609171212911146E-010
          55  3.509253696091048E-010
          56  3.880325895325027E-010
          57  1.045024897873072E-010
          58  2.014171776540359E-010
          59  1.415446870279585E-010
          60  1.612185363318422E-010
          61  1.577912824845088E-010
          62  7.660592881004007E-010
          63  3.237445187371387E-010
          64  3.481263066872100E-010
          65  3.001837463145167E-010
          66  4.351481412993882E-010
          67  5.668879296179733E-010
          68  8.422001230803431E-010
          69  1.582018624267751E-010
          70  4.682333201434758E-010
          71  1.631575238001642E-010
          72  2.069166546616108E-010
          73  2.136931334604228E-010
          74  4.227023188112658E-010
          75  9.528711328729111E-010
          76  2.680464238324487E-009
          77  5.529103585256933E-009
          78  1.032813385268246E-008
          79  7.804646895547387E-009
          80  3.113993009209637E-008
          81  1.290631873117649E-008
          82  1.119781500549362E-008
          83  4.720353447298550E-009
          84  4.910500315386351E-009
          85  3.307239709759617E-009
          86  3.580667049636544E-009
          87  2.379978192859801E-009
          88  5.891398796055525E-009
          89  2.698820545931557E-009
          90  5.008321120333999E-009
          91  3.335189486035743E-009
          92  2.766929129464648E-009
          93  2.304015521881271E-009
          94  5.457439679677656E-009
          95  2.847261234595526E-009
          96  3.547027239770940E-009
          97  1.570187186022695E-009
          98  1.460589016637240E-009
          99  1.616160108101529E-009
         100  1.431379025456587E-009
         101  1.051848993353787E-009
         102  1.745978657304957E-009
         103  1.633624132648515E-009
         104  1.558817876030450E-009
         105  1.614476186457268E-009
         106  2.038255585003027E-009
         107  1.558703838450356E-009
         108  5.216854579130359E-009
         109  2.384290493470186E-009
         110  6.900188010789047E-009
         111  4.943845820067357E-009
         112  6.702477945283352E-009
         113  3.441224826577471E-009
         114  2.775261819388739E-009
         115  1.487302939238817E-009
         116  1.566679097209292E-009
         117  1.411440890875372E-009
         118  1.528641910748893E-009
         119  5.631479827982819E-010
         120  7.947810591251400E-010
         121  6.527636641319634E-010
         122  8.483088682483444E-010
         123  7.192063438627155E-010
         124  1.752010261191857E-008
         125  6.785582912718918E-008
         126  5.629715806558177E-007
         127  2.918007890671453E-006
         128  2.456834029637720E-005
         129  1.256997413484073E-004
         130  3.253685671743909E-004
         131  1.089799333462777E-003
         132  1.037936770440856E-003
         133  3.282278474558549E-005
         134  8.349132541178263E-005
         135  8.757842025655152E-005
         136  2.144594114757336E-004
         137  1.134302074012851E-004
         138  8.000330916940377E-005
         139  1.422898119570020E-005
         140  3.455803220053730E-005
         141  2.556264307436052E-005
         142  9.958977622730233E-006
         143  1.899087824196260E-006
         144  9.739649660915644E-006
         145  5.254663736673146E-006
         146  1.960278072999366E-005
         147  1.274206070710241E-005
         148  1.953170149852886E-005
         149  1.368039017761236E-005
         150  3.043605956051014E-005
         151  3.071437079678723E-005
         152  3.577403574275593E-005
         153  1.078469364632424E-005
         154  4.056631844389246E-005
         155  2.431981270328908E-005
         156  3.208615676313969E-005
         157  1.477866504313710E-005
         158  2.285898273116959E-005
         159  1.370715069735717E-005
         160  7.957063498447068E-005
         161  4.669113921377515E-005
         162  1.407074650400822E-004
         163  7.883468331897966E-005
         164  7.674458483322827E-005
         165  4.081964533742668E-005
         166  5.301212256052676E-005
         167  2.590458527789540E-005
         168  2.210673362034712E-004
         169  8.534618965447999E-005
         170  4.498236660417455E-005
         171  1.092917889956948E-005
         172  1.235015652929740E-005
         173  1.503537172439504E-005
         174  4.628510798761179E-005
         175  2.060974741394691E-005
         176  1.553261753166986E-005
         177  6.545279046899676E-006
         178  9.680489177085009E-006
         179  5.424586604182329E-006
         180  1.213520235517877E-005
         181  5.771653055253291E-006
         182  1.259135138246411E-005
         183  6.495786259688191E-006
         184  1.159677175549931E-005
         185  3.645670014269753E-006
         186  1.380212894076709E-005
         187  4.005988236832325E-006
         188  1.282262649458881E-005
         189  1.093830873589873E-005
         190  2.304266374511111E-005
         191  2.683325963249741E-005
         192  9.519170842806018E-005
         193  1.243946897541431E-004
         194  3.092083905457159E-004
         195  2.205116982365031E-004
         196  4.283568976249991E-004
         197  2.271369665766865E-004
         198  1.663490233577850E-004
         199  1.339410982823195E-005
         200  2.357914696852382E-006
         201  8.380313618462572E-008
         202  1.002962436234062E-007
         203  2.453396897961905E-008
         204  7.401366402487062E-008
         205  6.402553991979240E-008
         206  2.290436554245955E-006
         207  1.469939674477139E-006
         208  2.468976940150462E-006
         209  1.633680035205366E-006
         210  1.064855145426896E-015
         226  7.541202267131416E-014
         227  5.744481079485437E-015
         230  3.553790295759457E-012
         231  8.623627595109093E-012
         232  6.596404500440116E-007
         234  1.157083596508926E-011
         235  1.853098527947398E-007
         236  1.847706004508743E-009
         238  2.105729880369677E-007
         240  3.584258623330548E-013
         244  4.375315440456422E-009
