           1  7.438130783109412E-005
           2  6.470609901488105E-012
           3  1.574717819390911E-008
           4  8.132863048691867E-005
           6  5.674563962362780E-015
           7  3.114017005274736E-012
           8  2.708281752318958E-013
           9  1.912633244112939E-009
          10  2.713051082138141E-014
          14  2.162559371339647E-015
          15  2.037192090261696E-012
          16  1.279769342147219E-009
          17  9.435743413799243E-011
          18  4.462770964577900E-010
          19  1.951584296059754E-010
          20  4.760734897955269E-009
          21  7.869868966289801E-010
          22  1.565334020507957E-009
          23  4.982058966967643E-009
          24  1.150412189957757E-008
          25  1.392087000897789E-008
          26  1.175218347590678E-008
          27  2.620725106527764E-009
          28  1.615353427526464E-009
          29  8.238683514437866E-010
          30  2.638957995365951E-009
          31  4.856071274206993E-010
          32  6.195235290816167E-010
          33  8.090889114832445E-010
          34  4.368365095685320E-009
          35  2.918358358174042E-010
          36  1.119820286774705E-009
          37  7.799749519833955E-010
          38  1.041455320793906E-009
          39  3.060020400170978E-010
          40  6.234627495653321E-010
          41  8.697811454216962E-010
          42  6.205909494891761E-009
          43  5.547446587581813E-010
          44  9.869653663567188E-010
          45  4.420916984823639E-009
          46  7.393952380252057E-009
          47  8.028716053526412E-009
          48  5.955886066191798E-009
          49  5.209265363927950E-010
          50  3.107144658167870E-009
          51  1.568216064855866E-009
          52  6.278736326108704E-009
          53  2.227918191923712E-010
          54  5.348401662870682E-010
          55  3.611537283101780E-010
          56  4.176193103981710E-010
          57  1.161990135725053E-010
          58  2.051748620962158E-010
          59  1.470725587845583E-010
          60  1.752575539873425E-010
          61  1.766355008698184E-010
          62  8.668891916257823E-010
          63  3.577822901686974E-010
          64  3.502423833616104E-010
          65  2.946045222551628E-010
          66  4.423550690162213E-010
          67  5.737926720278081E-010
          68  8.810381097474242E-010
          69  1.627007767618274E-010
          70  4.790460387848201E-010
          71  1.670775294033743E-010
          72  2.118655373059985E-010
          73  2.104265088270650E-010
          74  4.480346238577338E-010
          75  1.063957764177722E-009
          76  2.831028434746272E-009
          77  5.383948040454116E-009
          78  1.019474469556779E-008
          79  8.026096056056249E-009
          80  3.259328648060230E-008
          81  1.227868430306149E-008
          82  1.071136173255339E-008
          83  4.667952332853390E-009
          84  5.251653575426455E-009
          85  3.481498013647579E-009
          86  3.798656431245276E-009
          87  2.608168611914312E-009
          88  6.131993814679167E-009
          89  2.760064276875814E-009
          90  5.255662886984613E-009
          91  3.647551095554172E-009
          92  3.011973514602871E-009
          93  2.462207423497523E-009
          94  5.720470330533782E-009
          95  2.936732169371991E-009
          96  3.233261816834002E-009
          97  1.439743133448305E-009
          98  1.378611501509426E-009
          99  1.539670026732525E-009
         100  1.387866110318043E-009
         101  1.024134280808591E-009
         102  1.755554809804093E-009
         103  1.699927009958351E-009
         104  1.670669622366987E-009
         105  1.773034568450560E-009
         106  2.320766440591428E-009
         107  1.758063526634988E-009
         108  5.810204802479742E-009
         109  2.586328091248794E-009
         110  7.044602578598681E-009
         111  4.958853811979415E-009
         112  6.652657541019701E-009
         113  3.441729021310323E-009
         114  2.781520251419369E-009
         115  1.464463834823471E-009
         116  1.522905738701797E-009
         117  1.330724603893372E-009
         118  1.395136277494543E-009
         119  5.127472394583513E-010
         120  7.005383621841086E-010
         121  5.644768335387193E-010
         122  7.390963263705159E-010
         123  6.657537244186158E-010
         124  1.796330860131796E-008
         125  7.679242900989833E-008
         126  6.431038709352550E-007
         127  3.273535960992677E-006
         128  2.700720998060839E-005
         129  1.349833812823085E-004
         130  3.328158346539718E-004
         131  1.116043299449646E-003
         132  1.037800406510859E-003
         133  3.264252917084144E-005
         134  8.133120977508584E-005
         135  8.494171795781004E-005
         136  2.165478720013741E-004
         137  1.163938268003250E-004
         138  8.492516182522509E-005
         139  1.430504032248803E-005
         140  3.286147993425808E-005
         141  2.484273486128319E-005
         142  9.748361964765448E-006
         143  1.619745674834810E-006
         144  6.143040427018472E-006
         145  2.900111952556560E-006
         146  1.198264335356394E-005
         147  1.296377855943655E-005
         148  1.971472232143857E-005
         149  1.253810732472776E-005
         150  2.392417785800947E-005
         151  1.305494750060376E-005
         152  3.346976861603302E-005
         153  1.493519659370598E-005
         154  2.225514229021709E-005
         155  1.077229154039144E-005
         156  2.718871502994594E-005
         157  1.316070501259805E-005
         158  2.675345941061014E-005
         159  2.140034518779381E-005
         160  5.916050758585763E-005
         161  3.355060885332071E-005
         162  9.548530900927423E-005
         163  4.331416479380450E-005
         164  6.872441470498806E-005
         165  3.941707430034319E-005
         166  2.027534575420817E-004
         167  4.616724941724229E-005
         168  7.363492158696151E-005
         169  4.627205748974704E-005
         170  7.294843938334968E-005
         171  3.246870674752620E-005
         172  6.701197258412318E-005
         173  4.355733778709288E-005
         174  5.576828347541438E-005
         175  2.533603067445323E-005
         176  2.060319349174967E-005
         177  8.184198073585941E-006
         178  1.010960383423994E-005
         179  5.830787694556459E-006
         180  1.348047810691118E-005
         181  6.423197599377848E-006
         182  1.423513935163144E-005
         183  7.653340806244104E-006
         184  1.428547322687211E-005
         185  4.528467012143299E-006
         186  1.733101143681060E-005
         187  4.986217833377069E-006
         188  1.567901641409236E-005
         189  1.313247717075059E-005
         190  2.735828523713672E-005
         191  2.987014466323134E-005
         192  1.024215929881118E-004
         193  1.320441345311607E-004
         194  3.256834724795974E-004
         195  2.180143966958657E-004
         196  4.010469085625538E-004
         197  2.133184027090035E-004
         198  1.558320434720187E-004
         199  1.266754721388417E-005
         200  2.269164980101274E-006
         201  8.172537283022592E-008
         202  9.769588604972540E-008
         203  2.413067933531294E-008
         204  8.233196972696509E-008
         205  7.241875894685249E-008
         206  2.187702746036466E-006
         207  1.450381479639417E-006
         208  2.434972363046645E-006
         209  1.530687217370945E-006
         226  6.449781015857912E-014
         227  4.841925373125544E-015
         230  3.039458215281151E-012
         231  7.268708989269497E-012
         232  5.585296842730490E-007
         234  9.896214887447481E-012
         235  1.561945223113839E-007
         236  1.622290561792008E-009
         238  1.800972328527572E-007
         240  3.150867715499934E-013
         244  3.846273836582784E-009
