           1  7.438379012093389E-005
           2  6.470609901488105E-012
           3  1.574717819390911E-008
           4  8.260879388100250E-005
           6  5.674563962362780E-015
           7  3.114017005274736E-012
           8  2.708281752318958E-013
           9  1.912633244112939E-009
          10  2.713051082138141E-014
          14  2.063486437889882E-015
          15  2.057035315608008E-012
          16  1.253351153216839E-009
          17  9.276302943519303E-011
          18  4.496873360805340E-010
          19  2.013335262510920E-010
          20  4.662003781264694E-009
          21  7.523850308127346E-010
          22  1.654697503311085E-009
          23  4.884611754555849E-009
          24  1.131750641613699E-008
          25  1.386011602305163E-008
          26  1.188216870392904E-008
          27  2.458544896338529E-009
          28  1.569216984247163E-009
          29  8.941301322449756E-010
          30  2.808927811513308E-009
          31  4.730184387279650E-010
          32  6.086366403781052E-010
          33  8.323912867796582E-010
          34  4.251496206201883E-009
          35  2.901435590917715E-010
          36  1.192646115394428E-009
          37  7.315192693028789E-010
          38  9.778825266208545E-010
          39  2.955356062598104E-010
          40  6.464010521059257E-010
          41  9.349620675453907E-010
          42  6.267704231867138E-009
          43  5.301036418417581E-010
          44  1.023317649578931E-009
          45  4.468890471955787E-009
          46  7.326818964659627E-009
          47  7.957836973288272E-009
          48  5.924886095732352E-009
          49  4.967142840498480E-010
          50  3.145205883280605E-009
          51  1.597307004751934E-009
          52  6.315534836291695E-009
          53  2.050131474989971E-010
          54  4.883808250465836E-010
          55  3.271680984952110E-010
          56  4.169681286780374E-010
          57  1.100114488785124E-010
          58  2.332236957598130E-010
          59  1.587591881846102E-010
          60  1.784828183479902E-010
          61  1.830408049249816E-010
          62  8.622226808057859E-010
          63  3.550740139264123E-010
          64  3.828878268796431E-010
          65  3.243638823840646E-010
          66  4.492360481728050E-010
          67  5.798826821635386E-010
          68  8.283951512947769E-010
          69  1.567415098178506E-010
          70  4.798377915729396E-010
          71  1.654247813534879E-010
          72  2.084385363427267E-010
          73  2.278982980481093E-010
          74  4.513310104815368E-010
          75  1.064202749673137E-009
          76  2.809609718943396E-009
          77  5.561834918988694E-009
          78  1.018211018169092E-008
          79  8.029385636362435E-009
          80  3.233776417324014E-008
          81  1.187846760551568E-008
          82  1.067696696726047E-008
          83  4.722685900051098E-009
          84  5.308609142222383E-009
          85  3.596972017222266E-009
          86  3.875267187241315E-009
          87  2.466401029071152E-009
          88  5.943720294200709E-009
          89  2.656781942179312E-009
          90  5.117676999994983E-009
          91  3.548889333017887E-009
          92  2.969253558134979E-009
          93  2.433031050116543E-009
          94  5.504192144796689E-009
          95  2.858483702627319E-009
          96  3.546916812529523E-009
          97  1.543606710783183E-009
          98  1.411623846081299E-009
          99  1.544576237311775E-009
         100  1.339027818143191E-009
         101  9.937398519833691E-010
         102  1.762278912155464E-009
         103  1.689814055172584E-009
         104  1.660987746267567E-009
         105  1.778943542007389E-009
         106  2.253462634487888E-009
         107  1.730502721173896E-009
         108  5.843524465030351E-009
         109  2.605926380422907E-009
         110  6.973959931039382E-009
         111  4.922773797600948E-009
         112  6.421151635708189E-009
         113  3.217480382890422E-009
         114  2.515168320960415E-009
         115  1.307712871719291E-009
         116  1.349927610808569E-009
         117  1.242603844312866E-009
         118  1.343442481234155E-009
         119  4.842511205117625E-010
         120  6.908872213707140E-010
         121  5.637870229856420E-010
         122  7.340530007399179E-010
         123  6.789547694382150E-010
         124  2.010713922561975E-008
         125  8.933061827089115E-008
         126  7.200501043426720E-007
         127  3.661692110596273E-006
         128  2.963184612277006E-005
         129  1.415608107634933E-004
         130  3.310975993757825E-004
         131  1.104499160632600E-003
         132  1.024890487843607E-003
         133  3.378221533629386E-005
         134  8.397161888291081E-005
         135  7.905056272635252E-005
         136  2.182009773667972E-004
         137  1.198191156097890E-004
         138  8.776492667472057E-005
         139  1.445484729551951E-005
         140  3.282942017078954E-005
         141  2.518779285408621E-005
         142  9.598564859850568E-006
         143  1.640276982019245E-006
         144  6.767725920968029E-006
         145  3.230543520570969E-006
         146  1.421515846489264E-005
         147  1.690551161268383E-005
         148  1.984334049660338E-005
         149  1.145037483714758E-005
         150  2.939046300672487E-005
         151  1.571408239282165E-005
         152  2.464449590393206E-005
         153  1.147050088358363E-005
         154  3.273444008661859E-005
         155  1.695504580475003E-005
         156  5.951199936185153E-005
         157  2.310526014015453E-005
         158  3.127550868794536E-005
         159  1.737126466985311E-005
         160  4.346526528214742E-005
         161  2.339645680916415E-005
         162  6.715653897571869E-005
         163  4.482171685684370E-005
         164  1.602662469056910E-004
         165  9.928079265409180E-005
         166  1.019853509577991E-004
         167  3.020045697235040E-005
         168  1.178531366158109E-004
         169  4.940324520093349E-005
         170  3.162076747601552E-005
         171  1.516556759928761E-005
         172  5.973839116103687E-005
         173  2.851786167182678E-005
         174  4.005282092908874E-005
         175  1.926706088313047E-005
         176  1.340377040189183E-005
         177  5.765081397459586E-006
         178  1.929097210621054E-005
         179  5.934149317653923E-006
         180  9.167717268405602E-006
         181  4.941115112679475E-006
         182  1.207405635091120E-005
         183  6.577424741649472E-006
         184  1.228019072513752E-005
         185  3.935003929390469E-006
         186  1.522150343087574E-005
         187  4.556161568362471E-006
         188  1.556842272791216E-005
         189  1.360618872067808E-005
         190  2.797138251622779E-005
         191  3.010638171637917E-005
         192  1.059907521582312E-004
         193  1.379340037324264E-004
         194  3.350103048584521E-004
         195  2.247114411074186E-004
         196  4.162004321061447E-004
         197  2.136373240393651E-004
         198  1.505795756580197E-004
         199  1.207493804357913E-005
         200  2.184967014889171E-006
         201  8.417787900005908E-008
         202  1.063673189531822E-007
         203  2.716210123739617E-008
         204  8.938851825033637E-008
         205  7.779898785362748E-008
         206  2.354922202362211E-006
         207  1.561196769490102E-006
         208  2.581109728405096E-006
         209  1.629069305550179E-006
         226  6.522314053176913E-014
         227  5.012472262400301E-015
         230  3.073639396877315E-012
         231  7.524734353485955E-012
         232  5.745825470827936E-007
         234  1.000750587887544E-011
         235  1.616961539659766E-007
         236  1.694015122128429E-009
         238  1.821225728262293E-007
         240  3.292384294920220E-013
         244  4.019023556981811E-009
