           1  7.436981223863343E-005
           2  6.470609901488105E-012
           3  1.574717819390911E-008
           4  8.011158245126181E-005
           6  5.674563962362780E-015
           7  3.114017005274736E-012
           8  2.708281752318958E-013
           9  1.912633244112939E-009
          10  2.713051082138141E-014
          14  1.994931986472039E-015
          15  2.067807094304584E-012
          16  1.261147403821016E-009
          17  9.332962577936824E-011
          18  4.403972879328620E-010
          19  1.875577416281524E-010
          20  4.689561248380777E-009
          21  7.726935503223470E-010
          22  1.600029591661872E-009
          23  4.912273093941963E-009
          24  1.137976976672721E-008
          25  1.379468318527856E-008
          26  1.167760857281582E-008
          27  2.561500687821760E-009
          28  1.607355164213550E-009
          29  8.292997935481426E-010
          30  2.691152172115937E-009
          31  4.826471980258607E-010
          32  5.984604306383378E-010
          33  8.304956706480958E-010
          34  4.417045343879371E-009
          35  2.893634772039088E-010
          36  1.107873034974071E-009
          37  7.638166976776585E-010
          38  1.025307321949418E-009
          39  3.036546804348848E-010
          40  6.283239384209582E-010
          41  8.849021330126118E-010
          42  6.342818882458116E-009
          43  5.635949575053521E-010
          44  9.915936160232579E-010
          45  4.389411175265744E-009
          46  7.325518378618864E-009
          47  7.956329467968406E-009
          48  5.916407034039261E-009
          49  5.171916424017789E-010
          50  3.104742882200331E-009
          51  1.565538105816430E-009
          52  6.300962237651240E-009
          53  2.252438396612045E-010
          54  5.513994374324175E-010
          55  3.729519220168298E-010
          56  4.228108710970112E-010
          57  1.157692614340044E-010
          58  2.174279655840995E-010
          59  1.524940039655948E-010
          60  1.757943601839372E-010
          61  1.768453118246057E-010
          62  8.591951411849563E-010
          63  3.567848010898134E-010
          64  3.640305779460652E-010
          65  3.056259909663285E-010
          66  4.463163994152555E-010
          67  5.783554464947732E-010
          68  8.790176114095361E-010
          69  1.657088831114300E-010
          70  4.959873272912942E-010
          71  1.714561261556986E-010
          72  2.149576768657886E-010
          73  2.159270156065231E-010
          74  4.476917631600067E-010
          75  1.064154161079239E-009
          76  2.830916299442569E-009
          77  5.421236560570215E-009
          78  1.007513383214681E-008
          79  7.951117899995866E-009
          80  3.253917736435506E-008
          81  1.189380867300055E-008
          82  1.045776322380824E-008
          83  4.591074354140194E-009
          84  5.137062230875061E-009
          85  3.471031182629943E-009
          86  3.777699923083159E-009
          87  2.529277227471648E-009
          88  6.048974818462863E-009
          89  2.746025782382124E-009
          90  5.221281297555060E-009
          91  3.593737642234749E-009
          92  2.910224407771283E-009
          93  2.384554802944171E-009
          94  5.603016365462925E-009
          95  2.915489372156913E-009
          96  3.258422834409218E-009
          97  1.446711293318327E-009
          98  1.359652636347576E-009
          99  1.501563997671615E-009
         100  1.350857478555836E-009
         101  1.003846625050521E-009
         102  1.755056314719752E-009
         103  1.694524049475530E-009
         104  1.671117404209705E-009
         105  1.751344376054895E-009
         106  2.255914754949174E-009
         107  1.720084361010935E-009
         108  5.672533228065760E-009
         109  2.517148021669456E-009
         110  6.798393948847965E-009
         111  4.848596796661784E-009
         112  6.482305731901414E-009
         113  3.339797381020382E-009
         114  2.690261568960169E-009
         115  1.412397704958140E-009
         116  1.448798265828294E-009
         117  1.236689951972275E-009
         118  1.309806898164416E-009
         119  4.950129885970084E-010
         120  6.832484917219142E-010
         121  5.555506979918736E-010
         122  7.065976743310223E-010
         123  6.486221034972668E-010
         124  1.694416610857455E-008
         125  7.694123014895809E-008
         126  6.378300007639497E-007
         127  3.284244531429920E-006
         128  2.716085116848136E-005
         129  1.343055849016730E-004
         130  3.269165188046805E-004
         131  1.100956365484597E-003
         132  1.033464633125136E-003
         133  3.317525563691100E-005
         134  8.292238599689698E-005
         135  8.362402038406249E-005
         136  2.174043193394426E-004
         137  1.183190019016679E-004
         138  9.050891538311143E-005
         139  1.458567744347551E-005
         140  3.326411447959834E-005
         141  2.498977726042597E-005
         142  1.003380067484979E-005
         143  1.687594308414504E-006
         144  6.295687712027767E-006
         145  2.983588025786128E-006
         146  1.242233823895154E-005
         147  1.392007117662637E-005
         148  2.955686791360862E-005
         149  2.110256166765421E-005
         150  3.552713367725345E-005
         151  2.073140609572942E-005
         152  4.388881763657581E-005
         153  1.939878022291926E-005
         154  4.691730331514538E-005
         155  2.302864845204260E-005
         156  3.911598023235044E-005
         157  1.850226230696699E-005
         158  3.210231593560662E-005
         159  1.865786709546376E-005
         160  4.680945511862144E-005
         161  2.542981320202451E-005
         162  8.054570067055980E-005
         163  5.148731705450748E-005
         164  9.898720752121571E-005
         165  5.364748822554923E-005
         166  9.645353315803940E-005
         167  6.347757765778952E-005
         168  1.611234652038098E-004
         169  5.498802135291995E-005
         170  2.914940018584426E-005
         171  1.137549824761411E-005
         172  1.708490509855756E-005
         173  1.145999610720101E-005
         174  3.633795797914163E-005
         175  2.408911510908940E-005
         176  1.823549569331670E-005
         177  6.704544884764227E-006
         178  1.198189550993609E-005
         179  7.249580989251511E-006
         180  1.504897990811232E-005
         181  6.603437265327226E-006
         182  1.360667445662569E-005
         183  7.064685583857350E-006
         184  1.284155265885420E-005
         185  4.032122469276280E-006
         186  1.517799011771691E-005
         187  4.405515131619007E-006
         188  1.424467634070116E-005
         189  1.209095964709000E-005
         190  2.572233174138061E-005
         191  2.828128173655527E-005
         192  9.959046143149269E-005
         193  1.305674877543381E-004
         194  3.272734891639477E-004
         195  2.266692685977873E-004
         196  4.280882214662833E-004
         197  2.273281406734358E-004
         198  1.658138251559641E-004
         199  1.365073508478299E-005
         200  2.462995186411423E-006
         201  8.944036281374761E-008
         202  1.089520438555624E-007
         203  2.754066222790992E-008
         204  8.506503903595582E-008
         205  7.295595908893340E-008
         206  2.162581109863891E-006
         207  1.447698491946361E-006
         208  2.402364022313845E-006
         209  1.510755108902173E-006
         226  5.595811358789310E-014
         227  4.273773242743228E-015
         230  2.637025158500426E-012
         231  6.415797765089116E-012
         232  5.004065849295007E-007
         234  8.585927419867991E-012
         235  1.378666374790787E-007
         236  1.388971854511607E-009
         238  1.562518384432202E-007
         240  2.694731175573359E-013
         244  3.289466570191209E-009
