           1  7.402069899857872E-005
           2  6.470609901488105E-012
           3  1.574717819390911E-008
           4  8.144348701701946E-005
           6  5.674563962362780E-015
           7  3.114017005274736E-012
           8  2.708281752318958E-013
           9  1.912633244112939E-009
          10  2.713051082138141E-014
          14  2.258649809697673E-015
          15  2.294670326302837E-012
          16  1.268627568224480E-009
          17  9.369791848960342E-011
          18  4.434563790210439E-010
          19  1.912347211488828E-010
          20  4.721576772558860E-009
          21  7.634068113389224E-010
          22  1.593845933787071E-009
          23  4.938746435218361E-009
          24  1.141295634975449E-008
          25  1.393493834756739E-008
          26  1.194389499866001E-008
          27  2.485332206272255E-009
          28  1.562120456497024E-009
          29  8.504789990911583E-010
          30  2.738291919119779E-009
          31  4.619674030013793E-010
          32  5.964018115426445E-010
          33  8.609049410428460E-010
          34  4.335705727938072E-009
          35  2.867313149320531E-010
          36  1.157180946311313E-009
          37  8.075134311316885E-010
          38  1.101369313453312E-009
          39  3.154362592463021E-010
          40  6.266238376704267E-010
          41  8.844794091831584E-010
          42  6.262651154201520E-009
          43  5.272043121800050E-010
          44  1.022959984283908E-009
          45  4.515064732630379E-009
          46  7.390321822586245E-009
          47  7.907172135091203E-009
          48  5.807389947849179E-009
          49  5.364116581405930E-010
          50  3.129919379158905E-009
          51  1.544777960294093E-009
          52  6.341646528812665E-009
          53  2.273429711424121E-010
          54  5.716150804989338E-010
          55  3.738492440231792E-010
          56  4.273708373020298E-010
          57  1.112865269847073E-010
          58  2.293403111458163E-010
          59  1.570690881711996E-010
          60  1.780954206245897E-010
          61  1.861759880882023E-010
          62  8.736909190702344E-010
          63  3.544494634232913E-010
          64  3.726149125098413E-010
          65  3.153097226201171E-010
          66  4.390255470494834E-010
          67  5.757952004733120E-010
          68  8.384744202936517E-010
          69  1.586772420600626E-010
          70  4.849517659730389E-010
          71  1.666952557576452E-010
          72  2.068109451384976E-010
          73  2.214195135799612E-010
          74  4.483057111457617E-010
          75  1.076385862474429E-009
          76  2.825044751795731E-009
          77  5.543504898552504E-009
          78  1.002923872316363E-008
          79  7.996152216644727E-009
          80  3.262804241691537E-008
          81  1.216707354261639E-008
          82  1.079516038734848E-008
          83  4.726087731467583E-009
          84  5.126387393137503E-009
          85  3.524055140386083E-009
          86  3.839705880192748E-009
          87  2.590339754967643E-009
          88  6.284815268177216E-009
          89  2.760873167368673E-009
          90  5.273324127012204E-009
          91  3.656090218551142E-009
          92  2.970696961600217E-009
          93  2.457417547149454E-009
          94  5.829040214499888E-009
          95  2.982442972192338E-009
          96  3.554446235575575E-009
          97  1.536983810723468E-009
          98  1.409318264575242E-009
          99  1.561760825666607E-009
         100  1.368055568759070E-009
         101  1.019650763800825E-009
         102  1.836160575124856E-009
         103  1.753690649365810E-009
         104  1.714178821332116E-009
         105  1.832513542004712E-009
         106  2.337577870305031E-009
         107  1.796658356280292E-009
         108  6.047665026598479E-009
         109  2.665844469912380E-009
         110  7.150863500162816E-009
         111  5.074831450561747E-009
         112  6.644303010055071E-009
         113  3.323536726463638E-009
         114  2.595054658471411E-009
         115  1.346136162374319E-009
         116  1.396857960245332E-009
         117  1.274677001986996E-009
         118  1.365700604099011E-009
         119  4.938662152925170E-010
         120  6.997983621499260E-010
         121  5.718837944475405E-010
         122  7.210637987830852E-010
         123  6.830585698496203E-010
         124  1.894277665776280E-008
         125  9.073292889529949E-008
         126  7.278107537620132E-007
         127  3.668907838430190E-006
         128  2.959014039149286E-005
         129  1.418284781924614E-004
         130  3.310271591874375E-004
         131  1.106370666425537E-003
         132  1.049934684737036E-003
         133  3.373149156553655E-005
         134  8.511554680541456E-005
         135  8.948792894101668E-005
         136  2.306386510872624E-004
         137  1.238534285344443E-004
         138  8.705136602346145E-005
         139  1.479527521960276E-005
         140  3.330473215761398E-005
         141  2.449945623718496E-005
         142  9.373783072546778E-006
         143  1.558334868527687E-006
         144  5.981197088717655E-006
         145  2.903699148213281E-006
         146  1.318635052799006E-005
         147  1.650334853743945E-005
         148  2.061428127415798E-005
         149  1.259560753002638E-005
         150  3.495806693841992E-005
         151  1.928853825559862E-005
         152  2.379611973335948E-005
         153  1.009345555230878E-005
         154  2.947269552961091E-005
         155  1.701914102698541E-005
         156  3.996434659156485E-005
         157  2.745227864612793E-005
         158  8.757585411875133E-005
         159  4.869234156371009E-005
         160  7.664971351357040E-005
         161  3.727105148761601E-005
         162  1.225898561111658E-004
         163  5.121700055654002E-005
         164  4.511322337851823E-005
         165  1.918812641655340E-005
         166  4.046781676141976E-005
         167  1.492358474137359E-005
         168  7.082601672378364E-005
         169  3.860228941653269E-005
         170  3.362176099733781E-005
         171  1.662210705124958E-005
         172  4.946890403113232E-005
         173  2.500982768148653E-005
         174  3.416827488641051E-005
         175  1.591772053671797E-005
         176  1.988612569766941E-005
         177  8.748047613531566E-006
         178  2.211773681690761E-005
         179  9.103632215882355E-006
         180  1.387942513721759E-005
         181  6.357911640051530E-006
         182  1.353983606531033E-005
         183  7.122069623710199E-006
         184  1.299778663976101E-005
         185  4.159460099357634E-006
         186  1.589377504390275E-005
         187  4.711313890794602E-006
         188  1.599336696447447E-005
         189  1.401352630679498E-005
         190  2.892876536100504E-005
         191  3.134657456610085E-005
         192  1.108672193509957E-004
         193  1.440852909130496E-004
         194  3.513331306161258E-004
         195  2.359455093566494E-004
         196  4.378830633284897E-004
         197  2.256531599445906E-004
         198  1.601421407360683E-004
         199  1.291394532883332E-005
         200  2.275529592025959E-006
         201  8.384412022462240E-008
         202  1.031280084875269E-007
         203  2.608068851209760E-008
         204  8.406412238412166E-008
         205  7.361435874129994E-008
         206  2.268104932188297E-006
         207  1.511627885179052E-006
         208  2.509516942394588E-006
         209  1.567539403971886E-006
         226  5.703029089768157E-014
         227  4.454928979537828E-015
         230  2.687551496130528E-012
         231  6.687749154469297E-012
         232  5.206705213224450E-007
         234  8.750436835443876E-012
         235  1.437104974298433E-007
         236  1.424783732402740E-009
         238  1.592456791045647E-007
         240  2.764891639134928E-013
         244  3.375111662186627E-009
