           1  7.434490382415834E-005
           2  6.470609901488105E-012
           3  1.574717819390911E-008
           4  8.316117344053710E-005
           6  5.674563962362780E-015
           7  3.114017005274736E-012
           8  2.708281752318958E-013
           9  1.912633244112939E-009
          10  2.713051082138141E-014
          14  2.008554349943112E-015
          15  2.079931847662435E-012
          16  1.212277834133750E-009
          17  9.053799793574868E-011
          18  4.495249456102925E-010
          19  2.013608968656265E-010
          20  4.614216462475599E-009
          21  7.442616251018962E-010
          22  1.514798028884625E-009
          23  4.869731100372417E-009
          24  1.125796151606324E-008
          25  1.381008239232587E-008
          26  1.192536482812235E-008
          27  2.483507343458819E-009
          28  1.551762922553085E-009
          29  8.607578791956309E-010
          30  2.687407744782334E-009
          31  4.587314742157544E-010
          32  6.352993930218592E-010
          33  8.332479425009683E-010
          34  4.314737311565129E-009
          35  2.889567578024684E-010
          36  1.170048393199572E-009
          37  8.117669394753677E-010
          38  1.101875670323038E-009
          39  3.092752337657375E-010
          40  6.255232546141214E-010
          41  8.854168447589784E-010
          42  6.015469442597004E-009
          43  5.093833927699396E-010
          44  1.012996628179811E-009
          45  4.513599333814818E-009
          46  7.413052883107382E-009
          47  7.969211401093152E-009
          48  5.873691867507864E-009
          49  5.310050343327552E-010
          50  3.114557510973027E-009
          51  1.546155234637990E-009
          52  6.427243232042063E-009
          53  2.291676291072185E-010
          54  5.715413283154301E-010
          55  3.594382598959696E-010
          56  4.098970625996701E-010
          57  1.075184223535714E-010
          58  2.197445941454194E-010
          59  1.510544186753515E-010
          60  1.779496284725280E-010
          61  1.861232629624883E-010
          62  8.639608969197841E-010
          63  3.535260514580443E-010
          64  3.726940028618904E-010
          65  3.151465964436300E-010
          66  4.450022201710178E-010
          67  5.829108648800716E-010
          68  8.363750157036759E-010
          69  1.578121165621902E-010
          70  4.737471869132946E-010
          71  1.629828604951463E-010
          72  2.049143409305451E-010
          73  2.217054123831558E-010
          74  4.486013427774293E-010
          75  1.070990163563463E-009
          76  2.827609193348536E-009
          77  5.608982728005164E-009
          78  1.006197204045971E-008
          79  7.896413390103670E-009
          80  3.152227656882481E-008
          81  1.221383428225885E-008
          82  1.066471974066013E-008
          83  4.598953906630682E-009
          84  5.074312701517408E-009
          85  3.436107288914972E-009
          86  3.727972616337866E-009
          87  2.520726871315221E-009
          88  6.067667872362806E-009
          89  2.709967643585809E-009
          90  5.145785680149764E-009
          91  3.486847079464569E-009
          92  2.912800966684790E-009
          93  2.417367268045603E-009
          94  5.579330313788605E-009
          95  2.886084184255233E-009
          96  3.511294220996864E-009
          97  1.528862304689802E-009
          98  1.404107883701184E-009
          99  1.545386978022374E-009
         100  1.354195632200757E-009
         101  1.006698626274098E-009
         102  1.758961572302309E-009
         103  1.664395070798427E-009
         104  1.620133089745616E-009
         105  1.719368305532166E-009
         106  2.200194164294424E-009
         107  1.704828735976341E-009
         108  5.764931258978655E-009
         109  2.558936600086806E-009
         110  6.901528920537751E-009
         111  4.918452743199203E-009
         112  6.431659523449983E-009
         113  3.232281634110227E-009
         114  2.529081146638160E-009
         115  1.317601504133564E-009
         116  1.365614128512290E-009
         117  1.273847865892799E-009
         118  1.372159154426611E-009
         119  4.827585425436886E-010
         120  6.822533380518647E-010
         121  5.578404219366023E-010
         122  7.299844057419491E-010
         123  6.630370120992375E-010
         124  1.921958200565329E-008
         125  8.377277557226296E-008
         126  6.797799154189619E-007
         127  3.486274648589129E-006
         128  2.840499376579498E-005
         129  1.371001530357936E-004
         130  3.238656186300109E-004
         131  1.079648749198633E-003
         132  1.037975369339728E-003
         133  3.468304074670720E-005
         134  8.768204296622978E-005
         135  8.662805839501046E-005
         136  2.237534408563531E-004
         137  1.211561380020030E-004
         138  9.036036985733009E-005
         139  1.470254325199976E-005
         140  3.365398631717051E-005
         141  2.546080724727302E-005
         142  9.926736617112514E-006
         143  1.596153649918647E-006
         144  5.407548893966168E-006
         145  1.984543654174755E-006
         146  7.475627823366668E-006
         147  9.069877073689903E-006
         148  1.363894018828017E-005
         149  1.047472494379003E-005
         150  6.464395478984232E-005
         151  2.571994694662993E-005
         152  4.297969534458837E-005
         153  2.392122253858780E-005
         154  2.343125069825312E-005
         155  9.629733580725345E-006
         156  3.021085255135231E-005
         157  2.067919668700074E-005
         158  5.906635159016665E-005
         159  4.623829152268904E-005
         160  6.223108607244763E-005
         161  2.768650864345529E-005
         162  6.226560907113284E-005
         163  3.628209466579126E-005
         164  9.182530275646571E-005
         165  5.192288745217889E-005
         166  1.070927481660706E-004
         167  3.879554649829178E-005
         168  1.339242528917144E-004
         169  7.061486102296847E-005
         170  3.838039016276431E-005
         171  1.711811782895257E-005
         172  5.908063834095750E-005
         173  2.644765157664179E-005
         174  3.671456556876168E-005
         175  1.758660220597745E-005
         176  1.109628124650062E-005
         177  5.060535618987249E-006
         178  1.282630476037226E-005
         179  5.578274830463075E-006
         180  9.823618123227576E-006
         181  4.721864073129881E-006
         182  1.055120332453330E-005
         183  5.620626114855825E-006
         184  1.045051700151429E-005
         185  3.394380840694794E-006
         186  1.332129065435051E-005
         187  3.980746457539403E-006
         188  1.373080890848790E-005
         189  1.225609702009482E-005
         190  2.601475803175869E-005
         191  2.910363089979207E-005
         192  1.043916206356592E-004
         193  1.368432255318451E-004
         194  3.354766179950425E-004
         195  2.276328140846036E-004
         196  4.239453916881364E-004
         197  2.189468739680962E-004
         198  1.551036330403498E-004
         199  1.253968627558137E-005
         200  2.234605142593903E-006
         201  8.462771594577476E-008
         202  1.052914531676082E-007
         203  2.647574057513704E-008
         204  7.706960204119034E-008
         205  6.542621594354664E-008
         206  2.332243690096087E-006
         207  1.511672139108408E-006
         208  2.548015576811346E-006
         209  1.644675342878908E-006
         226  6.827345737825074E-014
         227  5.241530582008223E-015
         230  3.217385526791709E-012
         231  7.868597205243684E-012
         232  6.044789709018996E-007
         234  1.047553093140613E-011
         235  1.690852919752459E-007
         236  1.727305251092302E-009
         238  1.906399724406473E-007
         240  3.354435714460072E-013
         244  4.094769914191570E-009
