           1  7.431969540447767E-005
           2  6.470609901488105E-012
           3  1.574717819390911E-008
           4  8.476778114944795E-005
           6  5.674563962362780E-015
           7  3.114017005274736E-012
           8  2.708281752318958E-013
           9  1.912633244112939E-009
          10  2.713051082138141E-014
          14  2.222563218500049E-015
          15  2.103739945377794E-012
          16  1.240496093789041E-009
          17  9.207972618333333E-011
          18  4.553454910849893E-010
          19  2.084730742163916E-010
          20  4.674194458435257E-009
          21  7.581899342085411E-010
          22  1.522147726988100E-009
          23  4.929300711890944E-009
          24  1.136939340200754E-008
          25  1.388433892368554E-008
          26  1.211882730593674E-008
          27  2.525203952362273E-009
          28  1.550171722185334E-009
          29  8.477349632891308E-010
          30  2.659452385361139E-009
          31  4.487791232506564E-010
          32  6.446019509913110E-010
          33  8.248060977385665E-010
          34  4.324640492973712E-009
          35  2.861697180829641E-010
          36  1.163831426875864E-009
          37  8.191182379825689E-010
          38  1.116251084462280E-009
          39  3.094278528635684E-010
          40  6.215270806210450E-010
          41  8.851534628494317E-010
          42  5.962986928935675E-009
          43  4.903071536615514E-010
          44  9.997800851339219E-010
          45  4.501744052639111E-009
          46  7.464238946778905E-009
          47  8.065224471816686E-009
          48  5.926581513239257E-009
          49  5.272559206269841E-010
          50  3.116951093345101E-009
          51  1.541963513355275E-009
          52  6.377584650829493E-009
          53  2.246844406451645E-010
          54  5.623661430956008E-010
          55  3.550979649765608E-010
          56  4.008142883758949E-010
          57  1.022040399563048E-010
          58  2.062783024974198E-010
          59  1.413213566770176E-010
          60  1.685936041131404E-010
          61  1.848016819402456E-010
          62  8.604476033558526E-010
          63  3.449733048059065E-010
          64  3.616657585596351E-010
          65  3.055653328550897E-010
          66  4.261451355103542E-010
          67  5.837428556912661E-010
          68  8.376581211839337E-010
          69  1.561565664712290E-010
          70  4.700371508415948E-010
          71  1.606915231037891E-010
          72  1.960869666110262E-010
          73  2.140402686492560E-010
          74  4.411868199855279E-010
          75  1.067437389999074E-009
          76  2.824911708537051E-009
          77  5.574241248706652E-009
          78  1.019109315614179E-008
          79  8.000059264458902E-009
          80  3.193049893287114E-008
          81  1.245298628868651E-008
          82  1.088473042761487E-008
          83  4.690527712193013E-009
          84  5.169270436920054E-009
          85  3.474135531981239E-009
          86  3.761045219411774E-009
          87  2.541935818411092E-009
          88  6.152400310435685E-009
          89  2.767986580648297E-009
          90  5.335908663221985E-009
          91  3.523698052271174E-009
          92  2.923122961323379E-009
          93  2.460700533447794E-009
          94  5.807667638260288E-009
          95  2.953508845339408E-009
          96  3.586918879561489E-009
          97  1.533482278453887E-009
          98  1.390350207047890E-009
          99  1.548692985903739E-009
         100  1.350717860862675E-009
         101  1.018336557843989E-009
         102  1.805878527967808E-009
         103  1.692342070920067E-009
         104  1.637541336011334E-009
         105  1.749330771977590E-009
         106  2.244827020318313E-009
         107  1.759914575913775E-009
         108  6.010949077462185E-009
         109  2.653599823644748E-009
         110  7.205476038911365E-009
         111  5.155880754704583E-009
         112  6.718773793534802E-009
         113  3.328362248102514E-009
         114  2.577386253647414E-009
         115  1.341226651306202E-009
         116  1.398979281262607E-009
         117  1.336231058632643E-009
         118  1.450201742665114E-009
         119  4.988367118346721E-010
         120  7.102075685739384E-010
         121  5.810228146288086E-010
         122  7.596813234902385E-010
         123  6.934044662862350E-010
         124  2.060384197843584E-008
         125  9.056544839641297E-008
         126  7.210168132319560E-007
         127  3.651683014760844E-006
         128  2.943892443821618E-005
         129  1.415756301834039E-004
         130  3.348175334108432E-004
         131  1.091443969892904E-003
         132  1.043613217281751E-003
         133  3.373886105093837E-005
         134  8.492813113841538E-005
         135  8.890359442798310E-005
         136  2.235045413594337E-004
         137  1.193099491329964E-004
         138  8.549395762913264E-005
         139  1.457393678180688E-005
         140  3.327922228383768E-005
         141  2.496968246132956E-005
         142  9.780475083812642E-006
         143  1.624195837799100E-006
         144  6.257546090491350E-006
         145  2.702800157890754E-006
         146  9.696219960650929E-006
         147  8.480341790703567E-006
         148  1.411389792812680E-005
         149  1.175353433597077E-005
         150  3.002338512793197E-005
         151  2.018153169745045E-005
         152  4.952576459563955E-005
         153  2.182878058365531E-005
         154  2.759117081090763E-005
         155  1.194307168894758E-005
         156  2.409304720295901E-005
         157  1.645633877524583E-005
         158  4.338055548513893E-005
         159  2.091358291045341E-005
         160  4.843970394101366E-005
         161  3.098435620914587E-005
         162  8.527090366567807E-005
         163  4.125912112429745E-005
         164  1.133119741150048E-004
         165  7.083416367769357E-005
         166  1.068881806827795E-004
         167  3.320243684692608E-005
         168  1.375173150870994E-004
         169  5.560961993876545E-005
         170  5.326478715456069E-005
         171  2.354629910674601E-005
         172  4.586211507408129E-005
         173  1.933057196638962E-005
         174  2.095901742588845E-005
         175  1.242397580763778E-005
         176  2.091476607865539E-005
         177  1.106420335505427E-005
         178  1.234037316680819E-005
         179  5.628371451062287E-006
         180  1.116165871682269E-005
         181  5.253374403337456E-006
         182  1.130679829789304E-005
         183  5.990651931181080E-006
         184  1.124458450450093E-005
         185  3.709662898543127E-006
         186  1.466144702832105E-005
         187  4.304438111251908E-006
         188  1.462442716949594E-005
         189  1.308355239790403E-005
         190  2.733552411802297E-005
         191  3.048834714666031E-005
         192  1.082425365608533E-004
         193  1.391395950355833E-004
         194  3.356529098566027E-004
         195  2.274719880051292E-004
         196  4.256049802518876E-004
         197  2.172418563760301E-004
         198  1.534329490183600E-004
         199  1.225956575099099E-005
         200  2.208786925775586E-006
         201  8.865515220786455E-008
         202  1.090545857529698E-007
         203  2.638607146567827E-008
         204  8.497209847489968E-008
         205  7.416134997825911E-008
         206  2.481237542165317E-006
         207  1.605771856738220E-006
         208  2.713200058788944E-006
         209  1.730631098474582E-006
         210  1.011458860109232E-015
         226  7.163054882816109E-014
         227  5.558042516058454E-015
         230  3.375588404715664E-012
         231  8.343745614802277E-012
         232  6.350085153277137E-007
         234  1.099062591375425E-011
         235  1.792955753925047E-007
         236  1.846620856765849E-009
         238  2.000139787685523E-007
         240  3.587938484981944E-013
         244  4.379807458805013E-009
