           1  7.416180476656832E-005
           2  6.470609901488105E-012
           3  1.574717819390911E-008
           4  8.187208149814625E-005
           6  5.674563962362780E-015
           7  3.114017005274736E-012
           8  2.708281752318958E-013
           9  1.912633244112939E-009
          10  2.713051082138141E-014
          14  2.255948717101460E-015
          15  2.196757660642127E-012
          16  1.279977140662842E-009
          17  9.446225725173003E-011
          18  4.466009991386316E-010
          19  1.941965856860914E-010
          20  4.685299555877479E-009
          21  7.792937827366152E-010
          22  1.665775229742191E-009
          23  4.904928038428632E-009
          24  1.138188896086297E-008
          25  1.374114223592337E-008
          26  1.197196545626664E-008
          27  2.677209055723849E-009
          28  1.644279042661280E-009
          29  8.362103639901563E-010
          30  2.746934828398133E-009
          31  4.989778627632783E-010
          32  6.011243577267459E-010
          33  7.922823217381004E-010
          34  4.378767511525315E-009
          35  2.957226602264300E-010
          36  1.145840302141712E-009
          37  7.792725838149491E-010
          38  1.039550821147500E-009
          39  3.103792735264624E-010
          40  6.306754540478378E-010
          41  8.790230914035548E-010
          42  6.292810079745152E-009
          43  5.591040560838716E-010
          44  9.635772581910657E-010
          45  4.266317068235892E-009
          46  7.300727016157875E-009
          47  8.067129458732479E-009
          48  6.043527477542990E-009
          49  5.173714157249350E-010
          50  3.140710763107589E-009
          51  1.587376547087800E-009
          52  6.330615036470785E-009
          53  2.159605413041066E-010
          54  5.141564967260758E-010
          55  3.591351056255281E-010
          56  4.233517240921843E-010
          57  1.162735532009191E-010
          58  2.131717626748139E-010
          59  1.509693399411529E-010
          60  1.720237499048885E-010
          61  1.711023391013427E-010
          62  8.476653033698146E-010
          63  3.512622348020628E-010
          64  3.568739572480850E-010
          65  3.024701297908449E-010
          66  4.422716618407638E-010
          67  5.746650354626120E-010
          68  8.811992310955182E-010
          69  1.646836118497588E-010
          70  4.917001757186893E-010
          71  1.707519799080915E-010
          72  2.125363537421706E-010
          73  2.101548966585960E-010
          74  4.342149280742462E-010
          75  1.015480880219114E-009
          76  2.763472307906288E-009
          77  5.374767895276712E-009
          78  1.018826896758754E-008
          79  7.968638448572754E-009
          80  3.279973706007203E-008
          81  1.209906617706752E-008
          82  1.091389409266129E-008
          83  4.830213930561152E-009
          84  5.247692628864838E-009
          85  3.523231402454261E-009
          86  3.825402290521738E-009
          87  2.518996452141499E-009
          88  6.101407782280637E-009
          89  2.785734562883783E-009
          90  5.289156641614052E-009
          91  3.605534135227905E-009
          92  2.946967141377621E-009
          93  2.440371553938217E-009
          94  5.815661290760126E-009
          95  2.995798212040873E-009
          96  3.386516231737076E-009
          97  1.498282388003382E-009
          98  1.407179971790662E-009
          99  1.569351270771293E-009
         100  1.410270835003164E-009
         101  1.041994521690331E-009
         102  1.796981297771585E-009
         103  1.722488300701682E-009
         104  1.688951027805446E-009
         105  1.776948634880420E-009
         106  2.275360375470984E-009
         107  1.724464904517571E-009
         108  5.689082905835524E-009
         109  2.536942943901800E-009
         110  7.016932438351022E-009
         111  4.998914058998625E-009
         112  6.752285560940982E-009
         113  3.480679928479867E-009
         114  2.814736637002565E-009
         115  1.487491503435539E-009
         116  1.554741663274710E-009
         117  1.363581857416954E-009
         118  1.448293137022135E-009
         119  5.346594169941418E-010
         120  7.367944215429123E-010
         121  5.983092789227542E-010
         122  7.653150884943839E-010
         123  6.837779788973076E-010
         124  1.737359788021944E-008
         125  7.514066008215909E-008
         126  6.222328417715781E-007
         127  3.172053590502900E-006
         128  2.625591859400676E-005
         129  1.321399541363242E-004
         130  3.314123107532718E-004
         131  1.120998743949440E-003
         132  1.051540069635256E-003
         133  3.325069492552233E-005
         134  8.327385886463408E-005
         135  8.548974802157790E-005
         136  2.241711784639398E-004
         137  1.210756149050157E-004
         138  8.533618788267427E-005
         139  1.423453867441359E-005
         140  3.300388934767290E-005
         141  2.511155333996789E-005
         142  9.867300164919652E-006
         143  1.864789559343253E-006
         144  9.545578105951594E-006
         145  5.475224946446589E-006
         146  2.151077063057040E-005
         147  1.639226326160246E-005
         148  2.416310149661306E-005
         149  1.548385936209902E-005
         150  1.964745622208776E-005
         151  1.130745538964517E-005
         152  3.583884143047822E-005
         153  2.139027226206949E-005
         154  5.245927846027133E-005
         155  2.833833392266391E-005
         156  4.540917374763018E-005
         157  1.865376199332385E-005
         158  3.778011326464182E-005
         159  3.573321993019240E-005
         160  3.942971494672947E-005
         161  1.426927852066133E-005
         162  4.462781359652948E-005
         163  4.824220662228286E-005
         164  7.094927446655300E-005
         165  4.301425068632077E-005
         166  1.144207026785640E-004
         167  4.105975391521700E-005
         168  5.569211343683453E-005
         169  2.281529567296579E-005
         170  4.728718676890358E-005
         171  4.095386191574807E-005
         172  5.681057085173790E-005
         173  3.146343233329074E-005
         174  6.522573571470454E-005
         175  3.225595953882994E-005
         176  2.421083857933831E-005
         177  1.028122492620646E-005
         178  2.719618549186025E-005
         179  8.972823654163560E-006
         180  1.210877804451372E-005
         181  5.718283876770139E-006
         182  1.257863902869660E-005
         183  6.608434725218917E-006
         184  1.198962520004654E-005
         185  3.783122020419609E-006
         186  1.433737764540677E-005
         187  4.161416505288217E-006
         188  1.339733964687077E-005
         189  1.144088580225149E-005
         190  2.435395170904009E-005
         191  2.779487028662042E-005
         192  9.842903418245441E-005
         193  1.290081353945767E-004
         194  3.239697194141431E-004
         195  2.272639814453309E-004
         196  4.366459313841176E-004
         197  2.335456241192782E-004
         198  1.731404871668900E-004
         199  1.414403954734959E-005
         200  2.515867902175967E-006
         201  8.778825751811324E-008
         202  1.046067034147790E-007
         203  2.625699906131025E-008
         204  8.945817143847319E-008
         205  7.875547771080442E-008
         206  2.288690685156104E-006
         207  1.530641249812347E-006
         208  2.539723881409129E-006
         209  1.594948725802977E-006
         226  6.277895292315175E-014
         227  4.800292525616266E-015
         230  2.958457097068454E-012
         231  7.206209667280933E-012
         232  5.568092429364829E-007
         234  9.632482203798056E-012
         235  1.548514981571358E-007
         236  1.549780364047989E-009
         238  1.752976678596465E-007
         240  3.005058064609298E-013
         244  3.668283550737687E-009
