           1  7.415863984472986E-005
           2  6.470609901488105E-012
           3  1.574717819390911E-008
           4  8.007179084729283E-005
           6  5.674563962362780E-015
           7  3.114017005274736E-012
           8  2.708281752318958E-013
           9  1.912633244112939E-009
          10  2.713051082138141E-014
          14  2.110110159195749E-015
          15  2.184384789219958E-012
          16  1.246122667003484E-009
          17  9.244348921408261E-011
          18  4.613798566666154E-010
          19  2.158677995616824E-010
          20  4.691781898260968E-009
          21  7.584883347899467E-010
          22  1.528806410702788E-009
          23  4.938274521304492E-009
          24  1.138744432229448E-008
          25  1.396455112107024E-008
          26  1.201688082474139E-008
          27  2.531761508711147E-009
          28  1.544387018452021E-009
          29  8.606447522379277E-010
          30  2.655253750986912E-009
          31  4.614614993450920E-010
          32  6.476652830365926E-010
          33  8.135410372325879E-010
          34  4.381909686754287E-009
          35  2.961463677633592E-010
          36  1.196272660149158E-009
          37  8.096115850417154E-010
          38  1.084967360956492E-009
          39  2.959917276023523E-010
          40  6.155418950205978E-010
          41  8.868319558899879E-010
          42  5.978596059435345E-009
          43  5.079597973471943E-010
          44  1.018089994076702E-009
          45  4.557210522570910E-009
          46  7.533260572254320E-009
          47  8.115688231146256E-009
          48  5.943870119595882E-009
          49  5.204587871654457E-010
          50  3.088200948068028E-009
          51  1.539116054614024E-009
          52  6.225190210215921E-009
          53  2.240509155840460E-010
          54  5.533122260608306E-010
          55  3.402233061589146E-010
          56  3.955761241469641E-010
          57  1.042570319902534E-010
          58  2.042364308145986E-010
          59  1.433214624620279E-010
          60  1.733612635974494E-010
          61  1.835702923177488E-010
          62  8.593472409035198E-010
          63  3.476657264205032E-010
          64  3.578268434077875E-010
          65  3.043210670083390E-010
          66  4.390458712252862E-010
          67  5.861196589259825E-010
          68  8.416733818987128E-010
          69  1.544858765355956E-010
          70  4.590476148240751E-010
          71  1.601055694465005E-010
          72  2.030851643446696E-010
          73  2.219433545132242E-010
          74  4.545152871958478E-010
          75  1.069559049078382E-009
          76  2.807942086641385E-009
          77  5.481722748983680E-009
          78  1.023873934869213E-008
          79  8.064329245803043E-009
          80  3.188795665774082E-008
          81  1.272071568654596E-008
          82  1.076575721192295E-008
          83  4.567979148647430E-009
          84  5.249825248270769E-009
          85  3.492237409757648E-009
          86  3.791266156754244E-009
          87  2.600955535646008E-009
          88  6.104948297696806E-009
          89  2.728453448801296E-009
          90  5.259525046375431E-009
          91  3.607885719504185E-009
          92  3.044776626643878E-009
          93  2.498376396244700E-009
          94  5.607791282460874E-009
          95  2.882979398629534E-009
          96  3.507432549386150E-009
          97  1.523853702620671E-009
          98  1.410385931169439E-009
          99  1.580127993830659E-009
         100  1.390875782629717E-009
         101  1.028166743532801E-009
         102  1.793287525505180E-009
         103  1.690978446595652E-009
         104  1.639855517869919E-009
         105  1.764889601158282E-009
         106  2.285002884856741E-009
         107  1.766816769147514E-009
         108  6.020284099781857E-009
         109  2.657304768521520E-009
         110  7.159352758452078E-009
         111  5.086581410167187E-009
         112  6.675068346795930E-009
         113  3.347621534310468E-009
         114  2.620586931971800E-009
         115  1.363571389920662E-009
         116  1.402467429828253E-009
         117  1.233119393092071E-009
         118  1.317187750938844E-009
         119  4.967058602048391E-010
         120  7.060094082360787E-010
         121  5.771218907526042E-010
         122  7.232680491904255E-010
         123  6.813548662984872E-010
         124  1.792469050071099E-008
         125  8.629763705488023E-008
         126  6.980207569590001E-007
         127  3.544896975688386E-006
         128  2.896043494242368E-005
         129  1.409651808326718E-004
         130  3.365070594821466E-004
         131  1.096282435355349E-003
         132  1.051392410625131E-003
         133  3.354572645524958E-005
         134  8.368888091528058E-005
         135  8.793867573984015E-005
         136  2.211015944112393E-004
         137  1.182379296555237E-004
         138  8.772250586099243E-005
         139  1.446642918570332E-005
         140  3.207036539954491E-005
         141  2.287127197685631E-005
         142  8.769671675601096E-006
         143  1.443833559132467E-006
         144  5.405441904393866E-006
         145  2.323718731471966E-006
         146  9.971724825381593E-006
         147  1.263164589644700E-005
         148  2.321940650878286E-005
         149  1.469925818981360E-005
         150  2.244948189300820E-005
         151  1.097991197000484E-005
         152  1.585932967090545E-005
         153  6.771359884012461E-006
         154  3.721761388861327E-005
         155  2.206768655708095E-005
         156  2.968407121624997E-005
         157  1.773566919182768E-005
         158  2.697564939909443E-005
         159  1.373963484697609E-005
         160  4.261198388123279E-005
         161  2.982514530601286E-005
         162  1.038134742001131E-004
         163  4.695663116411066E-005
         164  1.077410231397107E-004
         165  6.773836648603631E-005
         166  9.522188431734741E-005
         167  3.364741004553357E-005
         168  1.238764446877047E-004
         169  4.449453820939602E-005
         170  5.965212927816609E-005
         171  3.271424092793151E-005
         172  4.005803525915255E-005
         173  2.536751388029895E-005
         174  6.769098215831133E-005
         175  3.635226975636101E-005
         176  3.013688530830775E-005
         177  1.172058173726044E-005
         178  2.017675434785167E-005
         179  7.612426387970923E-006
         180  1.249725093291794E-005
         181  5.930884199883651E-006
         182  1.270255401983845E-005
         183  6.564679824078397E-006
         184  1.195568643173430E-005
         185  3.832657321525566E-006
         186  1.471887588607327E-005
         187  4.275842297239860E-006
         188  1.408913324518518E-005
         189  1.226585408898825E-005
         190  2.549025542163332E-005
         191  2.835515374897952E-005
         192  1.014774823108636E-004
         193  1.333386119071661E-004
         194  3.288346777741900E-004
         195  2.225231984967405E-004
         196  4.155882199506223E-004
         197  2.157580025451022E-004
         198  1.544272600687831E-004
         199  1.239919307999829E-005
         200  2.262255216034667E-006
         201  9.127030045932708E-008
         202  1.112158834774856E-007
         203  2.649004174666787E-008
         204  8.720969727741135E-008
         205  7.563140188468025E-008
         206  2.167656266654767E-006
         207  1.421843570270030E-006
         208  2.371315068442150E-006
         209  1.491152564506586E-006
         226  5.379568347448966E-014
         227  4.203653863342253E-015
         230  2.535120675898683E-012
         231  6.310534398949117E-012
         232  4.945750830235534E-007
         234  8.254135177174594E-012
         235  1.356046730483391E-007
         236  1.349387191400438E-009
         238  1.502136849198074E-007
         240  2.619094609117457E-013
         244  3.197136782679920E-009
