           1  7.459535345963220E-005
           2  6.470609901488105E-012
           3  1.574717819390911E-008
           4  8.186634820791833E-005
           6  5.674563962362780E-015
           7  3.114017005274736E-012
           8  2.708281752318958E-013
           9  1.912633244112939E-009
          10  2.713051082138141E-014
          14  2.055781759566695E-015
          15  1.928004714185627E-012
          16  1.228417784041029E-009
          17  9.140705127884246E-011
          18  4.493984180744881E-010
          19  2.015227524445244E-010
          20  4.585601689465444E-009
          21  7.460997040689692E-010
          22  1.643913509283479E-009
          23  4.828423650680746E-009
          24  1.121681615927319E-008
          25  1.369026639700412E-008
          26  1.228034718548654E-008
          27  2.597335797820752E-009
          28  1.543240710557610E-009
          29  8.265848485352261E-010
          30  2.648812424828607E-009
          31  4.562837280448465E-010
          32  5.851033471585791E-010
          33  7.886912248469685E-010
          34  4.344681675732644E-009
          35  2.907287899989289E-010
          36  1.167031372773802E-009
          37  8.318200924785679E-010
          38  1.125521108549635E-009
          39  3.025904805382021E-010
          40  5.989523351025109E-010
          41  8.529838356172682E-010
          42  6.007736034649161E-009
          43  5.134333699474040E-010
          44  9.827595371561233E-010
          45  4.327468517943853E-009
          46  7.413961865204776E-009
          47  8.116636859243431E-009
          48  5.996835357323607E-009
          49  5.431445367730097E-010
          50  3.144645498309944E-009
          51  1.545668882936129E-009
          52  6.218932236850137E-009
          53  2.268704072914111E-010
          54  5.748364175403851E-010
          55  3.639870624452392E-010
          56  3.982918443230298E-010
          57  1.050366530688122E-010
          58  2.148776856117693E-010
          59  1.485343872147312E-010
          60  1.673037148970041E-010
          61  1.675114158817507E-010
          62  8.042807694919217E-010
          63  3.357630615489515E-010
          64  3.627060250058785E-010
          65  3.123253327767114E-010
          66  4.410874935448231E-010
          67  5.694836437236144E-010
          68  8.384704594356225E-010
          69  1.596530567508126E-010
          70  4.866371262586817E-010
          71  1.675630240549079E-010
          72  2.098506449521827E-010
          73  2.185868926872440E-010
          74  4.338328571146065E-010
          75  1.022600077465126E-009
          76  2.766579546802862E-009
          77  5.570485134247528E-009
          78  1.022012510007590E-008
          79  7.930520421875758E-009
          80  3.203484095749701E-008
          81  1.240996144772602E-008
          82  1.074781947954184E-008
          83  4.592799595248178E-009
          84  4.967636566011677E-009
          85  3.396149956699931E-009
          86  3.689604804449725E-009
          87  2.482066266024400E-009
          88  6.033322949989134E-009
          89  2.712488253598061E-009
          90  5.157989098329797E-009
          91  3.507529701172477E-009
          92  2.822289417742990E-009
          93  2.326317534120844E-009
          94  5.538546930085746E-009
          95  2.835724830552384E-009
          96  3.485702565833840E-009
          97  1.525651012836570E-009
          98  1.425224815666006E-009
          99  1.573628472358173E-009
         100  1.367150107654046E-009
         101  1.013749988577994E-009
         102  1.741491316534131E-009
         103  1.664538455722431E-009
         104  1.616668275862359E-009
         105  1.718365161772050E-009
         106  2.172395915207873E-009
         107  1.656525133349417E-009
         108  5.566603071600600E-009
         109  2.522708667962615E-009
         110  7.058336730810278E-009
         111  4.972965620539368E-009
         112  6.590037944211417E-009
         113  3.326759776439414E-009
         114  2.628593998095204E-009
         115  1.384634452214483E-009
         116  1.434032255294780E-009
         117  1.259083229342608E-009
         118  1.351504796871830E-009
         119  5.180758207710255E-010
         120  7.358676811380111E-010
         121  5.969035297304374E-010
         122  7.675587710472940E-010
         123  6.870421984533500E-010
         124  1.868297555908956E-008
         125  8.049391680878728E-008
         126  6.584722309348730E-007
         127  3.365878932492457E-006
         128  2.772299939903450E-005
         129  1.359956218915009E-004
         130  3.299568071460966E-004
         131  1.093932210816326E-003
         132  1.027365187601842E-003
         133  3.234029683455542E-005
         134  8.172394932672474E-005
         135  8.640567677306287E-005
         136  2.145197019430862E-004
         137  1.143538912158118E-004
         138  8.345644750324042E-005
         139  1.443369022835402E-005
         140  3.348178817994178E-005
         141  2.433310856168856E-005
         142  9.575750855327853E-006
         143  1.587018635628869E-006
         144  5.832004609475352E-006
         145  2.297448625112955E-006
         146  9.444990258296537E-006
         147  1.176493098579166E-005
         148  1.302166526406164E-005
         149  7.496038576492743E-006
         150  2.309401122666949E-005
         151  8.573107578243301E-006
         152  1.692989621987452E-005
         153  1.108998780533064E-005
         154  2.028098239334569E-005
         155  1.147771893055994E-005
         156  2.951182176978470E-005
         157  1.934717812712584E-005
         158  6.735132946279236E-005
         159  7.392883671297100E-005
         160  1.059221409132124E-004
         161  4.974306929333633E-005
         162  8.792728628926893E-005
         163  7.224839380839295E-005
         164  1.309956479358635E-004
         165  6.555682302306847E-005
         166  1.735566499962307E-004
         167  3.402116524798629E-005
         168  6.768369785277692E-005
         169  3.318912089308337E-005
         170  2.768020422574099E-005
         171  1.422928910174384E-005
         172  2.446713801753435E-005
         173  1.822014521954621E-005
         174  4.465765871062880E-005
         175  2.777523267291884E-005
         176  2.159284187864182E-005
         177  7.951225882342398E-006
         178  1.141542820382959E-005
         179  6.695864766448767E-006
         180  1.444911618480058E-005
         181  6.547175924281846E-006
         182  1.363285106184404E-005
         183  7.052948380024098E-006
         184  1.261931606073161E-005
         185  3.924986250563559E-006
         186  1.477872325504094E-005
         187  4.382227848180351E-006
         188  1.465144707588482E-005
         189  1.278397586352687E-005
         190  2.616083134498494E-005
         191  2.920527217499998E-005
         192  1.024877882560799E-004
         193  1.336892257178217E-004
         194  3.256001763084339E-004
         195  2.201098929286816E-004
         196  4.126040440891100E-004
         197  2.143820963963712E-004
         198  1.528013014756205E-004
         199  1.213186476202650E-005
         200  2.173090639359018E-006
         201  8.221498250689230E-008
         202  1.020045120807033E-007
         203  2.525211882684067E-008
         204  7.794793437836021E-008
         205  6.747390435726175E-008
         206  2.226712225503314E-006
         207  1.455653094647428E-006
         208  2.438415747210771E-006
         209  1.560558954544771E-006
         226  6.563080721391320E-014
         227  5.031733324890972E-015
         230  3.092850682393717E-012
         231  7.553649102739607E-012
         232  5.789057262742470E-007
         234  1.007005617444410E-011
         235  1.623174920129523E-007
         236  1.661535936912433E-009
         238  1.832609004872750E-007
         240  3.227243533067999E-013
         244  3.939506030182843E-009
