           1  7.427546782274788E-005
           2  6.470609901488105E-012
           3  1.574717819390911E-008
           4  8.208673926296489E-005
           6  5.674563962362780E-015
           7  3.114017005274736E-012
           8  2.708281752318958E-013
           9  1.912633244112939E-009
          10  2.713051082138141E-014
          14  2.304942526523189E-015
          15  2.120793357182323E-012
          16  1.247332850858958E-009
          17  9.261992396885027E-011
          18  4.605181188204765E-010
          19  2.135923743252272E-010
          20  4.636758257341777E-009
          21  7.685229940065261E-010
          22  1.576015297431218E-009
          23  4.892845598531088E-009
          24  1.132746932465139E-008
          25  1.373019910643901E-008
          26  1.230098763335449E-008
          27  2.727531144537486E-009
          28  1.605513550770613E-009
          29  8.218609021618658E-010
          30  2.626908727047078E-009
          31  4.743298548304666E-010
          32  6.400643239635731E-010
          33  7.627675827329967E-010
          34  4.396962181446666E-009
          35  2.979517220790700E-010
          36  1.169497173429296E-009
          37  8.491185605113699E-010
          38  1.139925249749231E-009
          39  3.087747970746977E-010
          40  6.031479278298402E-010
          41  8.463783027444492E-010
          42  5.894438556530242E-009
          43  5.135653647618160E-010
          44  9.503625718250438E-010
          45  4.289297264496258E-009
          46  7.462764850084631E-009
          47  8.254109765590555E-009
          48  6.123200953815320E-009
          49  5.333920482243844E-010
          50  3.119739492317695E-009
          51  1.549952445416573E-009
          52  6.298790777759496E-009
          53  2.250171079087476E-010
          54  5.510476197019490E-010
          55  3.564758553155586E-010
          56  3.952667197823589E-010
          57  1.057870162789036E-010
          58  1.929530504225399E-010
          59  1.363118796170805E-010
          60  1.626356077149312E-010
          61  1.697028482170527E-010
          62  8.244773518053341E-010
          63  3.378901597944877E-010
          64  3.440902161408486E-010
          65  2.912674665979602E-010
          66  4.263098815514701E-010
          67  5.768979521485832E-010
          68  8.682338303365705E-010
          69  1.602087931215663E-010
          70  4.703658012111256E-010
          71  1.628474806453250E-010
          72  2.012832422720289E-010
          73  2.051253310203200E-010
          74  4.270750067379043E-010
          75  1.003262643155291E-009
          76  2.746288483972578E-009
          77  5.420117107347091E-009
          78  1.031134358877785E-008
          79  7.973928462543447E-009
          80  3.200846985096739E-008
          81  1.280478138589334E-008
          82  1.109061571583163E-008
          83  4.741180207151683E-009
          84  5.173396432063197E-009
          85  3.426011892339731E-009
          86  3.717136855002802E-009
          87  2.530771726866105E-009
          88  6.132785409140628E-009
          89  2.815841411978687E-009
          90  5.354206619940264E-009
          91  3.543587320322662E-009
          92  2.923376980278264E-009
          93  2.447796317633337E-009
          94  5.813854979779876E-009
          95  2.998575237524732E-009
          96  3.487927146162958E-009
          97  1.530864534781696E-009
          98  1.418853329311790E-009
          99  1.585371932482941E-009
         100  1.420372279043731E-009
         101  1.054649337543011E-009
         102  1.803024932273554E-009
         103  1.694749309578420E-009
         104  1.637254195869392E-009
         105  1.712271404394021E-009
         106  2.204113828632633E-009
         107  1.703536398846489E-009
         108  5.735680211653541E-009
         109  2.558978598182375E-009
         110  7.164692283093851E-009
         111  5.161596784141029E-009
         112  6.953290385756227E-009
         113  3.554404375200507E-009
         114  2.854928075078206E-009
         115  1.507081006831708E-009
         116  1.570872638572458E-009
         117  1.392339672939694E-009
         118  1.496059916840025E-009
         119  5.478912429784566E-010
         120  7.634072043209629E-010
         121  6.237222468617512E-010
         122  7.945067591175317E-010
         123  7.046678640463818E-010
         124  1.759062176233512E-008
         125  7.612563920962973E-008
         126  6.233303496499442E-007
         127  3.178882710408581E-006
         128  2.629755145833632E-005
         129  1.327510440800104E-004
         130  3.356944832985404E-004
         131  1.104012378481580E-003
         132  1.058851418794031E-003
         133  3.315993610970735E-005
         134  8.347432664939551E-005
         135  9.083419647893667E-005
         136  2.219357190878662E-004
         137  1.173064634863669E-004
         138  8.333615958865412E-005
         139  1.441209400645271E-005
         140  3.366075499838644E-005
         141  2.510018425594559E-005
         142  9.945766285227971E-006
         143  1.733194886324044E-006
         144  7.151697807770654E-006
         145  3.609982476496189E-006
         146  1.595650721859157E-005
         147  1.881460125313766E-005
         148  2.964052285915110E-005
         149  1.795899464273665E-005
         150  2.284096816916345E-005
         151  1.050432860849266E-005
         152  4.592488173378572E-005
         153  3.304429039913782E-005
         154  3.265496625303940E-005
         155  1.014087040329521E-005
         156  1.470802632097026E-005
         157  1.355604084062847E-005
         158  5.095711966214827E-005
         159  2.351245205481712E-005
         160  4.403018275915300E-005
         161  2.915411620259191E-005
         162  9.531175564840407E-005
         163  4.245896644519516E-005
         164  1.121032485107891E-004
         165  5.978683861751920E-005
         166  7.774852712359937E-005
         167  2.861956674119484E-005
         168  8.952059651442814E-005
         169  4.411429294958051E-005
         170  3.441260175212000E-005
         171  1.380565952427713E-005
         172  4.125231699301068E-005
         173  2.448262577349260E-005
         174  5.018355463259167E-005
         175  2.146395266518027E-005
         176  2.291102621707144E-005
         177  1.118750616640472E-005
         178  3.013809693155957E-005
         179  1.094213286138120E-005
         180  1.551218035245992E-005
         181  7.050712156900251E-006
         182  1.467087395872737E-005
         183  7.436243533052888E-006
         184  1.329297785077556E-005
         185  4.197466006369540E-006
         186  1.579083708323444E-005
         187  4.498459117754961E-006
         188  1.418218605751575E-005
         189  1.206526580098783E-005
         190  2.555832993587480E-005
         191  2.898936815637200E-005
         192  1.020410803990161E-004
         193  1.315714624017798E-004
         194  3.252641224787171E-004
         195  2.273968203267232E-004
         196  4.346300655264027E-004
         197  2.294015741719644E-004
         198  1.677628017040414E-004
         199  1.359928002989742E-005
         200  2.408291647656801E-006
         201  8.897504274589415E-008
         202  1.041214733862456E-007
         203  2.463063913916510E-008
         204  8.252876075440768E-008
         205  7.245306375720208E-008
         206  2.255217521800387E-006
         207  1.466138293377932E-006
         208  2.469615288950222E-006
         209  1.580276458686512E-006
         226  6.507456286679386E-014
         227  5.021802116851686E-015
         230  3.066637676922698E-012
         231  7.538740351450269E-012
         232  5.812693552004939E-007
         234  9.984708880086564E-012
         235  1.619971235280762E-007
         236  1.610300621341810E-009
         238  1.817076994179696E-007
         240  3.123467925208346E-013
         244  3.812826828951215E-009
