           1  7.350534867076706E-005
           2  6.470609901488105E-012
           3  1.574717819390911E-008
           4  8.224313435770545E-005
           6  5.674563962362780E-015
           7  3.114017005274736E-012
           8  2.708281752318958E-013
           9  1.912633244112939E-009
          10  2.713051082138141E-014
          14  2.508110807023774E-015
          15  2.617373787147737E-012
          16  1.270581833079468E-009
          17  9.402383770455937E-011
          18  4.630324163592272E-010
          19  2.144352015177430E-010
          20  4.645703809945294E-009
          21  7.610731714938319E-010
          22  1.670119015610358E-009
          23  4.875462649557037E-009
          24  1.131320990211670E-008
          25  1.378578114254031E-008
          26  1.217864486986539E-008
          27  2.628035051639851E-009
          28  1.652968276120173E-009
          29  9.169723998658163E-010
          30  2.918550726196240E-009
          31  5.146899290485109E-010
          32  6.501592509693603E-010
          33  7.948844170824871E-010
          34  4.314162634328249E-009
          35  3.072837815806110E-010
          36  1.246991031211799E-009
          37  7.694240055204501E-010
          38  1.017303544921791E-009
          39  3.084259393692657E-010
          40  6.551764344604334E-010
          41  9.276824228553650E-010
          42  6.174405333076558E-009
          43  5.460746559659922E-010
          44  9.875277159799655E-010
          45  4.333875243933987E-009
          46  7.355992515777823E-009
          47  8.112701004028130E-009
          48  6.083831491203115E-009
          49  4.995103625841947E-010
          50  3.149553619304559E-009
          51  1.611846997325178E-009
          52  6.487957401665973E-009
          53  2.080412535677534E-010
          54  4.738378988909788E-010
          55  3.231652612367011E-010
          56  4.183579005622691E-010
          57  1.139891666790276E-010
          58  2.228365305757597E-010
          59  1.537503763857766E-010
          60  1.763295629654502E-010
          61  1.784628952597727E-010
          62  8.543712312394065E-010
          63  3.536268627041643E-010
          64  3.734410383797150E-010
          65  3.129498147921154E-010
          66  4.481596849956113E-010
          67  5.816529478275721E-010
          68  8.464253883902403E-010
          69  1.578972870293258E-010
          70  4.687718338721242E-010
          71  1.619042545958641E-010
          72  2.033732529844568E-010
          73  2.160630993401195E-010
          74  4.313108145802272E-010
          75  9.922084262196426E-010
          76  2.696526670943222E-009
          77  5.428294229018733E-009
          78  1.022634815797982E-008
          79  8.013827054510245E-009
          80  3.226052632149987E-008
          81  1.242013268358735E-008
          82  1.141548020011294E-008
          83  5.096086506397493E-009
          84  5.507829234259074E-009
          85  3.675517286429796E-009
          86  3.968958351028524E-009
          87  2.532940605557449E-009
          88  6.123223513417299E-009
          89  2.774774076400336E-009
          90  5.273200858106982E-009
          91  3.650659455253414E-009
          92  3.097479270448646E-009
          93  2.557428430664198E-009
          94  5.787600713471216E-009
          95  3.101236006033514E-009
          96  3.751756196083370E-009
          97  1.660240985698046E-009
          98  1.506659411339868E-009
          99  1.646842679923002E-009
         100  1.479061352235218E-009
         101  1.076287427576447E-009
         102  1.865278294396975E-009
         103  1.760347799281063E-009
         104  1.742933349981406E-009
         105  1.821738910883868E-009
         106  2.306545603147302E-009
         107  1.764162945795302E-009
         108  5.924835949199830E-009
         109  2.619098907505420E-009
         110  7.119770666127729E-009
         111  5.169593441463351E-009
         112  6.962402802901563E-009
         113  3.580424881741274E-009
         114  2.885214659403353E-009
         115  1.499716066785393E-009
         116  1.571015277524939E-009
         117  1.454429934323540E-009
         118  1.571396239872594E-009
         119  5.459558291231063E-010
         120  7.611313360501881E-010
         121  6.276554570238557E-010
         122  7.866818787557126E-010
         123  7.152402901538090E-010
         124  1.747217131735529E-008
         125  8.054456048563237E-008
         126  6.545328389868880E-007
         127  3.307415893672770E-006
         128  2.699227856911842E-005
         129  1.345246197499607E-004
         130  3.329644427769788E-004
         131  1.126027037826249E-003
         132  1.086710523647964E-003
         133  3.570279671635989E-005
         134  8.911035174259338E-005
         135  8.723324532689783E-005
         136  2.419938395366061E-004
         137  1.316405508306516E-004
         138  8.758652405578877E-005
         139  1.446052485666137E-005
         140  3.265915892703402E-005
         141  2.462239605340394E-005
         142  9.331515819708506E-006
         143  1.493521164156009E-006
         144  5.258627598376479E-006
         145  2.049724073548737E-006
         146  7.814608788129820E-006
         147  9.705057045714509E-006
         148  1.673780820470298E-005
         149  1.120412689745463E-005
         150  3.353551879757097E-005
         151  1.649079337473771E-005
         152  3.523240510992028E-005
         153  1.878391313732399E-005
         154  2.788258317050983E-005
         155  1.273822275105334E-005
         156  1.981746493956512E-005
         157  1.383872844069503E-005
         158  3.854036955600599E-005
         159  1.726091637966351E-005
         160  3.045526280704021E-005
         161  1.913258621817082E-005
         162  7.706365360482237E-005
         163  4.954715457237291E-005
         164  1.188890269552306E-004
         165  7.183163269006528E-005
         166  8.481230799303399E-005
         167  2.483763494962839E-005
         168  6.724170315498377E-005
         169  4.290742828503298E-005
         170  3.383504686266725E-005
         171  1.378916071831734E-005
         172  2.380698611618513E-005
         173  1.657246689560275E-005
         174  4.626760180650052E-005
         175  2.429413616355027E-005
         176  1.859206450470627E-005
         177  6.974731877959819E-006
         178  8.896280062617812E-006
         179  4.675409022535402E-006
         180  1.020814483917842E-005
         181  5.029948275709332E-006
         182  1.129403010175692E-005
         183  5.931044272957931E-006
         184  1.095921148402977E-005
         185  3.524519433022528E-006
         186  1.337060030894999E-005
         187  3.939145343327921E-006
         188  1.308649436084636E-005
         189  1.121410583882017E-005
         190  2.443327996486858E-005
         191  2.706212521921988E-005
         192  9.878599682155206E-005
         193  1.318738356645708E-004
         194  3.368270462927092E-004
         195  2.413530162856353E-004
         196  4.680039789385599E-004
         197  2.494371152399904E-004
         198  1.849424631694346E-004
         199  1.546183454754082E-005
         200  2.700445642695620E-006
         201  9.260234713171750E-008
         202  1.069434066783633E-007
         203  2.660010248372821E-008
         204  9.533801335443895E-008
         205  8.463933423942547E-008
         206  2.380701747501989E-006
         207  1.583975720800328E-006
         208  2.602959407973516E-006
         209  1.644018848752274E-006
         226  6.016429720829048E-014
         227  4.718084246364526E-015
         230  2.835241490629607E-012
         231  7.082798418172031E-012
         232  5.606917795133408E-007
         234  9.231302772320596E-012
         235  1.521995607730869E-007
         236  1.445609656491720E-009
         238  1.679967648064824E-007
         240  2.797269078196360E-013
         244  3.414634900863050E-009
