           1  7.405455200844147E-005
           2  6.470609901488105E-012
           3  1.574717819390911E-008
           4  8.057227384789369E-005
           6  5.674563962362780E-015
           7  3.114017005274736E-012
           8  2.708281752318958E-013
           9  1.912633244112939E-009
          10  2.713051082138141E-014
          14  2.299994661994829E-015
          15  2.221659075680840E-012
          16  1.238367510613967E-009
          17  9.225881943076465E-011
          18  4.592076534194585E-010
          19  2.106748962328642E-010
          20  4.499324598486789E-009
          21  7.457944801212841E-010
          22  1.775894810879274E-009
          23  4.736151817797086E-009
          24  1.108552474631800E-008
          25  1.346445105906303E-008
          26  1.245632249835701E-008
          27  2.782147845145118E-009
          28  1.654562414156219E-009
          29  8.655920579217454E-010
          30  2.829969703678819E-009
          31  5.178083614889281E-010
          32  5.982012143527841E-010
          33  7.367381654835825E-010
          34  4.428150030111182E-009
          35  3.075831333539266E-010
          36  1.192628411320781E-009
          37  8.101280136898229E-010
          38  1.071454111934492E-009
          39  2.993248599946700E-010
          40  6.119067911840956E-010
          41  8.646296409715239E-010
          42  6.070384535669213E-009
          43  5.606436017221168E-010
          44  9.411053954426691E-010
          45  4.063336939140543E-009
          46  7.307184405370796E-009
          47  8.252641984292923E-009
          48  6.234236567045864E-009
          49  5.238646932229595E-010
          50  3.146368697685353E-009
          51  1.591059241607048E-009
          52  6.416970263608924E-009
          53  2.232761835400156E-010
          54  5.301314382576876E-010
          55  3.509626086163143E-010
          56  3.984143455486614E-010
          57  1.115242033708224E-010
          58  2.161445358727270E-010
          59  1.513295488196228E-010
          60  1.679219625579365E-010
          61  1.559121872812190E-010
          62  7.663027225672057E-010
          63  3.310088171085536E-010
          64  3.597595356800939E-010
          65  3.064200253272527E-010
          66  4.507464458239711E-010
          67  5.657877207864983E-010
          68  8.566019499453496E-010
          69  1.631084621127325E-010
          70  4.857270538339263E-010
          71  1.684954760168698E-010
          72  2.151346346063703E-010
          73  2.124319438935323E-010
          74  4.124464511857515E-010
          75  9.247557193934002E-010
          76  2.618822541278623E-009
          77  5.421171878069652E-009
          78  1.033019028551413E-008
          79  7.895911752435068E-009
          80  3.203439893682143E-008
          81  1.250223502452957E-008
          82  1.124871275359694E-008
          83  4.924160383471039E-009
          84  5.148261630092486E-009
          85  3.483389361678488E-009
          86  3.783319874123330E-009
          87  2.464466345243646E-009
          88  6.020550604509567E-009
          89  2.778599219461340E-009
          90  5.187581736786904E-009
          91  3.576919633474907E-009
          92  2.888685858982409E-009
          93  2.347197284601654E-009
          94  5.474359847464986E-009
          95  2.958729617385873E-009
          96  3.574722028518490E-009
          97  1.621399621919092E-009
          98  1.525037558134854E-009
          99  1.660529050948407E-009
         100  1.499772402328886E-009
         101  1.087974856847461E-009
         102  1.801259573708014E-009
         103  1.713593098975240E-009
         104  1.681156284717059E-009
         105  1.716669873373213E-009
         106  2.149306090564220E-009
         107  1.611870849585881E-009
         108  5.298325965818864E-009
         109  2.411627951778933E-009
         110  6.891277579228976E-009
         111  4.979510330756494E-009
         112  6.864847048300794E-009
         113  3.614800359945047E-009
         114  2.990761307532875E-009
         115  1.591454787634395E-009
         116  1.662836712237262E-009
         117  1.429225216768578E-009
         118  1.532183728534725E-009
         119  5.844370012229245E-010
         120  8.099791052474396E-010
         121  6.633041719739597E-010
         122  8.345076219208872E-010
         123  7.242318398729618E-010
         124  1.593254187635951E-008
         125  6.674930440089875E-008
         126  5.604438536958757E-007
         127  2.882535658109642E-006
         128  2.426083120982218E-005
         129  1.254549931363312E-004
         130  3.277359777994248E-004
         131  1.115773701475414E-003
         132  1.066474641365473E-003
         133  3.335178097009454E-005
         134  8.406010519198013E-005
         135  8.780256688377302E-005
         136  2.276480501036757E-004
         137  1.223545383430261E-004
         138  8.562540746665148E-005
         139  1.426511984291701E-005
         140  3.329163919286602E-005
         141  2.434050434450754E-005
         142  9.836246341663621E-006
         143  1.797943942359031E-006
         144  8.227745482842537E-006
         145  3.937639517449667E-006
         146  1.393110289623732E-005
         147  9.711524216643742E-006
         148  9.424785708327003E-006
         149  6.427867017660188E-006
         150  3.273377872433330E-005
         151  1.406626190566587E-005
         152  2.538772974027332E-005
         153  1.304029405133585E-005
         154  5.032698948604620E-005
         155  2.663555771193957E-005
         156  4.367254138678784E-005
         157  1.825166555098782E-005
         158  2.249998881178261E-005
         159  1.424830151256259E-005
         160  4.408154622074261E-005
         161  2.744205776147348E-005
         162  6.382049727568433E-005
         163  1.035626665165022E-004
         164  1.476446717579269E-004
         165  5.362674610512824E-005
         166  8.953422975102696E-005
         167  2.104787933182494E-005
         168  9.215830194842462E-005
         169  6.716563569720872E-005
         170  4.634365150158123E-005
         171  1.503805690002376E-005
         172  2.085740421310514E-005
         173  1.055705114050110E-005
         174  3.767530845146455E-005
         175  2.534482547975979E-005
         176  2.140627998502287E-005
         177  8.270091684546139E-006
         178  1.082043078690385E-005
         179  5.574837327936403E-006
         180  1.181296637605447E-005
         181  5.690760350023610E-006
         182  1.282538972442449E-005
         183  6.729606537814670E-006
         184  1.218343972902150E-005
         185  3.748604251868599E-006
         186  1.361048028755603E-005
         187  3.994780283806686E-006
         188  1.286646953325530E-005
         189  1.073216982934386E-005
         190  2.317758229286569E-005
         191  2.598276462553998E-005
         192  9.272844203451019E-005
         193  1.237169756761073E-004
         194  3.172139697396248E-004
         195  2.295244535959043E-004
         196  4.475410163517502E-004
         197  2.427913288805628E-004
         198  1.819962829855762E-004
         199  1.514548330934992E-005
         200  2.641142156433758E-006
         201  8.611961088594160E-008
         202  9.812141051115527E-008
         203  2.414942836897190E-008
         204  7.954365872232262E-008
         205  6.981189400195350E-008
         206  2.136231411771182E-006
         207  1.409180936270156E-006
         208  2.324882318329342E-006
         209  1.507188519932238E-006
         226  6.281513749011126E-014
         227  4.795245304265503E-015
         230  2.960162294175782E-012
         231  7.198632767519786E-012
         232  5.655694602864907E-007
         234  9.638034179118770E-012
         235  1.546886810405693E-007
         236  1.488557310258811E-009
         238  1.753987060245911E-007
         240  2.881061970266624E-013
         244  3.516921139944441E-009
