           1  7.423721683361832E-005
           2  6.470609901488105E-012
           3  1.574717819390911E-008
           4  8.264272527004783E-005
           6  5.674563962362780E-015
           7  3.114017005274736E-012
           8  2.708281752318958E-013
           9  1.912633244112939E-009
          10  2.713051082138141E-014
          14  2.092908341207654E-015
          15  2.172905616274978E-012
          16  1.225462478884782E-009
          17  9.129342048065524E-011
          18  4.580636551955154E-010
          19  2.118950556215278E-010
          20  4.657470944903592E-009
          21  7.497897963155440E-010
          22  1.477722201759210E-009
          23  4.919523499162803E-009
          24  1.134255870197688E-008
          25  1.391171263714426E-008
          26  1.190953943676820E-008
          27  2.472649613820364E-009
          28  1.551223804555785E-009
          29  8.736650934340516E-010
          30  2.658667058485453E-009
          31  4.563317620095413E-010
          32  6.768076663092527E-010
          33  8.407466940042888E-010
          34  4.364795554562471E-009
          35  2.898768091661945E-010
          36  1.169373244949507E-009
          37  8.066597086033700E-010
          38  1.091575521738143E-009
          39  3.010264426905838E-010
          40  6.266602713538882E-010
          41  9.002999715131632E-010
          42  5.964133780694122E-009
          43  5.027434258017153E-010
          44  1.020949087764941E-009
          45  4.578409465085110E-009
          46  7.492069835359861E-009
          47  8.034600733120921E-009
          48  5.892340040672453E-009
          49  5.165420763239300E-010
          50  3.075324291597432E-009
          51  1.538620155703393E-009
          52  6.392228573624285E-009
          53  2.276986684562764E-010
          54  5.635556521441744E-010
          55  3.477186539077925E-010
          56  3.958924457335293E-010
          57  1.039766454937356E-010
          58  2.086012042854506E-010
          59  1.444208914814456E-010
          60  1.764588446238309E-010
          61  1.875120469073474E-010
          62  8.676160644368057E-010
          63  3.529537223081051E-010
          64  3.666980140194475E-010
          65  3.103221522195198E-010
          66  4.438061863946237E-010
          67  5.870942157156490E-010
          68  8.385935757687214E-010
          69  1.561468170518152E-010
          70  4.649103917408738E-010
          71  1.598135468665476E-010
          72  2.011619944071957E-010
          73  2.184551652127483E-010
          74  4.485922903481955E-010
          75  1.079928248431770E-009
          76  2.825783496369640E-009
          77  5.565864078694169E-009
          78  1.015373719226244E-008
          79  7.995408237130534E-009
          80  3.156293966851793E-008
          81  1.246263497330994E-008
          82  1.065915956753884E-008
          83  4.553934725176939E-009
          84  5.217211578453148E-009
          85  3.471757792633134E-009
          86  3.764853849101000E-009
          87  2.591523211369218E-009
          88  6.102575297060159E-009
          89  2.739858449132420E-009
          90  5.276161286140655E-009
          91  3.564565145636522E-009
          92  3.003900550267931E-009
          93  2.483440309577109E-009
          94  5.621047087885296E-009
          95  2.892685894336748E-009
          96  3.515534467840967E-009
          97  1.531692042535758E-009
          98  1.418547510939701E-009
          99  1.566372874140653E-009
         100  1.371541747503634E-009
         101  1.016062992654881E-009
         102  1.760833899939005E-009
         103  1.671335202518513E-009
         104  1.633200331319529E-009
         105  1.749555987398016E-009
         106  2.259932636270176E-009
         107  1.747898265414395E-009
         108  5.942711126115063E-009
         109  2.636238227871061E-009
         110  7.103742114939463E-009
         111  5.033141398236003E-009
         112  6.557897505690402E-009
         113  3.289602967916115E-009
         114  2.570280499543775E-009
         115  1.333245638584883E-009
         116  1.378350117336505E-009
         117  1.259535008536916E-009
         118  1.346613996333903E-009
         119  4.843334021038806E-010
         120  6.828592608862407E-010
         121  5.564633235480316E-010
         122  7.153232221235937E-010
         123  6.667949397129859E-010
         124  1.881368458385765E-008
         125  8.677079759843835E-008
         126  7.031135220885969E-007
         127  3.577921808165017E-006
         128  2.909859570840219E-005
         129  1.402042136175649E-004
         130  3.301094714897568E-004
         131  1.080957182962622E-003
         132  1.049494487249076E-003
         133  3.476179276378175E-005
         134  8.734508445326156E-005
         135  8.811683546929224E-005
         136  2.241185310841576E-004
         137  1.208600877562073E-004
         138  9.187675265192090E-005
         139  1.491372750829746E-005
         140  3.369268579000399E-005
         141  2.538884716167380E-005
         142  9.972151226413728E-006
         143  1.682690721286755E-006
         144  6.607442325886373E-006
         145  3.178441566875402E-006
         146  1.244230546291249E-005
         147  1.169984284033399E-005
         148  1.982916684158486E-005
         149  1.777165924794424E-005
         150  6.118542945144820E-005
         151  2.712527525469420E-005
         152  3.767221826748963E-005
         153  1.573379149888092E-005
         154  8.354758932271105E-005
         155  3.457619443112946E-005
         156  4.356051141136396E-005
         157  1.877143806981013E-005
         158  3.118911176540088E-005
         159  2.324193334076177E-005
         160  6.472979649354047E-005
         161  2.998625666473295E-005
         162  5.158491747874375E-005
         163  5.085945980760601E-005
         164  6.246716491007917E-005
         165  2.455004128029341E-005
         166  5.708231651186355E-005
         167  2.500637948775688E-005
         168  6.091836288614740E-005
         169  3.555431264362416E-005
         170  6.100642646008307E-005
         171  4.072007307092645E-005
         172  6.793925433985208E-005
         173  3.071996788246915E-005
         174  3.779268290853263E-005
         175  1.698030247110467E-005
         176  2.569170980141641E-005
         177  1.365135208814839E-005
         178  1.514308353001293E-005
         179  6.781526504113074E-006
         180  1.285247556400663E-005
         181  5.743723034164702E-006
         182  1.164664920780699E-005
         183  6.033741132688952E-006
         184  1.109847410654643E-005
         185  3.585678744973649E-006
         186  1.392580940758585E-005
         187  4.126402457559186E-006
         188  1.408204033780136E-005
         189  1.255481964027481E-005
         190  2.639550640287108E-005
         191  2.943217002542233E-005
         192  1.057386414015478E-004
         193  1.396944686961075E-004
         194  3.444346402078682E-004
         195  2.332197914698206E-004
         196  4.359165407558921E-004
         197  2.263026449648874E-004
         198  1.615383907567769E-004
         199  1.303123927860375E-005
         200  2.367662887504977E-006
         201  9.429202133852106E-008
         202  1.157462100568596E-007
         203  2.795754210508426E-008
         204  8.540853381039653E-008
         205  7.295726165159147E-008
         206  2.355754265953229E-006
         207  1.527521329314021E-006
         208  2.578962120623977E-006
         209  1.640634454256214E-006
         226  6.159058887246187E-014
         227  4.797022600591718E-015
         230  2.902455461234098E-012
         231  7.201300848662599E-012
         232  5.624204217220383E-007
         234  9.450145687546887E-012
         235  1.547460144212570E-007
         236  1.542489366999567E-009
         238  1.719793989661022E-007
         240  2.994077149886634E-013
         244  3.654879114622593E-009
