           1  7.494337686318648E-005
           2  6.470609901488105E-012
           3  1.574717819390911E-008
           4  8.282142572102602E-005
           6  5.674563962362780E-015
           7  3.114017005274736E-012
           8  2.708281752318958E-013
           9  1.912633244112939E-009
          10  2.713051082138141E-014
          14  1.736717055753166E-015
          15  1.761571453321991E-012
          16  1.184558780017633E-009
          17  8.900088422256594E-011
          18  4.506194593900601E-010
          19  2.041049334616942E-010
          20  4.512441002111524E-009
          21  7.448225088254690E-010
          22  1.560980113151431E-009
          23  4.784960937297265E-009
          24  1.110359366815017E-008
          25  1.354557642625675E-008
          26  1.187084723385541E-008
          27  2.615536898981673E-009
          28  1.584234906093737E-009
          29  8.376946406479589E-010
          30  2.662986936507184E-009
          31  4.755376640524017E-010
          32  6.239377223634328E-010
          33  7.587747103094785E-010
          34  4.321083536935975E-009
          35  2.944149717166181E-010
          36  1.179353762438605E-009
          37  7.730744621309963E-010
          38  1.024128391108166E-009
          39  2.959989124652122E-010
          40  6.213616873860131E-010
          41  8.793517215963463E-010
          42  5.995421727527682E-009
          43  5.080751696157139E-010
          44  9.577861920058890E-010
          45  4.308192705656491E-009
          46  7.307156595372089E-009
          47  8.122780331423202E-009
          48  6.086966667384455E-009
          49  5.090134866190555E-010
          50  3.136500373655043E-009
          51  1.582472603426326E-009
          52  6.311342286122035E-009
          53  2.123539240361002E-010
          54  5.156361891142477E-010
          55  3.383173884826718E-010
          56  4.039247409322409E-010
          57  1.074269816004905E-010
          58  2.055008929678224E-010
          59  1.467872318336241E-010
          60  1.704974345246463E-010
          61  1.734069312990497E-010
          62  8.422075543342545E-010
          63  3.463645216610358E-010
          64  3.572067382588336E-010
          65  3.103127509743581E-010
          66  4.459124104993197E-010
          67  5.885932793463627E-010
          68  8.727674081011752E-010
          69  1.615328242303118E-010
          70  4.793144611009252E-010
          71  1.677953368712907E-010
          72  2.101665806971591E-010
          73  2.180135798641475E-010
          74  4.477533950254246E-010
          75  1.034068628786654E-009
          76  2.811442648369771E-009
          77  5.506759014929983E-009
          78  1.020144461759034E-008
          79  7.798484506192519E-009
          80  3.131418777022657E-008
          81  1.186575147428980E-008
          82  1.046580720019712E-008
          83  4.501853893739408E-009
          84  5.079707674404808E-009
          85  3.381525214221213E-009
          86  3.626643296346862E-009
          87  2.344450295631115E-009
          88  5.693382063496062E-009
          89  2.646127721389845E-009
          90  5.022959130559583E-009
          91  3.246646611099775E-009
          92  2.778437810000238E-009
          93  2.338032985024415E-009
          94  5.458214491938649E-009
          95  2.704557833547995E-009
          96  3.287287630764633E-009
          97  1.423145366921598E-009
          98  1.339499664295084E-009
          99  1.513263386271142E-009
         100  1.317176534208094E-009
         101  9.922340264627151E-010
         102  1.676423911132935E-009
         103  1.578010172969010E-009
         104  1.499519497052533E-009
         105  1.603012092210608E-009
         106  2.055582022393342E-009
         107  1.585222229006637E-009
         108  5.300596877177133E-009
         109  2.404598661964200E-009
         110  6.759938395515128E-009
         111  4.714165219033763E-009
         112  6.223717184530837E-009
         113  3.113135460178283E-009
         114  2.458421688399931E-009
         115  1.312077592712547E-009
         116  1.364732088923587E-009
         117  1.199900753568170E-009
         118  1.282569580698095E-009
         119  4.901567250104229E-010
         120  6.967640540777676E-010
         121  5.611804370316151E-010
         122  7.415190623690301E-010
         123  6.441591434701052E-010
         124  1.788998645682128E-008
         125  7.083700168789040E-008
         126  5.857511317891347E-007
         127  3.058363790324006E-006
         128  2.572636588799282E-005
         129  1.280963623027389E-004
         130  3.200223411632956E-004
         131  1.071328424196664E-003
         132  1.011469019618844E-003
         133  3.388245664097095E-005
         134  8.538992926286706E-005
         135  7.782240962331953E-005
         136  2.053407777115291E-004
         137  1.129184732045674E-004
         138  9.019021157444407E-005
         139  1.388055179239176E-005
         140  3.313125753146643E-005
         141  2.568234266206892E-005
         142  9.943648560198254E-006
         143  1.599387848417528E-006
         144  5.438148095931946E-006
         145  1.776587582443861E-006
         146  6.353359653701934E-006
         147  7.636120496630477E-006
         148  1.521326259281694E-005
         149  9.913315936682108E-006
         150  2.564810347662910E-005
         151  1.643480273512428E-005
         152  3.534042814368983E-005
         153  1.336607309635073E-005
         154  7.148870581345619E-005
         155  4.108078817577240E-005
         156  9.086067880994558E-005
         157  3.264044673418114E-005
         158  6.635817931476942E-005
         159  7.594860246001839E-005
         160  9.128201936620406E-005
         161  3.344437238431125E-005
         162  9.710681138105931E-005
         163  1.061960381465018E-004
         164  1.133747721971805E-004
         165  5.468307169977777E-005
         166  1.093626658880329E-004
         167  2.256654360401774E-005
         168  3.155982796710843E-005
         169  2.382561156594353E-005
         170  3.670325455391462E-005
         171  2.218469958461913E-005
         172  7.115233154362088E-005
         173  2.813886202356451E-005
         174  2.959467562402412E-005
         175  1.207863244254491E-005
         176  1.308316321334317E-005
         177  7.003887926634864E-006
         178  1.284454534666081E-005
         179  7.190950250144760E-006
         180  1.381763295353995E-005
         181  5.916199102883958E-006
         182  1.180489600706924E-005
         183  6.073313528616958E-006
         184  1.088202425492517E-005
         185  3.508903112949237E-006
         186  1.403037435016987E-005
         187  4.061491813556102E-006
         188  1.303775078664062E-005
         189  1.146659690409653E-005
         190  2.359376004551020E-005
         191  2.856868394533494E-005
         192  1.001235053537793E-004
         193  1.292859647092863E-004
         194  3.132995748089167E-004
         195  2.178600666020184E-004
         196  4.201343260419821E-004
         197  2.191174171182379E-004
         198  1.579655741502006E-004
         199  1.227718707572181E-005
         200  2.245083104370175E-006
         201  8.709897240769767E-008
         202  1.124120529404295E-007
         203  2.862279861942960E-008
         204  8.020056046813566E-008
         205  6.632231620740221E-008
         206  2.308344312091991E-006
         207  1.496416919133237E-006
         208  2.533626790254205E-006
         209  1.633227443777771E-006
         226  7.061079983852075E-014
         227  5.345542732433153E-015
         230  3.327532750787780E-012
         231  8.024740473577231E-012
         232  6.055605880620104E-007
         234  1.083416083210378E-011
         235  1.724405952685130E-007
         236  1.795500433588212E-009
         238  1.971665337035629E-007
         240  3.487910538940754E-013
         244  4.257703039792836E-009
