           1  7.397183279641789E-005
           2  6.470609901488105E-012
           3  1.574717819390911E-008
           4  8.045154686972587E-005
           6  5.674563962362780E-015
           7  3.114017005274736E-012
           8  2.708281752318958E-013
           9  1.912633244112939E-009
          10  2.713051082138141E-014
          14  2.187769590151629E-015
          15  2.281374024688550E-012
          16  1.277409270190949E-009
          17  9.427108301509611E-011
          18  4.524798070663149E-010
          19  2.023120536656129E-010
          20  4.781249357527219E-009
          21  7.828102859477437E-010
          22  1.496298036279676E-009
          23  5.012042863627991E-009
          24  1.153734121350373E-008
          25  1.402744640344547E-008
          26  1.170828941219417E-008
          27  2.556992137312234E-009
          28  1.602988230574869E-009
          29  8.478112008437513E-010
          30  2.645751855262208E-009
          31  4.791115993490163E-010
          32  6.570158099449878E-010
          33  8.347489764916087E-010
          34  4.358432345571032E-009
          35  2.939383497284294E-010
          36  1.150835542445873E-009
          37  7.911690438430594E-010
          38  1.060477243160767E-009
          39  3.126416997730189E-010
          40  6.414818568389004E-010
          41  8.964956868038958E-010
          42  6.173875141787264E-009
          43  5.437115194564516E-010
          44  1.012095671117383E-009
          45  4.557659400019348E-009
          46  7.453123788654012E-009
          47  8.001635134106452E-009
          48  5.909231125396071E-009
          49  5.154887599554249E-010
          50  3.091788456596372E-009
          51  1.562121413100808E-009
          52  6.288255379102595E-009
          53  2.191786282929335E-010
          54  5.207186752348343E-010
          55  3.459395959476227E-010
          56  4.129476728390003E-010
          57  1.135552889726877E-010
          58  2.044465436045321E-010
          59  1.458584376465321E-010
          60  1.789668079521453E-010
          61  1.869134210405695E-010
          62  8.973502637043429E-010
          63  3.648024569262824E-010
          64  3.560060392176664E-010
          65  2.981775555896803E-010
          66  4.445507420876581E-010
          67  5.837876535557667E-010
          68  8.740574202543439E-010
          69  1.601890467081323E-010
          70  4.692692712224737E-010
          71  1.634439701792672E-010
          72  2.071931967368233E-010
          73  2.137411592315028E-010
          74  4.562641659461537E-010
          75  1.090297333601177E-009
          76  2.847385631569850E-009
          77  5.386416772164796E-009
          78  1.013327619917669E-008
          79  8.060631305934727E-009
          80  3.238378651730868E-008
          81  1.242163677677614E-008
          82  1.074736789692659E-008
          83  4.668216404461905E-009
          84  5.346340537324348E-009
          85  3.514867049802380E-009
          86  3.829235041973543E-009
          87  2.643734568371405E-009
          88  6.163764693345762E-009
          89  2.761655716992270E-009
          90  5.292201643352279E-009
          91  3.668863997743749E-009
          92  3.106396986779251E-009
          93  2.551772451752837E-009
          94  5.793380441526785E-009
          95  2.987043274945857E-009
          96  3.350428363369685E-009
          97  1.480043973754627E-009
          98  1.394936609270518E-009
          99  1.560989002633733E-009
         100  1.405332305132099E-009
         101  1.031775213019209E-009
         102  1.784863503880036E-009
         103  1.710641000136451E-009
         104  1.686456941756856E-009
         105  1.803625777991180E-009
         106  2.368890426059783E-009
         107  1.809209207718861E-009
         108  6.045759776220823E-009
         109  2.655698225152780E-009
         110  7.084183115324717E-009
         111  5.027435580579204E-009
         112  6.680155543420573E-009
         113  3.417652038602650E-009
         114  2.730929113595091E-009
         115  1.426703105233564E-009
         116  1.471022998355547E-009
         117  1.277174302379948E-009
         118  1.343590214872115E-009
         119  4.945345775019202E-010
         120  6.794710631189080E-010
         121  5.523144569803817E-010
         122  7.029068540816538E-010
         123  6.587708775062320E-010
         124  1.732802050910199E-008
         125  8.149078073203464E-008
         126  6.731354597200816E-007
         127  3.416779996928347E-006
         128  2.798968558411585E-005
         129  1.380524554268710E-004
         130  3.332262963942670E-004
         131  1.109592032097706E-003
         132  1.056922333413296E-003
         133  3.427280851234499E-005
         134  8.536189185570312E-005
         135  8.725503148344658E-005
         136  2.259816480684584E-004
         137  1.218706476988606E-004
         138  8.844401550993246E-005
         139  1.476384626098866E-005
         140  3.349980862747272E-005
         141  2.567970773792533E-005
         142  9.953724443102521E-006
         143  1.745134278716225E-006
         144  7.916629725784529E-006
         145  4.184491265675833E-006
         146  1.502835618267447E-005
         147  9.475376312233449E-006
         148  1.065721870549754E-005
         149  7.484522516535033E-006
         150  1.928640504594462E-005
         151  9.674496870766783E-006
         152  4.027327040317804E-005
         153  2.994484979258223E-005
         154  3.045262257125858E-005
         155  9.638438534241716E-006
         156  2.971964196568946E-005
         157  1.226817723937615E-005
         158  2.265022375159010E-005
         159  1.902525500506908E-005
         160  2.873648660847166E-005
         161  1.400243674269461E-005
         162  5.641331962209947E-005
         163  3.793078991378169E-005
         164  1.174647224984700E-004
         165  5.357475818825082E-005
         166  1.546099061740457E-004
         167  3.871449866005586E-005
         168  9.222465056845474E-005
         169  3.554777991096653E-005
         170  4.657529189919322E-005
         171  3.768792786578736E-005
         172  6.191320511086537E-005
         173  3.374070888906649E-005
         174  6.782812288565204E-005
         175  3.372255579711145E-005
         176  2.175700478941280E-005
         177  8.468833797416315E-006
         178  2.515876210466394E-005
         179  8.386420903298193E-006
         180  1.209064488589814E-005
         181  5.851798205414111E-006
         182  1.308012457976312E-005
         183  6.962300179910995E-006
         184  1.295715829071843E-005
         185  4.122086809242842E-006
         186  1.558437908243748E-005
         187  4.458195969697815E-006
         188  1.418590673870386E-005
         189  1.204069135758154E-005
         190  2.539349599317096E-005
         191  2.794304788433502E-005
         192  9.900626862054633E-005
         193  1.305844903781077E-004
         194  3.286260666324269E-004
         195  2.239002505842913E-004
         196  4.186703949416848E-004
         197  2.228019731015077E-004
         198  1.634857105123970E-004
         199  1.342150686317637E-005
         200  2.430261171302536E-006
         201  9.086160044947803E-008
         202  1.085626260724707E-007
         203  2.652245814900923E-008
         204  8.966976848810954E-008
         205  7.827169044786948E-008
         206  2.208038760963490E-006
         207  1.465768551135442E-006
         208  2.448178935640918E-006
         209  1.525636212539801E-006
         226  5.479989984598127E-014
         227  4.218029636615678E-015
         230  2.582444355458430E-012
         231  6.332115341315601E-012
         232  4.973291189395739E-007
         234  8.408217013152275E-012
         235  1.360684177090399E-007
         236  1.357794604187145E-009
         238  1.530177582557302E-007
         240  2.634115998145808E-013
         244  3.215473438111267E-009
