           1  7.475425051509063E-005
           2  6.470609901488105E-012
           3  1.574717819390911E-008
           4  8.060122526662038E-005
           6  5.674563962362780E-015
           7  3.114017005274736E-012
           8  2.708281752318958E-013
           9  1.912633244112939E-009
          10  2.713051082138141E-014
          14  1.854939925246051E-015
          15  1.866862826403674E-012
          16  1.256533336285896E-009
          17  9.308420960383574E-011
          18  4.356235632913211E-010
          19  1.819687773158799E-010
          20  4.671003079125798E-009
          21  7.842192256336081E-010
          22  1.609219946054722E-009
          23  4.896340882457163E-009
          24  1.136198080012344E-008
          25  1.367446578818113E-008
          26  1.164442872461663E-008
          27  2.677072752868730E-009
          28  1.629016298308297E-009
          29  7.796518021795386E-010
          30  2.605250220069778E-009
          31  4.888562811953523E-010
          32  5.732539222191594E-010
          33  7.928477270745723E-010
          34  4.507146188274629E-009
          35  2.903040836427580E-010
          36  1.059633513735402E-009
          37  7.728594252837569E-010
          38  1.032587683704485E-009
          39  3.006136312308863E-010
          40  6.069689158471492E-010
          41  8.445069079242661E-010
          42  6.316357445307581E-009
          43  5.778890302323046E-010
          44  9.530691008480012E-010
          45  4.251876350711877E-009
          46  7.294632840465946E-009
          47  8.029198561315149E-009
          48  6.000682847013324E-009
          49  5.266766941025708E-010
          50  3.095707734474413E-009
          51  1.556284951076765E-009
          52  6.224819142032521E-009
          53  2.316281314584723E-010
          54  5.723806299906685E-010
          55  3.916535370130945E-010
          56  4.225626425103073E-010
          57  1.179799488492351E-010
          58  2.051377696627696E-010
          59  1.472115301175494E-010
          60  1.709386817158984E-010
          61  1.680937715923575E-010
          62  8.419006807204468E-010
          63  3.520302872336940E-010
          64  3.490297400757390E-010
          65  2.931511112765221E-010
          66  4.417959113423651E-010
          67  5.767992615567694E-010
          68  9.153972952177685E-010
          69  1.716378951285841E-010
          70  5.059416017037517E-010
          71  1.764932300584511E-010
          72  2.214707226237287E-010
          73  2.098895748890490E-010
          74  4.444030812020720E-010
          75  1.045265381875336E-009
          76  2.832004826747067E-009
          77  5.324179089571854E-009
          78  1.011545724916178E-008
          79  7.893948441089594E-009
          80  3.255290423517877E-008
          81  1.188545699044933E-008
          82  1.029033056172050E-008
          83  4.473272892143130E-009
          84  5.000130569738071E-009
          85  3.370078038557368E-009
          86  3.679068241470030E-009
          87  2.496514783593839E-009
          88  5.987446830894910E-009
          89  2.772068019918083E-009
          90  5.229953844688587E-009
          91  3.544526958175064E-009
          92  2.815820306419778E-009
          93  2.309638989771767E-009
          94  5.561230026754910E-009
          95  2.884291494829310E-009
          96  3.050841382910796E-009
          97  1.362346690277568E-009
          98  1.303029511257226E-009
          99  1.461370602490266E-009
         100  1.340574567120021E-009
         101  1.002789119620645E-009
         102  1.730621599316005E-009
         103  1.665719742465324E-009
         104  1.629929226483848E-009
         105  1.689905877407142E-009
         106  2.190375008328061E-009
         107  1.664661572634949E-009
         108  5.409393806621400E-009
         109  2.404511123281285E-009
         110  6.600698689551341E-009
         111  4.739416398755567E-009
         112  6.445821938624853E-009
         113  3.363791804302964E-009
         114  2.750430147338232E-009
         115  1.471926219534092E-009
         116  1.514800346819549E-009
         117  1.256876135190719E-009
         118  1.326498303433378E-009
         119  5.114754218210570E-010
         120  6.929304452345918E-010
         121  5.615023494119268E-010
         122  7.292696561909636E-010
         123  6.400859229221982E-010
         124  1.649818610554832E-008
         125  6.746441534164683E-008
         126  5.707024446994410E-007
         127  2.983296928408468E-006
         128  2.514121242074645E-005
         129  1.281001102984518E-004
         130  3.253181498646972E-004
         131  1.099515658843853E-003
         132  1.021743335683851E-003
         133  3.168739935052822E-005
         134  7.915398031373362E-005
         135  8.305886014174513E-005
         136  2.071675483695774E-004
         137  1.120491985272728E-004
         138  8.931988140816280E-005
         139  1.434520686232534E-005
         140  3.330807452273958E-005
         141  2.474192138485039E-005
         142  1.030139076813908E-005
         143  1.714170300710998E-006
         144  5.585324436110038E-006
         145  2.338962748282488E-006
         146  1.200415257998949E-005
         147  2.032595390369597E-005
         148  2.502598433787262E-005
         149  1.364825569042469E-005
         150  4.480432183150039E-005
         151  1.981361863326478E-005
         152  3.875054993876110E-005
         153  1.735956584861619E-005
         154  6.391802942037104E-005
         155  2.614785388143817E-005
         156  2.930336522168979E-005
         157  1.665810096362086E-005
         158  7.532799661051169E-005
         159  5.302891689840592E-005
         160  5.585318396528782E-005
         161  2.071789227481803E-005
         162  3.852518536756676E-005
         163  1.980818025681310E-005
         164  5.928828768986865E-005
         165  4.216092345282119E-005
         166  1.257699706871277E-004
         167  2.891956477594188E-005
         168  1.784460920025468E-004
         169  1.314565272657900E-004
         170  8.131835462631774E-005
         171  2.083835509856532E-005
         172  1.875545632130774E-005
         173  1.469249488567833E-005
         174  3.537241580501359E-005
         175  1.662574914428365E-005
         176  2.107511299469551E-005
         177  1.023960816425628E-005
         178  1.453486899450561E-005
         179  5.617015967069949E-006
         180  9.563398536494604E-006
         181  4.800109150132315E-006
         182  1.175890216962702E-005
         183  6.565458992479749E-006
         184  1.255649454238277E-005
         185  4.034909572122652E-006
         186  1.569786726261065E-005
         187  4.492355254293705E-006
         188  1.399535439284274E-005
         189  1.158527844384527E-005
         190  2.484887817366651E-005
         191  2.796118070856674E-005
         192  9.683844958895624E-005
         193  1.245543256701719E-004
         194  3.119083261538934E-004
         195  2.182344260621177E-004
         196  4.130076963990538E-004
         197  2.219495739712231E-004
         198  1.639832167534686E-004
         199  1.353141623453714E-005
         200  2.466282559283652E-006
         201  8.879261761784012E-008
         202  1.073104809727545E-007
         203  2.688256991977310E-008
         204  8.112572982970714E-008
         205  6.933092424827151E-008
         206  2.136990659099316E-006
         207  1.424402310634289E-006
         208  2.376701917442756E-006
         209  1.514074083757825E-006
         226  6.358750755446087E-014
         227  4.736654059749736E-015
         230  2.996560220424018E-012
         231  7.110675462752545E-012
         232  5.447435498027211E-007
         234  9.756542700735897E-012
         235  1.527985999791046E-007
         236  1.595288479843699E-009
         238  1.775553949258991E-007
         240  3.095616547297562E-013
         244  3.778828566934674E-009
