           1  7.405207268336620E-005
           2  6.470609901488105E-012
           3  1.574717819390911E-008
           4  8.212376818416927E-005
           6  5.674563962362780E-015
           7  3.114017005274736E-012
           8  2.708281752318958E-013
           9  1.912633244112939E-009
          10  2.713051082138141E-014
          14  2.262035176410073E-015
          15  2.258178950543089E-012
          16  1.205048873975418E-009
          17  9.033691223797194E-011
          18  4.781816475137252E-010
          19  2.369333675958473E-010
          20  4.478121835275213E-009
          21  7.342898606897713E-010
          22  1.633218917389720E-009
          23  4.759956707920777E-009
          24  1.107419430199247E-008
          25  1.354860294639855E-008
          26  1.260204760107017E-008
          27  2.720290223257020E-009
          28  1.602636494418603E-009
          29  8.848674011023019E-010
          30  2.766083718095458E-009
          31  4.874750596953631E-010
          32  6.700203204311805E-010
          33  7.353084210114093E-010
          34  4.440999837112556E-009
          35  3.104095670639943E-010
          36  1.256216229663595E-009
          37  8.332569849173838E-010
          38  1.102905637366901E-009
          39  2.884021621796950E-010
          40  6.022619506824261E-010
          41  8.750420909053794E-010
          42  5.727213018416828E-009
          43  4.959402803545941E-010
          44  9.487709620552919E-010
          45  4.216067937396125E-009
          46  7.490302797239361E-009
          47  8.410505042582692E-009
          48  6.267997544182779E-009
          49  5.119692128395652E-010
          50  3.105522700384419E-009
          51  1.561335567604822E-009
          52  6.393874154562023E-009
          53  2.233900952890382E-010
          54  5.436913638669187E-010
          55  3.330250377309522E-010
          56  3.740354133308600E-010
          57  9.870471155623124E-011
          58  1.955834649921137E-010
          59  1.354865124804247E-010
          60  1.593467910369561E-010
          61  1.631848977746461E-010
          62  7.772907284027069E-010
          63  3.247235876890337E-010
          64  3.542354510215823E-010
          65  3.026437432452980E-010
          66  4.336002470287892E-010
          67  5.803664485617891E-010
          68  8.394459981179833E-010
          69  1.564077823445245E-010
          70  4.606164487739733E-010
          71  1.589830687887029E-010
          72  1.986022946326728E-010
          73  2.119409748171617E-010
          74  4.167386455983972E-010
          75  9.468581834270423E-010
          76  2.641202127375331E-009
          77  5.474586321383824E-009
          78  1.044030993817078E-008
          79  7.948809228592716E-009
          80  3.117059460000798E-008
          81  1.300275360585356E-008
          82  1.127058722481851E-008
          83  4.781981011432153E-009
          84  5.255084248315540E-009
          85  3.487614018656865E-009
          86  3.752607392995622E-009
          87  2.462253316206080E-009
          88  5.979754088151247E-009
          89  2.783564591019071E-009
          90  5.303330751305944E-009
          91  3.489274124695828E-009
          92  2.922079543230614E-009
          93  2.429908369329720E-009
          94  5.549639658592203E-009
          95  2.931049831674137E-009
          96  3.738116989309395E-009
          97  1.641537346432711E-009
          98  1.498165448732990E-009
          99  1.649314919930223E-009
         100  1.461121036342746E-009
         101  1.077785467280926E-009
         102  1.813423051874408E-009
         103  1.679962464368121E-009
         104  1.617686898683032E-009
         105  1.678581783191487E-009
         106  2.109340057274341E-009
         107  1.631882563629965E-009
         108  5.550368439802029E-009
         109  2.507954877198822E-009
         110  7.136429300388463E-009
         111  5.173787086380916E-009
         112  6.958541305978309E-009
         113  3.551343914049839E-009
         114  2.843336576050190E-009
         115  1.491234837552037E-009
         116  1.565376292342674E-009
         117  1.430878488889892E-009
         118  1.553184911990854E-009
         119  5.672072817782440E-010
         120  8.064336204077523E-010
         121  6.625693284441761E-010
         122  8.277628932822444E-010
         123  7.292514010707534E-010
         124  1.696802082215698E-008
         125  7.455142803038959E-008
         126  6.057717065058461E-007
         127  3.103879294030012E-006
         128  2.585758048506436E-005
         129  1.309371164977304E-004
         130  3.350792381350653E-004
         131  1.090948245183907E-003
         132  1.076825182747479E-003
         133  3.429872832457401E-005
         134  8.631997709629081E-005
         135  9.021643742281411E-005
         136  2.265121301428340E-004
         137  1.208873021919505E-004
         138  8.878222772984447E-005
         139  1.485698230459196E-005
         140  3.438821035612335E-005
         141  2.487930421107385E-005
         142  9.959604311894356E-006
         143  1.716887698364777E-006
         144  6.856974616176862E-006
         145  2.844782917169756E-006
         146  1.012308419579574E-005
         147  9.434229247893419E-006
         148  2.251236075752937E-005
         149  1.599415250266732E-005
         150  1.887714966254393E-005
         151  1.564833796970620E-005
         152  2.643780927583484E-005
         153  1.096279000546270E-005
         154  5.144603825762258E-005
         155  3.009313425657831E-005
         156  3.416240758909264E-005
         157  1.560219192885345E-005
         158  3.813015667261586E-005
         159  2.119272189309621E-005
         160  4.895417081996221E-005
         161  2.480182159750159E-005
         162  1.173861513946834E-004
         163  4.613520135353501E-005
         164  8.509940980066459E-005
         165  6.005300857206519E-005
         166  1.351498457365175E-004
         167  3.546167513936769E-005
         168  1.027406098832316E-004
         169  3.227565602058424E-005
         170  2.719088012281916E-005
         171  1.475193917364428E-005
         172  2.811625551238528E-005
         173  1.693698967008758E-005
         174  3.839002913714784E-005
         175  2.053977337877985E-005
         176  1.493562001201555E-005
         177  6.256333268357520E-006
         178  1.057304573089862E-005
         179  4.800259120240603E-006
         180  9.542521569008082E-006
         181  4.773272052596683E-006
         182  1.074933841385800E-005
         183  5.564219927615660E-006
         184  1.011267540108570E-005
         185  3.235947667437979E-006
         186  1.236814737161990E-005
         187  3.632367203205940E-006
         188  1.197464220041896E-005
         189  1.043682520148895E-005
         190  2.253337585147983E-005
         191  2.627396715942483E-005
         192  9.618094879053930E-005
         193  1.279624420242388E-004
         194  3.221896960829752E-004
         195  2.337822482712840E-004
         196  4.605328147664084E-004
         197  2.432601270888143E-004
         198  1.788026755040965E-004
         199  1.452986127410819E-005
         200  2.601716689386092E-006
         201  1.002004757357310E-007
         202  1.172307003772650E-007
         203  2.696294019662901E-008
         204  8.749913418220050E-008
         205  7.577531170556327E-008
         206  2.305875788799209E-006
         207  1.483081948064686E-006
         208  2.478867606591178E-006
         209  1.610686773583214E-006
         226  6.337504644208800E-014
         227  4.988038528491691E-015
         230  2.986547994088864E-012
         231  7.488054378555177E-012
         232  5.861753227847147E-007
         234  9.723943751746799E-012
         235  1.609079519384688E-007
         236  1.533302460741473E-009
         238  1.769621397699010E-007
         240  2.968581652075460E-013
         244  3.623756682633661E-009
