           1  7.450295254277084E-005
           2  6.470609901488105E-012
           3  1.574717819390911E-008
           4  8.334532692302894E-005
           6  5.674563962362780E-015
           7  3.114017005274736E-012
           8  2.708281752318958E-013
           9  1.912633244112939E-009
          10  2.713051082138141E-014
          14  2.061955724076552E-015
          15  2.029118694105922E-012
          16  1.280875503528486E-009
          17  9.420462420968632E-011
          18  4.449759912938002E-010
          19  1.955556034439953E-010
          20  4.752756765534891E-009
          21  7.670600853545138E-010
          22  1.647979631975171E-009
          23  4.959510552548823E-009
          24  1.145921054191307E-008
          25  1.399975004523308E-008
          26  1.171313033131347E-008
          27  2.419616592195141E-009
          28  1.568863842896523E-009
          29  8.871627582088428E-010
          30  2.798964926736367E-009
          31  4.693080870738745E-010
          32  6.009961156119403E-010
          33  8.585832510727509E-010
          34  4.276177628661654E-009
          35  2.861878683634098E-010
          36  1.168218335829227E-009
          37  7.095229965896275E-010
          38  9.474426667785249E-010
          39  2.878466641764703E-010
          40  6.372128296949707E-010
          41  9.303400791619943E-010
          42  6.377490300469914E-009
          43  5.341147814496996E-010
          44  1.036459841332130E-009
          45  4.541796110396283E-009
          46  7.344727207941263E-009
          47  7.903476878684073E-009
          48  5.843949347850217E-009
          49  4.936746103190189E-010
          50  3.132969531026394E-009
          51  1.590814958573052E-009
          52  6.256184613984016E-009
          53  2.083666332692028E-010
          54  5.050240853282854E-010
          55  3.407028023210573E-010
          56  4.303614790739056E-010
          57  1.126344020917803E-010
          58  2.338076841867649E-010
          59  1.597150935735263E-010
          60  1.796047174074065E-010
          61  1.870860410107408E-010
          62  8.819834897967394E-010
          63  3.577575450737584E-010
          64  3.784928039214911E-010
          65  3.206351627843473E-010
          66  4.437032636440658E-010
          67  5.788308681212152E-010
          68  8.326081015736178E-010
          69  1.565379933452770E-010
          70  4.820086409359853E-010
          71  1.663566623406830E-010
          72  2.077358033891534E-010
          73  2.273908235581442E-010
          74  4.585583608463514E-010
          75  1.095190501726931E-009
          76  2.850447373155364E-009
          77  5.530223806922340E-009
          78  1.018253374862129E-008
          79  8.109717871273436E-009
          80  3.279397447979446E-008
          81  1.180461411921556E-008
          82  1.051658063162866E-008
          83  4.659392150174482E-009
          84  5.382208868038450E-009
          85  3.646681649708686E-009
          86  3.935896890868110E-009
          87  2.526738275066706E-009
          88  6.009457334539436E-009
          89  2.671481449537840E-009
          90  5.206643894480569E-009
          91  3.638520596034433E-009
          92  3.013789149628224E-009
          93  2.459439498663067E-009
          94  5.567581355262207E-009
          95  2.849910005592323E-009
          96  3.444112706518900E-009
          97  1.485621125053378E-009
          98  1.360344957218512E-009
          99  1.507654403431070E-009
         100  1.308594742363981E-009
         101  9.785543950335303E-010
         102  1.778250984307410E-009
         103  1.713097251036885E-009
         104  1.690486919827209E-009
         105  1.835608134474264E-009
         106  2.337199919878925E-009
         107  1.791170308485035E-009
         108  6.027358069300169E-009
         109  2.658417876479772E-009
         110  7.015105046725693E-009
         111  4.941658010223579E-009
         112  6.413293273451543E-009
         113  3.190356852514807E-009
         114  2.472322939742691E-009
         115  1.284971851978819E-009
         116  1.324648142197088E-009
         117  1.220546619190477E-009
         118  1.318687871543934E-009
         119  4.719629755016206E-010
         120  6.726120823676151E-010
         121  5.489706900167744E-010
         122  7.234328909424415E-010
         123  6.804072487786450E-010
         124  2.119205184365024E-008
         125  9.483193445114286E-008
         126  7.599642365946421E-007
         127  3.845365549228630E-006
         128  3.087680554736383E-005
         129  1.460389410231291E-004
         130  3.359172152743237E-004
         131  1.113213154605099E-003
         132  1.019686124785303E-003
         133  3.283900626810678E-005
         134  8.101996913234752E-005
         135  7.865248719314090E-005
         136  2.144152591628954E-004
         137  1.173894013179514E-004
         138  8.722865144924807E-005
         139  1.456412957407511E-005
         140  3.249352275484024E-005
         141  2.453172781767168E-005
         142  9.340285464043075E-006
         143  1.887570656452850E-006
         144  1.111908646052839E-005
         145  7.086932205721805E-006
         146  2.740605903061895E-005
         147  1.784573001168455E-005
         148  1.674809447734256E-005
         149  1.229983961353479E-005
         150  4.034706337786714E-005
         151  2.214789434123928E-005
         152  2.464022302567178E-005
         153  7.873904354447303E-006
         154  3.634989215086456E-005
         155  2.264763578105912E-005
         156  2.967218221651454E-005
         157  1.478281814962544E-005
         158  4.907408235793600E-005
         159  5.990338000485724E-005
         160  1.013470070267735E-004
         161  4.628503095171818E-005
         162  7.234748397808424E-005
         163  3.733622620689279E-005
         164  9.426029733244403E-005
         165  4.374601603518806E-005
         166  5.979358662765510E-005
         167  1.953121098632995E-005
         168  5.649118231245288E-005
         169  2.707091754457472E-005
         170  2.992932149103355E-005
         171  1.900980003361501E-005
         172  4.529533233261693E-005
         173  3.576304906070045E-005
         174  9.420436967642360E-005
         175  4.014455679176671E-005
         176  1.961055995237453E-005
         177  6.587197001317591E-006
         178  1.636639199303292E-005
         179  6.423645116305240E-006
         180  1.093290979243823E-005
         181  5.714197693861942E-006
         182  1.379721951212193E-005
         183  7.560064561561709E-006
         184  1.425498073923568E-005
         185  4.605808473757893E-006
         186  1.791867244157615E-005
         187  5.314631234220392E-006
         188  1.800603420602854E-005
         189  1.562880390399229E-005
         190  3.156461749419206E-005
         191  3.316435834510498E-005
         192  1.143762508787507E-004
         193  1.457736428100038E-004
         194  3.478878099205056E-004
         195  2.268994666609663E-004
         196  4.104215434128261E-004
         197  2.085629887842060E-004
         198  1.454047317719509E-004
         199  1.157224161893877E-005
         200  2.105240282713245E-006
         201  8.315085628206676E-008
         202  1.057499142115103E-007
         203  2.695426294134506E-008
         204  9.368140268844861E-008
         205  8.237470255127825E-008
         206  2.405061381409689E-006
         207  1.602780990944984E-006
         208  2.647907657429273E-006
         209  1.649924327165634E-006
         226  6.671096912016060E-014
         227  5.116382780918244E-015
         230  3.143753293997202E-012
         231  7.680725051777835E-012
         232  5.829930780619658E-007
         234  1.023579070575885E-011
         235  1.650481787396590E-007
         236  1.767716524905929E-009
         238  1.862770365370084E-007
         240  3.437627761299620E-013
         244  4.196322699666080E-009
