           1  7.421098586332417E-005
           2  6.470609901488105E-012
           3  1.574717819390911E-008
           4  8.248057798058339E-005
           6  5.674563962362780E-015
           7  3.114017005274736E-012
           8  2.708281752318958E-013
           9  1.912633244112939E-009
          10  2.713051082138141E-014
          14  2.217958127651239E-015
          15  2.133141958759053E-012
          16  1.269670586832016E-009
          17  9.377219223365372E-011
          18  4.451056875454559E-010
          19  1.935850214716031E-010
          20  4.741349327236675E-009
          21  7.759739486196931E-010
          22  1.555581756971219E-009
          23  4.966028424426391E-009
          24  1.145957670025522E-008
          25  1.393043427658502E-008
          26  1.191736728708968E-008
          27  2.571892774148762E-009
          28  1.575847422526522E-009
          29  8.213922716294048E-010
          30  2.645841236206916E-009
          31  4.652406769121574E-010
          32  6.070908393586989E-010
          33  8.273885110164572E-010
          34  4.335045878035758E-009
          35  2.879882867123947E-010
          36  1.140687777165381E-009
          37  8.181623297786366E-010
          38  1.109189079287369E-009
          39  3.170616759775689E-010
          40  6.201875215769584E-010
          41  8.635285318180701E-010
          42  6.167771371352083E-009
          43  5.276900596844675E-010
          44  9.994809070315706E-010
          45  4.477595147255048E-009
          46  7.413952760828195E-009
          47  7.988564472632036E-009
          48  5.882792786647247E-009
          49  5.383963977171324E-010
          50  3.128569284880444E-009
          51  1.547545223255744E-009
          52  6.286907862320023E-009
          53  2.257848593584819E-010
          54  5.608026994455519E-010
          55  3.701495687428641E-010
          56  4.204103874156143E-010
          57  1.118403979855057E-010
          58  2.122809478664769E-010
          59  1.494944297621326E-010
          60  1.747067617378741E-010
          61  1.824220072711925E-010
          62  8.728779214251142E-010
          63  3.536082819039523E-010
          64  3.558624560993637E-010
          65  3.016694111317679E-010
          66  4.348166578068444E-010
          67  5.759797798048663E-010
          68  8.603710062993646E-010
          69  1.597967544317067E-010
          70  4.792670799826599E-010
          71  1.662308029680828E-010
          72  2.069427732501144E-010
          73  2.144697720040858E-010
          74  4.488565419341452E-010
          75  1.074374500105210E-009
          76  2.839576520371068E-009
          77  5.470746035027413E-009
          78  1.010112481505780E-008
          79  7.991859409184512E-009
          80  3.256421302082905E-008
          81  1.231843384864819E-008
          82  1.079962368786940E-008
          83  4.687283070888620E-009
          84  5.135007263755899E-009
          85  3.463587321494259E-009
          86  3.776533399784528E-009
          87  2.591775088895768E-009
          88  6.230795411204519E-009
          89  2.765177344676322E-009
          90  5.267412569219925E-009
          91  3.610089815796134E-009
          92  2.969738876780139E-009
          93  2.463515587402263E-009
          94  5.853412488235709E-009
          95  2.962124236623122E-009
          96  3.402120882743093E-009
          97  1.480505390814002E-009
          98  1.384286261963116E-009
          99  1.553143220538944E-009
         100  1.372616711781357E-009
         101  1.024903728124783E-009
         102  1.802972634324793E-009
         103  1.721652226496311E-009
         104  1.671214675626172E-009
         105  1.786528262165251E-009
         106  2.314886876185087E-009
         107  1.779432957120697E-009
         108  5.960840873850157E-009
         109  2.637877859651486E-009
         110  7.155357817130412E-009
         111  5.060344884575543E-009
         112  6.680392940943214E-009
         113  3.368733381375679E-009
         114  2.659868353379401E-009
         115  1.393760839688659E-009
         116  1.444390070660745E-009
         117  1.291259123072452E-009
         118  1.372871311362954E-009
         119  5.022671120219839E-010
         120  7.040918870127556E-010
         121  5.711236451957964E-010
         122  7.410468021983647E-010
         123  6.789240625949472E-010
         124  1.900690274008354E-008
         125  8.419709989617621E-008
         126  6.867363420044176E-007
         127  3.474810054890710E-006
         128  2.829459575919098E-005
         129  1.384178980847968E-004
         130  3.323340273098103E-004
         131  1.108252795876309E-003
         132  1.042940866824348E-003
         133  3.311027593267051E-005
         134  8.335069432527278E-005
         135  8.859520021796173E-005
         136  2.233923413515718E-004
         137  1.192610773040142E-004
         138  8.400383970999705E-005
         139  1.423189953095104E-005
         140  3.242250575727702E-005
         141  2.397623481777344E-005
         142  9.167775602663566E-006
         143  1.433583469694340E-006
         144  4.814040069679478E-006
         145  1.657947868329592E-006
         146  5.438034097566827E-006
         147  5.450277389185795E-006
         148  1.220974116765945E-005
         149  9.242418060900194E-006
         150  2.200988650335011E-005
         151  1.236701480077213E-005
         152  2.777873170588580E-005
         153  1.468434125830710E-005
         154  4.386471987339783E-005
         155  2.476629606252790E-005
         156  3.872699287123361E-005
         157  3.058711962266653E-005
         158  4.757011992722658E-005
         159  2.224788640740597E-005
         160  1.052253956297755E-004
         161  4.131556830910014E-005
         162  4.667931459434362E-005
         163  2.817503302072947E-005
         164  1.048222051870654E-004
         165  6.404298062895425E-005
         166  1.083637979654761E-004
         167  2.684549042099296E-005
         168  8.220097301689277E-005
         169  3.857796700844776E-005
         170  5.735833853163446E-005
         171  3.759139385326253E-005
         172  5.915968778994855E-005
         173  2.579922477932742E-005
         174  2.893905154609149E-005
         175  1.831207788291729E-005
         176  3.290772461059688E-005
         177  1.715765178771646E-005
         178  2.051152986424394E-005
         179  8.553140947466366E-006
         180  1.512430669400219E-005
         181  6.759150300534232E-006
         182  1.384018160347892E-005
         183  7.152067268820834E-006
         184  1.296425918334291E-005
         185  4.127881485240210E-006
         186  1.589846503939964E-005
         187  4.610930601443546E-006
         188  1.504382826005314E-005
         189  1.304157830268804E-005
         190  2.701027214571236E-005
         191  3.004044588305301E-005
         192  1.050431980830816E-004
         193  1.357729930067806E-004
         194  3.316751368367740E-004
         195  2.230412183861144E-004
         196  4.154971722694166E-004
         197  2.168876573426040E-004
         198  1.563365883682354E-004
         199  1.256684741414559E-005
         200  2.249477425059297E-006
         201  8.371763387489818E-008
         202  1.025589421919704E-007
         203  2.555684499003748E-008
         204  8.404849269205048E-008
         205  7.383341254130712E-008
         206  2.315573086289544E-006
         207  1.532359854530980E-006
         208  2.570038719955849E-006
         209  1.612187310572967E-006
         226  6.468388527970223E-014
         227  4.951928245047955E-015
         230  3.048227002223940E-012
         231  7.433845541853690E-012
         232  5.701780338941827E-007
         234  9.924765304575048E-012
         235  1.597430788686920E-007
         236  1.640874017479404E-009
         238  1.806168104063923E-007
         240  3.187003206420234E-013
         244  3.890384540632691E-009
