           1  7.389568500941353E-005
           2  6.470609901488105E-012
           3  1.574717819390911E-008
           4  8.159418955889677E-005
           6  5.674563962362780E-015
           7  3.114017005274736E-012
           8  2.708281752318958E-013
           9  1.912633244112939E-009
          10  2.713051082138141E-014
          14  2.335487516844554E-015
          15  2.354971588476393E-012
          16  1.303649408492685E-009
          17  9.586217765378554E-011
          18  4.362894783324109E-010
          19  1.787466742830759E-010
          20  4.734459039118156E-009
          21  7.947499380892999E-010
          22  1.674906322483528E-009
          23  4.936939751380819E-009
          24  1.145092474576615E-008
          25  1.374283835956730E-008
          26  1.180829043380253E-008
          27  2.678066683818882E-009
          28  1.676514323419261E-009
          29  8.193847780859903E-010
          30  2.783790051146959E-009
          31  5.063236950799709E-010
          32  5.779333291303338E-010
          33  8.171117386430158E-010
          34  4.403150962002037E-009
          35  2.931802596172864E-010
          36  1.120542743550813E-009
          37  7.748445675758177E-010
          38  1.039815918522599E-009
          39  3.223618303795096E-010
          40  6.374390057734768E-010
          41  8.739193314029417E-010
          42  6.514839743744104E-009
          43  5.779822725034788E-010
          44  9.572796750329782E-010
          45  4.245825685079494E-009
          46  7.223507055133383E-009
          47  7.960329790235425E-009
          48  5.974096688705540E-009
          49  5.221401064374529E-010
          50  3.151210735823589E-009
          51  1.588000353119971E-009
          52  6.373443223504441E-009
          53  2.178112176732402E-010
          54  5.230676533106149E-010
          55  3.849097071051736E-010
          56  4.512930519687152E-010
          57  1.233662026264327E-010
          58  2.205947327775589E-010
          59  1.559398266560590E-010
          60  1.746816374132929E-010
          61  1.753712394156355E-010
          62  8.760820526239574E-010
          63  3.594724693332292E-010
          64  3.583293408365235E-010
          65  3.011492742792161E-010
          66  4.369825445196752E-010
          67  5.743835316857207E-010
          68  8.988720188263953E-010
          69  1.688688454153611E-010
          70  5.074645584464640E-010
          71  1.758252352104997E-010
          72  2.149033740301487E-010
          73  2.077635481714733E-010
          74  4.354968933555213E-010
          75  1.026822019135284E-009
          76  2.789605965830802E-009
          77  5.318866180959246E-009
          78  1.003523662801046E-008
          79  7.927089391397413E-009
          80  3.338059071553990E-008
          81  1.178441802764132E-008
          82  1.087788616342486E-008
          83  4.896677139545805E-009
          84  5.226433461759406E-009
          85  3.549393430965029E-009
          86  3.860751659954627E-009
          87  2.523601986456189E-009
          88  6.221130774067010E-009
          89  2.838400317344591E-009
          90  5.365216490184934E-009
          91  3.638840046589126E-009
          92  2.938264679960543E-009
          93  2.461400306589185E-009
          94  6.065786308499762E-009
          95  3.097008202331687E-009
          96  3.344069468911788E-009
          97  1.470616065985015E-009
          98  1.371844511176855E-009
          99  1.535824378284430E-009
         100  1.393076437611442E-009
         101  1.038574553088636E-009
         102  1.841565846339575E-009
         103  1.770754371056748E-009
         104  1.739234574351012E-009
         105  1.820692888623959E-009
         106  2.330624829040938E-009
         107  1.768453963740628E-009
         108  5.775467573103509E-009
         109  2.548522670494690E-009
         110  6.990242674674466E-009
         111  4.999135225041469E-009
         112  6.767057697452541E-009
         113  3.486397175100419E-009
         114  2.825586587804813E-009
         115  1.492360982147575E-009
         116  1.570483191680421E-009
         117  1.397200123796176E-009
         118  1.486813280287173E-009
         119  5.332004645290445E-010
         120  7.298639438483288E-010
         121  5.944925520232528E-010
         122  7.547273886985346E-010
         123  6.790398259733388E-010
         124  1.702786990421002E-008
         125  7.540770415231494E-008
         126  6.212319848573876E-007
         127  3.162673138628160E-006
         128  2.610633582197648E-005
         129  1.313099192394603E-004
         130  3.291834240515568E-004
         131  1.128098326981830E-003
         132  1.060217554173579E-003
         133  3.357021512542151E-005
         134  8.440525625705861E-005
         135  8.718392334499190E-005
         136  2.312188854530296E-004
         137  1.252988281453740E-004
         138  8.705544193903682E-005
         139  1.450025323324262E-005
         140  3.380949972102885E-005
         141  2.597293850133312E-005
         142  1.013879679208449E-005
         143  1.641813341365988E-006
         144  5.697468140317398E-006
         145  2.551633840142192E-006
         146  1.151743759581955E-005
         147  1.579570858802503E-005
         148  2.792141114588029E-005
         149  1.748124603653943E-005
         150  2.783872172687008E-005
         151  1.169166426431422E-005
         152  1.822239489851045E-005
         153  7.689419656396785E-006
         154  3.773457742195120E-005
         155  2.129126426003291E-005
         156  3.046873544804120E-005
         157  2.286168421485210E-005
         158  4.527500918955040E-005
         159  1.898814581973506E-005
         160  4.444217980082861E-005
         161  2.327999214147606E-005
         162  1.188560188092454E-004
         163  5.408180031886558E-005
         164  6.835642617103361E-005
         165  4.039144911369082E-005
         166  6.354211031050713E-005
         167  4.276909423094981E-005
         168  1.344299479437521E-004
         169  4.468231511118734E-005
         170  3.239274643994844E-005
         171  1.617337599745927E-005
         172  2.922303585633587E-005
         173  1.948891087230201E-005
         174  4.738309241429418E-005
         175  2.483063329750648E-005
         176  1.617345067854510E-005
         177  6.321185440790436E-006
         178  1.681955425943891E-005
         179  5.987489376852410E-006
         180  9.542957354478205E-006
         181  5.002106125107226E-006
         182  1.218557456544594E-005
         183  6.685179202843157E-006
         184  1.245052303288278E-005
         185  3.987306866113757E-006
         186  1.520990734516546E-005
         187  4.368157342143611E-006
         188  1.380190357646556E-005
         189  1.166558149477925E-005
         190  2.488875042345892E-005
         191  2.834976747968186E-005
         192  1.000282919353134E-004
         193  1.297504813693549E-004
         194  3.257733954118336E-004
         195  2.313417165998264E-004
         196  4.490334215322521E-004
         197  2.407851520026233E-004
         198  1.796070518003325E-004
         199  1.479375953357122E-005
         200  2.606556911541428E-006
         201  8.747354220910847E-008
         202  1.036536044076442E-007
         203  2.670286289995309E-008
         204  9.043629039315726E-008
         205  7.990070664784586E-008
         206  2.298708651213566E-006
         207  1.560816966423971E-006
         208  2.576121954922930E-006
         209  1.601584984370752E-006
         226  6.008447047963127E-014
         227  4.607413459070642E-015
         230  2.831479657388669E-012
         231  6.916659189567335E-012
         232  5.341376942866830E-007
         234  9.219054566394983E-012
         235  1.486294580922117E-007
         236  1.469428089285741E-009
         238  1.677738646350834E-007
         240  2.847954789987577E-013
         244  3.476507103936545E-009
