           1  7.435808625002994E-005
           2  6.470609901488105E-012
           3  1.574717819390911E-008
           4  8.102991489680728E-005
           6  5.674563962362780E-015
           7  3.114017005274736E-012
           8  2.708281752318958E-013
           9  1.912633244112939E-009
          10  2.713051082138141E-014
          14  2.068774016566761E-015
          15  2.076991834506251E-012
          16  1.232118921995317E-009
          17  9.177730233755369E-011
          18  4.594671676142636E-010
          19  2.127121381834337E-010
          20  4.556103292858311E-009
          21  7.531884059946173E-010
          22  1.677620401229330E-009
          23  4.803820975376645E-009
          24  1.117493590223050E-008
          25  1.360130504999469E-008
          26  1.212094413307723E-008
          27  2.675259795668847E-009
          28  1.628820961785847E-009
          29  8.747114571087641E-010
          30  2.802214869048726E-009
          31  5.029535360432692E-010
          32  6.267337400264728E-010
          33  7.535358549117619E-010
          34  4.343664938452472E-009
          35  3.041881295024021E-010
          36  1.217926693901078E-009
          37  7.616365011780706E-010
          38  9.984766628353000E-010
          39  2.918027276695697E-010
          40  6.269379520056646E-010
          41  8.960554225900813E-010
          42  6.092323572876278E-009
          43  5.343307776878425E-010
          44  9.589599228806284E-010
          45  4.232311085767267E-009
          46  7.325399997947018E-009
          47  8.202375123488771E-009
          48  6.172066283190535E-009
          49  4.992987992840300E-010
          50  3.147363679666082E-009
          51  1.606046701052919E-009
          52  6.333944689826829E-009
          53  2.075383614160248E-010
          54  4.850855917184203E-010
          55  3.253721131140295E-010
          56  4.048248989890871E-010
          57  1.101373871841509E-010
          58  2.122118000261465E-010
          59  1.495567462721027E-010
          60  1.703134545709129E-010
          61  1.688398278681958E-010
          62  8.234653216690754E-010
          63  3.436784511213258E-010
          64  3.616272644575089E-010
          65  3.095240642786796E-010
          66  4.470449363550872E-010
          67  5.821608319492821E-010
          68  8.628746247966368E-010
          69  1.604101185246593E-010
          70  4.756255913937392E-010
          71  1.657374671880705E-010
          72  2.087023511210347E-010
          73  2.159248390931915E-010
          74  4.337722491481569E-010
          75  9.870284319200004E-010
          76  2.717178971911293E-009
          77  5.429461554581757E-009
          78  1.030711765005175E-008
          79  7.924859997763854E-009
          80  3.191224130931596E-008
          81  1.220102292279086E-008
          82  1.093301837738131E-008
          83  4.781098772203704E-009
          84  5.313282582786881E-009
          85  3.536661821394248E-009
          86  3.801968640485498E-009
          87  2.416919163775822E-009
          88  5.835768890057603E-009
          89  2.702716578080313E-009
          90  5.140463541023688E-009
          91  3.448824445150239E-009
          92  2.915799007172442E-009
          93  2.414797537692736E-009
          94  5.539183175828130E-009
          95  2.865132464753105E-009
          96  3.479994527096445E-009
          97  1.535782106313709E-009
          98  1.428405139944304E-009
          99  1.581826288990925E-009
         100  1.402740954992714E-009
         101  1.034501317785499E-009
         102  1.753287601831063E-009
         103  1.661195199971288E-009
         104  1.610753045290950E-009
         105  1.692329301262483E-009
         106  2.149327139051650E-009
         107  1.639893215011842E-009
         108  5.472170786005088E-009
         109  2.469983223222024E-009
         110  6.923530421220648E-009
         111  4.909957557130904E-009
         112  6.597143436800699E-009
         113  3.383015911498365E-009
         114  2.723104242438048E-009
         115  1.435778877994409E-009
         116  1.506608204373912E-009
         117  1.344935204814822E-009
         118  1.439434432806538E-009
         119  5.328099479570832E-010
         120  7.486103068401619E-010
         121  6.091300285120923E-010
         122  7.737920868378900E-010
         123  6.859648822411579E-010
         124  1.684480362965641E-008
         125  7.272509366533112E-008
         126  5.996790651353250E-007
         127  3.085595029461578E-006
         128  2.580516417893945E-005
         129  1.299809948881259E-004
         130  3.290291910018925E-004
         131  1.104793389388228E-003
         132  1.045307224194471E-003
         133  3.396034269208352E-005
         134  8.481103797016232E-005
         135  8.081957064803188E-005
         136  2.181136653690882E-004
         137  1.192139164707312E-004
         138  8.793081321904243E-005
         139  1.427632099087173E-005
         140  3.343791458434364E-005
         141  2.544747143777797E-005
         142  9.811186516392256E-006
         143  1.617717200436459E-006
         144  5.697441445247136E-006
         145  2.310008880208702E-006
         146  1.188090497194263E-005
         147  2.017170199365282E-005
         148  3.801630326165352E-005
         149  2.355527496034385E-005
         150  5.777608812289545E-005
         151  2.005107802359059E-005
         152  1.723876029603586E-005
         153  6.656552893820886E-006
         154  3.347315429738526E-005
         155  1.822999641175551E-005
         156  3.853612957854281E-005
         157  1.857660605297979E-005
         158  3.072451788650713E-005
         159  1.844584625764877E-005
         160  5.362357621696736E-005
         161  3.562403330580575E-005
         162  1.155040009439136E-004
         163  4.220607634319273E-005
         164  6.226399932603091E-005
         165  5.386586273657885E-005
         166  8.252596497051394E-005
         167  7.039136035465371E-005
         168  1.389568499166621E-004
         169  3.581196441103433E-005
         170  4.553833701262519E-005
         171  2.243192383086663E-005
         172  4.021414739356559E-005
         173  1.913293131411642E-005
         174  2.958733972813147E-005
         175  1.703675627557189E-005
         176  1.731498438979446E-005
         177  8.118026263178275E-006
         178  2.167831058032436E-005
         179  8.325153021435074E-006
         180  1.284814590946413E-005
         181  6.043591423464570E-006
         182  1.306804673748804E-005
         183  6.753448323308581E-006
         184  1.206704135800031E-005
         185  3.795064627720499E-006
         186  1.438218649741772E-005
         187  4.181852734726230E-006
         188  1.337365506508860E-005
         189  1.142191736715702E-005
         190  2.400283838052698E-005
         191  2.763278959033901E-005
         192  9.801190460129626E-005
         193  1.284601828230388E-004
         194  3.195376837336491E-004
         195  2.261213167410975E-004
         196  4.382919880326522E-004
         197  2.322529368647330E-004
         198  1.704247480091492E-004
         199  1.371234409655745E-005
         200  2.444548344269778E-006
         201  8.830740377907550E-008
         202  1.067889288936669E-007
         203  2.657180676141684E-008
         204  8.697675657902054E-008
         205  7.537569588162811E-008
         206  2.223456457199383E-006
         207  1.467022246149064E-006
         208  2.433444488525691E-006
         209  1.550780717451910E-006
         226  6.126398912446968E-014
         227  4.719585497329526E-015
         230  2.887064453621547E-012
         231  7.085052099413178E-012
         232  5.480040537675528E-007
         234  9.400033888706427E-012
         235  1.522479892719335E-007
         236  1.503640894527115E-009
         238  1.710674345022050E-007
         240  2.916018219461376E-013
         244  3.559592340020991E-009
