           1  7.472211325388450E-005
           2  6.470609901488105E-012
           3  1.574717819390911E-008
           4  8.345230608905437E-005
           6  5.674563962362780E-015
           7  3.114017005274736E-012
           8  2.708281752318958E-013
           9  1.912633244112939E-009
          10  2.713051082138141E-014
          14  1.996772087651639E-015
          15  1.877662950397066E-012
          16  1.217991863163954E-009
          17  9.079687696704129E-011
          18  4.523738522299557E-010
          19  2.061004531572265E-010
          20  4.616825370403804E-009
          21  7.527801493046802E-010
          22  1.541965516604920E-009
          23  4.875503092686330E-009
          24  1.127492498392072E-008
          25  1.377055655838646E-008
          26  1.213940047976842E-008
          27  2.586370233796429E-009
          28  1.543409701570436E-009
          29  8.271029693188895E-010
          30  2.600732237880336E-009
          31  4.525805404831375E-010
          32  6.223334138957428E-010
          33  7.837646951141641E-010
          34  4.254248568668847E-009
          35  2.940250634130624E-010
          36  1.201945406748941E-009
          37  8.327410977130206E-010
          38  1.120346157367513E-009
          39  3.062333758294974E-010
          40  6.054132526581435E-010
          41  8.551630286597971E-010
          42  5.894442804225455E-009
          43  4.993821535008042E-010
          44  9.838566705618287E-010
          45  4.420501101545787E-009
          46  7.456132463805394E-009
          47  8.119408368250405E-009
          48  5.993867778476494E-009
          49  5.387259838999789E-010
          50  3.153577695464047E-009
          51  1.555521952808093E-009
          52  6.198732597471459E-009
          53  2.193193608347116E-010
          54  5.446079174918347E-010
          55  3.471600501521595E-010
          56  4.025152340823166E-010
          57  1.061924035106692E-010
          58  2.067344949335787E-010
          59  1.437971269491569E-010
          60  1.694397416628084E-010
          61  1.773291918537803E-010
          62  8.433774997677778E-010
          63  3.452331218531238E-010
          64  3.591795219242684E-010
          65  3.055405435995566E-010
          66  4.362880404011114E-010
          67  5.799085660892769E-010
          68  8.451417319726388E-010
          69  1.576545159715629E-010
          70  4.712542520113677E-010
          71  1.626629130644826E-010
          72  2.030724810285553E-010
          73  2.166203472738451E-010
          74  4.449287331906886E-010
          75  1.055415609716570E-009
          76  2.819524459040041E-009
          77  5.555442814981401E-009
          78  1.019597648463547E-008
          79  7.925424794914859E-009
          80  3.166434152818490E-008
          81  1.251241487213493E-008
          82  1.073892072029204E-008
          83  4.567016550543771E-009
          84  5.083264072359857E-009
          85  3.398561598374309E-009
          86  3.675513247386765E-009
          87  2.467106426857166E-009
          88  5.937586789329103E-009
          89  2.677599011939728E-009
          90  5.096589277416175E-009
          91  3.415280875831809E-009
          92  2.875626769163502E-009
          93  2.401727633004415E-009
          94  5.602854158415628E-009
          95  2.859440495312276E-009
          96  3.442954124682910E-009
          97  1.497480136663849E-009
          98  1.380294152557586E-009
          99  1.527068132549060E-009
         100  1.334796087863122E-009
         101  9.946601966384503E-010
         102  1.718354828647933E-009
         103  1.628876944933743E-009
         104  1.579494758802894E-009
         105  1.682207955435209E-009
         106  2.166937157992936E-009
         107  1.679972975461004E-009
         108  5.670359980931644E-009
         109  2.539249198901030E-009
         110  6.987240973157352E-009
         111  4.952839591006664E-009
         112  6.517686768474306E-009
         113  3.279800268466269E-009
         114  2.582560735438844E-009
         115  1.354913875430359E-009
         116  1.407720450348151E-009
         117  1.289999662775971E-009
         118  1.385412090997459E-009
         119  4.995329358296438E-010
         120  7.072844442603099E-010
         121  5.755584425382579E-010
         122  7.572182887273136E-010
         123  6.762205047062584E-010
         124  1.928527005119354E-008
         125  8.108969169897819E-008
         126  6.610950901624446E-007
         127  3.392229823682632E-006
         128  2.785470821794743E-005
         129  1.362077199315262E-004
         130  3.288950112571724E-004
         131  1.087798127232504E-003
         132  1.024283407279197E-003
         133  3.340811907845120E-005
         134  8.401392727460592E-005
         135  8.420870190670377E-005
         136  2.120600823564704E-004
         137  1.135877865792606E-004
         138  8.301930297855162E-005
         139  1.440623569904060E-005
         140  3.380416442383690E-005
         141  2.570758700420208E-005
         142  9.739017648507206E-006
         143  1.845662841971606E-006
         144  9.462751777373039E-006
         145  5.904928460734432E-006
         146  2.585173504610266E-005
         147  2.435128158415968E-005
         148  3.167151092167046E-005
         149  1.759482472986954E-005
         150  2.257866253319927E-005
         151  1.187383191283664E-005
         152  3.337410296668356E-005
         153  1.624606529882470E-005
         154  4.480794716886679E-005
         155  2.512618310213475E-005
         156  4.896476571577465E-005
         157  2.268132009775611E-005
         158  5.064456755441148E-005
         159  2.395227208859291E-005
         160  4.436082645546765E-005
         161  2.806573730438551E-005
         162  8.812274393131456E-005
         163  4.512036660145473E-005
         164  1.062580153603680E-004
         165  4.674143216581923E-005
         166  1.621495259449662E-004
         167  4.641312001630961E-005
         168  6.036971361795955E-005
         169  2.510496810563598E-005
         170  3.509785514785358E-005
         171  2.536793452386322E-005
         172  6.866882381204590E-005
         173  2.875440162839760E-005
         174  4.273713158392780E-005
         175  2.736509482626218E-005
         176  3.260676428675038E-005
         177  1.206592720394765E-005
         178  1.475297968792530E-005
         179  5.950737668836330E-006
         180  1.128862706609613E-005
         181  5.776618419780674E-006
         182  1.329729129817479E-005
         183  7.036460492133550E-006
         184  1.292944801866404E-005
         185  4.122692145336802E-006
         186  1.588637918389680E-005
         187  4.614780266475906E-006
         188  1.506525787251496E-005
         189  1.310386664309679E-005
         190  2.711095963398314E-005
         191  3.022738718831044E-005
         192  1.054885473142099E-004
         193  1.356127926511416E-004
         194  3.278022712158586E-004
         195  2.213063705380137E-004
         196  4.125471481977861E-004
         197  2.131628620949926E-004
         198  1.512696690278584E-004
         199  1.204887082649441E-005
         200  2.163907918747105E-006
         201  8.358198751348227E-008
         202  1.039272151822702E-007
         203  2.577239133994878E-008
         204  7.993669086023630E-008
         205  6.900169337259035E-008
         206  2.338022715481781E-006
         207  1.515146317343262E-006
         208  2.558158006172859E-006
         209  1.643743646525534E-006
         226  7.055772568372221E-014
         227  5.397836448144598E-015
         230  3.325031632138560E-012
         231  8.103243914291913E-012
         232  6.173338602201476E-007
         234  1.082601740460501E-011
         235  1.741275258417870E-007
         236  1.808558571425278E-009
         238  1.970183347431380E-007
         240  3.513738942497647E-013
         244  4.289231850841578E-009
