           1  7.424773906337603E-005
           2  6.470609901488105E-012
           3  1.574717819390911E-008
           4  8.165682364311047E-005
           6  5.674563962362780E-015
           7  3.114017005274736E-012
           8  2.708281752318958E-013
           9  1.912633244112939E-009
          10  2.713051082138141E-014
          14  2.195208755406273E-015
          15  2.142746142706789E-012
          16  1.220530887653914E-009
          17  9.111935430292736E-011
          18  4.615255513681848E-010
          19  2.157287684426621E-010
          20  4.555532260199625E-009
          21  7.434953711540819E-010
          22  1.628404445878306E-009
          23  4.808995208115302E-009
          24  1.117188908720576E-008
          25  1.367032371033511E-008
          26  1.234179418662080E-008
          27  2.656969107836984E-009
          28  1.581470471538666E-009
          29  8.604940460524879E-010
          30  2.727540720191823E-009
          31  4.818069643561054E-010
          32  6.215776987366098E-010
          33  7.644942600967201E-010
          34  4.390068362505591E-009
          35  3.018707846250411E-010
          36  1.208936640481012E-009
          37  8.311837471777294E-010
          38  1.110205978375771E-009
          39  2.992571411845122E-010
          40  6.044425933064074E-010
          41  8.608681932793370E-010
          42  5.901763765837284E-009
          43  5.157785559992551E-010
          44  9.743788781397093E-010
          45  4.304505834489244E-009
          46  7.443136680212155E-009
          47  8.207510303329979E-009
          48  6.084187230188076E-009
          49  5.318962026262985E-010
          50  3.122707042712984E-009
          51  1.554088299294501E-009
          52  6.357614663979659E-009
          53  2.294319680787868E-010
          54  5.667634455180051E-010
          55  3.522716665830824E-010
          56  3.952948384721611E-010
          57  1.059449913713077E-010
          58  2.084932846778502E-010
          59  1.458624531173418E-010
          60  1.684139566258767E-010
          61  1.678119686449263E-010
          62  8.025563836461384E-010
          63  3.348869783313771E-010
          64  3.569512134483866E-010
          65  3.063607567459741E-010
          66  4.420564927719958E-010
          67  5.729412145216589E-010
          68  8.384750485711046E-010
          69  1.569010375530730E-010
          70  4.670423580964123E-010
          71  1.624060984192812E-010
          72  2.064842948838666E-010
          73  2.172331176184065E-010
          74  4.311212209922859E-010
          75  9.894292644085593E-010
          76  2.709272166615944E-009
          77  5.513689446599994E-009
          78  1.028215842200104E-008
          79  7.926772598932678E-009
          80  3.159983112490936E-008
          81  1.270869464227405E-008
          82  1.107903175157232E-008
          83  4.737463708048210E-009
          84  5.115565581483418E-009
          85  3.447331792594155E-009
          86  3.741448689056356E-009
          87  2.513246513503433E-009
          88  6.069815888546971E-009
          89  2.745811928640185E-009
          90  5.185018165804754E-009
          91  3.534194172676441E-009
          92  2.922244306038110E-009
          93  2.400959989929246E-009
          94  5.533240394134144E-009
          95  2.885751394933081E-009
          96  3.577165268381163E-009
          97  1.577782950099906E-009
          98  1.470961631552959E-009
          99  1.631058742108432E-009
         100  1.441737927863306E-009
         101  1.056565464651508E-009
         102  1.787656091793388E-009
         103  1.684414176057421E-009
         104  1.629686685358742E-009
         105  1.715470797562094E-009
         106  2.174446585195565E-009
         107  1.659146717815097E-009
         108  5.593592580031219E-009
         109  2.520548426968956E-009
         110  7.074381231920868E-009
         111  5.053551515660228E-009
         112  6.770325768439923E-009
         113  3.454107082290282E-009
         114  2.759226068702505E-009
         115  1.454459046972542E-009
         116  1.518088005013376E-009
         117  1.349116331519388E-009
         118  1.447333422010971E-009
         119  5.414835829361320E-010
         120  7.644605061854846E-010
         121  6.252989168973655E-010
         122  7.930239841009085E-010
         123  7.051019566440538E-010
         124  1.734852940970699E-008
         125  7.580638404967115E-008
         126  6.228887230936705E-007
         127  3.184534007632254E-006
         128  2.641680990359802E-005
         129  1.323520653384605E-004
         130  3.305018100562824E-004
         131  1.097961734248100E-003
         132  1.056312871271795E-003
         133  3.348457703314056E-005
         134  8.444559516771516E-005
         135  8.901184376330141E-005
         136  2.240305842478970E-004
         137  1.196333559246045E-004
         138  8.636045626934031E-005
         139  1.478801403638895E-005
         140  3.427403795898396E-005
         141  2.498197963628128E-005
         142  9.873133766562558E-006
         143  1.844528182352551E-006
         144  9.076967032034130E-006
         145  4.797712132731472E-006
         146  1.810251850955859E-005
         147  1.320650586936133E-005
         148  1.273498002074698E-005
         149  6.859357573277004E-006
         150  8.226862343113914E-006
         151  7.667997645751197E-006
         152  2.401015206413636E-005
         153  1.109076574756356E-005
         154  6.589492814764895E-005
         155  3.954551066152950E-005
         156  7.360778049666142E-005
         157  2.764398372707330E-005
         158  4.002001417157803E-005
         159  2.731654193653605E-005
         160  7.682318924252534E-005
         161  2.997316322857165E-005
         162  8.900259329583738E-005
         163  4.250474073440311E-005
         164  9.581732403417363E-005
         165  4.212512119090369E-005
         166  7.367627077914119E-005
         167  2.210876112683195E-005
         168  6.495441158770451E-005
         169  4.024486471577383E-005
         170  3.944301155409405E-005
         171  1.992370008910911E-005
         172  6.705164712466148E-005
         173  2.830018126152993E-005
         174  3.755295454971695E-005
         175  2.000600518272726E-005
         176  3.265337975284579E-005
         177  1.473736611789798E-005
         178  2.123522024800084E-005
         179  6.523042337461038E-006
         180  9.757936790216779E-006
         181  5.081608788791257E-006
         182  1.195717478421610E-005
         183  6.351844320705254E-006
         184  1.158769777810496E-005
         185  3.657062672332488E-006
         186  1.383379068025789E-005
         187  4.061953629683784E-006
         188  1.332900175672591E-005
         189  1.148417557035869E-005
         190  2.415202492500913E-005
         191  2.751285946156371E-005
         192  9.877984567072043E-005
         193  1.309121472611569E-004
         194  3.273135904420004E-004
         195  2.287948440993001E-004
         196  4.383645521959249E-004
         197  2.317083058234136E-004
         198  1.691122839552587E-004
         199  1.366323815321755E-005
         200  2.415858172092401E-006
         201  8.799017300601562E-008
         202  1.048086307048366E-007
         203  2.529643044426166E-008
         204  8.022913655407456E-008
         205  6.975022525014784E-008
         206  2.223381737931735E-006
         207  1.449016838761287E-006
         208  2.419509744641761E-006
         209  1.558187774164746E-006
         226  6.324874060776493E-014
         227  4.892727391273550E-015
         230  2.980595833777881E-012
         231  7.344973090330409E-012
         232  5.717298373561794E-007
         234  9.704564029010071E-012
         235  1.578333325667266E-007
         236  1.552588077214868E-009
         238  1.766094559935244E-007
         240  3.009641880890495E-013
         244  3.673879029261695E-009
