           1  7.420877861782872E-005
           2  6.470609901488105E-012
           3  1.574717819390911E-008
           4  8.248280755061344E-005
           6  5.674563962362780E-015
           7  3.114017005274736E-012
           8  2.708281752318958E-013
           9  1.912633244112939E-009
          10  2.713051082138141E-014
          14  2.248960062084171E-015
          15  2.146426993299336E-012
          16  1.232985223369976E-009
          17  9.194290253304247E-011
          18  4.539334441183785E-010
          19  2.039489497533891E-010
          20  4.563050501534594E-009
          21  7.626581301556724E-010
          22  1.637588107715552E-009
          23  4.812288931342066E-009
          24  1.119370515401720E-008
          25  1.354736310521641E-008
          26  1.233659875840344E-008
          27  2.811390627999055E-009
          28  1.634811522181885E-009
          29  8.079273975585488E-010
          30  2.662660758632784E-009
          31  4.930830692893691E-010
          32  5.993445033164465E-010
          33  7.367666115758690E-010
          34  4.418298724938190E-009
          35  3.031017292142821E-010
          36  1.173530587290469E-009
          37  8.668630566917315E-010
          38  1.159196625802811E-009
          39  3.172013955081804E-010
          40  5.987976652248336E-010
          41  8.222578915496314E-010
          42  5.961993631816814E-009
          43  5.332542819871091E-010
          44  9.295277832282784E-010
          45  4.152030040131242E-009
          46  7.365934438186564E-009
          47  8.239467732298927E-009
          48  6.161032975365840E-009
          49  5.489504225149503E-010
          50  3.149468777838164E-009
          51  1.558071456365842E-009
          52  6.311990034918872E-009
          53  2.292991994744586E-010
          54  5.642647965025589E-010
          55  3.723059369588095E-010
          56  4.087342827983775E-010
          57  1.118137032645364E-010
          58  2.003450367508980E-010
          59  1.437235587669060E-010
          60  1.654279692180980E-010
          61  1.620501815601545E-010
          62  8.049869299376365E-010
          63  3.358894225498710E-010
          64  3.429501599540206E-010
          65  2.943747545725365E-010
          66  4.363115344172045E-010
          67  5.703507452360918E-010
          68  8.797173677654785E-010
          69  1.637497151548683E-010
          70  4.813592187353531E-010
          71  1.684302280967856E-010
          72  2.113314073696278E-010
          73  2.069048820860177E-010
          74  4.238953697941644E-010
          75  9.681013678357889E-010
          76  2.703051437023620E-009
          77  5.389130015256136E-009
          78  1.021958116870193E-008
          79  7.839476762570648E-009
          80  3.200226754005228E-008
          81  1.263866330957515E-008
          82  1.114158287450746E-008
          83  4.785686493949560E-009
          84  5.023618508567878E-009
          85  3.370581700404750E-009
          86  3.666959645472885E-009
          87  2.478912492183511E-009
          88  6.099207226999135E-009
          89  2.807235541047485E-009
          90  5.239202473252135E-009
          91  3.487786124019344E-009
          92  2.854996476923766E-009
          93  2.384965804508403E-009
          94  5.774517523985782E-009
          95  2.965983526175301E-009
          96  3.433030080783673E-009
          97  1.520152126405448E-009
          98  1.436139555837280E-009
          99  1.615123689370385E-009
         100  1.455765933436747E-009
         101  1.074699272597032E-009
         102  1.800305637489414E-009
         103  1.695677573921282E-009
         104  1.628681637886420E-009
         105  1.694261805682880E-009
         106  2.163400817264981E-009
         107  1.642627948936732E-009
         108  5.425990813916760E-009
         109  2.447088950084928E-009
         110  7.012017576723627E-009
         111  5.021631281371104E-009
         112  6.859779723209448E-009
         113  3.543502926538711E-009
         114  2.885924362026465E-009
         115  1.543551885105696E-009
         116  1.627463634889150E-009
         117  1.424609594981457E-009
         118  1.521998543442922E-009
         119  5.690819735579560E-010
         120  7.870582291295239E-010
         121  6.397965982329448E-010
         122  8.181071342744727E-010
         123  7.050378224897327E-010
         124  1.651802794125035E-008
         125  6.705227857571558E-008
         126  5.600981395736744E-007
         127  2.879234008788636E-006
         128  2.423494848238683E-005
         129  1.252153875930379E-004
         130  3.268892062457452E-004
         131  1.105193483807567E-003
         132  1.062078125133405E-003
         133  3.323343263921447E-005
         134  8.450427429579784E-005
         135  9.112200232375837E-005
         136  2.248552277814633E-004
         137  1.193625016478983E-004
         138  8.408679715144313E-005
         139  1.441503381668883E-005
         140  3.453863701274136E-005
         141  2.567072808521375E-005
         142  1.017301226985364E-005
         143  1.733952502031472E-006
         144  6.901190064829183E-006
         145  2.963809630750926E-006
         146  1.038802832706568E-005
         147  8.242095522405598E-006
         148  1.252452187450605E-005
         149  7.932558420341304E-006
         150  1.541771719114930E-005
         151  1.707252232845345E-005
         152  5.412717142574897E-005
         153  2.938479788281663E-005
         154  5.729076596044704E-005
         155  2.961655835717789E-005
         156  3.400998621350774E-005
         157  1.491400451079876E-005
         158  3.968077135963253E-005
         159  3.139652676796254E-005
         160  6.875765409019490E-005
         161  2.606880645672691E-005
         162  7.732849288540423E-005
         163  6.788685693758534E-005
         164  1.135467173569193E-004
         165  5.403381997871155E-005
         166  9.712577214241850E-005
         167  2.277881929782425E-005
         168  5.491629691882287E-005
         169  2.560698951168043E-005
         170  2.682447991162469E-005
         171  1.845266741237945E-005
         172  7.438541108764431E-005
         173  3.108767977625325E-005
         174  4.557164894112449E-005
         175  2.256578723739465E-005
         176  2.624395819771686E-005
         177  1.086234949434951E-005
         178  1.158828501137463E-005
         179  5.869662156332710E-006
         180  1.259330094478528E-005
         181  5.925300857722006E-006
         182  1.270390870841436E-005
         183  6.547578200169320E-006
         184  1.167450201576310E-005
         185  3.659133149456381E-006
         186  1.379724280327263E-005
         187  3.954406466253204E-006
         188  1.234562642419094E-005
         189  1.042570036637940E-005
         190  2.219587668566175E-005
         191  2.638101515511661E-005
         192  9.398831056155334E-005
         193  1.236539345835418E-004
         194  3.127198701252796E-004
         195  2.261906617917529E-004
         196  4.457621202794647E-004
         197  2.407698640926251E-004
         198  1.812760099982890E-004
         199  1.475843865694706E-005
         200  2.614574981179058E-006
         201  9.002859799258175E-008
         202  1.056813363814120E-007
         203  2.588105100521992E-008
         204  8.130509403792955E-008
         205  7.089929249867312E-008
         206  2.291921248018352E-006
         207  1.503422473175981E-006
         208  2.518068444923096E-006
         209  1.622336724204116E-006
         226  6.809130147548526E-014
         227  5.199222579964648E-015
         230  3.208801432947883E-012
         231  7.805084339787511E-012
         232  6.020573188184266E-007
         234  1.044758185914535E-011
         235  1.677204881709941E-007
         236  1.640919604802704E-009
         238  1.901313385202831E-007
         240  3.179697632145998E-013
         244  3.881466603819926E-009
