           1  7.438573797438729E-005
           2  6.470609901488105E-012
           3  1.574717819390911E-008
           4  8.295908887391317E-005
           6  5.674563962362780E-015
           7  3.114017005274736E-012
           8  2.708281752318958E-013
           9  1.912633244112939E-009
          10  2.713051082138141E-014
          14  2.236883858108363E-015
          15  2.064581442269362E-012
          16  1.264637425191266E-009
          17  9.348310793810185E-011
          18  4.545114311570381E-010
          19  2.065130556225071E-010
          20  4.642586933793344E-009
          21  7.710002497083522E-010
          22  1.665996794806193E-009
          23  4.883174912320099E-009
          24  1.132817537312442E-008
          25  1.369596978441510E-008
          26  1.225028322613769E-008
          27  2.687174046471205E-009
          28  1.616147486458717E-009
          29  8.351499711028906E-010
          30  2.724963345039381E-009
          31  4.789545917576221E-010
          32  6.126171933839330E-010
          33  7.718695198478434E-010
          34  4.358930024439263E-009
          35  2.942688195444620E-010
          36  1.169931470806477E-009
          37  7.911126393179502E-010
          38  1.058410924405611E-009
          39  3.020876702841665E-010
          40  6.154475219219367E-010
          41  8.746646042943877E-010
          42  6.097927669939632E-009
          43  5.198545590370949E-010
          44  9.506715764507541E-010
          45  4.243701395991765E-009
          46  7.365208494515448E-009
          47  8.199474520096530E-009
          48  6.124347397631984E-009
          49  5.149020877096355E-010
          50  3.152385952954093E-009
          51  1.581744788245143E-009
          52  6.300230121478496E-009
          53  2.125213160962504E-010
          54  5.144957479177618E-010
          55  3.483857780530964E-010
          56  4.075844220830717E-010
          57  1.074035383271792E-010
          58  2.046453468671857E-010
          59  1.421840355034359E-010
          60  1.623928057708684E-010
          61  1.698620090599922E-010
          62  8.301897277683977E-010
          63  3.399270721204150E-010
          64  3.552343012473171E-010
          65  3.011816932271311E-010
          66  4.265535538524305E-010
          67  5.787489374614683E-010
          68  8.657659672345790E-010
          69  1.613378398757761E-010
          70  4.846271527403982E-010
          71  1.665236563309571E-010
          72  2.019026127344932E-010
          73  2.076828094338408E-010
          74  4.262730007876030E-010
          75  1.003948807731684E-009
          76  2.752266987694084E-009
          77  5.434192204346859E-009
          78  1.031972658623670E-008
          79  7.990967026624111E-009
          80  3.248839263838214E-008
          81  1.230762942578513E-008
          82  1.101056757334159E-008
          83  4.815812256092278E-009
          84  5.247089055739120E-009
          85  3.518180612534817E-009
          86  3.794251044167785E-009
          87  2.454569963588464E-009
          88  6.027104918529973E-009
          89  2.785220242632320E-009
          90  5.351875833038273E-009
          91  3.519322493065605E-009
          92  2.872297426660186E-009
          93  2.417014178096794E-009
          94  5.831203423377860E-009
          95  2.976612290959382E-009
          96  3.505424412931072E-009
          97  1.523847043967635E-009
          98  1.394888520494842E-009
          99  1.549716605040546E-009
         100  1.370114690193584E-009
         101  1.029162583880001E-009
         102  1.795794096580810E-009
         103  1.700228145096671E-009
         104  1.648119721676590E-009
         105  1.731610269958387E-009
         106  2.201173129684784E-009
         107  1.700903878436935E-009
         108  5.703845395138737E-009
         109  2.552981737241284E-009
         110  7.140605314058400E-009
         111  5.102009933744167E-009
         112  6.817176725212403E-009
         113  3.460782826403611E-009
         114  2.753279145019031E-009
         115  1.446567600868461E-009
         116  1.518527440491519E-009
         117  1.387690719153368E-009
         118  1.500073874303205E-009
         119  5.382910276361412E-010
         120  7.572600235340641E-010
         121  6.172495090678986E-010
         122  7.953415689536640E-010
         123  7.042893803021685E-010
         124  1.885580634164730E-008
         125  8.000481612124937E-008
         126  6.479375262909601E-007
         127  3.300457679607347E-006
         128  2.714328974343557E-005
         129  1.350760074782162E-004
         130  3.370933460618920E-004
         131  1.113452634130768E-003
         132  1.044718163901188E-003
         133  3.269671777422264E-005
         134  8.183080678198799E-005
         135  8.548850413683717E-005
         136  2.188431975914493E-004
         137  1.172049927415582E-004
         138  8.262327911568658E-005
         139  1.418424653989511E-005
         140  3.303836590357745E-005
         141  2.482275019408493E-005
         142  9.734297801923787E-006
         143  1.680338301578356E-006
         144  7.126716081861914E-006
         145  3.486950223801314E-006
         146  1.313688114740115E-005
         147  1.104130154246059E-005
         148  2.813262603202570E-005
         149  2.073791628114850E-005
         150  3.398999238186081E-005
         151  1.142491284021127E-005
         152  2.258620014936510E-005
         153  1.653054759396531E-005
         154  1.928798884712426E-005
         155  6.807800361925153E-006
         156  2.024171167040509E-005
         157  1.450681002610307E-005
         158  4.377320566283116E-005
         159  2.216094372030360E-005
         160  6.017912112777329E-005
         161  4.152184014482251E-005
         162  1.206341133314493E-004
         163  4.327395175522367E-005
         164  6.920531920408694E-005
         165  6.100336880299198E-005
         166  1.023516879893311E-004
         167  5.847694755952864E-005
         168  1.386815011433993E-004
         169  5.396098307806602E-005
         170  3.238691666029286E-005
         171  1.700737113255477E-005
         172  3.473929140281784E-005
         173  2.027314499929816E-005
         174  5.098428664940415E-005
         175  2.492021192437313E-005
         176  1.992946403406681E-005
         177  8.723210619753830E-006
         178  1.174500364307764E-005
         179  6.091702943354966E-006
         180  1.312108807442880E-005
         181  6.442405263089122E-006
         182  1.425916678818331E-005
         183  7.428705953040014E-006
         184  1.347604756067309E-005
         185  4.281096170818367E-006
         186  1.625575824391786E-005
         187  4.670243181753980E-006
         188  1.492617462092111E-005
         189  1.282761415295289E-005
         190  2.674437664303551E-005
         191  3.004247130240810E-005
         192  1.045957068159544E-004
         193  1.331152031241689E-004
         194  3.228752377040955E-004
         195  2.238973853549863E-004
         196  4.270432970176544E-004
         197  2.220774004460683E-004
         198  1.600958908541143E-004
         199  1.280991722587541E-005
         200  2.274869930330764E-006
         201  8.494889082857566E-008
         202  1.023587551900934E-007
         203  2.503925634212862E-008
         204  8.733650406353623E-008
         205  7.719947152368654E-008
         206  2.335872384395216E-006
         207  1.534044623136631E-006
         208  2.564795581553231E-006
         209  1.627743528633602E-006
         226  6.889406838411673E-014
         227  5.304301712992975E-015
         230  3.246631809969935E-012
         231  7.962829364745342E-012
         232  6.036968586299215E-007
         234  1.057075431744768E-011
         235  1.711102110030209E-007
         236  1.748196892219802E-009
         238  1.923729045287233E-007
         240  3.394250512772726E-013
         244  4.143371960004364E-009
