           1  7.450572518701767E-005
           2  6.470609901488105E-012
           3  1.574717819390911E-008
           4  8.202722511411975E-005
           6  5.674563962362780E-015
           7  3.114017005274736E-012
           8  2.708281752318958E-013
           9  1.912633244112939E-009
          10  2.713051082138141E-014
          14  1.921924826754108E-015
          15  1.964160882130091E-012
          16  1.206492595935546E-009
          17  9.025117321507944E-011
          18  4.506840518526004E-010
          19  2.027361260757455E-010
          20  4.482997968615713E-009
          21  7.361097360751984E-010
          22  1.679022696778807E-009
          23  4.743629594287622E-009
          24  1.105915817550625E-008
          25  1.346655638748464E-008
          26  1.224666007732038E-008
          27  2.603551751687815E-009
          28  1.573718772214677E-009
          29  8.432417883355254E-010
          30  2.741019477314707E-009
          31  4.638911499388584E-010
          32  5.982690591086155E-010
          33  7.815452334794816E-010
          34  4.419836182769580E-009
          35  2.908748538252974E-010
          36  1.167740699257668E-009
          37  7.978433646406888E-010
          38  1.075154791857874E-009
          39  2.926193465841545E-010
          40  6.030143152465774E-010
          41  8.740002298794570E-010
          42  6.096562648579707E-009
          43  5.065985910037113E-010
          44  9.572636726617416E-010
          45  4.213682681073427E-009
          46  7.327899937821125E-009
          47  8.169631204509553E-009
          48  6.087667793471837E-009
          49  5.191148891813629E-010
          50  3.141025522835996E-009
          51  1.560683905604698E-009
          52  6.329756530289093E-009
          53  2.207424500039423E-010
          54  5.596072469521438E-010
          55  3.636223512833294E-010
          56  4.020830381932587E-010
          57  1.025176955871037E-010
          58  2.184349638174465E-010
          59  1.487075479212829E-010
          60  1.630978328008968E-010
          61  1.671437398524816E-010
          62  7.999906036472745E-010
          63  3.322754703763213E-010
          64  3.700071257599666E-010
          65  3.179213894216889E-010
          66  4.335822212915055E-010
          67  5.806602191889104E-010
          68  8.490913036766578E-010
          69  1.629257022413513E-010
          70  4.989654981136915E-010
          71  1.706126750128592E-010
          72  2.066282385592776E-010
          73  2.166035052323574E-010
          74  4.240223396732754E-010
          75  9.933393181741720E-010
          76  2.739386136115763E-009
          77  5.556996691636867E-009
          78  1.020497999083278E-008
          79  7.836404043267574E-009
          80  3.188772340472709E-008
          81  1.196242449781808E-008
          82  1.060591059371657E-008
          83  4.582730764177239E-009
          84  4.996632836368128E-009
          85  3.425909065290307E-009
          86  3.680067743204998E-009
          87  2.350397326602937E-009
          88  5.881195784853857E-009
          89  2.738648784252076E-009
          90  5.238581852958558E-009
          91  3.372303403259118E-009
          92  2.716048247825736E-009
          93  2.288366240100505E-009
          94  5.543343145546420E-009
          95  2.814080281156587E-009
          96  3.543334113364959E-009
          97  1.519782037239293E-009
          98  1.378420634402659E-009
          99  1.525748218658500E-009
         100  1.320502322305603E-009
         101  1.002963610683635E-009
         102  1.752098524338308E-009
         103  1.641537929056462E-009
         104  1.582032078307639E-009
         105  1.662525648105852E-009
         106  2.063534193453232E-009
         107  1.603558689407177E-009
         108  5.390496918906592E-009
         109  2.440942860702340E-009
         110  6.888852015576467E-009
         111  4.918485337845125E-009
         112  6.499533653486925E-009
         113  3.237300673109268E-009
         114  2.540711219139693E-009
         115  1.337914854414608E-009
         116  1.394361731451196E-009
         117  1.262135330597092E-009
         118  1.377511130121804E-009
         119  5.170636646230647E-010
         120  7.445523725335524E-010
         121  6.057803605344161E-010
         122  7.660076530322299E-010
         123  6.789599331567435E-010
         124  1.815413900381566E-008
         125  7.813133749400571E-008
         126  6.279170901124819E-007
         127  3.251776382282447E-006
         128  2.697286919317588E-005
         129  1.324391321187304E-004
         130  3.260791869617113E-004
         131  1.077957347881558E-003
         132  1.031401675193908E-003
         133  3.334060016280342E-005
         134  8.450025733532770E-005
         135  8.418700506765750E-005
         136  2.151103009404802E-004
         137  1.165875676381174E-004
         138  9.039694487759753E-005
         139  1.448166937947741E-005
         140  3.385801124363253E-005
         141  2.508426829093359E-005
         142  1.004090554073000E-005
         143  1.745621890482440E-006
         144  7.152487083802848E-006
         145  3.322589805023037E-006
         146  1.277065933076192E-005
         147  1.164966322853141E-005
         148  2.167258906253597E-005
         149  1.431221588327990E-005
         150  2.354040679729370E-005
         151  1.382491405916837E-005
         152  5.598899653142603E-005
         153  3.378761860505250E-005
         154  3.828915804806834E-005
         155  1.432327745873303E-005
         156  1.846854190083181E-005
         157  1.230968001047838E-005
         158  5.366613194508233E-005
         159  2.724121908520438E-005
         160  7.163602313263177E-005
         161  5.010069212369666E-005
         162  1.722011382833851E-004
         163  6.392084793611039E-005
         164  8.823422029101461E-005
         165  4.284378859350457E-005
         166  1.197654413212547E-004
         167  2.672373884327858E-005
         168  6.496114613332634E-005
         169  3.085587923006449E-005
         170  5.207824960689351E-005
         171  2.839893814359878E-005
         172  3.829586681876534E-005
         173  2.048959920986441E-005
         174  3.143258926985270E-005
         175  2.092227747398076E-005
         176  3.656878886608247E-005
         177  1.828003544705017E-005
         178  1.923295953499053E-005
         179  7.800811530345162E-006
         180  1.359256889605071E-005
         181  6.135390797793350E-006
         182  1.247834313176556E-005
         183  6.229988896421493E-006
         184  1.081021274855513E-005
         185  3.368319325574451E-006
         186  1.266275084484541E-005
         187  3.738200830448684E-006
         188  1.257560115874650E-005
         189  1.121829574806884E-005
         190  2.343278832641115E-005
         191  2.746771243995993E-005
         192  9.854427870154834E-005
         193  1.281433488829062E-004
         194  3.118633197234907E-004
         195  2.216346411359173E-004
         196  4.328084082341432E-004
         197  2.226953684691400E-004
         198  1.588600364816807E-004
         199  1.253823724740776E-005
         200  2.263667629379597E-006
         201  8.807100441823112E-008
         202  1.115235952828398E-007
         203  2.801479016123764E-008
         204  8.089561433089977E-008
         205  6.819258545936238E-008
         206  2.274460880857739E-006
         207  1.482393960553119E-006
         208  2.477792313197289E-006
         209  1.596708312081896E-006
         226  6.414423485769746E-014
         227  5.006149410038808E-015
         230  3.022795985193912E-012
         231  7.515242473653833E-012
         232  5.714884992124742E-007
         234  9.841964097415760E-012
         235  1.614921865711608E-007
         236  1.628131923650612E-009
         238  1.791099445535527E-007
         240  3.160850970552968E-013
         244  3.858460426494359E-009
