           1  7.451283849654670E-005
           2  6.470609901488105E-012
           3  1.574717819390911E-008
           4  8.146328174886372E-005
           6  5.674563962362780E-015
           7  3.114017005274736E-012
           8  2.708281752318958E-013
           9  1.912633244112939E-009
          10  2.713051082138141E-014
          14  2.019764756131353E-015
          15  1.958723759294768E-012
          16  1.209989707069276E-009
          17  9.038694267862095E-011
          18  4.569615749051487E-010
          19  2.118201016045061E-010
          20  4.603389658139129E-009
          21  7.461575769019070E-010
          22  1.527033157106016E-009
          23  4.865188128939566E-009
          24  1.124662960437390E-008
          25  1.379760968817977E-008
          26  1.216345176806314E-008
          27  2.572810015222985E-009
          28  1.534924125485377E-009
          29  8.419339310795497E-010
          30  2.620234193298773E-009
          31  4.554120328339955E-010
          32  6.299229143521605E-010
          33  7.827203667263346E-010
          34  4.281877236570021E-009
          35  2.962942766506441E-010
          36  1.214234388019157E-009
          37  8.379743415034493E-010
          38  1.126314521084473E-009
          39  3.050364404789053E-010
          40  6.078388651395463E-010
          41  8.608181209038552E-010
          42  5.843850722103569E-009
          43  4.959307373567898E-010
          44  9.951568105064551E-010
          45  4.463533463485256E-009
          46  7.490033698846735E-009
          47  8.127829181639767E-009
          48  5.983041721800572E-009
          49  5.389843992521731E-010
          50  3.137093692002475E-009
          51  1.547290696474512E-009
          52  6.248304940398442E-009
          53  2.245124382699383E-010
          54  5.593497286079050E-010
          55  3.447558248475014E-010
          56  3.970255628124670E-010
          57  1.046894474713377E-010
          58  2.054971006112431E-010
          59  1.433588222273383E-010
          60  1.706167741588311E-010
          61  1.781070549763402E-010
          62  8.382594720729913E-010
          63  3.431613072078233E-010
          64  3.581109074641583E-010
          65  3.054628011399467E-010
          66  4.381332372591251E-010
          67  5.799459085858445E-010
          68  8.346917504039432E-010
          69  1.549341127380702E-010
          70  4.613925218443849E-010
          71  1.602600642367849E-010
          72  2.030226477808789E-010
          73  2.204513968618664E-010
          74  4.483949425063787E-010
          75  1.052148746767519E-009
          76  2.804943304108409E-009
          77  5.569225774744896E-009
          78  1.019996475054722E-008
          79  7.927480420146030E-009
          80  3.141367776537946E-008
          81  1.265731770874805E-008
          82  1.083305897700945E-008
          83  4.586216990928495E-009
          84  5.084456330534221E-009
          85  3.400399876528809E-009
          86  3.683550849730840E-009
          87  2.498034473452257E-009
          88  5.978774364066833E-009
          89  2.676425237544932E-009
          90  5.082047686991023E-009
          91  3.437000990045847E-009
          92  2.912837907948596E-009
          93  2.416040148949255E-009
          94  5.539236896217838E-009
          95  2.844350638454645E-009
          96  3.496405510427296E-009
          97  1.522203535756525E-009
          98  1.406955040164081E-009
          99  1.560573655840033E-009
         100  1.362829358747399E-009
         101  1.012137571753488E-009
         102  1.738832194923656E-009
         103  1.639384604828650E-009
         104  1.580632850934417E-009
         105  1.685311929036666E-009
         106  2.171755150553730E-009
         107  1.684917465592756E-009
         108  5.719125360126885E-009
         109  2.560511696378794E-009
         110  7.028816974294673E-009
         111  4.987249233912923E-009
         112  6.547959454497367E-009
         113  3.289918744479233E-009
         114  2.583573745246059E-009
         115  1.352441656194955E-009
         116  1.390184592950565E-009
         117  1.226524280430837E-009
         118  1.317641951271170E-009
         119  5.003358901515756E-010
         120  7.148219098837427E-010
         121  5.825167936296082E-010
         122  7.481116461057086E-010
         123  6.789142780256905E-010
         124  1.830973389900880E-008
         125  8.103100972515499E-008
         126  6.601129321622883E-007
         127  3.380863359978516E-006
         128  2.781330848989098E-005
         129  1.362330248677352E-004
         130  3.289441749886414E-004
         131  1.085512006508213E-003
         132  1.033377790183519E-003
         133  3.367410075118591E-005
         134  8.480122457222937E-005
         135  8.594896682870635E-005
         136  2.161611530258840E-004
         137  1.156698368942205E-004
         138  8.465115173336312E-005
         139  1.467242023167691E-005
         140  3.418259371877483E-005
         141  2.557273516826154E-005
         142  9.741984497545292E-006
         143  1.757675096410868E-006
         144  8.312423768780420E-006
         145  4.465741186654639E-006
         146  1.748152006371568E-005
         147  1.392608519082916E-005
         148  1.217597341238725E-005
         149  7.117113879388427E-006
         150  2.378971337308405E-005
         151  1.632814384871515E-005
         152  5.385390649356445E-005
         153  3.667828590979048E-005
         154  6.533381002966770E-005
         155  2.419403493809770E-005
         156  2.270498274846601E-005
         157  1.025146478561206E-005
         158  2.232486831923959E-005
         159  1.654584838076435E-005
         160  8.462057406108328E-005
         161  4.343084892052774E-005
         162  7.392134833397219E-005
         163  4.074543299355182E-005
         164  1.177525589487126E-004
         165  7.513489018061199E-005
         166  8.124716045761394E-005
         167  2.095367056197161E-005
         168  6.049499995285238E-005
         169  3.819428623023042E-005
         170  4.618317148901659E-005
         171  3.717605985312953E-005
         172  8.569181209418583E-005
         173  3.316553241435251E-005
         174  3.619122189248993E-005
         175  2.512791035003005E-005
         176  4.398356577695975E-005
         177  2.268700192282708E-005
         178  3.354948206104629E-005
         179  8.972446908185119E-006
         180  1.119180013733920E-005
         181  5.520523647742130E-006
         182  1.229617203174431E-005
         183  6.411817832339582E-006
         184  1.167075937539616E-005
         185  3.730656918313171E-006
         186  1.448598218464477E-005
         187  4.236904881362444E-006
         188  1.402147241659146E-005
         189  1.229021759433217E-005
         190  2.558399858487918E-005
         191  2.884907372230132E-005
         192  1.022098547798642E-004
         193  1.332348364643942E-004
         194  3.250347195853470E-004
         195  2.201955324200535E-004
         196  4.115521441079668E-004
         197  2.129612872133279E-004
         198  1.513828728390674E-004
         199  1.205277074989835E-005
         200  2.150076253160557E-006
         201  8.255466312360693E-008
         202  1.018591266056843E-007
         203  2.494719097731040E-008
         204  7.637520411971447E-008
         205  6.571430012338371E-008
         206  2.188179217370269E-006
         207  1.417683095712883E-006
         208  2.388509485996831E-006
         209  1.533245555575150E-006
         226  6.309622791098360E-014
         227  4.855034700044703E-015
         230  2.973408675515811E-012
         231  7.288388739591432E-012
         232  5.616568231235029E-007
         234  9.681163259019565E-012
         235  1.566174129794901E-007
         236  1.593459150206209E-009
         238  1.761835947961023E-007
         240  3.094565823591063E-013
         244  3.777545945299400E-009
