           1  7.425458262384461E-005
           2  6.470609901488105E-012
           3  1.574717819390911E-008
           4  8.112453482976414E-005
           6  5.674563962362780E-015
           7  3.114017005274736E-012
           8  2.708281752318958E-013
           9  1.912633244112939E-009
          10  2.713051082138141E-014
          14  2.194653032123378E-015
          15  2.134730865587697E-012
          16  1.265024714167286E-009
          17  9.368386668373917E-011
          18  4.496812557997132E-010
          19  1.982701125007237E-010
          20  4.666238730018499E-009
          21  7.810103032643148E-010
          22  1.615285002790672E-009
          23  4.898554706901822E-009
          24  1.136298701945000E-008
          25  1.370699668747896E-008
          26  1.205415887224303E-008
          27  2.764063005561704E-009
          28  1.636621804773096E-009
          29  7.982346471664023E-010
          30  2.622985111070565E-009
          31  4.930419423829568E-010
          32  6.030928146957867E-010
          33  7.668091957592009E-010
          34  4.476150098898283E-009
          35  2.994098163889999E-010
          36  1.125161435551879E-009
          37  8.344046614761437E-010
          38  1.114442614424211E-009
          39  3.104043928834153E-010
          40  6.016210913542060E-010
          41  8.315180220094034E-010
          42  6.112141446828580E-009
          43  5.574387624305478E-010
          44  9.468700746633626E-010
          45  4.234241890789036E-009
          46  7.392187975076581E-009
          47  8.176804365797211E-009
          48  6.089448867077880E-009
          49  5.385579550983694E-010
          50  3.109822069853674E-009
          51  1.551431607073634E-009
          52  6.246097882543218E-009
          53  2.304905290467361E-010
          54  5.634190662666528E-010
          55  3.765184183006761E-010
          56  4.105666140423743E-010
          57  1.145254183507253E-010
          58  1.983644446658858E-010
          59  1.427582763505693E-010
          60  1.679292919112060E-010
          61  1.654664484587110E-010
          62  8.254764732614196E-010
          63  3.448193342017238E-010
          64  3.422802358066683E-010
          65  2.888533787679855E-010
          66  4.373425413523044E-010
          67  5.716493512027846E-010
          68  8.956928857725475E-010
          69  1.662374349203980E-010
          70  4.856006002261062E-010
          71  1.697234091454999E-010
          72  2.143284227771533E-010
          73  2.059392167344182E-010
          74  4.321880739446652E-010
          75  1.004246154359153E-009
          76  2.752780010523385E-009
          77  5.321951377711578E-009
          78  1.021684228420240E-008
          79  7.938950529263895E-009
          80  3.245557295792078E-008
          81  1.255716982780173E-008
          82  1.087268775171283E-008
          83  4.679096252677833E-009
          84  5.094468714867289E-009
          85  3.398189236516649E-009
          86  3.713491772380669E-009
          87  2.559750498429475E-009
          88  6.156868087937879E-009
          89  2.822399807930088E-009
          90  5.308800539336770E-009
          91  3.615384353257587E-009
          92  2.925267853350977E-009
          93  2.407303366793785E-009
          94  5.756693471331548E-009
          95  2.988052768973568E-009
          96  3.279490184341045E-009
          97  1.468073756208459E-009
          98  1.402765954801060E-009
          99  1.568843149582663E-009
         100  1.432541444906828E-009
         101  1.057092505551105E-009
         102  1.786600960363039E-009
         103  1.709543856096065E-009
         104  1.664228126507592E-009
         105  1.727085289011836E-009
         106  2.238358095240789E-009
         107  1.695871700838602E-009
         108  5.572154585343954E-009
         109  2.492819497153638E-009
         110  6.981756537402654E-009
         111  4.993322441787195E-009
         112  6.823274766728345E-009
         113  3.571060878420129E-009
         114  2.930951479188524E-009
         115  1.558276736212556E-009
         116  1.628296514190612E-009
         117  1.386094265506465E-009
         118  1.457834122880733E-009
         119  5.532013019701883E-010
         120  7.528420988353136E-010
         121  6.093555880447353E-010
         122  7.777023902527968E-010
         123  6.839135303102273E-010
         124  1.623329188436416E-008
         125  6.864518505440924E-008
         126  5.783638267113225E-007
         127  2.970982053966933E-006
         128  2.493785641840393E-005
         129  1.283296901975183E-004
         130  3.308976504809801E-004
         131  1.112824111473772E-003
         132  1.057034655620294E-003
         133  3.248277711154747E-005
         134  8.170122922616742E-005
         135  9.003951897997597E-005
         136  2.204791788651163E-004
         137  1.171064391242577E-004
         138  8.520498939629756E-005
         139  1.428316199658450E-005
         140  3.320521364258556E-005
         141  2.428546132543670E-005
         142  9.751663365307149E-006
         143  1.580108918722372E-006
         144  5.198402343503928E-006
         145  1.920652293945187E-006
         146  7.972451203864960E-006
         147  1.162973965521749E-005
         148  2.179022949153574E-005
         149  1.423307062342673E-005
         150  2.981030292418376E-005
         151  2.073585726251509E-005
         152  3.737325386821224E-005
         153  2.359975521935700E-005
         154  4.369111632725259E-005
         155  2.069854147024843E-005
         156  3.223522162320032E-005
         157  1.794997939541041E-005
         158  5.889183091225827E-005
         159  4.890092396460645E-005
         160  6.854964896843017E-005
         161  2.312818684099591E-005
         162  6.649084713690593E-005
         163  2.774360106229723E-005
         164  4.672576337106948E-005
         165  2.778960787607121E-005
         166  1.824167322083745E-004
         167  5.362814247663429E-005
         168  7.417976347248941E-005
         169  3.797030027491873E-005
         170  2.819388301640402E-005
         171  1.734217416190892E-005
         172  3.031205728520671E-005
         173  2.134006075658904E-005
         174  5.100258846439448E-005
         175  2.549572209641946E-005
         176  3.436059019707615E-005
         177  1.779454807475960E-005
         178  2.876834104838646E-005
         179  8.177991102738609E-006
         180  1.060498229366605E-005
         181  5.309682436218528E-006
         182  1.234780713019469E-005
         183  6.604238439238992E-006
         184  1.212507296639491E-005
         185  3.811209417473127E-006
         186  1.436473782357493E-005
         187  4.114092496001156E-006
         188  1.279848601914669E-005
         189  1.068931662603483E-005
         190  2.299206080165000E-005
         191  2.652072751367809E-005
         192  9.397245589387105E-005
         193  1.240976404897214E-004
         194  3.165595488135572E-004
         195  2.255249544007902E-004
         196  4.367292923937027E-004
         197  2.372912318484872E-004
         198  1.787389125472404E-004
         199  1.475654816006845E-005
         200  2.648462774963403E-006
         201  9.275466747456609E-008
         202  1.079553891550908E-007
         203  2.616691457344007E-008
         204  8.579479288102187E-008
         205  7.500792332043557E-008
         206  2.215755559190568E-006
         207  1.469144286633696E-006
         208  2.453628601332015E-006
         209  1.557364440590059E-006
         226  6.240792379477154E-014
         227  4.729725949934590E-015
         230  2.940972355654890E-012
         231  7.100274969103570E-012
         232  5.522085742593419E-007
         234  9.575553387533981E-012
         235  1.525751077276330E-007
         236  1.513789812878939E-009
         238  1.742616432385816E-007
         240  2.933859722238482E-013
         244  3.581371516912273E-009
