           1  7.470586225247130E-005
           2  6.470609901488105E-012
           3  1.574717819390911E-008
           4  8.031955932792373E-005
           6  5.674563962362780E-015
           7  3.114017005274736E-012
           8  2.708281752318958E-013
           9  1.912633244112939E-009
          10  2.713051082138141E-014
          14  1.881051193662334E-015
          15  1.859794651303614E-012
          16  1.232199497735586E-009
          17  9.161580884012492E-011
          18  4.523723199851151E-010
          19  2.054611098068908E-010
          20  4.596507540254386E-009
          21  7.516964197997205E-010
          22  1.651011822237217E-009
          23  4.838297134697942E-009
          24  1.123216329441463E-008
          25  1.369807257481290E-008
          26  1.194432332457625E-008
          27  2.552187054897697E-009
          28  1.565097546949710E-009
          29  8.518629628188276E-010
          30  2.706728422631891E-009
          31  4.707390017434610E-010
          32  6.037811023810687E-010
          33  7.914024725271582E-010
          34  4.383037381006815E-009
          35  2.934556782637042E-010
          36  1.170426850088384E-009
          37  7.456697511433632E-010
          38  9.880035593369490E-010
          39  2.804907225916038E-010
          40  6.139878445519571E-010
          41  8.967323295226592E-010
          42  6.148503081222328E-009
          43  5.270285996327016E-010
          44  9.870698262280914E-010
          45  4.350342558109288E-009
          46  7.374888173757953E-009
          47  8.122118553134626E-009
          48  6.039695172937139E-009
          49  5.012110301339994E-010
          50  3.118127523596002E-009
          51  1.576267577880109E-009
          52  6.172672044951567E-009
          53  2.138430751294573E-010
          54  5.252148789508095E-010
          55  3.403635746639831E-010
          56  4.010329508593223E-010
          57  1.067771218338545E-010
          58  2.142195881087141E-010
          59  1.487597570460857E-010
          60  1.693731978983738E-010
          61  1.711635969495192E-010
          62  8.262381967247661E-010
          63  3.436113928706205E-010
          64  3.671644610598291E-010
          65  3.149455277878246E-010
          66  4.465487592159124E-010
          67  5.826584985853609E-010
          68  8.551850800011609E-010
          69  1.607923693810198E-010
          70  4.858424937672115E-010
          71  1.678259427024482E-010
          72  2.102541607798185E-010
          73  2.213764890388107E-010
          74  4.446217963154654E-010
          75  1.039920455874170E-009
          76  2.790439096619945E-009
          77  5.488700307786616E-009
          78  1.027779876687255E-008
          79  7.985141217916162E-009
          80  3.207545504908622E-008
          81  1.205239641148737E-008
          82  1.043354868651471E-008
          83  4.498237110100060E-009
          84  5.191757834621014E-009
          85  3.494905255218268E-009
          86  3.763988252647655E-009
          87  2.431491502968893E-009
          88  5.805962352368527E-009
          89  2.671354354993643E-009
          90  5.153462204982871E-009
          91  3.476769884365487E-009
          92  2.857956976025148E-009
          93  2.346677734569184E-009
          94  5.397287671518387E-009
          95  2.759425149168267E-009
          96  3.351706214816485E-009
          97  1.467179015684005E-009
          98  1.368228448108406E-009
          99  1.515580723538422E-009
         100  1.323767632054450E-009
         101  9.858117965733229E-010
         102  1.708261801455851E-009
         103  1.636353218666682E-009
         104  1.598324136741876E-009
         105  1.707247356510754E-009
         106  2.168431147950589E-009
         107  1.656879692995041E-009
         108  5.549938935085437E-009
         109  2.500984419081265E-009
         110  6.896499861942817E-009
         111  4.856416078430634E-009
         112  6.415709362622612E-009
         113  3.237302518471137E-009
         114  2.555527351571039E-009
         115  1.348192837395172E-009
         116  1.388675447789818E-009
         117  1.197695941609413E-009
         118  1.282205976234722E-009
         119  4.957785158024886E-010
         120  7.022010015581372E-010
         121  5.711275996156972E-010
         122  7.301972028224266E-010
         123  6.648403435766308E-010
         124  1.799935342025955E-008
         125  7.985462171709845E-008
         126  6.530522257417129E-007
         127  3.368347707485762E-006
         128  2.790483496413055E-005
         129  1.364857129272549E-004
         130  3.309916554601624E-004
         131  1.091366014241145E-003
         132  1.015632706731837E-003
         133  3.246143963266786E-005
         134  8.063370760062744E-005
         135  7.866529197876994E-005
         136  2.051873966366105E-004
         137  1.120180791877351E-004
         138  8.920164913118990E-005
         139  1.456750476201381E-005
         140  3.346094314358365E-005
         141  2.481719687339397E-005
         142  9.858631210013226E-006
         143  1.854657756848192E-006
         144  9.255514017381212E-006
         145  5.057049650432587E-006
         146  1.965694123475579E-005
         147  1.480059834756257E-005
         148  1.429388954843833E-005
         149  1.212799451148769E-005
         150  5.383539111824477E-005
         151  1.848131256746898E-005
         152  3.119225680629460E-005
         153  1.996286925167204E-005
         154  2.091649693222649E-005
         155  8.317045315520954E-006
         156  5.364877295430973E-005
         157  3.314898541471801E-005
         158  5.389034777163254E-005
         159  2.557364131653595E-005
         160  3.641955592972227E-005
         161  2.098349147025873E-005
         162  6.533837079947069E-005
         163  4.171848147727319E-005
         164  1.132687194902073E-004
         165  5.960420488270634E-005
         166  1.179581415876953E-004
         167  4.965480319330526E-005
         168  1.603903454750600E-004
         169  6.889306368819618E-005
         170  3.784805530382399E-005
         171  1.662900405975206E-005
         172  4.530621012016364E-005
         173  4.492262263110194E-005
         174  5.648960152252903E-005
         175  2.509678650741078E-005
         176  4.294459164957453E-005
         177  1.414708460151941E-005
         178  1.472969651910067E-005
         179  5.084850421860788E-006
         180  9.217158000839502E-006
         181  5.122987133265739E-006
         182  1.270772714850690E-005
         183  6.915421322034293E-006
         184  1.279514430360910E-005
         185  4.046650570835904E-006
         186  1.545818382386043E-005
         187  4.519535893530011E-006
         188  1.479747909241072E-005
         189  1.275567311591970E-005
         190  2.608037314728282E-005
         191  2.896132385186723E-005
         192  1.008815131590758E-004
         193  1.302740626963379E-004
         194  3.163923591959031E-004
         195  2.144126546086218E-004
         196  4.018821921674416E-004
         197  2.085517562837405E-004
         198  1.482524171904182E-004
         199  1.176248694514231E-005
         200  2.170752338878186E-006
         201  8.668116305940990E-008
         202  1.092847488097709E-007
         203  2.711288525214720E-008
         204  8.480508366302346E-008
         205  7.240916917218952E-008
         206  2.145627232465702E-006
         207  1.414393381112551E-006
         208  2.351262506553929E-006
         209  1.490654958504593E-006
         226  5.909751879246479E-014
         227  4.528558939542038E-015
         230  2.784969575786391E-012
         231  6.798282611910149E-012
         232  5.208257886955883E-007
         234  9.067621735486238E-012
         235  1.460857088477013E-007
         236  1.517865391117863E-009
         238  1.650179994765449E-007
         240  2.948961758223901E-013
         244  3.599806618330243E-009
