           1  7.381772405883294E-005
           2  6.470609901488105E-012
           3  1.574717819390911E-008
           4  8.369305326814285E-005
           6  5.674563962362780E-015
           7  3.114017005274736E-012
           8  2.708281752318958E-013
           9  1.912633244112939E-009
          10  2.713051082138141E-014
          14  2.489335087479906E-015
          15  2.406723765435407E-012
          16  1.271147478800287E-009
          17  9.397855167272855E-011
          18  4.490066875349305E-010
          19  1.968425394604193E-010
          20  4.663410178426160E-009
          21  7.658473054502839E-010
          22  1.661096407376182E-009
          23  4.886857430029209E-009
          24  1.133634052245727E-008
          25  1.376152914773407E-008
          26  1.226377970668177E-008
          27  2.639053733720978E-009
          28  1.615794762622505E-009
          29  8.517298322660633E-010
          30  2.795467284079587E-009
          31  4.845741679930547E-010
          32  5.992310084989317E-010
          33  8.073853216695342E-010
          34  4.318978817722635E-009
          35  2.960337004484258E-010
          36  1.192932030890873E-009
          37  8.274035254255610E-010
          38  1.119535106713767E-009
          39  3.229991043468221E-010
          40  6.274615866645876E-010
          41  8.722744216968649E-010
          42  6.182345738812519E-009
          43  5.317962251169772E-010
          44  9.766626196291256E-010
          45  4.312020643681161E-009
          46  7.346016072207950E-009
          47  8.045702276373853E-009
          48  5.981396375826708E-009
          49  5.387090902877252E-010
          50  3.171056614644514E-009
          51  1.571488996257001E-009
          52  6.404456474585600E-009
          53  2.213539909173131E-010
          54  5.417560036560523E-010
          55  3.674648255769914E-010
          56  4.290496222894227E-010
          57  1.135072605666866E-010
          58  2.237759124330985E-010
          59  1.541044842676650E-010
          60  1.724932560191766E-010
          61  1.765251570942734E-010
          62  8.491174573189434E-010
          63  3.481251961247974E-010
          64  3.666198030951458E-010
          65  3.101563638231740E-010
          66  4.359541624181717E-010
          67  5.729219378524687E-010
          68  8.488229681889552E-010
          69  1.603159973233488E-010
          70  4.852332822870202E-010
          71  1.666792587820942E-010
          72  2.046014686607943E-010
          73  2.124820622155845E-010
          74  4.284299936875352E-010
          75  1.008871423578107E-009
          76  2.740920847050843E-009
          77  5.486354697835212E-009
          78  1.011710973777013E-008
          79  7.943776835483739E-009
          80  3.262728525203156E-008
          81  1.235653961248853E-008
          82  1.126002749671562E-008
          83  4.974986908054899E-009
          84  5.188288958581233E-009
          85  3.541508460403254E-009
          86  3.847082831279459E-009
          87  2.531628500892412E-009
          88  6.268357048735034E-009
          89  2.807505625386399E-009
          90  5.307962161963013E-009
          91  3.615564247058912E-009
          92  2.951712423427398E-009
          93  2.472463923606671E-009
          94  5.973706206175508E-009
          95  3.088443281022179E-009
          96  3.663991841204557E-009
          97  1.596623951948293E-009
          98  1.454453112010579E-009
          99  1.608149811459360E-009
         100  1.426691885474171E-009
         101  1.054664592106162E-009
         102  1.860554251860645E-009
         103  1.763767450027112E-009
         104  1.726462839862395E-009
         105  1.817524509104710E-009
         106  2.296743616171574E-009
         107  1.758273616611058E-009
         108  5.882375992754848E-009
         109  2.609581572698036E-009
         110  7.199050341499294E-009
         111  5.167860879059878E-009
         112  6.916282990986968E-009
         113  3.511048984269427E-009
         114  2.794086128752268E-009
         115  1.461982855219595E-009
         116  1.549738805440379E-009
         117  1.475895767107087E-009
         118  1.593793130524344E-009
         119  5.421737913374782E-010
         120  7.588316114895964E-010
         121  6.226413259292673E-010
         122  7.955760682768246E-010
         123  7.141237186235589E-010
         124  1.880101588493929E-008
         125  8.287131054470612E-008
         126  6.694857715385251E-007
         127  3.376043451570239E-006
         128  2.744078870112915E-005
         129  1.354671452832678E-004
         130  3.314291322115201E-004
         131  1.119996799778575E-003
         132  1.069192208191919E-003
         133  3.421058083567289E-005
         134  8.661979658781102E-005
         135  9.124223943921923E-005
         136  2.373164225268527E-004
         137  1.269288152767268E-004
         138  8.346268386873898E-005
         139  1.479010310394573E-005
         140  3.437636726094970E-005
         141  2.591154699129219E-005
         142  9.921913215406551E-006
         143  1.759768503003673E-006
         144  8.157628575908852E-006
         145  4.375477466152273E-006
         146  1.627229452232033E-005
         147  1.181180129411715E-005
         148  1.634540831333227E-005
         149  1.079885941788076E-005
         150  1.972156822501534E-005
         151  8.411638145401357E-006
         152  1.122575929527318E-005
         153  4.851907118805879E-006
         154  1.724052153651284E-005
         155  1.100687131792522E-005
         156  3.200795912768842E-005
         157  2.059405077212915E-005
         158  5.395746634687135E-005
         159  2.784759876576303E-005
         160  5.415729034588175E-005
         161  3.330072159051906E-005
         162  1.398932825944057E-004
         163  6.921674304398086E-005
         164  7.337485809510934E-005
         165  2.911314914855604E-005
         166  5.635511899098192E-005
         167  3.231521990459354E-005
         168  1.370709126051801E-004
         169  4.003331338489100E-005
         170  3.165597929665902E-005
         171  1.860807629523349E-005
         172  3.045839365309876E-005
         173  1.821140248482369E-005
         174  4.266781879195793E-005
         175  2.063158101078680E-005
         176  1.556467698283690E-005
         177  6.286158144685519E-006
         178  1.003272436262722E-005
         179  5.697296512229816E-006
         180  1.204711968446677E-005
         181  5.597244165588140E-006
         182  1.183609686109586E-005
         183  6.164166752849108E-006
         184  1.119248309189790E-005
         185  3.591703364610266E-006
         186  1.369078543237879E-005
         187  4.040618610767877E-006
         188  1.354738747605144E-005
         189  1.184780038967285E-005
         190  2.521733363362078E-005
         191  2.844159972662121E-005
         192  1.023532976663329E-004
         193  1.342648615756003E-004
         194  3.345406165327938E-004
         195  2.349821309467613E-004
         196  4.522706612311260E-004
         197  2.379015685120666E-004
         198  1.739566612976304E-004
         199  1.423277352923221E-005
         200  2.472004545730350E-006
         201  8.519387158625928E-008
         202  1.008569639174486E-007
         203  2.544589933744988E-008
         204  8.647272012920627E-008
         205  7.697840960047254E-008
         206  2.422075078667271E-006
         207  1.606585170115984E-006
         208  2.667139502705067E-006
         209  1.689995635215332E-006
         226  6.729404921224551E-014
         227  5.227320304458215E-015
         230  3.171230933496853E-012
         231  7.847264705420154E-012
         232  6.052388274064694E-007
         234  1.032525553989318E-011
         235  1.686268860018381E-007
         236  1.664983130017434E-009
         238  1.879051710559610E-007
         240  3.227907518668699E-013
         244  3.940316559432066E-009
