           1  7.415445077649138E-005
           2  6.470609901488105E-012
           3  1.574717819390911E-008
           4  7.982821307417996E-005
           6  5.674563962362780E-015
           7  3.114017005274736E-012
           8  2.708281752318958E-013
           9  1.912633244112939E-009
          10  2.713051082138141E-014
          14  2.104466734881251E-015
          15  2.206699650284297E-012
          16  1.242773259935317E-009
          17  9.240494271939729E-011
          18  4.524027993704666E-010
          19  2.025745671196225E-010
          20  4.611468681495345E-009
          21  7.633198566593285E-010
          22  1.608257399222452E-009
          23  4.856746746531546E-009
          24  1.127289361082116E-008
          25  1.367384174368356E-008
          26  1.201496122251631E-008
          27  2.663935162300271E-009
          28  1.630614980982744E-009
          29  8.455949126616133E-010
          30  2.726001606959070E-009
          31  4.942807873130098E-010
          32  6.279210319585327E-010
          33  7.870182328488577E-010
          34  4.418080352475842E-009
          35  2.998051893425925E-010
          36  1.165628129997069E-009
          37  8.013717101165724E-010
          38  1.068347178332704E-009
          39  3.053886741884466E-010
          40  6.208453407737008E-010
          41  8.722373983314538E-010
          42  6.124043716443850E-009
          43  5.466166059374281E-010
          44  9.641942253298950E-010
          45  4.286080654363994E-009
          46  7.367239140660669E-009
          47  8.124505929090734E-009
          48  6.064420634212885E-009
          49  5.203623006327231E-010
          50  3.117962590041085E-009
          51  1.571438998051212E-009
          52  6.368363967393866E-009
          53  2.237269772281073E-010
          54  5.397612342541751E-010
          55  3.594985689484208E-010
          56  4.124805646798124E-010
          57  1.133017136741003E-010
          58  2.095210449750754E-010
          59  1.470831735619610E-010
          60  1.714508674955500E-010
          61  1.719100175384627E-010
          62  8.377981079386837E-010
          63  3.500635730205039E-010
          64  3.603428347648446E-010
          65  3.032708057510070E-010
          66  4.449607822210046E-010
          67  5.801448925279779E-010
          68  8.759123189435014E-010
          69  1.640609776997984E-010
          70  4.842084058422313E-010
          71  1.672410375891279E-010
          72  2.096426388500427E-010
          73  2.109738723982985E-010
          74  4.329521357171774E-010
          75  1.010362564554294E-009
          76  2.750861544351675E-009
          77  5.412958417417028E-009
          78  1.017146886110837E-008
          79  7.907695840217842E-009
          80  3.203517983424151E-008
          81  1.230097805388856E-008
          82  1.084298368288303E-008
          83  4.719305617555720E-009
          84  5.185847214551259E-009
          85  3.470278302452234E-009
          86  3.764621928359192E-009
          87  2.502498745692171E-009
          88  6.036652409850588E-009
          89  2.774844591770008E-009
          90  5.248822809784243E-009
          91  3.551323477865165E-009
          92  2.923166136526424E-009
          93  2.417221893473511E-009
          94  5.671065220230350E-009
          95  2.972665461891182E-009
          96  3.412822070154752E-009
          97  1.520652405672400E-009
          98  1.421792970536653E-009
          99  1.563126578501526E-009
         100  1.407249446678652E-009
         101  1.037804637518588E-009
         102  1.770285040030564E-009
         103  1.690131575326948E-009
         104  1.657201203985433E-009
         105  1.720212078147012E-009
         106  2.202789785870095E-009
         107  1.680307746851101E-009
         108  5.559780061501889E-009
         109  2.488567381914527E-009
         110  6.885035081663382E-009
         111  4.938313301978839E-009
         112  6.665015947559687E-009
         113  3.445837605239804E-009
         114  2.800400555632181E-009
         115  1.475958139328152E-009
         116  1.526799201433476E-009
         117  1.312332677657255E-009
         118  1.395029954364257E-009
         119  5.256577978967979E-010
         120  7.273408229777087E-010
         121  5.930562696936464E-010
         122  7.396229819412840E-010
         123  6.692918025305048E-010
         124  1.572287769550801E-008
         125  7.223609376255134E-008
         126  5.994990427257238E-007
         127  3.086693590022907E-006
         128  2.578909210262837E-005
         129  1.301098527874608E-004
         130  3.270770543337030E-004
         131  1.101866584278825E-003
         132  1.058238137165225E-003
         133  3.411909485097322E-005
         134  8.579289763579720E-005
         135  8.706803144804481E-005
         136  2.249851011150820E-004
         137  1.216390999544649E-004
         138  8.963738483148128E-005
         139  1.465865797066292E-005
         140  3.400111452408738E-005
         141  2.574006725559579E-005
         142  1.025755788826287E-005
         143  1.985356819528073E-006
         144  1.008217605647084E-005
         145  6.027252308287135E-006
         146  2.634295956371085E-005
         147  2.618525975326529E-005
         148  2.697796990681817E-005
         149  1.514114962081834E-005
         150  3.209730614872533E-005
         151  3.134015806253695E-005
         152  5.457006252720944E-005
         153  1.994856704935028E-005
         154  3.336604090845139E-005
         155  1.639141759314560E-005
         156  3.008634993912916E-005
         157  1.531276459424645E-005
         158  4.228936648542479E-005
         159  2.099558677878167E-005
         160  4.371810031847495E-005
         161  2.544835027840617E-005
         162  5.468398608261688E-005
         163  7.469014688290432E-005
         164  1.147809327226126E-004
         165  4.807003446124010E-005
         166  6.231391904387094E-005
         167  2.220454749186629E-005
         168  9.480480376530224E-005
         169  3.909267416330776E-005
         170  3.364199956859349E-005
         171  1.949622608573153E-005
         172  2.757697903838937E-005
         173  1.610628050735008E-005
         174  4.350889359337043E-005
         175  2.414510090767586E-005
         176  1.522567792994203E-005
         177  6.007878351509294E-006
         178  1.535905161799159E-005
         179  7.063396394524533E-006
         180  1.282297301942304E-005
         181  6.104424336755652E-006
         182  1.355634323639780E-005
         183  7.112620155997219E-006
         184  1.299022711903751E-005
         185  4.084473475199345E-006
         186  1.529345668583152E-005
         187  4.412468726050114E-006
         188  1.404555741409318E-005
         189  1.186334804137147E-005
         190  2.539536635632500E-005
         191  2.840846797736890E-005
         192  1.004068154534517E-004
         193  1.316527992326493E-004
         194  3.312238932219807E-004
         195  2.339661237040481E-004
         196  4.493101224513924E-004
         197  2.401705196066215E-004
         198  1.770580259986630E-004
         199  1.457684423220348E-005
         200  2.572377986628793E-006
         201  8.956631992933866E-008
         202  1.053301126092617E-007
         203  2.601782130211397E-008
         204  8.204127413892246E-008
         205  7.082482404200257E-008
         206  2.118022186220819E-006
         207  1.402328446656834E-006
         208  2.336226216160821E-006
         209  1.481211241176076E-006
         226  5.411085901205478E-014
         227  4.193873364343530E-015
         230  2.549973317787650E-012
         231  6.295851892402001E-012
         232  4.986019871046516E-007
         234  8.302494103459727E-012
         235  1.352891662506606E-007
         236  1.282206319031388E-009
         238  1.510937495613633E-007
         240  2.482645662964410E-013
         244  3.030573137676344E-009
