           1  7.483743911761029E-005
           2  6.470609901488105E-012
           3  1.574717819390911E-008
           4  8.254445815991982E-005
           6  5.674563962362780E-015
           7  3.114017005274736E-012
           8  2.708281752318958E-013
           9  1.912633244112939E-009
          10  2.713051082138141E-014
          14  1.779158619614779E-015
          15  1.789767493502644E-012
          16  1.224485860281707E-009
          17  9.110124867426255E-011
          18  4.458660678453138E-010
          19  1.979717265604838E-010
          20  4.664603903049436E-009
          21  7.610066731480097E-010
          22  1.484233688365490E-009
          23  4.925577918532054E-009
          24  1.136019878623575E-008
          25  1.382928506552219E-008
          26  1.168966963971866E-008
          27  2.476801165839117E-009
          28  1.537146067195180E-009
          29  8.160818385364687E-010
          30  2.548802081158751E-009
          31  4.399878004565291E-010
          32  6.379329591568140E-010
          33  8.383666824031199E-010
          34  4.388896810468461E-009
          35  2.807582560864674E-010
          36  1.106582874032995E-009
          37  7.778309501404397E-010
          38  1.052877118707993E-009
          39  2.922632185792436E-010
          40  6.125321052027110E-010
          41  8.845616780228858E-010
          42  6.083474996133921E-009
          43  5.060107700583198E-010
          44  9.991043722581307E-010
          45  4.520068664162774E-009
          46  7.438282247708007E-009
          47  8.026508781717729E-009
          48  5.901400728647945E-009
          49  5.139125486417724E-010
          50  3.082853545966347E-009
          51  1.538018216125369E-009
          52  6.195853166758625E-009
          53  2.230621116656579E-010
          54  5.643961376354917E-010
          55  3.616926729123466E-010
          56  3.992718790904484E-010
          57  1.040582369547306E-010
          58  2.036057995675557E-010
          59  1.416050831083375E-010
          60  1.705728555766553E-010
          61  1.837423357195792E-010
          62  8.688329709780692E-010
          63  3.526132772005757E-010
          64  3.617327023293149E-010
          65  3.067410638119513E-010
          66  4.367746984259096E-010
          67  5.911265729723571E-010
          68  8.702091649114458E-010
          69  1.626264773016730E-010
          70  4.879031805277767E-010
          71  1.667988343645875E-010
          72  2.045172371591720E-010
          73  2.145342356118852E-010
          74  4.529689916321315E-010
          75  1.110734155200856E-009
          76  2.901142315014768E-009
          77  5.522463016037283E-009
          78  1.014439787557413E-008
          79  7.965995289257970E-009
          80  3.190298038824114E-008
          81  1.199804579778241E-008
          82  1.011319637681657E-008
          83  4.299880854465796E-009
          84  5.083544992682467E-009
          85  3.391820577411276E-009
          86  3.664671530918586E-009
          87  2.488241773450469E-009
          88  5.900849850922053E-009
          89  2.707833699041421E-009
          90  5.258648952217425E-009
          91  3.444103776113731E-009
          92  2.832831048747830E-009
          93  2.365601188848128E-009
          94  5.562014691156441E-009
          95  2.779668406764571E-009
          96  3.222390498072978E-009
          97  1.393934304193659E-009
          98  1.302170967021362E-009
          99  1.448613587603424E-009
         100  1.262203743402738E-009
         101  9.613316267098586E-010
         102  1.687292652055486E-009
         103  1.617197807863841E-009
         104  1.573073315153223E-009
         105  1.687407287630623E-009
         106  2.189829955277860E-009
         107  1.703948100360052E-009
         108  5.718997567995954E-009
         109  2.550230237965327E-009
         110  6.898030948401372E-009
         111  4.840722785498000E-009
         112  6.282324613321982E-009
         113  3.131842219128228E-009
         114  2.440115244390699E-009
         115  1.279020269599226E-009
         116  1.305624380114865E-009
         117  1.146143759131547E-009
         118  1.224552153760361E-009
         119  4.594539505717188E-010
         120  6.484152305642292E-010
         121  5.236072287945500E-010
         122  6.948528803320446E-010
         123  6.368081830283233E-010
         124  1.957019171911416E-008
         125  8.433203473973663E-008
         126  6.863402838087821E-007
         127  3.545511341992038E-006
         128  2.906836743017479E-005
         129  1.395110896256846E-004
         130  3.286303112570747E-004
         131  1.070283035295853E-003
         132  1.008530998960065E-003
         133  3.290644923284095E-005
         134  8.230435180776890E-005
         135  8.170767293949088E-005
         136  2.035333092576023E-004
         137  1.103358379699451E-004
         138  9.099968033205092E-005
         139  1.446646857901517E-005
         140  3.314602761632738E-005
         141  2.505519921775219E-005
         142  1.004507303267331E-005
         143  1.611053692610943E-006
         144  5.230866163438671E-006
         145  1.888781516218537E-006
         146  8.215546252008223E-006
         147  1.192810963146703E-005
         148  1.599002991643924E-005
         149  9.012312887683950E-006
         150  1.901646708069672E-005
         151  1.350494391913713E-005
         152  3.370033790614930E-005
         153  1.404138333776192E-005
         154  4.834962394511382E-005
         155  2.645118763818354E-005
         156  3.823710928638142E-005
         157  2.098509463928439E-005
         158  6.413224316826400E-005
         159  4.098785681791110E-005
         160  1.164871812988529E-004
         161  4.816509329796094E-005
         162  6.270792548979711E-005
         163  4.237255146468087E-005
         164  1.481090065534124E-004
         165  7.628820278298693E-005
         166  9.231360536116198E-005
         167  3.245986146701879E-005
         168  1.434967466563248E-004
         169  7.154098790243112E-005
         170  5.157026461778568E-005
         171  1.610060609782022E-005
         172  3.927232033522041E-005
         173  3.840500896447496E-005
         174  4.674485069760636E-005
         175  1.558565849243579E-005
         176  2.565012618586435E-005
         177  9.841737816403909E-006
         178  8.537997481898650E-006
         179  4.380414793745385E-006
         180  9.923691597956007E-006
         181  4.962071700440966E-006
         182  1.148746793282432E-005
         183  6.280124625923289E-006
         184  1.190726473617446E-005
         185  3.861148743895912E-006
         186  1.524429109927914E-005
         187  4.435502875195214E-006
         188  1.474011850380216E-005
         189  1.311343726606117E-005
         190  2.703241553447166E-005
         191  3.028942513359879E-005
         192  1.050490821584451E-004
         193  1.342896811432774E-004
         194  3.212796670137275E-004
         195  2.136337717840235E-004
         196  3.949071188069093E-004
         197  2.023443662000743E-004
         198  1.418758226302375E-004
         199  1.120861650138347E-005
         200  2.114639278049190E-006
         201  8.993320936622276E-008
         202  1.153181630225816E-007
         203  2.840233967929816E-008
         204  8.278962549554997E-008
         205  6.944238399112416E-008
         206  2.304050939313288E-006
         207  1.494183608757611E-006
         208  2.539920182025728E-006
         209  1.614198049414503E-006
         226  6.657781739258004E-014
         227  5.064124347270716E-015
         230  3.137478521081989E-012
         231  7.602274576574883E-012
         232  5.751043986014392E-007
         234  1.021536058409219E-011
         235  1.633623863221175E-007
         236  1.748887803208175E-009
         238  1.859052369731490E-007
         240  3.401924800076894E-013
         244  4.152739985938058E-009
