           1  7.444749095322061E-005
           2  6.470609901488105E-012
           3  1.574717819390911E-008
           4  8.165485116299130E-005
           6  5.674563962362780E-015
           7  3.114017005274736E-012
           8  2.708281752318958E-013
           9  1.912633244112939E-009
          10  2.713051082138141E-014
          14  1.849364031886752E-015
          15  2.012456800842915E-012
          16  1.188040267385657E-009
          17  8.925831079199880E-011
          18  4.600228572013709E-010
          19  2.151769891843941E-010
          20  4.565913084690131E-009
          21  7.394971857992886E-010
          22  1.460779849283221E-009
          23  4.845442569082513E-009
          24  1.119552871014148E-008
          25  1.375732904945022E-008
          26  1.188824281774238E-008
          27  2.528992762655382E-009
          28  1.543519271318404E-009
          29  8.556203459983542E-010
          30  2.602877555162152E-009
          31  4.597166820571529E-010
          32  6.698844156006207E-010
          33  7.995111726999423E-010
          34  4.387349019096954E-009
          35  2.969352503089904E-010
          36  1.189662151816998E-009
          37  8.161215686221943E-010
          38  1.092226933858556E-009
          39  2.963886115535245E-010
          40  6.181941176877614E-010
          41  8.848227293501096E-010
          42  5.858886974196074E-009
          43  5.036064340696696E-010
          44  1.001467788725897E-009
          45  4.512125306506874E-009
          46  7.492423580212248E-009
          47  8.115577037945253E-009
          48  5.979112559922156E-009
          49  5.191625238520339E-010
          50  3.072876384363376E-009
          51  1.537065777037235E-009
          52  6.296770242442492E-009
          53  2.276892425696904E-010
          54  5.633062760067120E-010
          55  3.418436140893447E-010
          56  3.869146190878067E-010
          57  1.032152914076830E-010
          58  2.000590073732427E-010
          59  1.408954961553939E-010
          60  1.736992812869194E-010
          61  1.814661145221020E-010
          62  8.490806015198235E-010
          63  3.488441352988614E-010
          64  3.601386875249042E-010
          65  3.065029966992337E-010
          66  4.478206905319170E-010
          67  5.916633817518227E-010
          68  8.524817413748627E-010
          69  1.577913654851343E-010
          70  4.629150532010911E-010
          71  1.610205359922882E-010
          72  2.057698546457696E-010
          73  2.214326670910638E-010
          74  4.539453195462724E-010
          75  1.066285327862166E-009
          76  2.819170861249957E-009
          77  5.528141173271479E-009
          78  1.016128288768561E-008
          79  7.902271957945194E-009
          80  3.100384748074310E-008
          81  1.249504213566802E-008
          82  1.049413868580224E-008
          83  4.408310728037741E-009
          84  5.103685339176081E-009
          85  3.374839743769524E-009
          86  3.650194701314477E-009
          87  2.502001593681428E-009
          88  5.893627767165925E-009
          89  2.685245574765342E-009
          90  5.114748228205968E-009
          91  3.417887592403288E-009
          92  2.926118539206303E-009
          93  2.419412109442193E-009
          94  5.410831150538325E-009
          95  2.793124831814652E-009
          96  3.396928604043067E-009
          97  1.490305262947203E-009
          98  1.390487273025440E-009
          99  1.543639223762538E-009
         100  1.362771569184445E-009
         101  1.008666255187819E-009
         102  1.712370728802345E-009
         103  1.611340689842172E-009
         104  1.558396736407788E-009
         105  1.654811171746765E-009
         106  2.145491086914744E-009
         107  1.664398055391041E-009
         108  5.640477802779008E-009
         109  2.516288002983614E-009
         110  6.851509668992197E-009
         111  4.872125842348148E-009
         112  6.402212939477306E-009
         113  3.235861492268149E-009
         114  2.554115657137010E-009
         115  1.337863014854342E-009
         116  1.375161214413893E-009
         117  1.215128744967718E-009
         118  1.296054330717199E-009
         119  4.834533306682860E-010
         120  6.818104012056461E-010
         121  5.557965352199537E-010
         122  7.143493142659550E-010
         123  6.490039573400497E-010
         124  1.730885892914266E-008
         125  7.694623292723973E-008
         126  6.330739267649158E-007
         127  3.282973343919650E-006
         128  2.724811053556417E-005
         129  1.338418826062306E-004
         130  3.241430506912875E-004
         131  1.064004187082762E-003
         132  1.038200593367512E-003
         133  3.479089626104039E-005
         134  8.753347731709515E-005
         135  8.517304493279317E-005
         136  2.152133648806212E-004
         137  1.167347142668959E-004
         138  9.409563444687439E-005
         139  1.490064453095363E-005
         140  3.428119608517494E-005
         141  2.574650381478165E-005
         142  1.016797973128804E-005
         143  1.663430168506156E-006
         144  5.726020544875379E-006
         145  2.164404791302761E-006
         146  8.491532820720691E-006
         147  1.065826520521882E-005
         148  2.405234399753241E-005
         149  1.728601426354654E-005
         150  2.663374023222222E-005
         151  1.770031168193945E-005
         152  3.332374579930552E-005
         153  1.320191173723257E-005
         154  6.069737665406740E-005
         155  3.604357315206297E-005
         156  6.347102807609542E-005
         157  2.852255072601095E-005
         158  3.667445460175833E-005
         159  1.609301691867482E-005
         160  3.239430076166948E-005
         161  1.877096338857029E-005
         162  6.141044696302762E-005
         163  3.953139462402321E-005
         164  1.204611878331995E-004
         165  7.583807249858563E-005
         166  1.239982273176613E-004
         167  3.906090347769723E-005
         168  1.288856276663537E-004
         169  7.044968981047807E-005
         170  6.721679359691743E-005
         171  2.968690870883454E-005
         172  5.056745769057600E-005
         173  2.075340998412837E-005
         174  2.835723658947654E-005
         175  1.546475513252379E-005
         176  2.656714953204169E-005
         177  1.308063640187215E-005
         178  1.382579408776855E-005
         179  6.441269800676401E-006
         180  1.279098348865221E-005
         181  5.683052524600584E-006
         182  1.142639387523282E-005
         183  5.752881959297363E-006
         184  1.026941310672308E-005
         185  3.245777690098680E-006
         186  1.238552260095183E-005
         187  3.594696292584105E-006
         188  1.178690353728052E-005
         189  1.034330017482820E-005
         190  2.202940032306586E-005
         191  2.555582696587200E-005
         192  9.327444901721775E-005
         193  1.251952951033229E-004
         194  3.149248890007816E-004
         195  2.206410750988945E-004
         196  4.235779697532703E-004
         197  2.231149341278706E-004
         198  1.618557286050762E-004
         199  1.311414928690720E-005
         200  2.447775758393972E-006
         201  1.000865189527255E-007
         202  1.249734007859871E-007
         203  3.036521061817957E-008
         204  8.499489395556633E-008
         205  7.029770438413254E-008
         206  2.285408192922332E-006
         207  1.473296479555162E-006
         208  2.487341423402580E-006
         209  1.605244707419096E-006
         226  6.051122079909407E-014
         227  4.669368706195411E-015
         230  2.851590258991669E-012
         231  7.009666542429018E-012
         232  5.472591734384745E-007
         234  9.284532957898619E-012
         235  1.506280577160407E-007
         236  1.514928575492143E-009
         238  1.689654795358885E-007
         240  2.938831726592858E-013
         244  3.587440857801940E-009
