           1  7.425283412270932E-005
           2  6.470609901488105E-012
           3  1.574717819390911E-008
           4  8.214862123641881E-005
           6  5.674563962362780E-015
           7  3.114017005274736E-012
           8  2.708281752318958E-013
           9  1.912633244112939E-009
          10  2.713051082138141E-014
          14  2.209700835793423E-015
          15  2.120456065647919E-012
          16  1.254580938024489E-009
          17  9.289314147651307E-011
          18  4.572380835843614E-010
          19  2.103913821373471E-010
          20  4.701622485045966E-009
          21  7.649621634916972E-010
          22  1.553217955232352E-009
          23  4.943235345664810E-009
          24  1.140206203135256E-008
          25  1.392663552557817E-008
          26  1.204303184729071E-008
          27  2.550744592179925E-009
          28  1.560745222350592E-009
          29  8.534233496273205E-010
          30  2.681586418855137E-009
          31  4.628821908822449E-010
          32  6.359220028421924E-010
          33  8.093886065204044E-010
          34  4.339706180954124E-009
          35  2.933389710061788E-010
          36  1.191028480962081E-009
          37  7.996265454309254E-010
          38  1.073012423549673E-009
          39  2.991902196074909E-010
          40  6.143263619570974E-010
          41  8.800959120071487E-010
          42  6.021714302959163E-009
          43  5.048251861777250E-010
          44  1.003230299809146E-009
          45  4.501025251797934E-009
          46  7.484858241781958E-009
          47  8.101095614357076E-009
          48  5.949614356725683E-009
          49  5.209828663258993E-010
          50  3.117986682343822E-009
          51  1.552959633053571E-009
          52  6.270417149072590E-009
          53  2.217861351631188E-010
          54  5.495172674352337E-010
          55  3.479024389905521E-010
          56  4.077673779883904E-010
          57  1.065516448363381E-010
          58  2.067986195785404E-010
          59  1.439630330907100E-010
          60  1.708290311132843E-010
          61  1.824647495011324E-010
          62  8.606335629717396E-010
          63  3.473809917532956E-010
          64  3.573434425132995E-010
          65  3.031103678109533E-010
          66  4.313575207425397E-010
          67  5.821942192772156E-010
          68  8.420741810006524E-010
          69  1.550486716506433E-010
          70  4.639655439294886E-010
          71  1.605996417629311E-010
          72  2.000434371000730E-010
          73  2.170954645809771E-010
          74  4.481758491873026E-010
          75  1.063273814280988E-009
          76  2.812708176907158E-009
          77  5.497887459667626E-009
          78  1.023151583503224E-008
          79  8.041197582679042E-009
          80  3.213951557126140E-008
          81  1.255502130280402E-008
          82  1.087362006923559E-008
          83  4.671451082056693E-009
          84  5.268656267955562E-009
          85  3.519125404999989E-009
          86  3.810952672408073E-009
          87  2.565602413642640E-009
          88  6.116096624048378E-009
          89  2.740130900197192E-009
          90  5.283033152525399E-009
          91  3.578732564381364E-009
          92  3.002156428438211E-009
          93  2.488136593018868E-009
          94  5.735673748840698E-009
          95  2.914769438716357E-009
          96  3.508467442784504E-009
          97  1.516634738528404E-009
          98  1.397667847878358E-009
          99  1.558763893810532E-009
         100  1.362569352257984E-009
         101  1.019911325268188E-009
         102  1.793730802384664E-009
         103  1.700866789615538E-009
         104  1.646302588600694E-009
         105  1.766876623011622E-009
         106  2.283222633686902E-009
         107  1.771474664588149E-009
         108  6.013139560844889E-009
         109  2.670132936094811E-009
         110  7.253881013270517E-009
         111  5.130186896843193E-009
         112  6.714677086315068E-009
         113  3.354543026760957E-009
         114  2.625077503216082E-009
         115  1.367635349505016E-009
         116  1.415069186727914E-009
         117  1.281868710754735E-009
         118  1.375697145094902E-009
         119  5.033438753222169E-010
         120  7.176909027149364E-010
         121  5.845176944181035E-010
         122  7.506796718623294E-010
         123  6.938796312919274E-010
         124  1.927335706229304E-008
         125  8.767164419613244E-008
         126  7.062175650672428E-007
         127  3.569256936071297E-006
         128  2.900708635256447E-005
         129  1.408789073639187E-004
         130  3.368568863023392E-004
         131  1.102669727538085E-003
         132  1.045306752945291E-003
         133  3.328445882055996E-005
         134  8.317538953153787E-005
         135  8.684562946947538E-005
         136  2.202647545847604E-004
         137  1.178167407047843E-004
         138  8.489168098024146E-005
         139  1.413587285201968E-005
         140  3.164282219193631E-005
         141  2.273741602673149E-005
         142  8.580774632875993E-006
         143  1.358969661535595E-006
         144  4.762941961691103E-006
         145  1.740148667362083E-006
         146  6.444037642738536E-006
         147  7.454829437567554E-006
         148  7.913333531938490E-006
         149  5.917998980495765E-006
         150  3.052493841401659E-005
         151  2.436595101577970E-005
         152  5.911159571244116E-005
         153  2.242550498277983E-005
         154  4.201890642031426E-005
         155  1.993517265598681E-005
         156  4.556584704470411E-005
         157  2.758815571819779E-005
         158  4.527007125611803E-005
         159  1.704439959187120E-005
         160  3.645400414883061E-005
         161  2.381144880700004E-005
         162  6.273268368286744E-005
         163  3.959789016362453E-005
         164  1.114215977057861E-004
         165  9.112575967796034E-005
         166  1.157259247230704E-004
         167  2.955520683813977E-005
         168  6.878454235772383E-005
         169  2.399730915661719E-005
         170  7.493999487451927E-005
         171  3.694913772401735E-005
         172  3.733724769910984E-005
         173  1.779911915331233E-005
         174  3.059125856988557E-005
         175  2.109017624137623E-005
         176  2.047497831690902E-005
         177  9.961661781176849E-006
         178  2.433982251881202E-005
         179  1.054782205738698E-005
         180  1.732378321066864E-005
         181  7.626647636007841E-006
         182  1.525858106930320E-005
         183  7.700542419321631E-006
         184  1.379525778670686E-005
         185  4.392235593657645E-006
         186  1.685201053019767E-005
         187  4.872718911194328E-006
         188  1.590403880016734E-005
         189  1.383664388465227E-005
         190  2.834448372011099E-005
         191  3.119887397244632E-005
         192  1.088456901985797E-004
         193  1.397062094889591E-004
         194  3.367874109210571E-004
         195  2.253759189851573E-004
         196  4.184756214086816E-004
         197  2.153705193881980E-004
         198  1.530075922421933E-004
         199  1.216636837179691E-005
         200  2.192415031415476E-006
         201  8.651592737150228E-008
         202  1.062207240162784E-007
         203  2.574837006065781E-008
         204  8.671744450284888E-008
         205  7.601559715659224E-008
         206  2.299990623813263E-006
         207  1.508170014294613E-006
         208  2.527216476755721E-006
         209  1.589304016294547E-006
         226  6.283055049599653E-014
         227  4.863884351434581E-015
         230  2.960888631818021E-012
         231  7.301673855666649E-012
         232  5.615402660719322E-007
         234  9.640399072096176E-012
         235  1.569028917849125E-007
         236  1.604087263559565E-009
         238  1.754417437603385E-007
         240  3.115591883063444E-013
         244  3.803212520267692E-009
