           1  7.453845032781310E-005
           2  6.470609901488105E-012
           3  1.574717819390911E-008
           4  8.268503736772052E-005
           6  5.674563962362780E-015
           7  3.114017005274736E-012
           8  2.708281752318958E-013
           9  1.912633244112939E-009
          10  2.713051082138141E-014
          14  1.929578663984153E-015
          15  1.941549754387293E-012
          16  1.185247371870865E-009
          17  8.911657684845963E-011
          18  4.528263413503872E-010
          19  2.056766218566104E-010
          20  4.526919480308030E-009
          21  7.442071620178795E-010
          22  1.506402992476706E-009
          23  4.805529784560661E-009
          24  1.113430026780322E-008
          25  1.359536726202762E-008
          26  1.213640544757421E-008
          27  2.649139411570535E-009
          28  1.567098256540125E-009
          29  8.166624406387896E-010
          30  2.597059954571333E-009
          31  4.615095404376813E-010
          32  6.310032250420774E-010
          33  7.670573883700905E-010
          34  4.354754116822286E-009
          35  2.964949536629109E-010
          36  1.184940504579634E-009
          37  8.617613303245435E-010
          38  1.161073643236696E-009
          39  3.114444605146508E-010
          40  5.988694640863984E-010
          41  8.352014452304602E-010
          42  5.826298828178191E-009
          43  4.985265241759853E-010
          44  9.589757239611331E-010
          45  4.340111790508847E-009
          46  7.434459062987663E-009
          47  8.161060711993583E-009
          48  6.036778676749829E-009
          49  5.468209652934549E-010
          50  3.133620925226056E-009
          51  1.539779077534826E-009
          52  6.331922193385251E-009
          53  2.329112009291072E-010
          54  5.885883946866508E-010
          55  3.692911485805478E-010
          56  4.035011085695957E-010
          57  1.064003366101365E-010
          58  2.008178493488628E-010
          59  1.413698369095131E-010
          60  1.674747172067973E-010
          61  1.738635599690605E-010
          62  8.303647200844319E-010
          63  3.405589243230647E-010
          64  3.517666478954931E-010
          65  3.007320238910236E-010
          66  4.340430413068772E-010
          67  5.812552273006063E-010
          68  8.595604537799018E-010
          69  1.601903964492412E-010
          70  4.722679451092417E-010
          71  1.638343739113867E-010
          72  2.040620475103274E-010
          73  2.128877940540419E-010
          74  4.385357668929362E-010
          75  1.027240744656459E-009
          76  2.792375296036827E-009
          77  5.535496854045806E-009
          78  1.012502257782584E-008
          79  7.784562373813058E-009
          80  3.115728699958711E-008
          81  1.248204159547755E-008
          82  1.075717906373473E-008
          83  4.549388076186315E-009
          84  4.947604970875796E-009
          85  3.313125139733946E-009
          86  3.585566876160923E-009
          87  2.434197287574894E-009
          88  5.951532725588709E-009
          89  2.724220597163020E-009
          90  5.114249050583451E-009
          91  3.335009969694806E-009
          92  2.798272197429384E-009
          93  2.361469225827696E-009
          94  5.603550877186450E-009
          95  2.850336837708083E-009
          96  3.410496414104549E-009
          97  1.483617892324264E-009
          98  1.372517000811548E-009
          99  1.534691524362231E-009
         100  1.357619066693338E-009
         101  1.015471934466243E-009
         102  1.731956509782959E-009
         103  1.617702382442224E-009
         104  1.548243509646774E-009
         105  1.627180897901029E-009
         106  2.089059096846608E-009
         107  1.623632864791949E-009
         108  5.454428992092132E-009
         109  2.444028544120539E-009
         110  6.848597088228866E-009
         111  4.900605062826826E-009
         112  6.513397615549682E-009
         113  3.291857942004842E-009
         114  2.610435178776379E-009
         115  1.380697037953906E-009
         116  1.440274238023344E-009
         117  1.298529809230339E-009
         118  1.397702974356870E-009
         119  5.109805686400396E-010
         120  7.200408182089265E-010
         121  5.873191899911795E-010
         122  7.607266776061940E-010
         123  6.664111812624410E-010
         124  1.743606488931469E-008
         125  7.243434835811422E-008
         126  5.948174879933304E-007
         127  3.090030838895181E-006
         128  2.579785884552504E-005
         129  1.289054836360807E-004
         130  3.214002035982970E-004
         131  1.070954230219536E-003
         132  1.038102401234099E-003
         133  3.420957535695972E-005
         134  8.711623049518180E-005
         135  8.795447591917530E-005
         136  2.172069535673748E-004
         137  1.163354582985062E-004
         138  8.799016666020382E-005
         139  1.447750949523292E-005
         140  3.438215494471419E-005
         141  2.583409025450152E-005
         142  1.006277091959101E-005
         143  1.619518354167435E-006
         144  5.419159174191961E-006
         145  1.894887524341033E-006
         146  6.878528706360021E-006
         147  8.355975365714282E-006
         148  2.265883733299567E-005
         149  1.598289760601003E-005
         150  2.432379786474376E-005
         151  1.169045621305224E-005
         152  3.836855267690728E-005
         153  2.643993914824341E-005
         154  5.383083684366955E-005
         155  2.377648616703027E-005
         156  3.213403432564701E-005
         157  1.538243463917444E-005
         158  4.790383789168262E-005
         159  3.302542570251247E-005
         160  4.515389434337328E-005
         161  2.328540405533206E-005
         162  2.087089202686995E-004
         163  7.546311390943944E-005
         164  9.248824416239160E-005
         165  5.520417354682650E-005
         166  1.523660932279442E-004
         167  3.223900870391063E-005
         168  7.203592359741377E-005
         169  4.515850536897200E-005
         170  3.229683740616368E-005
         171  1.391809406774644E-005
         172  2.305607783108215E-005
         173  1.641641739035655E-005
         174  3.674910261120389E-005
         175  1.842121200192505E-005
         176  1.623751410664184E-005
         177  8.150908441369819E-006
         178  1.556267917804294E-005
         179  8.568757941420945E-006
         180  1.643688544472002E-005
         181  6.931093398486196E-006
         182  1.320984546375663E-005
         183  6.529124507285400E-006
         184  1.143781802892641E-005
         185  3.623734197564402E-006
         186  1.388228638157013E-005
         187  3.991186225385942E-006
         188  1.278414693283440E-005
         189  1.110754147780612E-005
         190  2.347862003379383E-005
         191  2.753471616856161E-005
         192  9.799877510686505E-005
         193  1.273072628452626E-004
         194  3.136183397388763E-004
         195  2.214248948869985E-004
         196  4.280412526187652E-004
         197  2.246475224700297E-004
         198  1.631265473398888E-004
         199  1.309798647295700E-005
         200  2.343545011821198E-006
         201  8.805646479864749E-008
         202  1.087971171625254E-007
         203  2.700703138469866E-008
         204  7.517221397637006E-008
         205  6.294223029010346E-008
         206  2.283594401527904E-006
         207  1.468543548224561E-006
         208  2.490681412673318E-006
         209  1.624038799672356E-006
         226  6.822041877305096E-014
         227  5.240091808433520E-015
         230  3.214886083416730E-012
         231  7.866437315197878E-012
         232  6.027003875720444E-007
         234  1.046739295845640E-011
         235  1.690388789197159E-007
         236  1.695030968445202E-009
         238  1.904918727453650E-007
         240  3.289571522228305E-013
         244  4.015589996772366E-009
