           1  7.438051400971938E-005
           2  6.470609901488105E-012
           3  1.574717819390911E-008
           4  7.888159818320034E-005
           6  5.674563962362780E-015
           7  3.114017005274736E-012
           8  2.708281752318958E-013
           9  1.912633244112939E-009
          10  2.713051082138141E-014
          14  1.890193910827630E-015
          15  2.050967890640314E-012
          16  1.270927067784916E-009
          17  9.383543382333698E-011
          18  4.475840569770658E-010
          19  1.970932740892885E-010
          20  4.715468131934267E-009
          21  7.772381590710262E-010
          22  1.604659574753803E-009
          23  4.941465966216198E-009
          24  1.142098444339320E-008
          25  1.385738876677189E-008
          26  1.148602493261762E-008
          27  2.510628685465844E-009
          28  1.616954273906384E-009
          29  8.681751892188477E-010
          30  2.748594442545280E-009
          31  4.869255946662761E-010
          32  6.320114003130914E-010
          33  8.299226793268309E-010
          34  4.410980539589839E-009
          35  2.890669057065986E-010
          36  1.132873248293865E-009
          37  6.929723784844774E-010
          38  9.126956935264304E-010
          39  2.837891058331344E-010
          40  6.469154149649152E-010
          41  9.380369606722235E-010
          42  6.436346923986781E-009
          43  5.455895002750016E-010
          44  9.987479077535407E-010
          45  4.454995233107859E-009
          46  7.304678566556250E-009
          47  8.002170918199202E-009
          48  5.969279571421255E-009
          49  4.740919652626218E-010
          50  3.100063335282179E-009
          51  1.598633127959898E-009
          52  6.215685157249285E-009
          53  2.040816835991962E-010
          54  4.854583996455217E-010
          55  3.368938955152386E-010
          56  4.256280682472261E-010
          57  1.135401452490913E-010
          58  2.150602210494204E-010
          59  1.533532366024686E-010
          60  1.774214185180961E-010
          61  1.837951948666257E-010
          62  8.949448099788274E-010
          63  3.608632758267806E-010
          64  3.632294316134003E-010
          65  3.119642412753425E-010
          66  4.471208173715208E-010
          67  5.930696824331288E-010
          68  8.851223820520016E-010
          69  1.626753881507932E-010
          70  4.883674447060753E-010
          71  1.708942641420819E-010
          72  2.120167977620827E-010
          73  2.197869866750419E-010
          74  4.594493764907441E-010
          75  1.082613786931165E-009
          76  2.853638751116523E-009
          77  5.362179282920491E-009
          78  1.018280101007213E-008
          79  8.033164934296974E-009
          80  3.272470365163816E-008
          81  1.159017895929447E-008
          82  1.026488460088891E-008
          83  4.529934787782515E-009
          84  5.441025790289685E-009
          85  3.596863269121912E-009
          86  3.862264148898381E-009
          87  2.479197445745908E-009
          88  5.850287865674812E-009
          89  2.707202829856284E-009
          90  5.290280313045197E-009
          91  3.536556817551698E-009
          92  2.987467692535377E-009
          93  2.469830524323269E-009
          94  5.618013216190212E-009
          95  2.783504015630592E-009
          96  3.230256429717028E-009
          97  1.393011203369724E-009
          98  1.308272841089124E-009
          99  1.494741823257282E-009
         100  1.314326691909620E-009
         101  9.897505190459587E-010
         102  1.752009738636563E-009
         103  1.671842970614956E-009
         104  1.629107314207466E-009
         105  1.776717187089476E-009
         106  2.285453691145016E-009
         107  1.748241046042497E-009
         108  5.825534788080005E-009
         109  2.571687824708934E-009
         110  6.913064062367045E-009
         111  4.838773055199082E-009
         112  6.358283485470893E-009
         113  3.172187491015094E-009
         114  2.485843366807354E-009
         115  1.309809720699098E-009
         116  1.342916315278442E-009
         117  1.128480761563504E-009
         118  1.196716233062726E-009
         119  4.722326140419061E-010
         120  6.667843748635269E-010
         121  5.386441539759230E-010
         122  6.792435995122817E-010
         123  6.404236027947399E-010
         124  1.741132383426989E-008
         125  8.180903662276176E-008
         126  6.660823089686491E-007
         127  3.415861175324330E-006
         128  2.822250750182639E-005
         129  1.377400704055074E-004
         130  3.321874959562580E-004
         131  1.101196300245814E-003
         132  1.027421848207062E-003
         133  3.350098565144868E-005
         134  8.262516807593482E-005
         135  7.683253152135574E-005
         136  2.106203778550117E-004
         137  1.166500188747074E-004
         138  9.286619985838192E-005
         139  1.276921939603500E-005
         140  2.723751442506924E-005
         141  1.921378977984715E-005
         142  7.240680076371324E-006
         143  1.177041384850419E-006
         144  4.361721856513264E-006
         145  1.931511471994757E-006
         146  9.132937580858344E-006
         147  1.270570918363124E-005
         148  1.760143989148643E-005
         149  1.054427377905369E-005
         150  3.479449771188889E-005
         151  1.490426893557129E-005
         152  3.712691500006456E-005
         153  2.806213672527672E-005
         154  3.289327350012284E-005
         155  1.299604432079826E-005
         156  3.332891459797724E-005
         157  1.846392558892290E-005
         158  7.520393003039504E-005
         159  7.278000992598305E-005
         160  8.020471838519201E-005
         161  2.889139038719030E-005
         162  8.833723899526835E-005
         163  3.873221298796991E-005
         164  7.480300005163362E-005
         165  4.828832265527233E-005
         166  8.278568687325549E-005
         167  4.972887004175066E-005
         168  1.642001868370426E-004
         169  4.340895208508697E-005
         170  4.078000748004469E-005
         171  2.887723602326625E-005
         172  3.940304256894468E-005
         173  2.019981926447895E-005
         174  3.424054652324137E-005
         175  1.984838749742562E-005
         176  2.371356596827801E-005
         177  1.076213705708231E-005
         178  1.775227906377095E-005
         179  5.034813568372908E-006
         180  7.804748216005590E-006
         181  4.416820682738959E-006
         182  1.112174586311744E-005
         183  6.223814775344997E-006
         184  1.184675288290264E-005
         185  3.895403750822271E-006
         186  1.561406802826640E-005
         187  4.514335383562757E-006
         188  1.464473423420257E-005
         189  1.276509718084613E-005
         190  2.615114891116477E-005
         191  3.013337281426752E-005
         192  1.053778544203546E-004
         193  1.353314095944149E-004
         194  3.282300176425083E-004
         195  2.214274617531940E-004
         196  4.160307822690698E-004
         197  2.158966700784585E-004
         198  1.546253631351242E-004
         199  1.212965480909222E-005
         200  2.242896363076464E-006
         201  8.910088228964110E-008
         202  1.130041553174497E-007
         203  2.836843164218823E-008
         204  9.230425172162571E-008
         205  7.885592723550663E-008
         206  2.107647670795839E-006
         207  1.414146245936227E-006
         208  2.339082493113788E-006
         209  1.442994332641591E-006
         226  5.117314903743281E-014
         227  3.942426018382189E-015
         230  2.411533784809328E-012
         231  5.918378585179724E-012
         232  4.536229763762692E-007
         234  7.851746874765018E-012
         235  1.271777859499882E-007
         236  1.318486910632179E-009
         238  1.428907821109561E-007
         240  2.562321172724426E-013
         244  3.127833275605596E-009
