           1  7.448433356061072E-005
           2  6.470609901488105E-012
           3  1.574717819390911E-008
           4  8.336100285188197E-005
           6  5.674563962362780E-015
           7  3.114017005274736E-012
           8  2.708281752318958E-013
           9  1.912633244112939E-009
          10  2.713051082138141E-014
          14  2.114426009589121E-015
          15  2.006367575703019E-012
          16  1.236362744400337E-009
          17  9.182150509224393E-011
          18  4.485288409541777E-010
          19  2.003654311488758E-010
          20  4.667298305359885E-009
          21  7.497089549693364E-010
          22  1.573061558721768E-009
          23  4.898582120330428E-009
          24  1.133039249931976E-008
          25  1.390712468070032E-008
          26  1.204997983255127E-008
          27  2.496361779782099E-009
          28  1.527380795193676E-009
          29  8.472701030747440E-010
          30  2.657233745929968E-009
          31  4.549370914267058E-010
          32  5.998577888911641E-010
          33  8.269881723935713E-010
          34  4.285032028629850E-009
          35  2.902837202424680E-010
          36  1.173582308128480E-009
          37  8.219697882786009E-010
          38  1.114757997862753E-009
          39  3.067190226481076E-010
          40  6.128537891349009E-010
          41  8.691967558920403E-010
          42  6.022036718285761E-009
          43  5.225165028350369E-010
          44  1.025260028312958E-009
          45  4.513908832989189E-009
          46  7.457193573444234E-009
          47  7.975196118155020E-009
          48  5.854377405321527E-009
          49  5.440477192904867E-010
          50  3.126353209109148E-009
          51  1.540347671211105E-009
          52  6.271874218967253E-009
          53  2.307050592160385E-010
          54  5.771215218846615E-010
          55  3.583988285319565E-010
          56  4.058506020685531E-010
          57  1.082414432866792E-010
          58  2.221820297021756E-010
          59  1.522383580778060E-010
          60  1.766663775326840E-010
          61  1.804355290904764E-010
          62  8.414838388493632E-010
          63  3.480729985913940E-010
          64  3.700510611366111E-010
          65  3.115471097585360E-010
          66  4.440981447368213E-010
          67  5.709236718171283E-010
          68  8.226478068767283E-010
          69  1.559605379206373E-010
          70  4.713394104930147E-010
          71  1.628594192172630E-010
          72  2.085866318567479E-010
          73  2.255602589737017E-010
          74  4.509514162021713E-010
          75  1.071122329196901E-009
          76  2.819488256635853E-009
          77  5.602636544406465E-009
          78  1.012859085766476E-008
          79  7.993785160183363E-009
          80  3.191244456219487E-008
          81  1.251070990347742E-008
          82  1.075565475743865E-008
          83  4.614925278670833E-009
          84  5.041797533715319E-009
          85  3.437447485261284E-009
          86  3.753922362102799E-009
          87  2.575263498034075E-009
          88  6.131969617524043E-009
          89  2.685729475118801E-009
          90  5.082546233379827E-009
          91  3.593584123567867E-009
          92  2.944873210091410E-009
          93  2.394537209250447E-009
          94  5.475437985740423E-009
          95  2.897784737801647E-009
          96  3.508170014167777E-009
          97  1.545905612800023E-009
          98  1.424947246851387E-009
          99  1.557023763814861E-009
         100  1.372384384510524E-009
         101  1.008699768522943E-009
         102  1.767607192399302E-009
         103  1.687234380121471E-009
         104  1.657904211809852E-009
         105  1.754357351709840E-009
         106  2.249479883185723E-009
         107  1.731431121914986E-009
         108  5.851084810711233E-009
         109  2.596230037504795E-009
         110  6.956599021376318E-009
         111  4.985313126064252E-009
         112  6.567387904100064E-009
         113  3.332760840221474E-009
         114  2.628452242575885E-009
         115  1.371275319181998E-009
         116  1.410629701358244E-009
         117  1.290808194496074E-009
         118  1.389692148761990E-009
         119  4.968115889983261E-010
         120  6.997902456968202E-010
         121  5.742994922995973E-010
         122  7.522910231382870E-010
         123  6.858193561143148E-010
         124  1.981304841225416E-008
         125  8.651767879284837E-008
         126  7.051805586829313E-007
         127  3.594520974622446E-006
         128  2.910718539498789E-005
         129  1.404700338134319E-004
         130  3.296989646817961E-004
         131  1.096323721000998E-003
         132  1.029206578601357E-003
         133  3.304140460709384E-005
         134  8.299124655306492E-005
         135  8.678317609573240E-005
         136  2.190115907329665E-004
         137  1.170844840746270E-004
         138  8.424748974699703E-005
         139  1.483646752912638E-005
         140  3.376689719775497E-005
         141  2.486163938802597E-005
         142  9.644160490982476E-006
         143  1.595718815380241E-006
         144  5.689744544549311E-006
         145  2.479272709658628E-006
         146  1.263535783883801E-005
         147  1.989874823263430E-005
         148  2.674379069414295E-005
         149  1.592282924502038E-005
         150  4.288115403651938E-005
         151  1.828631517850580E-005
         152  2.466608542613928E-005
         153  9.748405463874485E-006
         154  2.018732089544963E-005
         155  9.281846880763909E-006
         156  2.951862878887129E-005
         157  2.138506997097479E-005
         158  6.291473754393561E-005
         159  3.678857856366361E-005
         160  4.382245081168319E-005
         161  1.909461880420670E-005
         162  7.395351608149713E-005
         163  5.164862299570994E-005
         164  1.088626409561462E-004
         165  5.271561447907281E-005
         166  6.353349058831855E-005
         167  2.279803349280019E-005
         168  1.742423730766449E-004
         169  1.172638509569242E-004
         170  6.742801751587354E-005
         171  2.321644733479712E-005
         172  3.988230336499181E-005
         173  1.689380549723061E-005
         174  2.269739123302978E-005
         175  1.124502171913724E-005
         176  2.310767957335699E-005
         177  1.253298482452545E-005
         178  2.094569877057445E-005
         179  6.208536835245244E-006
         180  9.052048420991779E-006
         181  4.690114136792347E-006
         182  1.137459100360146E-005
         183  6.189859936267770E-006
         184  1.166725076067253E-005
         185  3.741297592456269E-006
         186  1.440605400059170E-005
         187  4.308336007233040E-006
         188  1.478600728192990E-005
         189  1.283740405185715E-005
         190  2.710018350443253E-005
         191  2.888580818159392E-005
         192  1.026506522795941E-004
         193  1.350593983802025E-004
         194  3.342169894409699E-004
         195  2.247695006180489E-004
         196  4.125983658671856E-004
         197  2.143281219709607E-004
         198  1.523182884998161E-004
         199  1.250667133185140E-005
         200  2.246359998727324E-006
         201  8.483982661736149E-008
         202  1.041902882627141E-007
         203  2.600499116942750E-008
         204  8.151827101417722E-008
         205  7.096389664674665E-008
         206  2.361179576696366E-006
         207  1.545003488675613E-006
         208  2.578940503794672E-006
         209  1.655244095275899E-006
         226  6.902741853073074E-014
         227  5.274891998693896E-015
         230  3.252915933378751E-012
         231  7.918679437139256E-012
         232  6.124917241947489E-007
         234  1.059121488351837E-011
         235  1.701614900041895E-007
         236  1.761414217256279E-009
         238  1.927452581380420E-007
         240  3.421053419260010E-013
         244  4.176090349754363E-009
