           1  7.447884250449275E-005
           2  6.470609901488105E-012
           3  1.574717819390911E-008
           4  8.201660776875257E-005
           6  5.674563962362780E-015
           7  3.114017005274736E-012
           8  2.708281752318958E-013
           9  1.912633244112939E-009
          10  2.713051082138141E-014
          14  2.056107394842280E-015
          15  2.031891461722177E-012
          16  1.304754213061328E-009
          17  9.560352705733638E-011
          18  4.288924603286528E-010
          19  1.729456587550349E-010
          20  4.759761252071305E-009
          21  7.867552210506508E-010
          22  1.701900024262927E-009
          23  4.954156601370145E-009
          24  1.148078517370807E-008
          25  1.383464572598314E-008
          26  1.172724853763659E-008
          27  2.528464036236774E-009
          28  1.599258740908646E-009
          29  8.140555596161697E-010
          30  2.744855541536358E-009
          31  4.691860531915360E-010
          32  5.497900742622500E-010
          33  8.591575907395869E-010
          34  4.368620935552375E-009
          35  2.800106677483489E-010
          36  1.096937913491769E-009
          37  7.427836037329696E-010
          38  1.005747395328120E-009
          39  3.039882262361538E-010
          40  6.220736828382432E-010
          41  8.852114586140076E-010
          42  6.602996901095309E-009
          43  5.541762839118047E-010
          44  9.884856694982946E-010
          45  4.351384715027796E-009
          46  7.239453936331986E-009
          47  7.884853293121324E-009
          48  5.858391556817386E-009
          49  5.163875568777276E-010
          50  3.150349499801512E-009
          51  1.573383604808853E-009
          52  6.207815190506097E-009
          53  2.138694073096216E-010
          54  5.363157783269091E-010
          55  3.879842469400704E-010
          56  4.476106513537972E-010
          57  1.166531106761148E-010
          58  2.319466157719325E-010
          59  1.596568527252390E-010
          60  1.729417789721342E-010
          61  1.796578221702721E-010
          62  8.764973295953621E-010
          63  3.556185192919056E-010
          64  3.698630668000887E-010
          65  3.131006149852608E-010
          66  4.325106560555467E-010
          67  5.773329250779564E-010
          68  8.778865490992962E-010
          69  1.670611223910567E-010
          70  5.197673720888754E-010
          71  1.779317059596721E-010
          72  2.132323967473790E-010
          73  2.160023447203724E-010
          74  4.454844841929943E-010
          75  1.077354072605861E-009
          76  2.858194037906981E-009
          77  5.428743841565968E-009
          78  1.005934437888541E-008
          79  8.006358178443014E-009
          80  3.366909129030652E-008
          81  1.144371641901798E-008
          82  1.035309641140932E-008
          83  4.627687527970027E-009
          84  5.149369650570631E-009
          85  3.556515997282348E-009
          86  3.852722561208677E-009
          87  2.483655753699923E-009
          88  6.123040480406904E-009
          89  2.765859826667860E-009
          90  5.346973586764798E-009
          91  3.617137542167709E-009
          92  2.851967685061300E-009
          93  2.380270030207400E-009
          94  5.899081090635840E-009
          95  2.940415785432003E-009
          96  3.292923929477289E-009
          97  1.415476000855618E-009
          98  1.305653276562347E-009
          99  1.458401851445022E-009
         100  1.279085555783829E-009
         101  9.809667130201466E-010
         102  1.806429097336314E-009
         103  1.748030094939552E-009
         104  1.710775496847067E-009
         105  1.823042088355213E-009
         106  2.313322507116986E-009
         107  1.776085880253634E-009
         108  5.845370253100731E-009
         109  2.584308559011565E-009
         110  6.970154468040415E-009
         111  4.917273965854374E-009
         112  6.458748128460233E-009
         113  3.233858286718857E-009
         114  2.538133379908178E-009
         115  1.325732123809365E-009
         116  1.371896978420205E-009
         117  1.225997053983154E-009
         118  1.314495466562601E-009
         119  4.855764627752085E-010
         120  6.869974151966873E-010
         121  5.553993974980747E-010
         122  7.183189229160292E-010
         123  6.666493598055464E-010
         124  1.968157200516566E-008
         125  8.790867691097687E-008
         126  7.076443511184842E-007
         127  3.597013440570195E-006
         128  2.922459558541744E-005
         129  1.407865835570805E-004
         130  3.335262336227994E-004
         131  1.117526630289576E-003
         132  1.020554455360359E-003
         133  3.184853527667776E-005
         134  7.959966396164507E-005
         135  8.220700718891177E-005
         136  2.151703655562032E-004
         137  1.167626147886966E-004
         138  8.613377684757124E-005
         139  1.446180793092229E-005
         140  3.308374966390092E-005
         141  2.489149303807484E-005
         142  9.675638283845696E-006
         143  1.553604244132840E-006
         144  5.459462585022304E-006
         145  2.280541818373455E-006
         146  9.820807663674893E-006
         147  1.276396350687904E-005
         148  3.916788116399472E-005
         149  2.869120216841425E-005
         150  5.420239449652939E-005
         151  1.892435712230863E-005
         152  2.112730265138249E-005
         153  9.072501531767910E-006
         154  4.235558084344070E-005
         155  2.439174123285063E-005
         156  3.157007860063909E-005
         157  1.373830986191829E-005
         158  2.538793429607814E-005
         159  1.814224280460289E-005
         160  5.324641920872681E-005
         161  3.065546307754220E-005
         162  7.070668413006309E-005
         163  4.231281119691422E-005
         164  1.400427108328061E-004
         165  9.466094706546177E-005
         166  9.506611033428128E-005
         167  2.463119271974825E-005
         168  6.665015095183314E-005
         169  3.214054517067609E-005
         170  2.206225969761087E-005
         171  1.519815958680899E-005
         172  9.677643764522694E-005
         173  3.651806697256761E-005
         174  3.252320720902359E-005
         175  1.787500973233749E-005
         176  1.694636118888353E-005
         177  8.477992017808452E-006
         178  2.799736485075027E-005
         179  8.095213157044317E-006
         180  1.132973361089617E-005
         181  6.002056669480509E-006
         182  1.444931705793997E-005
         183  7.833613841391153E-006
         184  1.436400184355999E-005
         185  4.546510803173560E-006
         186  1.742759483158357E-005
         187  5.084341804343148E-006
         188  1.672261830486743E-005
         189  1.451949427715173E-005
         190  2.966031636791209E-005
         191  3.241914273765842E-005
         192  1.110633140488190E-004
         193  1.399762095996538E-004
         194  3.338001184181865E-004
         195  2.236331929056064E-004
         196  4.159886771071803E-004
         197  2.131918935341599E-004
         198  1.508065103224990E-004
         199  1.197877105535689E-005
         200  2.164619398993409E-006
         201  8.178369317187026E-008
         202  1.040347545443761E-007
         203  2.700809912565566E-008
         204  9.076899862821313E-008
         205  7.978963286746709E-008
         206  2.315926678138894E-006
         207  1.568217706804495E-006
         208  2.591260124884774E-006
         209  1.596437000894936E-006
         226  6.272898302448799E-014
         227  4.803650338965851E-015
         230  2.956102266437198E-012
         231  7.211250424045563E-012
         232  5.439478226650044E-007
         234  9.624815077520981E-012
         235  1.549598170616485E-007
         236  1.627370232864482E-009
         238  1.751581369135082E-007
         240  3.162859749365710E-013
         244  3.860912548921753E-009
