           1  7.438367082408464E-005
           2  6.470609901488105E-012
           3  1.574717819390911E-008
           4  8.051933635291823E-005
           6  5.674563962362780E-015
           7  3.114017005274736E-012
           8  2.708281752318958E-013
           9  1.912633244112939E-009
          10  2.713051082138141E-014
          14  2.084862636818977E-015
          15  2.054171470052034E-012
          16  1.250415197586996E-009
          17  9.285721136195591E-011
          18  4.420627600937573E-010
          19  1.885104962069989E-010
          20  4.568334203468219E-009
          21  7.705612903281276E-010
          22  1.703712424912714E-009
          23  4.808220286206411E-009
          24  1.120656588147460E-008
          25  1.345382597032523E-008
          26  1.213798886359851E-008
          27  2.761528483009382E-009
          28  1.652932463633647E-009
          29  7.992074913776255E-010
          30  2.716129609195427E-009
          31  4.915200802705789E-010
          32  5.747750862369229E-010
          33  7.623328197736661E-010
          34  4.455187133452596E-009
          35  2.946133396556188E-010
          36  1.130684369671144E-009
          37  8.074630368536795E-010
          38  1.081277089090570E-009
          39  3.083882659007242E-010
          40  6.021658319044208E-010
          41  8.394744773047691E-010
          42  6.259765358172147E-009
          43  5.445449345438134E-010
          44  9.185437717949566E-010
          45  4.082119377525582E-009
          46  7.248349169886968E-009
          47  8.163869131692048E-009
          48  6.137084798931612E-009
          49  5.296992452431069E-010
          50  3.161059564821357E-009
          51  1.576247665313167E-009
          52  6.297404162140095E-009
          53  2.208933987313166E-010
          54  5.494090326494476E-010
          55  3.859934666693973E-010
          56  4.276668340047953E-010
          57  1.147696782473217E-010
          58  2.100462009099274E-010
          59  1.482138764984000E-010
          60  1.636325203124241E-010
          61  1.617325764472993E-010
          62  8.155300980422191E-010
          63  3.401326333664063E-010
          64  3.525471990315579E-010
          65  3.027311451683876E-010
          66  4.339217875134584E-010
          67  5.743191957599868E-010
          68  8.968669575218821E-010
          69  1.697107473373654E-010
          70  5.123679420243258E-010
          71  1.767331295434717E-010
          72  2.139570925255997E-010
          73  2.047627560960939E-010
          74  4.194635951559959E-010
          75  9.782048335251780E-010
          76  2.734611692499064E-009
          77  5.375066203471534E-009
          78  1.015931226125931E-008
          79  7.815735458763569E-009
          80  3.267168934711466E-008
          81  1.192105976644773E-008
          82  1.075773844502911E-008
          83  4.714648733436488E-009
          84  5.030919636448990E-009
          85  3.424552798117718E-009
          86  3.702077338773647E-009
          87  2.394364703131526E-009
          88  5.985286348504497E-009
          89  2.812872916477682E-009
          90  5.330802096255724E-009
          91  3.452285761275481E-009
          92  2.745802689510044E-009
          93  2.324716050633718E-009
          94  5.869030270181699E-009
          95  2.938250692547571E-009
          96  3.326991132410946E-009
          97  1.458184065813331E-009
          98  1.371172491893881E-009
          99  1.531323939761241E-009
         100  1.359704479223912E-009
         101  1.026697942549080E-009
         102  1.761712458801028E-009
         103  1.686385195381386E-009
         104  1.630234189136362E-009
         105  1.702802219082167E-009
         106  2.150701717242267E-009
         107  1.632680568709184E-009
         108  5.321841918073545E-009
         109  2.417807506456690E-009
         110  6.952293349101990E-009
         111  4.911243590321123E-009
         112  6.645551999922334E-009
         113  3.397490648487180E-009
         114  2.746541430820639E-009
         115  1.467840972360530E-009
         116  1.541746177050245E-009
         117  1.317799697352023E-009
         118  1.407950306871414E-009
         119  5.473226054820549E-010
         120  7.640822933131022E-010
         121  6.167071144174532E-010
         122  7.786640903525282E-010
         123  6.807641202814768E-010
         124  1.637398006620080E-008
         125  6.904503966106918E-008
         126  5.711324145901567E-007
         127  2.945801683806865E-006
         128  2.482520429145020E-005
         129  1.263930778176219E-004
         130  3.258952879022052E-004
         131  1.104342851120813E-003
         132  1.044816840382052E-003
         133  3.274316771463966E-005
         134  8.311469740531539E-005
         135  8.613888286657399E-005
         136  2.185375331242691E-004
         137  1.177847822856461E-004
         138  8.687257399926040E-005
         139  1.418829324785955E-005
         140  3.394704675543799E-005
         141  2.546758319920727E-005
         142  1.015014831397916E-005
         143  1.637522681919335E-006
         144  5.426169472145492E-006
         145  1.855786564139724E-006
         146  7.166300733615635E-006
         147  9.705075939765546E-006
         148  1.144262284175814E-005
         149  7.784629795457600E-006
         150  4.446076599100219E-005
         151  1.948133584758343E-005
         152  1.930927210619197E-005
         153  7.424431937037836E-006
         154  5.201620958524767E-005
         155  2.106701745868078E-005
         156  3.001593766028886E-005
         157  2.345976665387044E-005
         158  6.166022223600929E-005
         159  3.912243655494014E-005
         160  7.434336295401495E-005
         161  4.215656120427787E-005
         162  1.471966526265199E-004
         163  1.116110595441766E-004
         164  1.114582874923583E-004
         165  3.788114868159077E-005
         166  4.871622085351044E-005
         167  1.952822318341415E-005
         168  5.814845923712644E-005
         169  2.957623126121264E-005
         170  3.357117785701616E-005
         171  2.180985735910254E-005
         172  5.511463738992493E-005
         173  2.827523259784994E-005
         174  4.245569108414484E-005
         175  1.780891664703679E-005
         176  2.917829203770452E-005
         177  1.281528409872581E-005
         178  1.329191027508448E-005
         179  6.155841068858079E-006
         180  1.248331575536719E-005
         181  5.997205958121865E-006
         182  1.318911263325074E-005
         183  6.906213527621910E-006
         184  1.231422944942266E-005
         185  3.842630202185753E-006
         186  1.452786227251211E-005
         187  4.166168356382193E-006
         188  1.309438573945182E-005
         189  1.125169331571203E-005
         190  2.355159833913719E-005
         191  2.807977784236673E-005
         192  9.801306691577638E-005
         193  1.262195406176132E-004
         194  3.108705679572275E-004
         195  2.225470217782135E-004
         196  4.379601274521563E-004
         197  2.327695547482391E-004
         198  1.718647268396134E-004
         199  1.368228370634602E-005
         200  2.416036580153257E-006
         201  8.364482202742666E-008
         202  1.016958119551016E-007
         203  2.574210660192427E-008
         204  7.964960474330787E-008
         205  6.879550218246730E-008
         206  2.146485556271241E-006
         207  1.428975367845178E-006
         208  2.386250229569319E-006
         209  1.511121350279883E-006
         226  6.108121884732528E-014
         227  4.674830636012904E-015
         230  2.878451407395482E-012
         231  7.017866003449940E-012
         232  5.355444594887819E-007
         234  9.371990549975821E-012
         235  1.508042528146841E-007
         236  1.491399536777443E-009
         238  1.705570850642859E-007
         240  2.893241535858445E-013
         244  3.531788772833729E-009
