           1  7.389454840864046E-005
           2  6.470609901488105E-012
           3  1.574717819390911E-008
           4  8.212496515711332E-005
           6  5.674563962362780E-015
           7  3.114017005274736E-012
           8  2.708281752318958E-013
           9  1.912633244112939E-009
          10  2.713051082138141E-014
          14  2.404974875426935E-015
          15  2.352081060770466E-012
          16  1.249469546998491E-009
          17  9.273449947286587E-011
          18  4.585522383250390E-010
          19  2.104462233134454E-010
          20  4.648912937652026E-009
          21  7.558056471402329E-010
          22  1.581479703545510E-009
          23  4.894177292200028E-009
          24  1.132518903604222E-008
          25  1.382587723790292E-008
          26  1.235738004339298E-008
          27  2.608921465240197E-009
          28  1.566691216348981E-009
          29  8.469328206507508E-010
          30  2.689515934262881E-009
          31  4.632422500155000E-010
          32  6.295119827436622E-010
          33  8.064179213027835E-010
          34  4.386113520107502E-009
          35  2.958949662463561E-010
          36  1.191915033364009E-009
          37  8.633302198465471E-010
          38  1.172539641821799E-009
          39  3.131017571852482E-010
          40  6.070572802451910E-010
          41  8.585975042250158E-010
          42  5.951506025390129E-009
          43  5.083706580390753E-010
          44  9.904148396443660E-010
          45  4.408874265587353E-009
          46  7.503044130712139E-009
          47  8.141453162266947E-009
          48  5.973989761130045E-009
          49  5.451163282749680E-010
          50  3.122365247317930E-009
          51  1.532264329617081E-009
          52  6.336837127479538E-009
          53  2.334323020607876E-010
          54  5.882059391031822E-010
          55  3.671629786662042E-010
          56  4.023446388122885E-010
          57  1.054044321492194E-010
          58  2.091711316482108E-010
          59  1.435189450280169E-010
          60  1.679728424561285E-010
          61  1.759983981169824E-010
          62  8.284323324102783E-010
          63  3.400078705413010E-010
          64  3.598122481726744E-010
          65  3.031906854262644E-010
          66  4.305510661249476E-010
          67  5.743656134390411E-010
          68  8.350469626056011E-010
          69  1.568074899992538E-010
          70  4.700698418551254E-010
          71  1.611874364857798E-010
          72  2.002527155144731E-010
          73  2.134414103395031E-010
          74  4.309491239969071E-010
          75  1.022189666302371E-009
          76  2.748269367052414E-009
          77  5.523480473169004E-009
          78  1.018897241412738E-008
          79  7.987624743758329E-009
          80  3.205693470136913E-008
          81  1.285585228174517E-008
          82  1.116089130580491E-008
          83  4.781134974246067E-009
          84  5.125615062113912E-009
          85  3.468037830158203E-009
          86  3.777354006267174E-009
          87  2.591410420528542E-009
          88  6.282649219523663E-009
          89  2.807546360277771E-009
          90  5.342944324513870E-009
          91  3.634209729411441E-009
          92  2.965466822050751E-009
          93  2.460944058938062E-009
          94  5.815499460601044E-009
          95  3.035951393245005E-009
          96  3.670510566058571E-009
          97  1.604969707885433E-009
          98  1.468437371731599E-009
          99  1.611334681427905E-009
         100  1.422617801103896E-009
         101  1.055270270052180E-009
         102  1.840795019909715E-009
         103  1.741545882105104E-009
         104  1.695498134726058E-009
         105  1.779801073163692E-009
         106  2.271346983448144E-009
         107  1.757475226620885E-009
         108  5.955340213291982E-009
         109  2.652463417659065E-009
         110  7.300905314086735E-009
         111  5.242227161238558E-009
         112  6.956057839990950E-009
         113  3.528193571677709E-009
         114  2.795159467040328E-009
         115  1.452173184161219E-009
         116  1.511298337872420E-009
         117  1.382197191889010E-009
         118  1.484303903108017E-009
         119  5.358556611973879E-010
         120  7.581301610493237E-010
         121  6.208365331793829E-010
         122  7.802851137367808E-010
         123  7.135716508629587E-010
         124  1.833936457994456E-008
         125  8.496225043318292E-008
         126  6.854871550374236E-007
         127  3.458879397676572E-006
         128  2.813159144817198E-005
         129  1.381920106313486E-004
         130  3.349837559094850E-004
         131  1.103265817734609E-003
         132  1.071114389825843E-003
         133  3.379883701750702E-005
         134  8.563746020679252E-005
         135  9.469635293560942E-005
         136  2.330754328466924E-004
         137  1.229357697357038E-004
         138  8.392118011590738E-005
         139  1.396173759596883E-005
         140  3.099065729957450E-005
         141  2.154135195600249E-005
         142  8.376053930216742E-006
         143  1.363101178275966E-006
         144  4.775347308600540E-006
         145  1.876623511191635E-006
         146  8.174604020167447E-006
         147  1.170923312732181E-005
         148  2.266593573190032E-005
         149  1.548150821752720E-005
         150  3.528125885530738E-005
         151  1.732926161245190E-005
         152  1.669844735036830E-005
         153  6.060308698132716E-006
         154  2.481674318115525E-005
         155  1.117113559839609E-005
         156  4.506242748507776E-005
         157  2.944674517093992E-005
         158  7.512614982274973E-005
         159  3.455586606537921E-005
         160  6.206999140036216E-005
         161  3.691153963495219E-005
         162  1.151369208580865E-004
         163  4.421804455056649E-005
         164  6.605832049930641E-005
         165  4.876002211344507E-005
         166  7.042604779078228E-005
         167  1.932676225386514E-005
         168  5.716332635133536E-005
         169  3.961753497410717E-005
         170  3.590097008220220E-005
         171  1.873214018581997E-005
         172  4.040901737143906E-005
         173  2.135608340642107E-005
         174  4.337397118172572E-005
         175  2.526757415182332E-005
         176  3.353518035995632E-005
         177  1.106732677680788E-005
         178  1.017896137995518E-005
         179  5.063651560021223E-006
         180  1.113383345117632E-005
         181  5.510374925883121E-006
         182  1.224721818683703E-005
         183  6.381969080429799E-006
         184  1.164290043609723E-005
         185  3.700834125046182E-006
         186  1.398433051250155E-005
         187  4.111170771251386E-006
         188  1.377575746118434E-005
         189  1.206987930647981E-005
         190  2.563856563715784E-005
         191  2.847837326796880E-005
         192  1.027609666807001E-004
         193  1.359549459438109E-004
         194  3.387363868090854E-004
         195  2.358317356980299E-004
         196  4.497010012669017E-004
         197  2.350607122186104E-004
         198  1.700815911100245E-004
         199  1.388444548760102E-005
         200  2.446044911572351E-006
         201  9.049864811677820E-008
         202  1.069430505755710E-007
         203  2.563054047965763E-008
         204  8.411899022632922E-008
         205  7.400481747369783E-008
         206  2.306101302228505E-006
         207  1.509630571812648E-006
         208  2.524623710771921E-006
         209  1.604028863421973E-006
         226  6.097299217507275E-014
         227  4.776136382103049E-015
         230  2.873351227291976E-012
         231  7.169946411660521E-012
         232  5.611701292143439E-007
         234  9.355384801617371E-012
         235  1.540722508523602E-007
         236  1.498535357969545E-009
         238  1.702548837314715E-007
         240  2.905911415042176E-013
         244  3.547254933021072E-009
