           1  7.397508405530142E-005
           2  6.470609901488105E-012
           3  1.574717819390911E-008
           4  8.232385371234140E-005
           6  5.674563962362780E-015
           7  3.114017005274736E-012
           8  2.708281752318958E-013
           9  1.912633244112939E-009
          10  2.713051082138141E-014
          14  2.412250060394158E-015
          15  2.329413458831581E-012
          16  1.287395882717274E-009
          17  9.487126329060762E-011
          18  4.554880957259467E-010
          19  2.055585141912018E-010
          20  4.741965337557899E-009
          21  7.851880774262808E-010
          22  1.577114689344234E-009
          23  4.973503198543369E-009
          24  1.148919730464211E-008
          25  1.389092526213467E-008
          26  1.201448042460921E-008
          27  2.668805451822472E-009
          28  1.634288017617973E-009
          29  8.404586478218468E-010
          30  2.688625709553836E-009
          31  4.890156593918748E-010
          32  6.470398204317331E-010
          33  8.042424783195808E-010
          34  4.416408672057463E-009
          35  2.942164366185550E-010
          36  1.135223278058396E-009
          37  8.064639632918273E-010
          38  1.083205874241208E-009
          39  3.126450774395563E-010
          40  6.296653679666771E-010
          41  8.796445567379766E-010
          42  6.137314089709932E-009
          43  5.408608079690327E-010
          44  9.740515601707870E-010
          45  4.375134829730820E-009
          46  7.417091031517689E-009
          47  8.118439448079559E-009
          48  6.027307735232269E-009
          49  5.179287040547700E-010
          50  3.098956823862419E-009
          51  1.562511539027873E-009
          52  6.378415769914858E-009
          53  2.218617457790974E-010
          54  5.291461941629779E-010
          55  3.556004737253414E-010
          56  4.079184853089798E-010
          57  1.111559293630430E-010
          58  2.000747786699328E-010
          59  1.424547719450514E-010
          60  1.703851405605822E-010
          61  1.763594517626048E-010
          62  8.606874972114378E-010
          63  3.513279083389828E-010
          64  3.488285893505631E-010
          65  2.940331117553090E-010
          66  4.345761198838855E-010
          67  5.773568966646151E-010
          68  8.779232564109136E-010
          69  1.614795070377922E-010
          70  4.746834637603663E-010
          71  1.646940764224530E-010
          72  2.047095880710847E-010
          73  2.054310048310511E-010
          74  4.338914789202224E-010
          75  1.029911369548583E-009
          76  2.774083975065472E-009
          77  5.369256042894579E-009
          78  1.025450682903806E-008
          79  8.051017006130953E-009
          80  3.260174923435782E-008
          81  1.252003475372724E-008
          82  1.105614377199935E-008
          83  4.831529942726739E-009
          84  5.325615193612811E-009
          85  3.521499755944750E-009
          86  3.834506801204832E-009
          87  2.622570302096497E-009
          88  6.263048394468746E-009
          89  2.844464428673999E-009
          90  5.440060208656924E-009
          91  3.693346013680045E-009
          92  3.041931589269903E-009
          93  2.521870327212801E-009
          94  5.933848459337906E-009
          95  3.055704844059609E-009
          96  3.443465243354531E-009
          97  1.518311183253138E-009
          98  1.425382868168293E-009
          99  1.600819104120004E-009
         100  1.444194198990166E-009
         101  1.064168474197597E-009
         102  1.832312822679077E-009
         103  1.742893584415309E-009
         104  1.704712096339117E-009
         105  1.801780913694882E-009
         106  2.334044263239180E-009
         107  1.781637498446704E-009
         108  5.960980809846459E-009
         109  2.635223876883827E-009
         110  7.236666417241747E-009
         111  5.178208374514836E-009
         112  6.972348811178090E-009
         113  3.579838142676562E-009
         114  2.879133383989607E-009
         115  1.514176438219967E-009
         116  1.582684515968048E-009
         117  1.405855885111380E-009
         118  1.492887631310494E-009
         119  5.376820680863835E-010
         120  7.375599413367473E-010
         121  6.002278867892555E-010
         122  7.676931464499812E-010
         123  6.932265875335442E-010
         124  1.780992546799356E-008
         125  7.899055477531658E-008
         126  6.502451085049584E-007
         127  3.286843455581414E-006
         128  2.697224578917709E-005
         129  1.353700331900571E-004
         130  3.373563259607958E-004
         131  1.120147918347179E-003
         132  1.069191823437878E-003
         133  3.353556727920877E-005
         134  8.395278472079316E-005
         135  9.083281902965851E-005
         136  2.295045735742066E-004
         137  1.222857980251965E-004
         138  8.504665478042198E-005
         139  1.407502086130074E-005
         140  3.185311780770557E-005
         141  2.371675292061296E-005
         142  9.357002599034664E-006
         143  1.529918213360455E-006
         144  5.426144818447383E-006
         145  2.420609473223258E-006
         146  1.101240362364596E-005
         147  1.510305406684080E-005
         148  1.984239354584745E-005
         149  1.194690489533394E-005
         150  2.199759997646595E-005
         151  2.965293295519859E-005
         152  3.843096017298094E-005
         153  1.195669371076877E-005
         154  5.378220078069031E-005
         155  3.273181238738344E-005
         156  4.688252864922246E-005
         157  1.855953264219681E-005
         158  2.827153302177109E-005
         159  2.182922920361972E-005
         160  3.489984418254547E-005
         161  1.983149917725192E-005
         162  6.562486454720742E-005
         163  5.527978748993539E-005
         164  8.673125919773799E-005
         165  4.258213811464282E-005
         166  1.017184122309893E-004
         167  2.943912339243288E-005
         168  5.549295835516856E-005
         169  2.503912714305825E-005
         170  2.743392145439895E-005
         171  1.857583894620124E-005
         172  3.680463476137722E-005
         173  2.453991763887982E-005
         174  4.895785978787981E-005
         175  2.490236814281137E-005
         176  2.975956927637261E-005
         177  1.565525768990103E-005
         178  2.634814564951363E-005
         179  9.392744471066592E-006
         180  1.393210878740338E-005
         181  6.446528116724150E-006
         182  1.372690399844205E-005
         183  7.157776418930681E-006
         184  1.309815497241378E-005
         185  4.167213953213432E-006
         186  1.575571459141533E-005
         187  4.516164286010996E-006
         188  1.437059997573281E-005
         189  1.222479702660980E-005
         190  2.594324798793805E-005
         191  2.914048062871361E-005
         192  1.030490145180470E-004
         193  1.345008232482070E-004
         194  3.369959526534775E-004
         195  2.334562883150042E-004
         196  4.435208860140825E-004
         197  2.365355963582758E-004
         198  1.750047144947210E-004
         199  1.431995688279498E-005
         200  2.543039439415804E-006
         201  9.169015439731944E-008
         202  1.067032064045373E-007
         203  2.563648164258910E-008
         204  9.094222864255094E-008
         205  8.044950906591789E-008
         206  2.329653636430269E-006
         207  1.538245475334757E-006
         208  2.577226806344272E-006
         209  1.617982014038026E-006
         226  6.321129334566143E-014
         227  4.864705764530515E-015
         230  2.978831132183200E-012
         231  7.302906962807760E-012
         232  5.665921174955384E-007
         234  9.698818312189426E-012
         235  1.569293895551698E-007
         236  1.560298644401019E-009
         238  1.765048920049771E-007
         240  3.026482870507884E-013
         244  3.694436876685399E-009
