           1  7.437625496035125E-005
           2  6.470609901488105E-012
           3  1.574717819390911E-008
           4  8.194718332501643E-005
           6  5.674563962362780E-015
           7  3.114017005274736E-012
           8  2.708281752318958E-013
           9  1.912633244112939E-009
          10  2.713051082138141E-014
          14  2.046503571729670E-015
          15  2.089700079338050E-012
          16  1.252636447205577E-009
          17  9.279622689927840E-011
          18  4.557866709950455E-010
          19  2.087121699752833E-010
          20  4.663869524978616E-009
          21  7.600519235344848E-010
          22  1.609586883788983E-009
          23  4.900832367898922E-009
          24  1.134525947457018E-008
          25  1.384319440022910E-008
          26  1.185298411297130E-008
          27  2.530192273155032E-009
          28  1.590555339166827E-009
          29  8.795149660228243E-010
          30  2.748773541008101E-009
          31  4.814965484754445E-010
          32  6.389711057117355E-010
          33  8.159350828439859E-010
          34  4.403666868292550E-009
          35  2.928903955165998E-010
          36  1.157760403097518E-009
          37  7.407454380935581E-010
          38  9.840007732426361E-010
          39  2.855971766202375E-010
          40  6.304983757514655E-010
          41  9.163701837393536E-010
          42  6.173919429824138E-009
          43  5.340930078030818E-010
          44  1.003369568016259E-009
          45  4.435997285352431E-009
          46  7.395241363375783E-009
          47  8.072349697568064E-009
          48  5.990552976621569E-009
          49  4.934546922987287E-010
          50  3.089876744052449E-009
          51  1.575593479027857E-009
          52  6.316237473363196E-009
          53  2.171751344779852E-010
          54  5.233903650764463E-010
          55  3.391264629654605E-010
          56  4.035771426946080E-010
          57  1.082924609937502E-010
          58  2.134562934345264E-010
          59  1.489329492181842E-010
          60  1.740322596988107E-010
          61  1.782670040899228E-010
          62  8.506279129595101E-010
          63  3.503912843295403E-010
          64  3.664267528631969E-010
          65  3.111650335297482E-010
          66  4.469974208000015E-010
          67  5.845469515244815E-010
          68  8.543887922328246E-010
          69  1.590400443571477E-010
          70  4.758040747372720E-010
          71  1.648452594779917E-010
          72  2.077328472136619E-010
          73  2.196888381062850E-010
          74  4.460265779948794E-010
          75  1.048903843669674E-009
          76  2.790117116724258E-009
          77  5.464520588379598E-009
          78  1.026789250056291E-008
          79  8.047158234032288E-009
          80  3.215533257650932E-008
          81  1.215259750091540E-008
          82  1.060534954048554E-008
          83  4.615804004272924E-009
          84  5.332461421698811E-009
          85  3.556647520602618E-009
          86  3.843743981534961E-009
          87  2.532844424693013E-009
          88  5.978664655258805E-009
          89  2.725130140556241E-009
          90  5.267801924403774E-009
          91  3.604527546953436E-009
          92  2.991371952552428E-009
          93  2.442276439975063E-009
          94  5.501883651514002E-009
          95  2.853969484896785E-009
          96  3.420742402717121E-009
          97  1.501895851078260E-009
          98  1.398826708748078E-009
          99  1.552179650635221E-009
         100  1.371632413630612E-009
         101  1.015774640920711E-009
         102  1.764368227807295E-009
         103  1.682050229049845E-009
         104  1.650932127460080E-009
         105  1.759376641848668E-009
         106  2.250030123789626E-009
         107  1.723538382801461E-009
         108  5.795213024148947E-009
         109  2.577471578405400E-009
         110  6.968325521018866E-009
         111  4.959864373374796E-009
         112  6.558686276103552E-009
         113  3.319252439703128E-009
         114  2.631442202885481E-009
         115  1.377163881472432E-009
         116  1.417772754281303E-009
         117  1.262070280681521E-009
         118  1.355480039386921E-009
         119  4.970317191654401E-010
         120  6.986422432580455E-010
         121  5.692906312694533E-010
         122  7.355584024195221E-010
         123  6.726390725526819E-010
         124  1.863890024192130E-008
         125  8.254983861115816E-008
         126  6.747651100731465E-007
         127  3.450312784871392E-006
         128  2.829134590297332E-005
         129  1.384382513081725E-004
         130  3.339796897379336E-004
         131  1.100457745038913E-003
         132  1.039050486897115E-003
         133  3.338017074367826E-005
         134  8.275786044262144E-005
         135  8.220050799134354E-005
         136  2.164274402698833E-004
         137  1.179184969744014E-004
         138  9.086923775936377E-005
         139  1.466660799660172E-005
         140  3.299161786395643E-005
         141  2.452121120918232E-005
         142  9.763816645513597E-006
         143  1.608671945763648E-006
         144  5.767770825136293E-006
         145  2.318128285952267E-006
         146  9.614273048256907E-006
         147  1.234150788754613E-005
         148  1.984522004942999E-005
         149  1.184863141310590E-005
         150  1.822996920484605E-005
         151  1.280772878465009E-005
         152  6.197922288022747E-005
         153  3.916092126634201E-005
         154  3.898631970330816E-005
         155  1.252345271207624E-005
         156  1.808515754734165E-005
         157  1.262615603325865E-005
         158  3.253779697407607E-005
         159  1.877516628762351E-005
         160  4.217053612823680E-005
         161  2.361026136865516E-005
         162  1.034844434181757E-004
         163  7.737886119612589E-005
         164  1.499786055126209E-004
         165  7.526484022265101E-005
         166  1.507129308607544E-004
         167  3.330227693012353E-005
         168  4.519996139944181E-005
         169  2.434979793238163E-005
         170  2.976881627368711E-005
         171  2.341202583047411E-005
         172  3.643088709344596E-005
         173  2.021062064549537E-005
         174  5.100021974154497E-005
         175  2.842305644665473E-005
         176  1.816528896826613E-005
         177  6.212644868903877E-006
         178  7.678533410574640E-006
         179  4.326246238375757E-006
         180  9.877535412812864E-006
         181  4.908763979724142E-006
         182  1.131718145570516E-005
         183  6.144214866036956E-006
         184  1.164169061822457E-005
         185  3.777648271043360E-006
         186  1.482781658310735E-005
         187  4.376200618092687E-006
         188  1.460844646053045E-005
         189  1.267448283975124E-005
         190  2.662016063103365E-005
         191  2.944276343352859E-005
         192  1.041714231223878E-004
         193  1.361019551197674E-004
         194  3.356855209102619E-004
         195  2.281576149977306E-004
         196  4.261493357909275E-004
         197  2.225106849792699E-004
         198  1.597932131255329E-004
         199  1.290655570368008E-005
         200  2.362126053636279E-006
         201  9.270525247974821E-008
         202  1.137830469561395E-007
         203  2.777824847622272E-008
         204  9.135913666668614E-008
         205  7.897064806506598E-008
         206  2.308509463870836E-006
         207  1.520472525000686E-006
         208  2.529851333479493E-006
         209  1.599585752838693E-006
         226  6.300971942183376E-014
         227  4.842273989480480E-015
         230  2.969331964424511E-012
         231  7.269232332906099E-012
         232  5.610139655133562E-007
         234  9.667889837858283E-012
         235  1.562057682437006E-007
         236  1.604604653770660E-009
         238  1.759420371451395E-007
         240  3.116087330902455E-013
         244  3.803817314956853E-009
