           1  7.441747682195520E-005
           2  6.470609901488105E-012
           3  1.574717819390911E-008
           4  8.405865376182521E-005
           6  5.674563962362780E-015
           7  3.114017005274736E-012
           8  2.708281752318958E-013
           9  1.912633244112939E-009
          10  2.713051082138141E-014
          14  2.066422474833155E-015
          15  2.034990615537084E-012
          16  1.201877296259421E-009
          17  8.995104577169420E-011
          18  4.596153391234085E-010
          19  2.151607921399925E-010
          20  4.564060984061632E-009
          21  7.367066358007914E-010
          22  1.532042579940020E-009
          23  4.836500800236661E-009
          24  1.119584841017749E-008
          25  1.374211655587392E-008
          26  1.229655474668462E-008
          27  2.553881963778212E-009
          28  1.532180121997805E-009
          29  8.532004098210346E-010
          30  2.635998410804570E-009
          31  4.486362172738552E-010
          32  6.471574603041757E-010
          33  7.961160875058824E-010
          34  4.329628106786447E-009
          35  2.927444403395190E-010
          36  1.196956810587127E-009
          37  8.532587911349442E-010
          38  1.157916740246698E-009
          39  3.038416784206467E-010
          40  6.049009258968963E-010
          41  8.657870138137732E-010
          42  5.799951027804821E-009
          43  4.868127337726051E-010
          44  9.930671522579931E-010
          45  4.437340199740089E-009
          46  7.500888107420384E-009
          47  8.151868644504532E-009
          48  5.991682179925821E-009
          49  5.381013525154911E-010
          50  3.116770326717152E-009
          51  1.533130537107441E-009
          52  6.345685057311928E-009
          53  2.295759776331955E-010
          54  5.787506978384982E-010
          55  3.513655731924744E-010
          56  3.876473222172045E-010
          57  1.003926177981481E-010
          58  2.070585403962639E-010
          59  1.418071046988804E-010
          60  1.685254306965960E-010
          61  1.773498643276138E-010
          62  8.238741132611664E-010
          63  3.386991044124843E-010
          64  3.640972670002452E-010
          65  3.094431665740863E-010
          66  4.358475418023423E-010
          67  5.800724013642427E-010
          68  8.267079476201177E-010
          69  1.556691922137391E-010
          70  4.664519033079266E-010
          71  1.600167968170125E-010
          72  2.002280005003171E-010
          73  2.178828216821593E-010
          74  4.361703696042122E-010
          75  1.035736300106340E-009
          76  2.777331126609379E-009
          77  5.619944431721972E-009
          78  1.021673615151647E-008
          79  7.920002770896676E-009
          80  3.127447169557552E-008
          81  1.268495863142227E-008
          82  1.084527955344663E-008
          83  4.583481698935844E-009
          84  5.041722693450224E-009
          85  3.390893855053405E-009
          86  3.672561224852376E-009
          87  2.504816616334560E-009
          88  6.049981232095261E-009
          89  2.723942479729824E-009
          90  5.189298496509116E-009
          91  3.461451428433414E-009
          92  2.881425542299493E-009
          93  2.399524807328971E-009
          94  5.558368932325897E-009
          95  2.877540445235503E-009
          96  3.611610304493347E-009
          97  1.569028999881737E-009
          98  1.435626230432317E-009
          99  1.576316679896639E-009
         100  1.371023932179476E-009
         101  1.018913671070570E-009
         102  1.755040481398185E-009
         103  1.649554252042888E-009
         104  1.594565514827368E-009
         105  1.686682402290338E-009
         106  2.149067538942295E-009
         107  1.672644107232220E-009
         108  5.711194662532901E-009
         109  2.561600936262369E-009
         110  7.067634113376403E-009
         111  5.043071925698540E-009
         112  6.612202743839202E-009
         113  3.315186540248758E-009
         114  2.594655120490115E-009
         115  1.354954036139014E-009
         116  1.411104137743572E-009
         117  1.323583585486040E-009
         118  1.430683767804795E-009
         119  5.077037056291713E-010
         120  7.233271339010333E-010
         121  5.915637869721034E-010
         122  7.681519382450264E-010
         123  6.877385919108755E-010
         124  1.929812416124730E-008
         125  8.325084333859150E-008
         126  6.727382681892330E-007
         127  3.444677766731178E-006
         128  2.817257305977363E-005
         129  1.370891919239475E-004
         130  3.292236315141475E-004
         131  1.077404988886365E-003
         132  1.043333201562519E-003
         133  3.403502623648539E-005
         134  8.618544980381524E-005
         135  8.941127150238560E-005
         136  2.211217889793614E-004
         137  1.177979179512969E-004
         138  8.672400500228422E-005
         139  1.472151295232930E-005
         140  3.402164750043169E-005
         141  2.526440251563102E-005
         142  9.894770160578872E-006
         143  1.632534321536700E-006
         144  6.096887203356725E-006
         145  2.347104783163875E-006
         146  7.249691571792056E-006
         147  4.835762264162709E-006
         148  1.776514134362789E-005
         149  1.487210712647167E-005
         150  2.717877259573493E-005
         151  1.433228634180641E-005
         152  2.919572250716272E-005
         153  1.517555376707609E-005
         154  3.782851445433203E-005
         155  1.886526436043616E-005
         156  8.798527577205808E-005
         157  3.729533341827055E-005
         158  5.156006351535197E-005
         159  2.196452414765284E-005
         160  4.729092793282812E-005
         161  2.476051925489425E-005
         162  5.372173432273229E-005
         163  3.476056530453502E-005
         164  1.250371411738486E-004
         165  9.120002751745329E-005
         166  1.550060073722451E-004
         167  4.088652877663261E-005
         168  9.523398125077523E-005
         169  4.128265939630840E-005
         170  2.861050403168376E-005
         171  1.134490661410404E-005
         172  2.427924544826560E-005
         173  1.860509595813847E-005
         174  4.280482598889512E-005
         175  2.135407042286958E-005
         176  1.706921586959740E-005
         177  8.776167685766032E-006
         178  2.070887303031055E-005
         179  8.929841194710661E-006
         180  1.463561278495885E-005
         181  6.437009930223522E-006
         182  1.279768792913189E-005
         183  6.380480200382857E-006
         184  1.126684735245394E-005
         185  3.552726923299454E-006
         186  1.345104707073542E-005
         187  3.977074664451553E-006
         188  1.351081887073280E-005
         189  1.202207990091473E-005
         190  2.524039289580453E-005
         191  2.841686471727314E-005
         192  1.021050266881487E-004
         193  1.341465612490589E-004
         194  3.286127045013782E-004
         195  2.257345830432791E-004
         196  4.268095734299646E-004
         197  2.204478676266455E-004
         198  1.568767290799010E-004
         199  1.260484156563467E-005
         200  2.273909364601163E-006
         201  8.999918058820149E-008
         202  1.106707901208674E-007
         203  2.672811360065835E-008
         204  8.028933663819226E-008
         205  6.885754485794967E-008
         206  2.412439776112682E-006
         207  1.545722070445597E-006
         208  2.614706700711237E-006
         209  1.696152963417940E-006
         226  7.057723962894507E-014
         227  5.477126709608027E-015
         230  3.325951226477876E-012
         231  8.222274628697312E-012
         232  6.337498338697965E-007
         234  1.082901152478913E-011
         235  1.766853315820334E-007
         236  1.778095678656227E-009
         238  1.970728235316414E-007
         240  3.451531273515281E-013
         244  4.213294759460479E-009
