           1  7.508905900830538E-005
           2  6.470609901488105E-012
           3  1.574717819390911E-008
           4  8.473755663694144E-005
           6  5.674563962362780E-015
           7  3.114017005274736E-012
           8  2.708281752318958E-013
           9  1.912633244112939E-009
          10  2.713051082138141E-014
          14  1.623143848993177E-015
          15  1.708216912305215E-012
          16  1.207145556640741E-009
          17  9.018194363066895E-011
          18  4.391303301703788E-010
          19  1.894326957124172E-010
          20  4.616699296936154E-009
          21  7.624198408466877E-010
          22  1.516699476285757E-009
          23  4.870113876786893E-009
          24  1.126165613365544E-008
          25  1.369967069107936E-008
          26  1.138924038421513E-008
          27  2.514093883312449E-009
          28  1.592535543250985E-009
          29  8.304530837410376E-010
          30  2.642173168509726E-009
          31  4.744969446435174E-010
          32  6.181041721035186E-010
          33  8.092794613908755E-010
          34  4.357777042738740E-009
          35  2.868553106741763E-010
          36  1.118952264973644E-009
          37  7.234666741821548E-010
          38  9.580850155721577E-010
          39  2.893821310074839E-010
          40  6.267874081319251E-010
          41  8.909126788102221E-010
          42  6.226466786095862E-009
          43  5.329361044109285E-010
          44  9.819016353318467E-010
          45  4.427861266202239E-009
          46  7.281411544965988E-009
          47  7.952125916927217E-009
          48  5.933531055515040E-009
          49  4.981103873672414E-010
          50  3.106007029616541E-009
          51  1.580413755679713E-009
          52  6.273624103956209E-009
          53  2.165923161177188E-010
          54  5.303847172440222E-010
          55  3.567648319487925E-010
          56  4.262937469706326E-010
          57  1.149617220517761E-010
          58  2.119161712626121E-010
          59  1.514729481958565E-010
          60  1.778369318901966E-010
          61  1.822759196577395E-010
          62  8.857802349876385E-010
          63  3.621079129216003E-010
          64  3.611560062169390E-010
          65  3.095335064782451E-010
          66  4.493062861531781E-010
          67  5.907626651614445E-010
          68  8.886932271669596E-010
          69  1.646270051737940E-010
          70  4.889518757485618E-010
          71  1.706897040527180E-010
          72  2.140539606503796E-010
          73  2.191638425390682E-010
          74  4.640471782769072E-010
          75  1.096921402457649E-009
          76  2.903495345300077E-009
          77  5.461798772459740E-009
          78  1.007804907586550E-008
          79  7.839730204465378E-009
          80  3.174091192256479E-008
          81  1.148315364050267E-008
          82  1.002749569117374E-008
          83  4.352425975349880E-009
          84  5.130159620456735E-009
          85  3.413066421121247E-009
          86  3.671700948922055E-009
          87  2.398555900190256E-009
          88  5.709192821371364E-009
          89  2.641192354739153E-009
          90  5.051511412799421E-009
          91  3.328408274836756E-009
          92  2.819615998658667E-009
          93  2.347988271826107E-009
          94  5.439948665303953E-009
          95  2.687900929661584E-009
          96  3.068981986564139E-009
          97  1.337215928738479E-009
          98  1.272316916847614E-009
          99  1.435808303144762E-009
         100  1.263543260514029E-009
         101  9.548041019556273E-010
         102  1.653287438956381E-009
         103  1.585466301212249E-009
         104  1.531304857313207E-009
         105  1.645465298337851E-009
         106  2.137379651505220E-009
         107  1.639132361460983E-009
         108  5.418550519219969E-009
         109  2.427741978959178E-009
         110  6.615735983918982E-009
         111  4.598541088974422E-009
         112  6.037296216871380E-009
         113  3.026714487848559E-009
         114  2.394596644999286E-009
         115  1.276126301365191E-009
         116  1.326932382261909E-009
         117  1.204460417556236E-009
         118  1.285023021833241E-009
         119  4.579055987926407E-010
         120  6.385874689202461E-010
         121  5.145948095930118E-010
         122  7.078900639375203E-010
         123  6.181666077281125E-010
         124  1.902486208344548E-008
         125  7.337430186102527E-008
         126  6.113113595867266E-007
         127  3.203682194985071E-006
         128  2.675517946067908E-005
         129  1.312229119209840E-004
         130  3.190271209056488E-004
         131  1.071336795492110E-003
         132  9.976386220838104E-004
         133  3.349923199936580E-005
         134  8.365827249432857E-005
         135  7.491123738226273E-005
         136  1.994689016979411E-004
         137  1.108437993362133E-004
         138  9.371623006442215E-005
         139  1.363378662669612E-005
         140  3.132440188805728E-005
         141  2.395167359317406E-005
         142  9.334423258527958E-006
         143  1.921534678987853E-006
         144  1.123212603914022E-005
         145  7.522147856806150E-006
         146  3.111001883549097E-005
         147  2.193430617866915E-005
         148  3.160378700850271E-005
         149  2.223734301218192E-005
         150  9.485810713081372E-005
         151  3.180626112778223E-005
         152  4.325112897961807E-005
         153  2.524725663934640E-005
         154  4.134277846292379E-005
         155  2.077689199329524E-005
         156  2.903199222831730E-005
         157  2.684444426446374E-005
         158  4.534968758156539E-005
         159  2.712490906902279E-005
         160  5.490552008202441E-005
         161  2.683309661783221E-005
         162  1.038505492902700E-004
         163  9.138284245179164E-005
         164  1.218318891575502E-004
         165  5.530961749795707E-005
         166  5.729025640540861E-005
         167  2.286391783287470E-005
         168  1.015562099450340E-004
         169  3.866043458705013E-005
         170  8.289275516597209E-005
         171  3.932950242007505E-005
         172  4.128861777580661E-005
         173  1.936764616205925E-005
         174  3.136677544268910E-005
         175  1.526202902921688E-005
         176  1.562298552367375E-005
         177  5.329610742666377E-006
         178  1.053902529618003E-005
         179  6.675977601285671E-006
         180  1.393620107882141E-005
         181  6.187746238192396E-006
         182  1.292040660929100E-005
         183  6.817042024875631E-006
         184  1.245337517574562E-005
         185  4.015338445898217E-006
         186  1.597487849317800E-005
         187  4.583285409238813E-006
         188  1.454596579910580E-005
         189  1.259436549015372E-005
         190  2.581321572856734E-005
         191  3.007412012066481E-005
         192  1.036861463480278E-004
         193  1.325682237618957E-004
         194  3.203177728973136E-004
         195  2.175390435972317E-004
         196  4.104795069843669E-004
         197  2.146720314112547E-004
         198  1.542258146304231E-004
         199  1.215710927517546E-005
         200  2.295194571899525E-006
         201  9.238583198421557E-008
         202  1.214396492236266E-007
         203  3.150835034937388E-008
         204  8.739694616206710E-008
         205  7.171705683607610E-008
         206  2.465429054946718E-006
         207  1.615560169244543E-006
         208  2.732892675048439E-006
         209  1.744680445845048E-006
         210  1.067142314819891E-015
         226  7.557399781987222E-014
         227  5.645870772847613E-015
         230  3.561423371901821E-012
         231  8.475593586515879E-012
         232  6.360785501536913E-007
         234  1.159568860539775E-011
         235  1.821288062991117E-007
         236  1.958294557733336E-009
         238  2.110252712381262E-007
         240  3.808710593013563E-013
         244  4.649304644863335E-009
