           1  7.487668591850555E-005
           2  6.470609901488105E-012
           3  1.574717819390911E-008
           4  8.165595127740224E-005
           6  5.674563962362780E-015
           7  3.114017005274736E-012
           8  2.708281752318958E-013
           9  1.912633244112939E-009
          10  2.713051082138141E-014
          14  1.768666362477989E-015
          15  1.789492326423349E-012
          16  1.209098072530454E-009
          17  9.034132114085476E-011
          18  4.535127068046155E-010
          19  2.075000982472788E-010
          20  4.574751231075064E-009
          21  7.575547612790699E-010
          22  1.548498389317290E-009
          23  4.846056275045498E-009
          24  1.122107306097490E-008
          25  1.363433096957091E-008
          26  1.187054070912370E-008
          27  2.610246172407693E-009
          28  1.583928436834439E-009
          29  8.294314896136907E-010
          30  2.624827609336258E-009
          31  4.668179656029727E-010
          32  6.395343587718454E-010
          33  7.721174152069404E-010
          34  4.367335149588828E-009
          35  2.928441899653179E-010
          36  1.162328486494303E-009
          37  7.669422033254216E-010
          38  1.017576712102446E-009
          39  2.900045608842285E-010
          40  6.171601652518345E-010
          41  8.849892712429190E-010
          42  6.011573801118041E-009
          43  5.075151740121154E-010
          44  9.577207878546408E-010
          45  4.336485197062983E-009
          46  7.369061268084145E-009
          47  8.175135569210520E-009
          48  6.103183275462354E-009
          49  5.010600215014735E-010
          50  3.117750313766964E-009
          51  1.576043408987904E-009
          52  6.219664423740666E-009
          53  2.104336220234596E-010
          54  5.115247075014312E-010
          55  3.373872836308686E-010
          56  3.990763994778068E-010
          57  1.052517102630053E-010
          58  1.981997709589531E-010
          59  1.404062707128019E-010
          60  1.662713108165400E-010
          61  1.751273690265443E-010
          62  8.520500618037968E-010
          63  3.466319986359641E-010
          64  3.555015350973195E-010
          65  3.055516893277146E-010
          66  4.379788373386679E-010
          67  5.934459918509896E-010
          68  8.826269267905387E-010
          69  1.628376843295406E-010
          70  4.820490943724492E-010
          71  1.671932984585627E-010
          72  2.052932778818783E-010
          73  2.129865309986321E-010
          74  4.449150195898801E-010
          75  1.047664011127075E-009
          76  2.827297657446063E-009
          77  5.450535990225686E-009
          78  1.025605517057429E-008
          79  7.897768392479581E-009
          80  3.162976393294575E-008
          81  1.200579492603624E-008
          82  1.038914682391731E-008
          83  4.450920926993068E-009
          84  5.172167937913211E-009
          85  3.416594663968005E-009
          86  3.661825247414527E-009
          87  2.375928923070552E-009
          88  5.726206690840298E-009
          89  2.689775976799752E-009
          90  5.178037234957499E-009
          91  3.319513392942007E-009
          92  2.804719763284147E-009
          93  2.369948857441262E-009
          94  5.552754219634217E-009
          95  2.765963432766092E-009
          96  3.273550413962828E-009
          97  1.411674400083563E-009
          98  1.309789844734242E-009
          99  1.482349651560340E-009
         100  1.302128497423994E-009
         101  9.822392626774593E-010
         102  1.691235785662431E-009
         103  1.587740690595630E-009
         104  1.525934734612868E-009
         105  1.632222902717878E-009
         106  2.098115273135584E-009
         107  1.628072282661509E-009
         108  5.462948107468426E-009
         109  2.444070288837910E-009
         110  6.796560508738624E-009
         111  4.809921473305156E-009
         112  6.357544217266666E-009
         113  3.178499793456613E-009
         114  2.498526986558020E-009
         115  1.331081286749776E-009
         116  1.383387496058440E-009
         117  1.224378238299958E-009
         118  1.313460229775572E-009
         119  4.888354359991680E-010
         120  6.882080846943037E-010
         121  5.591116876357898E-010
         122  7.279108577739196E-010
         123  6.456581466462666E-010
         124  1.790470798217740E-008
         125  7.481863807401141E-008
         126  6.117130004770707E-007
         127  3.189167034430384E-006
         128  2.666248169630098E-005
         129  1.320403108797706E-004
         130  3.272200402088150E-004
         131  1.076361108581945E-003
         132  1.015576300976889E-003
         133  3.339098748683714E-005
         134  8.337143522689868E-005
         135  7.872603851173582E-005
         136  2.034253193333950E-004
         137  1.111623071740388E-004
         138  8.969913966135564E-005
         139  1.383504305646895E-005
         140  3.222958194272700E-005
         141  2.458525300803388E-005
         142  9.633481192740565E-006
         143  1.758562845640268E-006
         144  8.270629195220634E-006
         145  4.772629048271643E-006
         146  1.976739938743626E-005
         147  1.692649780328685E-005
         148  2.357207721722673E-005
         149  1.556644462974402E-005
         150  3.682805185594985E-005
         151  1.841158090623758E-005
         152  2.406577197423244E-005
         153  9.793022029859908E-006
         154  2.663567782600175E-005
         155  1.621677543504853E-005
         156  8.094889394021411E-005
         157  3.808948096000059E-005
         158  4.804113228151651E-005
         159  2.778291927018531E-005
         160  3.129982023513961E-005
         161  1.807415455631937E-005
         162  1.754257468009612E-004
         163  5.989474487361731E-005
         164  5.941071435480316E-005
         165  3.021278771243135E-005
         166  8.039887434231854E-005
         167  4.309982501745374E-005
         168  2.102719526587247E-004
         169  8.099300249433353E-005
         170  4.721949079101601E-005
         171  2.038999589455775E-005
         172  2.831650700614820E-005
         173  1.681396377262941E-005
         174  3.484603133947992E-005
         175  2.585003743731696E-005
         176  5.292636480473654E-005
         177  1.680348129380713E-005
         178  1.210978308562297E-005
         179  5.499235819473041E-006
         180  1.179706667469379E-005
         181  5.895197850736341E-006
         182  1.316063758903077E-005
         183  6.837591303503663E-006
         184  1.235294856501984E-005
         185  3.946690742248384E-006
         186  1.524620553394366E-005
         187  4.323920221802851E-006
         188  1.367343383736087E-005
         189  1.187365042905828E-005
         190  2.454856668981722E-005
         191  2.881789454930538E-005
         192  1.005766333360677E-004
         193  1.278058430455972E-004
         194  3.082566577330898E-004
         195  2.125277839160554E-004
         196  4.047311283247414E-004
         197  2.095747813728753E-004
         198  1.495295715203352E-004
         199  1.172134084340384E-005
         200  2.165490160370818E-006
         201  8.786226715035866E-008
         202  1.110514400109779E-007
         203  2.741179595129494E-008
         204  8.164430926196783E-008
         205  6.867202020926838E-008
         206  2.217663885383018E-006
         207  1.437267075763896E-006
         208  2.429439781618557E-006
         209  1.558509947416373E-006
         226  6.535841483706001E-014
         227  4.988487021719014E-015
         230  3.080014196231307E-012
         231  7.488727657571655E-012
         232  5.642303550757689E-007
         234  1.002826167803540E-011
         235  1.609224197751254E-007
         236  1.688414537806032E-009
         238  1.825002992637480E-007
         240  3.281422858717065E-013
         244  4.005642898354930E-009
