           1  7.427862333311457E-005
           2  6.470609901488105E-012
           3  1.574717819390911E-008
           4  8.266703573606921E-005
           6  5.674563962362780E-015
           7  3.114017005274736E-012
           8  2.708281752318958E-013
           9  1.912633244112939E-009
          10  2.713051082138141E-014
          14  2.202002749417501E-015
          15  2.114023724630292E-012
          16  1.214846632420999E-009
          17  9.086205625849144E-011
          18  4.579943064457391E-010
          19  2.106240369789583E-010
          20  4.480364595665984E-009
          21  7.403180680362252E-010
          22  1.724099445450978E-009
          23  4.730186592913458E-009
          24  1.104761263098068E-008
          25  1.345755673841062E-008
          26  1.250645536792340E-008
          27  2.751863271054691E-009
          28  1.625212005393779E-009
          29  8.593599854654521E-010
          30  2.801242377566954E-009
          31  4.998598436301988E-010
          32  5.955788686095215E-010
          33  7.280173916601899E-010
          34  4.274487311614564E-009
          35  3.095279021895533E-010
          36  1.258290096553863E-009
          37  8.283750463772017E-010
          38  1.096532651403926E-009
          39  3.081132865218809E-010
          40  6.137196036493827E-010
          41  8.598776054321398E-010
          42  5.958088817424069E-009
          43  5.312522926708725E-010
          44  9.412020836405372E-010
          45  4.114921297592042E-009
          46  7.314987867254214E-009
          47  8.231682933261330E-009
          48  6.210248482209530E-009
          49  5.334745371039893E-010
          50  3.201807446445143E-009
          51  1.601154347890612E-009
          52  6.328136540477725E-009
          53  2.130331510677639E-010
          54  5.064552392256637E-010
          55  3.369173081227437E-010
          56  4.057242563955627E-010
          57  1.105819037920914E-010
          58  2.191247026736135E-010
          59  1.519649877761771E-010
          60  1.681752527564502E-010
          61  1.625474735195232E-010
          62  7.907957696275440E-010
          63  3.353712897295740E-010
          64  3.653022417053549E-010
          65  3.114188585465470E-010
          66  4.458882944190783E-010
          67  5.730561453202513E-010
          68  8.479409444315206E-010
          69  1.606371353664007E-010
          70  4.791348716565032E-010
          71  1.659499710179254E-010
          72  2.088803270063402E-010
          73  2.154729454694538E-010
          74  4.208669977070219E-010
          75  9.480183013657199E-010
          76  2.662803403551026E-009
          77  5.486415631682326E-009
          78  1.025549226764776E-008
          79  7.835605469925139E-009
          80  3.170566790756232E-008
          81  1.250235751989754E-008
          82  1.126748814037189E-008
          83  4.908886411741783E-009
          84  5.126077374148428E-009
          85  3.465813213389221E-009
          86  3.739900171556160E-009
          87  2.377451231308061E-009
          88  5.881659187440094E-009
          89  2.704170429591163E-009
          90  5.041024075080898E-009
          91  3.407735080872218E-009
          92  2.841420429275019E-009
          93  2.362789911591689E-009
          94  5.544601589307548E-009
          95  2.952326511165722E-009
          96  3.644461999177139E-009
          97  1.619183125993965E-009
          98  1.480348613945234E-009
          99  1.617066901439311E-009
         100  1.441040554320087E-009
         101  1.054545712509943E-009
         102  1.778042307121169E-009
         103  1.670406506955187E-009
         104  1.626395821199608E-009
         105  1.677402646227975E-009
         106  2.098393662304621E-009
         107  1.601211105622208E-009
         108  5.320518797618026E-009
         109  2.408774326905699E-009
         110  6.825934443294556E-009
         111  4.947468871198053E-009
         112  6.729300225998144E-009
         113  3.475807747182165E-009
         114  2.819640992911122E-009
         115  1.498030869329093E-009
         116  1.571204261220834E-009
         117  1.422379594469834E-009
         118  1.543928719983560E-009
         119  5.609538198210373E-010
         120  7.879198017998609E-010
         121  6.489278041131939E-010
         122  8.289740164160427E-010
         123  7.154956290721230E-010
         124  1.720505036076288E-008
         125  6.997465034135965E-008
         126  5.772265656885595E-007
         127  2.978599961889008E-006
         128  2.488539294988177E-005
         129  1.266456258381005E-004
         130  3.248649009259405E-004
         131  1.106182412831348E-003
         132  1.052935116692434E-003
         133  3.423062957417293E-005
         134  8.653250000508804E-005
         135  8.479563060252348E-005
         136  2.245568267257584E-004
         137  1.212340175729676E-004
         138  8.285094189885052E-005
         139  1.433358253280696E-005
         140  3.433413862315128E-005
         141  2.601693860386956E-005
         142  9.940097214778358E-006
         143  1.752342913331044E-006
         144  7.886561037816865E-006
         145  3.799766256592785E-006
         146  1.308925666792863E-005
         147  8.024835408626982E-006
         148  7.081213760057439E-006
         149  8.597668132506927E-006
         150  4.719976069773196E-005
         151  4.404447510374798E-005
         152  8.177467123653030E-005
         153  3.571210592938339E-005
         154  2.942074605737929E-005
         155  8.304842086174918E-006
         156  1.482456148898717E-005
         157  8.067483088586743E-006
         158  3.383069091407523E-005
         159  1.928189449564064E-005
         160  3.645276054179763E-005
         161  2.263815368464821E-005
         162  5.921934553249083E-005
         163  3.437004389012745E-005
         164  1.039636987599153E-004
         165  6.844817432968812E-005
         166  1.441496803122602E-004
         167  3.568665457724151E-005
         168  1.298897112513733E-004
         169  5.124425572815668E-005
         170  2.767735360979934E-005
         171  1.042118479350178E-005
         172  2.357796524188745E-005
         173  2.581109199219506E-005
         174  6.244378957770064E-005
         175  2.625065514926818E-005
         176  1.855279159706198E-005
         177  7.408639138177776E-006
         178  1.488288852993396E-005
         179  4.652779332434711E-006
         180  7.595491880129081E-006
         181  4.223258764878236E-006
         182  1.065261589577232E-005
         183  5.733577247996838E-006
         184  1.056261896726246E-005
         185  3.342109801279124E-006
         186  1.261405595470436E-005
         187  3.706952948988387E-006
         188  1.214449205698957E-005
         189  1.038231477696222E-005
         190  2.244907119634075E-005
         191  2.579559131342212E-005
         192  9.325025354712094E-005
         193  1.235930887636531E-004
         194  3.131271935167201E-004
         195  2.279981596410505E-004
         196  4.485909214028445E-004
         197  2.394855852142963E-004
         198  1.772667378629743E-004
         199  1.459192624581366E-005
         200  2.548685856845937E-006
         201  8.602641064321122E-008
         202  1.018729573075206E-007
         203  2.577168115499385E-008
         204  8.209702124416256E-008
         205  7.163328949713894E-008
         206  2.316363380287295E-006
         207  1.517682505336702E-006
         208  2.510325307333077E-006
         209  1.636987055784497E-006
         226  6.939405506127618E-014
         227  5.332573063471074E-015
         230  3.270193673693478E-012
         231  8.005270378086755E-012
         232  6.196293236760182E-007
         234  1.064746972198413E-011
         235  1.720222097933232E-007
         236  1.692404842907468E-009
         238  1.937690173083396E-007
         240  3.278360067083989E-013
         244  4.001904139260966E-009
