           1  7.454769177871376E-005
           2  6.470609901488105E-012
           3  1.574717819390911E-008
           4  7.952578194128994E-005
           6  5.674563962362780E-015
           7  3.114017005274736E-012
           8  2.708281752318958E-013
           9  1.912633244112939E-009
          10  2.713051082138141E-014
          14  2.020096179181733E-015
          15  1.947232613845447E-012
          16  1.225401260176957E-009
          17  9.137489138226736E-011
          18  4.620546975982928E-010
          19  2.168191960475526E-010
          20  4.599824347255938E-009
          21  7.601090292414779E-010
          22  1.559534677967842E-009
          23  4.862815865125237E-009
          24  1.126551847589967E-008
          25  1.370393949774399E-008
          26  1.212808360244535E-008
          27  2.700763996150049E-009
          28  1.581490436502937E-009
          29  8.168096900078520E-010
          30  2.575393609641669E-009
          31  4.724506332736348E-010
          32  6.372027761832167E-010
          33  7.562647196437458E-010
          34  4.492130832069220E-009
          35  2.991551646459133E-010
          36  1.150229765177812E-009
          37  8.236666591364016E-010
          38  1.095702777676624E-009
          39  2.911664272847844E-010
          40  5.948593495763003E-010
          41  8.493569729376509E-010
          42  5.872183925241676E-009
          43  5.191720572715692E-010
          44  9.583531452785950E-010
          45  4.315004303378989E-009
          46  7.490087726243297E-009
          47  8.282345624214341E-009
          48  6.131499680101052E-009
          49  5.243117794312801E-010
          50  3.073186899672951E-009
          51  1.535765315260711E-009
          52  6.209927853417199E-009
          53  2.309425099944124E-010
          54  5.727226077978122E-010
          55  3.568388168699405E-010
          56  3.826291271533668E-010
          57  1.036410728784221E-010
          58  1.875147094104948E-010
          59  1.344354714638915E-010
          60  1.626003456618030E-010
          61  1.657549321377974E-010
          62  8.070627040488013E-010
          63  3.341136783626255E-010
          64  3.400155938479322E-010
          65  2.906621238112585E-010
          66  4.343990136017777E-010
          67  5.795210425357140E-010
          68  8.756022355097088E-010
          69  1.611299601397704E-010
          70  4.699350627355127E-010
          71  1.643253871458020E-010
          72  2.078486000583467E-010
          73  2.106408634220815E-010
          74  4.366648158077099E-010
          75  1.013047940283851E-009
          76  2.757723757590120E-009
          77  5.400879349699717E-009
          78  1.035696638966070E-008
          79  7.975635940139819E-009
          80  3.165793512480124E-008
          81  1.274750077206872E-008
          82  1.071447337372136E-008
          83  4.498848251187227E-009
          84  5.097642058919914E-009
          85  3.367775518761982E-009
          86  3.657774752918754E-009
          87  2.526343010731969E-009
          88  6.000739773676705E-009
          89  2.772725588105732E-009
          90  5.280876524934639E-009
          91  3.517296440199802E-009
          92  2.896053112200572E-009
          93  2.384418055469537E-009
          94  5.510247001623104E-009
          95  2.839124090916385E-009
          96  3.318995396931673E-009
          97  1.467047019627086E-009
          98  1.388766585241173E-009
          99  1.563992649410392E-009
         100  1.404130887670942E-009
         101  1.041176073368825E-009
         102  1.751635862349284E-009
         103  1.649054362168183E-009
         104  1.586916133471063E-009
         105  1.667715408316301E-009
         106  2.156671594213625E-009
         107  1.656800684706533E-009
         108  5.563680835814556E-009
         109  2.494211145321831E-009
         110  6.988895927524247E-009
         111  4.999189117183101E-009
         112  6.735736389755207E-009
         113  3.457126397442528E-009
         114  2.779836696254564E-009
         115  1.475558343131010E-009
         116  1.522294804988142E-009
         117  1.275919639666671E-009
         118  1.353447281720068E-009
         119  5.322343132851861E-010
         120  7.411556053554352E-010
         121  6.021313680260828E-010
         122  7.619126064469426E-010
         123  6.789970424829194E-010
         124  1.645397522214849E-008
         125  7.193085747001578E-008
         126  5.973875443129640E-007
         127  3.082965673674677E-006
         128  2.587191656860976E-005
         129  1.313264725555952E-004
         130  3.337482618810925E-004
         131  1.089124609551815E-003
         132  1.042374151185013E-003
         133  3.232040354155328E-005
         134  8.083874620913616E-005
         135  8.743301963549889E-005
         136  2.104837229055104E-004
         137  1.119192247740816E-004
         138  8.786810546812498E-005
         139  1.463508927133555E-005
         140  3.394311181029686E-005
         141  2.469495322124306E-005
         142  1.011558502153666E-005
         143  1.699408849736663E-006
         144  6.293361680279952E-006
         145  2.451245273063031E-006
         146  8.140571253759457E-006
         147  6.608977958383009E-006
         148  1.250385619149096E-005
         149  1.073677298096031E-005
         150  4.126656306484380E-005
         151  2.131437276230185E-005
         152  4.778333635892724E-005
         153  2.163277046655697E-005
         154  3.779720690484573E-005
         155  1.641672592014422E-005
         156  3.295365888684058E-005
         157  1.647712621978782E-005
         158  3.917532898555956E-005
         159  4.269064597336467E-005
         160  7.101595336017719E-005
         161  3.100030023338367E-005
         162  7.088731707964635E-005
         163  3.195703857145483E-005
         164  7.773091959569982E-005
         165  7.414638591192365E-005
         166  1.903160868379173E-004
         167  3.854235058662071E-005
         168  9.034706084320674E-005
         169  4.434200881093845E-005
         170  3.589836158727961E-005
         171  1.860964469468881E-005
         172  3.144062535393969E-005
         173  2.287872496047629E-005
         174  6.719864969657605E-005
         175  4.034856513654174E-005
         176  2.525176143814619E-005
         177  8.241290837873886E-006
         178  1.918254826832990E-005
         179  8.138345587080770E-006
         180  1.394016697685477E-005
         181  6.376127250111448E-006
         182  1.352478482852775E-005
         183  6.933760331367100E-006
         184  1.249594355608032E-005
         185  3.935516103921802E-006
         186  1.494735737517827E-005
         187  4.272904940332524E-006
         188  1.344318981309096E-005
         189  1.139743264394994E-005
         190  2.407898745351546E-005
         191  2.770531582885046E-005
         192  9.764984175661314E-005
         193  1.270555816566923E-004
         194  3.157698028135148E-004
         195  2.192817434487130E-004
         196  4.160502098984181E-004
         197  2.203785680315020E-004
         198  1.607550490935751E-004
         199  1.293131856988333E-005
         200  2.344988868680121E-006
         201  9.099435181460305E-008
         202  1.080495756735694E-007
         203  2.506362681305006E-008
         204  7.840170280882057E-008
         205  6.725197453886791E-008
         206  2.043918222826771E-006
         207  1.326007221410587E-006
         208  2.232108953634499E-006
         209  1.434183652538171E-006
         226  5.870048169762489E-014
         227  4.480310683390095E-015
         230  2.766259209392317E-012
         231  6.725852223958544E-012
         232  5.192910177599189E-007
         234  9.006702389555532E-012
         235  1.445292797949450E-007
         236  1.463996977840913E-009
         238  1.639093528117238E-007
         240  2.841403289084055E-013
         244  3.468509666788803E-009
