           1  7.459618302948184E-005
           2  6.470609901488105E-012
           3  1.574717819390911E-008
           4  8.091222791948240E-005
           6  5.674563962362780E-015
           7  3.114017005274736E-012
           8  2.708281752318958E-013
           9  1.912633244112939E-009
          10  2.713051082138141E-014
          14  1.863126920161325E-015
          15  1.948507112480635E-012
          16  1.246234408648519E-009
          17  9.247902785000079E-011
          18  4.374334873713209E-010
          19  1.845913015994652E-010
          20  4.609562392661542E-009
          21  7.662950767619771E-010
          22  1.692616297925836E-009
          23  4.831119406680636E-009
          24  1.123773501671366E-008
          25  1.361295251986458E-008
          26  1.170636427897558E-008
          27  2.612774340701393E-009
          28  1.635435641478927E-009
          29  8.438367075120915E-010
          30  2.799324026063538E-009
          31  5.029881856431842E-010
          32  5.713369140619759E-010
          33  7.897244538808013E-010
          34  4.339678815839115E-009
          35  2.947423494747143E-010
          36  1.159358518790320E-009
          37  7.292189426387081E-010
          38  9.604502182987938E-010
          39  2.970001150508575E-010
          40  6.285525949499478E-010
          41  8.857252023331979E-010
          42  6.425117970318583E-009
          43  5.605519965902421E-010
          44  9.664261053714606E-010
          45  4.248849179448880E-009
          46  7.190955498115360E-009
          47  7.980611466380969E-009
          48  6.009524964516239E-009
          49  5.054182421402118E-010
          50  3.162065029735019E-009
          51  1.607654477781141E-009
          52  6.302495929874510E-009
          53  2.099577270124042E-010
          54  5.036362844712967E-010
          55  3.587480851250153E-010
          56  4.436376147651192E-010
          57  1.207219000254751E-010
          58  2.282043711977278E-010
          59  1.623291494984946E-010
          60  1.783532370324638E-010
          61  1.732274034232759E-010
          62  8.579226399099680E-010
          63  3.552971284627857E-010
          64  3.651361107979588E-010
          65  3.147096594929584E-010
          66  4.517350008840054E-010
          67  5.799447493063176E-010
          68  8.827149933427265E-010
          69  1.656493534920850E-010
          70  5.007886236264922E-010
          71  1.753532203217465E-010
          72  2.192658602332037E-010
          73  2.196515350329699E-010
          74  4.477339999171907E-010
          75  1.029767744836428E-009
          76  2.798122445160834E-009
          77  5.413929417472114E-009
          78  1.009801466970228E-008
          79  7.848580925930180E-009
          80  3.255499560446765E-008
          81  1.147290162904847E-008
          82  1.046639722299860E-008
          83  4.654648788962450E-009
          84  5.178241084539338E-009
          85  3.512293668578600E-009
          86  3.786959805810325E-009
          87  2.396543409969724E-009
          88  5.834821746369386E-009
          89  2.680090166104548E-009
          90  5.078417241208629E-009
          91  3.423183959319461E-009
          92  2.847550510548319E-009
          93  2.363980450942027E-009
          94  5.596093282245448E-009
          95  2.803835133974206E-009
          96  3.246310077338941E-009
          97  1.420464598763378E-009
          98  1.338629319545949E-009
          99  1.505878940838149E-009
         100  1.331115146108120E-009
         101  9.940395124528880E-010
         102  1.727724346521854E-009
         103  1.658562181962625E-009
         104  1.610922857854809E-009
         105  1.717687220222692E-009
         106  2.182847766335438E-009
         107  1.649558993110709E-009
         108  5.399053886247123E-009
         109  2.424518196567278E-009
         110  6.714932241947269E-009
         111  4.700210360566877E-009
         112  6.281688906441743E-009
         113  3.188838533548837E-009
         114  2.550608322473847E-009
         115  1.357202848387376E-009
         116  1.420574300584019E-009
         117  1.246045531304715E-009
         118  1.326747897543815E-009
         119  4.987944650662047E-010
         120  6.979778522105207E-010
         121  5.639812683233553E-010
         122  7.303651635453606E-010
         123  6.483894651142007E-010
         124  1.721659992306461E-008
         125  7.202854270722944E-008
         126  5.975038029301739E-007
         127  3.094765576926749E-006
         128  2.592690255687308E-005
         129  1.293432883297282E-004
         130  3.221116736740676E-004
         131  1.104378297848731E-003
         132  1.021124742921041E-003
         133  3.332526860204524E-005
         134  8.343753757462425E-005
         135  7.722495485886806E-005
         136  2.123840558272706E-004
         137  1.174192769776796E-004
         138  8.918738111014690E-005
         139  1.331434364448512E-005
         140  3.049147327263073E-005
         141  2.285651133662433E-005
         142  8.649090741148839E-006
         143  1.741993032855479E-006
         144  1.010382704851323E-005
         145  6.483569723415416E-006
         146  2.654941154685886E-005
         147  1.938817434059702E-005
         148  2.818551355370598E-005
         149  1.796328765226625E-005
         150  3.012725462458357E-005
         151  1.506911278777352E-005
         152  3.077595813367235E-005
         153  1.660379117053563E-005
         154  2.491798510266690E-005
         155  1.320867753781090E-005
         156  4.416227237270444E-005
         157  1.943373053529402E-005
         158  3.502396868148652E-005
         159  3.050782480122983E-005
         160  9.455979624072697E-005
         161  3.636455899265647E-005
         162  1.484739929925831E-004
         163  6.054902893306693E-005
         164  8.732592346933932E-005
         165  4.067929955460187E-005
         166  1.407737601499134E-004
         167  3.242656708172976E-005
         168  6.725904363394899E-005
         169  1.998522383324095E-005
         170  4.198927071798742E-005
         171  2.140331066761624E-005
         172  3.840824868569923E-005
         173  3.695649053899354E-005
         174  5.400020002516304E-005
         175  1.948941454755506E-005
         176  3.523558932338646E-005
         177  1.392335326521178E-005
         178  1.154728633935743E-005
         179  5.394185819569948E-006
         180  1.147132968293630E-005
         181  5.708249796449322E-006
         182  1.311088043064829E-005
         183  7.026749287866160E-006
         184  1.272776736488696E-005
         185  4.015481802853770E-006
         186  1.546896323257039E-005
         187  4.482636609253969E-006
         188  1.425267653066110E-005
         189  1.216699870691065E-005
         190  2.502801135989604E-005
         191  2.904740568580434E-005
         192  1.009160559728483E-004
         193  1.299117877266638E-004
         194  3.175486469700329E-004
         195  2.193256056809481E-004
         196  4.186920544270960E-004
         197  2.205441428099711E-004
         198  1.602519098812139E-004
         199  1.268622482217896E-005
         200  2.263537349063232E-006
         201  8.023918891528148E-008
         202  1.014895696671365E-007
         203  2.668635056831694E-008
         204  8.215417481312020E-008
         205  7.028031112285426E-008
         206  2.172749515019024E-006
         207  1.459067242351139E-006
         208  2.414689919416816E-006
         209  1.523060876234155E-006
         226  6.249831286285665E-014
         227  4.727709387481957E-015
         230  2.945231938963028E-012
         231  7.097247701127028E-012
         232  5.381690832979831E-007
         234  9.589422224926246E-012
         235  1.525100559177170E-007
         236  1.570684696716135E-009
         238  1.745140366299581E-007
         240  3.050595817838853E-013
         244  3.723871625083680E-009
