           1  7.489887246143613E-005
           2  6.470609901488105E-012
           3  1.574717819390911E-008
           4  8.172020345988963E-005
           6  5.674563962362780E-015
           7  3.114017005274736E-012
           8  2.708281752318958E-013
           9  1.912633244112939E-009
          10  2.713051082138141E-014
          14  1.828372671441903E-015
          15  1.751155999004439E-012
          16  1.253404831680485E-009
          17  9.260890989433342E-011
          18  4.491673146670396E-010
          19  2.027771902191200E-010
          20  4.742723800480869E-009
          21  7.732907105490230E-010
          22  1.506834629624750E-009
          23  4.990866991454394E-009
          24  1.147849625757700E-008
          25  1.397234740134155E-008
          26  1.164534649139264E-008
          27  2.450787298358058E-009
          28  1.527241277745742E-009
          29  8.250733419194965E-010
          30  2.570264957936582E-009
          31  4.358510373311548E-010
          32  6.383171923006520E-010
          33  8.407826906129575E-010
          34  4.381486588358933E-009
          35  2.767751331047826E-010
          36  1.105236851570660E-009
          37  7.364524543262334E-010
          38  9.923650786423021E-010
          39  2.828708963434423E-010
          40  6.210981634233898E-010
          41  9.116495251237255E-010
          42  6.151084175519920E-009
          43  4.907864042033452E-010
          44  1.009754739521227E-009
          45  4.589356708022511E-009
          46  7.445588122183260E-009
          47  8.046514255882754E-009
          48  5.904361793869220E-009
          49  4.936650093886271E-010
          50  3.084788448718474E-009
          51  1.550333217003203E-009
          52  6.128950228408274E-009
          53  2.127203398432667E-010
          54  5.351827513034157E-010
          55  3.451584928358562E-010
          56  4.000695539351165E-010
          57  1.008457245802548E-010
          58  2.000914415439347E-010
          59  1.404749644577453E-010
          60  1.688269514206114E-010
          61  1.887883123398400E-010
          62  8.899593704774957E-010
          63  3.498468892060171E-010
          64  3.553466608890109E-010
          65  3.051481585785986E-010
          66  4.266659680493867E-010
          67  5.968616192314126E-010
          68  8.672376956378431E-010
          69  1.586331092353664E-010
          70  4.802444710268332E-010
          71  1.659257894344124E-010
          72  2.006937306229077E-010
          73  2.172489471762223E-010
          74  4.624720283227794E-010
          75  1.131202213921795E-009
          76  2.928916555161843E-009
          77  5.486939592031930E-009
          78  1.026159659290826E-008
          79  8.086648312697113E-009
          80  3.236604701456204E-008
          81  1.190119241839716E-008
          82  1.012858197897501E-008
          83  4.337078797121212E-009
          84  5.259516880828412E-009
          85  3.481389310362974E-009
          86  3.742575066600755E-009
          87  2.498588839598977E-009
          88  5.903108860879730E-009
          89  2.707154268753899E-009
          90  5.358478770562602E-009
          91  3.465237265135975E-009
          92  2.890166452318525E-009
          93  2.422381400962546E-009
          94  5.638770483775338E-009
          95  2.720711103933946E-009
          96  3.235492050022351E-009
          97  1.358646458885158E-009
          98  1.261868203850704E-009
          99  1.447922027551534E-009
         100  1.243023511645956E-009
         101  9.613190749527776E-010
         102  1.732086388758463E-009
         103  1.635437451291444E-009
         104  1.570188537536276E-009
         105  1.733230721546191E-009
         106  2.253330875866915E-009
         107  1.767022407640941E-009
         108  6.006395164149762E-009
         109  2.643716231081185E-009
         110  7.102599684196784E-009
         111  4.936930320437457E-009
         112  6.325304972017900E-009
         113  3.069771310925359E-009
         114  2.337339550294865E-009
         115  1.221951352457895E-009
         116  1.258305193242923E-009
         117  1.125385535433943E-009
         118  1.199189766931897E-009
         119  4.525289692605012E-010
         120  6.518434172835848E-010
         121  5.240020857885827E-010
         122  6.875867317166855E-010
         123  6.514751864575431E-010
         124  2.057421317161162E-008
         125  9.307433817955260E-008
         126  7.405441044557910E-007
         127  3.779648174180785E-006
         128  3.070758602647835E-005
         129  1.454392836868413E-004
         130  3.382447439470209E-004
         131  1.083010412983333E-003
         132  1.000296498363186E-003
         133  3.185806611525118E-005
         134  7.874982473789002E-005
         135  7.902218331631381E-005
         136  1.993550744347258E-004
         137  1.080941833848771E-004
         138  8.852209312974581E-005
         139  1.435133705275319E-005
         140  3.253428110759758E-005
         141  2.451755100529754E-005
         142  9.676967323782139E-006
         143  1.704379968524002E-006
         144  7.518069728449784E-006
         145  4.017464543536056E-006
         146  1.748615833502177E-005
         147  1.789089918186011E-005
         148  2.360008665756589E-005
         149  1.313281904483242E-005
         150  2.453550736944206E-005
         151  8.236995915461738E-006
         152  8.512086279662604E-006
         153  3.961859761236101E-006
         154  1.524908971579915E-005
         155  1.053396733691690E-005
         156  5.754623196330763E-005
         157  2.839892138603985E-005
         158  6.848683447673123E-005
         159  6.560838123123607E-005
         160  6.922480832333895E-005
         161  2.417276194627159E-005
         162  8.084114333479346E-005
         163  3.238564512774056E-005
         164  6.767797382064138E-005
         165  4.284013439942668E-005
         166  1.260435432845167E-004
         167  5.175556714569313E-005
         168  1.691246767694062E-004
         169  5.758426376808626E-005
         170  8.794833150608730E-005
         171  6.087581098790060E-005
         172  8.671949609208949E-005
         173  2.851503267570803E-005
         174  2.497822815729885E-005
         175  1.762356096657585E-005
         176  4.091966891568802E-005
         177  1.620153232561264E-005
         178  1.313260516808310E-005
         179  6.163453703974356E-006
         180  1.314959693090454E-005
         181  6.443624716107771E-006
         182  1.400240303201052E-005
         183  7.443092888824629E-006
         184  1.384593671957770E-005
         185  4.548035041772472E-006
         186  1.814021948367627E-005
         187  5.197182602330093E-006
         188  1.697130673440216E-005
         189  1.511504992130065E-005
         190  2.982529374790560E-005
         191  3.338837501983134E-005
         192  1.131969993495218E-004
         193  1.398777590772431E-004
         194  3.217904932636666E-004
         195  2.062787853755556E-004
         196  3.736784356631144E-004
         197  1.862400730494039E-004
         198  1.275971994649514E-004
         199  9.719724213895877E-006
         200  1.855160435127878E-006
         201  8.420142499162181E-008
         202  1.087833140044680E-007
         203  2.629121106769136E-008
         204  8.468579994022864E-008
         205  7.260951043228281E-008
         206  2.231575640368630E-006
         207  1.455529258161295E-006
         208  2.467907413304578E-006
         209  1.535297227697077E-006
         226  6.284414583806405E-014
         227  4.802107712098539E-015
         230  2.961529312083523E-012
         231  7.208934629209119E-012
         232  5.388927249514262E-007
         234  9.642485072012108E-012
         235  1.549100538273817E-007
         236  1.701136309657739E-009
         238  1.754797060334767E-007
         240  3.312601341616236E-013
         244  4.043702567584933E-009
