           1  7.438389748353869E-005
           2  6.470609901488105E-012
           3  1.574717819390911E-008
           4  8.216433397788210E-005
           6  5.674563962362780E-015
           7  3.114017005274736E-012
           8  2.708281752318958E-013
           9  1.912633244112939E-009
          10  2.713051082138141E-014
          14  2.070184187569558E-015
          15  2.035567057073868E-012
          16  1.220686229939311E-009
          17  9.098930002372767E-011
          18  4.607891018167114E-010
          19  2.161942352459087E-010
          20  4.589649438298150E-009
          21  7.439719522232933E-010
          22  1.591020020102224E-009
          23  4.848171471665382E-009
          24  1.122255822224053E-008
          25  1.376164592688837E-008
          26  1.224741914069653E-008
          27  2.550627974860104E-009
          28  1.540506718376010E-009
          29  8.630116150399148E-010
          30  2.711683807859674E-009
          31  4.563779716510434E-010
          32  6.271226684972926E-010
          33  7.868420483806229E-010
          34  4.323073363638098E-009
          35  2.963313120884553E-010
          36  1.229723923669157E-009
          37  8.041361457386882E-010
          38  1.077835712320948E-009
          39  2.934570627694522E-010
          40  6.089680616947091E-010
          41  8.832080162919825E-010
          42  5.926625324976478E-009
          43  4.877295542195724E-010
          44  9.931356851240674E-010
          45  4.428441605810859E-009
          46  7.471383441700421E-009
          47  8.170733818114630E-009
          48  6.020989728119354E-009
          49  5.203492730337510E-010
          50  3.139105770757120E-009
          51  1.557302717108048E-009
          52  6.256165079047731E-009
          53  2.186481700598831E-010
          54  5.474120541149682E-010
          55  3.394807755019963E-010
          56  3.981933177360699E-010
          57  1.014326496067786E-010
          58  2.099785036364829E-010
          59  1.435426653118199E-010
          60  1.664748878941493E-010
          61  1.778829596926459E-010
          62  8.325980848918302E-010
          63  3.379717439914884E-010
          64  3.647830940706833E-010
          65  3.110927754961838E-010
          66  4.303141140526308E-010
          67  5.844896698330710E-010
          68  8.278850574556178E-010
          69  1.544108984403180E-010
          70  4.661720883474123E-010
          71  1.607228829782740E-010
          72  1.988906024699138E-010
          73  2.214672147679320E-010
          74  4.424895387984289E-010
          75  1.037182398929224E-009
          76  2.778502563335582E-009
          77  5.563886712030510E-009
          78  1.025709672762030E-008
          79  7.971757528295221E-009
          80  3.168882058134068E-008
          81  1.251956776445894E-008
          82  1.086653082750800E-008
          83  4.641854626183532E-009
          84  5.185420915218442E-009
          85  3.492951623443645E-009
          86  3.758748178696236E-009
          87  2.454080820154532E-009
          88  5.955305981617202E-009
          89  2.698477194206454E-009
          90  5.195167070690981E-009
          91  3.446135561854540E-009
          92  2.897249546952836E-009
          93  2.421201775642049E-009
          94  5.589640920269857E-009
          95  2.851572801659395E-009
          96  3.621191883625544E-009
          97  1.547090407257059E-009
          98  1.396366630518367E-009
          99  1.551267275899446E-009
         100  1.340530688276885E-009
         101  1.008354244261920E-009
         102  1.776944398200326E-009
         103  1.660370976404951E-009
         104  1.597784370181706E-009
         105  1.708578908529040E-009
         106  2.169838632728190E-009
         107  1.698756974573889E-009
         108  5.810237430440208E-009
         109  2.593639204059201E-009
         110  7.126427470416617E-009
         111  5.075868459534255E-009
         112  6.617851799159677E-009
         113  3.274440916567409E-009
         114  2.537878541797275E-009
         115  1.323147782892766E-009
         116  1.371687294044705E-009
         117  1.252455701624043E-009
         118  1.363614850759328E-009
         119  5.055167576141926E-010
         120  7.327224397690623E-010
         121  5.997827735749108E-010
         122  7.603604628591455E-010
         123  6.965347959233442E-010
         124  1.909435432969131E-008
         125  8.679805407741986E-008
         126  6.910514110030980E-007
         127  3.526277443271009E-006
         128  2.879730602691058E-005
         129  1.393341116332425E-004
         130  3.339914396420570E-004
         131  1.088848783160785E-003
         132  1.038248912277349E-003
         133  3.351876674005328E-005
         134  8.401427801614666E-005
         135  8.490524349716255E-005
         136  2.172661581066523E-004
         137  1.168084872303905E-004
         138  8.628111394365830E-005
         139  1.484187004683798E-005
         140  3.415386933006641E-005
         141  2.510037785890816E-005
         142  9.593604344979636E-006
         143  1.719941577908211E-006
         144  8.018004611759503E-006
         145  4.180209444845393E-006
         146  1.626211622637832E-005
         147  1.349730718002531E-005
         148  1.406991474095109E-005
         149  8.866452467582230E-006
         150  1.725116636765073E-005
         151  1.410379132917089E-005
         152  4.045049299094482E-005
         153  1.673465485128898E-005
         154  3.954663467063566E-005
         155  1.843746996854377E-005
         156  2.247800859704959E-005
         157  1.071069584121152E-005
         158  2.561853646237187E-005
         159  1.651761712764717E-005
         160  5.490654560846096E-005
         161  3.739291302676441E-005
         162  7.299237783053497E-005
         163  5.602605701938339E-005
         164  1.494855025790718E-004
         165  9.528030806196700E-005
         166  1.197550123831767E-004
         167  3.479139279794466E-005
         168  1.216359689207845E-004
         169  3.692640874549122E-005
         170  3.456654048268216E-005
         171  2.343214057891929E-005
         172  4.274834630494031E-005
         173  3.155841745892889E-005
         174  6.324042318342356E-005
         175  2.219079444106328E-005
         176  2.208947545224383E-005
         177  7.086643814064629E-006
         178  1.339996204094302E-005
         179  6.426770318895559E-006
         180  1.200715551099056E-005
         181  5.673601243696029E-006
         182  1.201522447607469E-005
         183  6.161748920289021E-006
         184  1.113822372474008E-005
         185  3.613634619635418E-006
         186  1.414684345834997E-005
         187  4.161374351662366E-006
         188  1.401924191406295E-005
         189  1.246062024450182E-005
         190  2.573090730137395E-005
         191  2.911151237532362E-005
         192  1.037830458410890E-004
         193  1.341243075760466E-004
         194  3.235034540097341E-004
         195  2.218665951015065E-004
         196  4.205481408339784E-004
         197  2.143807390475420E-004
         198  1.512340255754654E-004
         199  1.194881248977326E-005
         200  2.169333248354922E-006
         201  8.837018874747601E-008
         202  1.104144058835525E-007
         203  2.686336179137977E-008
         204  8.539782353854860E-008
         205  7.384708779452381E-008
         206  2.300359345004060E-006
         207  1.497312659050139E-006
         208  2.501532409066447E-006
         209  1.593767803595355E-006
         226  6.241735576285195E-014
         227  4.887540562529260E-015
         230  2.941416836991509E-012
         231  7.337186611643916E-012
         232  5.628972795952768E-007
         234  9.577000580589153E-012
         235  1.576660118883612E-007
         236  1.595799061291675E-009
         238  1.742879801226939E-007
         240  3.099480575859717E-013
         244  3.783545398393296E-009
