           1  7.454733036303244E-005
           2  6.470609901488105E-012
           3  1.574717819390911E-008
           4  8.193655686785425E-005
           6  5.674563962362780E-015
           7  3.114017005274736E-012
           8  2.708281752318958E-013
           9  1.912633244112939E-009
          10  2.713051082138141E-014
          14  1.818593144824909E-015
          15  1.935323495828446E-012
          16  1.247281835311506E-009
          17  9.255503325428312E-011
          18  4.375939196535552E-010
          19  1.842449182392994E-010
          20  4.639853145476162E-009
          21  7.792607135203428E-010
          22  1.579929858781287E-009
          23  4.887959516366208E-009
          24  1.132575888437232E-008
          25  1.361177442336848E-008
          26  1.162506671981495E-008
          27  2.614963599222002E-009
          28  1.637299753537399E-009
          29  8.068416052366582E-010
          30  2.664695271140600E-009
          31  4.772280497266330E-010
          32  6.133030793595323E-010
          33  8.120730489122070E-010
          34  4.435454343584987E-009
          35  2.841950032864606E-010
          36  1.086174584298079E-009
          37  7.532730689440135E-010
          38  1.011345422793480E-009
          39  3.029686092088939E-010
          40  6.255573254518566E-010
          41  8.807437529329369E-010
          42  6.368607537227619E-009
          43  5.394794245212300E-010
          44  9.453056639797589E-010
          45  4.277086248148332E-009
          46  7.246113583645814E-009
          47  8.033334338491171E-009
          48  6.022163843501654E-009
          49  5.037204864628446E-010
          50  3.122028983958007E-009
          51  1.578404787872359E-009
          52  6.318000759372601E-009
          53  2.130552185228807E-010
          54  5.222847587483501E-010
          55  3.745409296654236E-010
          56  4.307722169832193E-010
          57  1.139511024936746E-010
          58  2.088485152875211E-010
          59  1.478456041303678E-010
          60  1.697105721504779E-010
          61  1.781050023798868E-010
          62  8.816861809289414E-010
          63  3.579315412790223E-010
          64  3.586737461533014E-010
          65  3.047854399637004E-010
          66  4.347263830419591E-010
          67  5.911914617695750E-010
          68  9.132463193340121E-010
          69  1.706669406685151E-010
          70  5.117863079222514E-010
          71  1.763924792974497E-010
          72  2.112393603800463E-010
          73  2.065726422723826E-010
          74  4.393145179495472E-010
          75  1.055196153520111E-009
          76  2.855764916117515E-009
          77  5.373541112979945E-009
          78  1.007294821224387E-008
          79  7.846931257790390E-009
          80  3.256665739386915E-008
          81  1.144852417240687E-008
          82  1.023054539619725E-008
          83  4.503974439520952E-009
          84  5.136068399069958E-009
          85  3.442500879657078E-009
          86  3.702001095892756E-009
          87  2.391237094938910E-009
          88  5.884336389727651E-009
          89  2.779251912031382E-009
          90  5.345899982996000E-009
          91  3.400215756764055E-009
          92  2.775344286514198E-009
          93  2.368039417258432E-009
          94  5.845228674233062E-009
          95  2.878474633021473E-009
          96  3.170078130909486E-009
          97  1.369899440555160E-009
          98  1.278580127392586E-009
          99  1.441574432282459E-009
         100  1.277743530673628E-009
         101  9.808723215632832E-010
         102  1.726371738137984E-009
         103  1.647784388784966E-009
         104  1.591713623270118E-009
         105  1.681750559146285E-009
         106  2.159338193169291E-009
         107  1.669912503115095E-009
         108  5.488302730355962E-009
         109  2.447274911797471E-009
         110  6.767073790541486E-009
         111  4.770976077510548E-009
         112  6.324694987602292E-009
         113  3.190417879391593E-009
         114  2.533063457104413E-009
         115  1.343126259497264E-009
         116  1.396996624522603E-009
         117  1.224464778904663E-009
         118  1.308600083585001E-009
         119  4.874357350157294E-010
         120  6.792645752255727E-010
         121  5.472420557852072E-010
         122  7.120498556301767E-010
         123  6.319755575674394E-010
         124  1.767525581910876E-008
         125  7.382469516066027E-008
         126  6.054789844619966E-007
         127  3.148199967189730E-006
         128  2.627778691201076E-005
         129  1.304123987385607E-004
         130  3.241561891595507E-004
         131  1.086447781301546E-003
         132  1.024995218872955E-003
         133  3.354412712934886E-005
         134  8.437562589777063E-005
         135  8.085854440704683E-005
         136  2.112741627039931E-004
         137  1.159796149183013E-004
         138  9.236825473786731E-005
         139  1.340233276617261E-005
         140  3.082566616453445E-005
         141  2.353733162574502E-005
         142  9.282567111445539E-006
         143  1.493584110278683E-006
         144  5.095430769912902E-006
         145  2.083549423284668E-006
         146  8.017711557225757E-006
         147  8.551373523132866E-006
         148  9.302892121964267E-006
         149  6.750127217337855E-006
         150  2.643342241595479E-005
         151  1.167766944545258E-005
         152  1.460892942789655E-005
         153  6.619165826685539E-006
         154  3.327532122909246E-005
         155  1.999301802607222E-005
         156  3.229626257353661E-005
         157  1.856074930038812E-005
         158  6.689822682840813E-005
         159  5.373430654010054E-005
         160  7.915423884436399E-005
         161  4.765976746147925E-005
         162  1.822571111663453E-004
         163  6.541202326579145E-005
         164  9.870742291095127E-005
         165  6.204629906458746E-005
         166  9.321285186476195E-005
         167  5.847762473186495E-005
         168  1.377723915723656E-004
         169  4.973590732415037E-005
         170  2.827156687838826E-005
         171  1.571882930434181E-005
         172  2.743872537546495E-005
         173  1.799907565945440E-005
         174  5.424920700549952E-005
         175  3.198050337550771E-005
         176  2.502515341509523E-005
         177  9.311444041411641E-006
         178  1.088258450143654E-005
         179  5.384077333372915E-006
         180  1.123522202868672E-005
         181  5.482483163636214E-006
         182  1.224122817695057E-005
         183  6.488536331348328E-006
         184  1.180994720334963E-005
         185  3.772187863186464E-006
         186  1.464892073525211E-005
         187  4.159516953979593E-006
         188  1.311350071422929E-005
         189  1.143647802961385E-005
         190  2.396883462488708E-005
         191  2.844442325577552E-005
         192  9.894024684874217E-005
         193  1.256193552129367E-004
         194  3.044402071077168E-004
         195  2.136141608166102E-004
         196  4.136355434061788E-004
         197  2.161557971241400E-004
         198  1.566267056046652E-004
         199  1.241358720753863E-005
         200  2.280223713749926E-006
         201  8.753176387801659E-008
         202  1.111999647014017E-007
         203  2.844191315369193E-008
         204  8.423017826564894E-008
         205  7.100869285897681E-008
         206  2.276796463978785E-006
         207  1.505181353612180E-006
         208  2.538811281123920E-006
         209  1.602255107876615E-006
         226  6.470893978039252E-014
         227  4.926386584617087E-015
         230  3.049407695146159E-012
         231  7.395502345197837E-012
         232  5.559736609984706E-007
         234  9.928609539319129E-012
         235  1.589191365022561E-007
         236  1.651966221229195E-009
         238  1.806867700877166E-007
         240  3.208007741545447E-013
         244  3.916024840764706E-009
