           1  7.456677574052725E-005
           2  6.470609901488105E-012
           3  1.574717819390911E-008
           4  8.026864549367785E-005
           6  5.674563962362780E-015
           7  3.114017005274736E-012
           8  2.708281752318958E-013
           9  1.912633244112939E-009
          10  2.713051082138141E-014
          14  1.928249119546419E-015
          15  1.950550180511364E-012
          16  1.252929027992890E-009
          17  9.284274955145542E-011
          18  4.547117968891302E-010
          19  2.072267509960177E-010
          20  4.551929549601696E-009
          21  7.586168996550228E-010
          22  1.789727913999867E-009
          23  4.786257658090761E-009
          24  1.116646719514998E-008
          25  1.351947229841493E-008
          26  1.204593374303247E-008
          27  2.663679410810180E-009
          28  1.638980535546226E-009
          29  8.725351322643051E-010
          30  2.865979523027237E-009
          31  5.048557561737726E-010
          32  5.968460846678984E-010
          33  7.558707230899294E-010
          34  4.430120150430189E-009
          35  2.979138769132401E-010
          36  1.177829157913116E-009
          37  6.957167519039144E-010
          38  9.042045653703650E-010
          39  2.709414630381841E-010
          40  6.219679471759046E-010
          41  9.153068036477974E-010
          42  6.328312756427021E-009
          43  5.403103906155504E-010
          44  9.467372762456018E-010
          45  4.138247000701744E-009
          46  7.239317440281929E-009
          47  8.225574106244693E-009
          48  6.220629273258022E-009
          49  4.737223773728255E-010
          50  3.148557812053569E-009
          51  1.622987903228758E-009
          52  6.244659252786751E-009
          53  1.996250860992640E-010
          54  4.720744251436868E-010
          55  3.283077406724242E-010
          56  4.116821900330901E-010
          57  1.089540698898034E-010
          58  2.172229536222417E-010
          59  1.524864955979346E-010
          60  1.659740303435003E-010
          61  1.648384482978506E-010
          62  8.155875630204280E-010
          63  3.376195855237234E-010
          64  3.635713212897318E-010
          65  3.155342090872578E-010
          66  4.417520854877213E-010
          67  5.865265175462274E-010
          68  8.762815313002417E-010
          69  1.636117274715659E-010
          70  4.957381857399662E-010
          71  1.724092930729244E-010
          72  2.107774172392955E-010
          73  2.161517488339262E-010
          74  4.297393684024970E-010
          75  9.778262942272171E-010
          76  2.713188394992034E-009
          77  5.381121884862643E-009
          78  1.039047802819432E-008
          79  7.968428631486906E-009
          80  3.256956528410356E-008
          81  1.169198149216025E-008
          82  1.060475173633669E-008
          83  4.690445874645353E-009
          84  5.376169805922780E-009
          85  3.613036298817071E-009
          86  3.857794630435250E-009
          87  2.345665133232881E-009
          88  5.703752711997069E-009
          89  2.711653970158057E-009
          90  5.265085576900267E-009
          91  3.437363614280608E-009
          92  2.828073924932727E-009
          93  2.355313210970059E-009
          94  5.522852891644283E-009
          95  2.779384370168148E-009
          96  3.398435345638098E-009
          97  1.468180720437486E-009
          98  1.354903950723456E-009
          99  1.530445779614231E-009
         100  1.341184837745847E-009
         101  1.009100866735431E-009
         102  1.753889881782325E-009
         103  1.654844455880919E-009
         104  1.603131945939435E-009
         105  1.708844211572299E-009
         106  2.130912713265431E-009
         107  1.626142081676058E-009
         108  5.401261902588725E-009
         109  2.434735183041020E-009
         110  6.862387479066190E-009
         111  4.864628282983841E-009
         112  6.511894374295693E-009
         113  3.271567807114499E-009
         114  2.595125492717447E-009
         115  1.381567024785000E-009
         116  1.444379300746071E-009
         117  1.259925666701277E-009
         118  1.362101724271440E-009
         119  5.248093420608500E-010
         120  7.471611828174516E-010
         121  6.075434454887100E-010
         122  7.681967399638333E-010
         123  6.814523831132174E-010
         124  1.747579962832777E-008
         125  7.482876632640707E-008
         126  6.083387265041962E-007
         127  3.144983621998787E-006
         128  2.635122627967135E-005
         129  1.318721603114638E-004
         130  3.338557318658861E-004
         131  1.109071519113751E-003
         132  1.028319486939573E-003
         133  3.244899639599564E-005
         134  8.021374228559819E-005
         135  7.577167876996866E-005
         136  2.077714326640361E-004
         137  1.147487870865529E-004
         138  9.001010918073276E-005
         139  1.409551008153421E-005
         140  3.261843294560353E-005
         141  2.433737828031426E-005
         142  9.641785705791532E-006
         143  1.655534742782514E-006
         144  6.606395286336637E-006
         145  2.971271826935345E-006
         146  1.333858447976402E-005
         147  1.725875256219761E-005
         148  3.310695645785281E-005
         149  2.046543970135437E-005
         150  2.082248626056580E-005
         151  1.403531878766590E-005
         152  3.699747677732750E-005
         153  1.409018826617230E-005
         154  2.851645130290916E-005
         155  1.491493683067203E-005
         156  6.752560108916792E-005
         157  2.767987459639820E-005
         158  4.453904681100595E-005
         159  3.302663487368911E-005
         160  4.146589295692011E-005
         161  1.906558396922281E-005
         162  7.258052477902906E-005
         163  3.318554726319316E-005
         164  1.051546633130119E-004
         165  5.581476515079990E-005
         166  1.465251970246507E-004
         167  3.448927159869560E-005
         168  6.236547632777901E-005
         169  4.138468581889082E-005
         170  6.712781895272925E-005
         171  4.276496452969019E-005
         172  6.111972261494907E-005
         173  3.790372809947835E-005
         174  6.431051217848455E-005
         175  2.561228162352920E-005
         176  2.210313331016604E-005
         177  1.048670180490602E-005
         178  1.945200800828007E-005
         179  9.814926259952595E-006
         180  1.769187639894344E-005
         181  7.643559849225791E-006
         182  1.487157562375870E-005
         183  7.321338395726148E-006
         184  1.259691592592326E-005
         185  3.931031413480304E-006
         186  1.486790859733195E-005
         187  4.304787014826326E-006
         188  1.385485068352270E-005
         189  1.195380354958395E-005
         190  2.458093171932065E-005
         191  2.875230176614460E-005
         192  1.004532706524540E-004
         193  1.279388200304320E-004
         194  3.095041321199693E-004
         195  2.166187445074726E-004
         196  4.184315935888363E-004
         197  2.172663067660171E-004
         198  1.564076659352387E-004
         199  1.223163216480612E-005
         200  2.220682598193169E-006
         201  8.518990825465783E-008
         202  1.065725566365887E-007
         203  2.666526266905150E-008
         204  9.017676457493446E-008
         205  7.809277061878611E-008
         206  2.159904990464452E-006
         207  1.436398541382381E-006
         208  2.363763576092917E-006
         209  1.491674607478196E-006
         226  6.052964529650796E-014
         227  4.666733610912844E-015
         230  2.852458513121373E-012
         231  7.005710731611634E-012
         232  5.287783362631768E-007
         234  9.287359918769895E-012
         235  1.505430528022538E-007
         236  1.552036543122653E-009
         238  1.690169262593168E-007
         240  3.014554107883509E-013
         244  3.679875399743909E-009
