           1  7.399415434890403E-005
           2  6.470609901488105E-012
           3  1.574717819390911E-008
           4  8.129121470318449E-005
           6  5.674563962362780E-015
           7  3.114017005274736E-012
           8  2.708281752318958E-013
           9  1.912633244112939E-009
          10  2.713051082138141E-014
          14  2.341241787453517E-015
          15  2.282757935800416E-012
          16  1.259044356946278E-009
          17  9.332458896772891E-011
          18  4.598898348042491E-010
          19  2.116179342235395E-010
          20  4.597189334489357E-009
          21  7.613113788114465E-010
          22  1.695552139416016E-009
          23  4.837669520579578E-009
          24  1.124920031084482E-008
          25  1.364030368541269E-008
          26  1.232754049196272E-008
          27  2.710378129424164E-009
          28  1.634898252416816E-009
          29  8.621285040235898E-010
          30  2.797423777175536E-009
          31  4.962565962709135E-010
          32  6.234953432282029E-010
          33  7.652458627355185E-010
          34  4.388079772352194E-009
          35  3.005649004770267E-010
          36  1.195924830407161E-009
          37  7.993533509358500E-010
          38  1.064560237686502E-009
          39  3.034453551241336E-010
          40  6.231515164984067E-010
          41  8.844852056979249E-010
          42  6.106967741072234E-009
          43  5.292741304752813E-010
          44  9.526824514394492E-010
          45  4.210416824845394E-009
          46  7.351394093565401E-009
          47  8.222666392994632E-009
          48  6.161716065992584E-009
          49  5.128476242632279E-010
          50  3.146012183813536E-009
          51  1.586531697130747E-009
          52  6.378467143649118E-009
          53  2.130224397558712E-010
          54  5.076583746558766E-010
          55  3.417211634558417E-010
          56  4.045672570572759E-010
          57  1.080701457793142E-010
          58  2.096817591728344E-010
          59  1.467399522950152E-010
          60  1.660530784845096E-010
          61  1.676366070167054E-010
          62  8.186716796122479E-010
          63  3.386850472033419E-010
          64  3.579330250095584E-010
          65  3.062717526056211E-010
          66  4.367322983703514E-010
          67  5.773474231833523E-010
          68  8.610025140384106E-010
          69  1.607021523341359E-010
          70  4.807115505461975E-010
          71  1.662704677249257E-010
          72  2.049879014009253E-010
          73  2.098736627775782E-010
          74  4.218476478703074E-010
          75  9.735702940570999E-010
          76  2.694258931550916E-009
          77  5.420029820665037E-009
          78  1.030967103906641E-008
          79  7.964618062616505E-009
          80  3.236428533794075E-008
          81  1.239615876714769E-008
          82  1.118740434645205E-008
          83  4.904809711992264E-009
          84  5.286773389273701E-009
          85  3.545616732303595E-009
          86  3.826349291736981E-009
          87  2.473809523757712E-009
          88  6.069575719887138E-009
          89  2.799686968763896E-009
          90  5.341565402823651E-009
          91  3.555750531474868E-009
          92  2.927477721448864E-009
          93  2.445439363600471E-009
          94  5.802790353948235E-009
          95  2.988458889243396E-009
          96  3.610902106699149E-009
          97  1.580034296311308E-009
          98  1.457191003068562E-009
          99  1.623314640125478E-009
         100  1.439055210276329E-009
         101  1.064068212479860E-009
         102  1.824904176269607E-009
         103  1.719810032649819E-009
         104  1.667866601174716E-009
         105  1.753106731688054E-009
         106  2.211123634983979E-009
         107  1.689726786187389E-009
         108  5.663935841443231E-009
         109  2.543876186023945E-009
         110  7.173576362568122E-009
         111  5.129834443966444E-009
         112  6.913508231154620E-009
         113  3.520432944284809E-009
         114  2.820680388680108E-009
         115  1.487935606863961E-009
         116  1.566581341326254E-009
         117  1.408872265835946E-009
         118  1.516203753660017E-009
         119  5.555685510935511E-010
         120  7.807654763294497E-010
         121  6.373971581909564E-010
         122  7.992449410962771E-010
         123  7.122827587460639E-010
         124  1.727905436009370E-008
         125  7.660910696014509E-008
         126  6.239377664033003E-007
         127  3.171516852417163E-006
         128  2.625674840967962E-005
         129  1.321541922764945E-004
         130  3.344201580788487E-004
         131  1.115583995771873E-003
         132  1.066337802502259E-003
         133  3.374648919574156E-005
         134  8.482476547721709E-005
         135  8.770323515670536E-005
         136  2.285219925806377E-004
         137  1.228350908046241E-004
         138  8.553679259885247E-005
         139  1.444685632583016E-005
         140  3.368695233105439E-005
         141  2.534931962057435E-005
         142  9.937769581426847E-006
         143  1.780246582697774E-006
         144  8.310845950223710E-006
         145  4.072047840333227E-006
         146  1.398658673432441E-005
         147  8.111378545216538E-006
         148  5.376935163622989E-006
         149  4.386216727390632E-006
         150  2.737986507085868E-005
         151  1.407934578217637E-005
         152  2.817520879959389E-005
         153  1.511157567045765E-005
         154  1.491918935551681E-005
         155  5.827828500828942E-006
         156  1.682342805629123E-005
         157  2.668855390798866E-005
         158  6.269253804977135E-005
         159  3.052200846698667E-005
         160  5.912188187055083E-005
         161  3.673061569121276E-005
         162  1.234082008129926E-004
         163  4.991112703110499E-005
         164  6.563229905278146E-005
         165  4.680517550798731E-005
         166  8.937791490067420E-005
         167  2.803480905416633E-005
         168  1.010705980746164E-004
         169  4.304788996807023E-005
         170  5.782201928752329E-005
         171  3.823332866196927E-005
         172  4.814962263160817E-005
         173  3.050944863452268E-005
         174  5.076685269822269E-005
         175  2.140915123750923E-005
         176  1.370118083778973E-005
         177  5.751195137215197E-006
         178  1.422701691559629E-005
         179  4.689556992433540E-006
         180  8.122828679210292E-006
         181  4.510910832625811E-006
         182  1.108842948738612E-005
         183  5.997729204506485E-006
         184  1.109505143576138E-005
         185  3.553733628000218E-006
         186  1.359721336685703E-005
         187  3.963454552916006E-006
         188  1.289960874609370E-005
         189  1.117117588889330E-005
         190  2.362373706390088E-005
         191  2.740738183415007E-005
         192  9.830465627800500E-005
         193  1.289728219339396E-004
         194  3.216948044142927E-004
         195  2.287498408548451E-004
         196  4.460895434364915E-004
         197  2.358347244239705E-004
         198  1.734443810899099E-004
         199  1.396451266910365E-005
         200  2.450576577952489E-006
         201  8.695685133751974E-008
         202  1.026910071162388E-007
         203  2.512791892270819E-008
         204  8.663965178626558E-008
         205  7.638040701969794E-008
         206  2.236237554532023E-006
         207  1.475681169558446E-006
         208  2.450738163720718E-006
         209  1.553730651408892E-006
         226  6.084525297536386E-014
         227  4.738649881129300E-015
         230  2.867331519661376E-012
         231  7.113671594184708E-012
         232  5.495760141910325E-007
         234  9.335785150609663E-012
         235  1.528629827076634E-007
         236  1.496934252275549E-009
         238  1.698981975689827E-007
         240  2.901343937572576E-013
         244  3.541679399334245E-009
