           1  7.477629348136480E-005
           2  6.470609901488105E-012
           3  1.574717819390911E-008
           4  7.991466761976513E-005
           6  5.674563962362780E-015
           7  3.114017005274736E-012
           8  2.708281752318958E-013
           9  1.912633244112939E-009
          10  2.713051082138141E-014
          14  1.850432579243609E-015
          15  1.841437578473142E-012
          16  1.224215545971497E-009
          17  9.113962264256408E-011
          18  4.528199177288235E-010
          19  2.066537752228776E-010
          20  4.525308554855930E-009
          21  7.421646587112167E-010
          22  1.730917288796729E-009
          23  4.771065334684635E-009
          24  1.111823981816842E-008
          25  1.354880183942812E-008
          26  1.215705961652667E-008
          27  2.580926832873293E-009
          28  1.568258380700006E-009
          29  8.553630504205712E-010
          30  2.767401106276559E-009
          31  4.703877678041438E-010
          32  5.858066484722026E-010
          33  7.746730040278134E-010
          34  4.403946096780766E-009
          35  2.939198090305313E-010
          36  1.186647233983294E-009
          37  7.431978432872913E-010
          38  9.840990034309165E-010
          39  2.742914109907197E-010
          40  6.025563720037068E-010
          41  8.912033551581066E-010
          42  6.159982255403219E-009
          43  5.156372613603604E-010
          44  9.685697055276452E-010
          45  4.233185845944543E-009
          46  7.335843277036102E-009
          47  8.191114382375501E-009
          48  6.111073020069608E-009
          49  4.989885602391868E-010
          50  3.141198247133221E-009
          51  1.582412795896045E-009
          52  6.173052446717614E-009
          53  2.110742624319320E-010
          54  5.265093307493435E-010
          55  3.430612277608666E-010
          56  4.011455447216642E-010
          57  1.041486903234345E-010
          58  2.195861136500320E-010
          59  1.502766362196552E-010
          60  1.644229159560063E-010
          61  1.655261447417963E-010
          62  8.006143689108515E-010
          63  3.347494556581981E-010
          64  3.713459624788145E-010
          65  3.210096580894556E-010
          66  4.412488035181205E-010
          67  5.814115558036749E-010
          68  8.487560361163066E-010
          69  1.614079290873092E-010
          70  4.951598236303137E-010
          71  1.698815645161842E-010
          72  2.089510282353075E-010
          73  2.208669498909082E-010
          74  4.326857020847762E-010
          75  1.004945395914875E-009
          76  2.745768200464484E-009
          77  5.516405378081353E-009
          78  1.032497114757290E-008
          79  7.941487318488272E-009
          80  3.212955017419317E-008
          81  1.193639939509090E-008
          82  1.047243339232359E-008
          83  4.523704300930406E-009
          84  5.148028089692654E-009
          85  3.508679268258790E-009
          86  3.760003776495429E-009
          87  2.354448136435880E-009
          88  5.746725151442442E-009
          89  2.675582343653727E-009
          90  5.180925193562846E-009
          91  3.419320792316687E-009
          92  2.768461257544127E-009
          93  2.292851008087605E-009
          94  5.407535566791487E-009
          95  2.731960687756050E-009
          96  3.441122559672467E-009
          97  1.488088132280960E-009
          98  1.373305557536530E-009
          99  1.517308031136854E-009
         100  1.303727019760846E-009
         101  9.833710078784726E-010
         102  1.711652002628404E-009
         103  1.633656333657837E-009
         104  1.585168090650050E-009
         105  1.690499865345915E-009
         106  2.106493555764020E-009
         107  1.612652231216045E-009
         108  5.400467838148369E-009
         109  2.463950243494964E-009
         110  6.934574935165417E-009
         111  4.858372940186371E-009
         112  6.403334940522047E-009
         113  3.193549588539904E-009
         114  2.507064557132848E-009
         115  1.324317622880035E-009
         116  1.370490931718803E-009
         117  1.186783174100124E-009
         118  1.284193533289007E-009
         119  5.074954073582016E-010
         120  7.315046754591308E-010
         121  5.931231182353280E-010
         122  7.475200442511866E-010
         123  6.756009825442070E-010
         124  1.795706185810012E-008
         125  7.979583761627450E-008
         126  6.455818570228991E-007
         127  3.333943395138062E-006
         128  2.772760334605017E-005
         129  1.355166458924214E-004
         130  3.313897124322084E-004
         131  1.090293267869231E-003
         132  1.015232593778868E-003
         133  3.211544113230611E-005
         134  8.009374046507383E-005
         135  7.825496159236993E-005
         136  2.043491101188769E-004
         137  1.115927893798622E-004
         138  8.897505166306924E-005
         139  1.452194668754387E-005
         140  3.362771281112606E-005
         141  2.460249708775671E-005
         142  9.766939051175269E-006
         143  1.904618524423738E-006
         144  1.024108235437970E-005
         145  5.806110583678472E-006
         146  2.166380659982912E-005
         147  1.289201921648012E-005
         148  1.234373269171545E-005
         149  8.237391922059099E-006
         150  1.721026707755458E-005
         151  1.626849136457219E-005
         152  2.842463458262115E-005
         153  1.128646396759939E-005
         154  2.762845692932913E-005
         155  1.516444400304920E-005
         156  4.678575365770194E-005
         157  4.027818456709750E-005
         158  8.902333761302020E-005
         159  3.731313650229535E-005
         160  6.856483702347972E-005
         161  4.432576825582175E-005
         162  1.373536716298607E-004
         163  9.338512182483440E-005
         164  9.436214306217898E-005
         165  5.656964686716855E-005
         166  7.034791749871295E-005
         167  2.949637649408852E-005
         168  1.043244581526229E-004
         169  5.289376518321654E-005
         170  3.749069677500335E-005
         171  1.824338346529511E-005
         172  5.370073062212839E-005
         173  2.213021303569324E-005
         174  2.625105158968492E-005
         175  1.766389162621260E-005
         176  2.887488623379960E-005
         177  1.541061183903378E-005
         178  1.981236130591808E-005
         179  8.847956419159057E-006
         180  1.660201677749803E-005
         181  7.524883722880109E-006
         182  1.541639293744796E-005
         183  7.743017336111256E-006
         184  1.343131880902661E-005
         185  4.132212780355870E-006
         186  1.541698569496753E-005
         187  4.532285520344779E-006
         188  1.497706949307258E-005
         189  1.309762199773862E-005
         190  2.637695925500556E-005
         191  2.985652637072861E-005
         192  1.037713151934758E-004
         193  1.330086960886500E-004
         194  3.179603383916104E-004
         195  2.167992602164231E-004
         196  4.112061429523016E-004
         197  2.106519405519840E-004
         198  1.481830057080981E-004
         199  1.150834533488704E-005
         200  2.099129872228288E-006
         201  8.353636381366802E-008
         202  1.064365161092346E-007
         203  2.654497385667926E-008
         204  8.265615516408141E-008
         205  7.055339951641931E-008
         206  2.101541203177965E-006
         207  1.384250205274579E-006
         208  2.295269968732075E-006
         209  1.456648812277044E-006
         226  5.820298010015407E-014
         227  4.500951255844549E-015
         230  2.742814455007163E-012
         231  6.756837896595319E-012
         232  5.140235109623090E-007
         234  8.930368282966260E-012
         235  1.451951191266810E-007
         236  1.496418320605978E-009
         238  1.625201791200275E-007
         240  2.906844458588070E-013
         244  3.548393902125142E-009
