           1  7.394277063878207E-005
           2  6.470609901488105E-012
           3  1.574717819390911E-008
           4  8.251112480550504E-005
           6  5.674563962362780E-015
           7  3.114017005274736E-012
           8  2.708281752318958E-013
           9  1.912633244112939E-009
          10  2.713051082138141E-014
          14  2.433155638713083E-015
          15  2.314953608624393E-012
          16  1.207609881810807E-009
          17  9.057997560651901E-011
          18  4.703986224645901E-010
          19  2.254496555379672E-010
          20  4.470001302383566E-009
          21  7.436803021711027E-010
          22  1.624014480347594E-009
          23  4.752046733479533E-009
          24  1.107322996688529E-008
          25  1.344497507789274E-008
          26  1.271973641194250E-008
          27  2.856495616365980E-009
          28  1.647590801534369E-009
          29  8.434620369917945E-010
          30  2.706809757300828E-009
          31  4.951665690025384E-010
          32  6.544520020933167E-010
          33  7.199037152832863E-010
          34  4.446859164758446E-009
          35  3.076155917870496E-010
          36  1.205492622362523E-009
          37  8.963789521598532E-010
          38  1.202060126323354E-009
          39  3.162516146078652E-010
          40  6.027857970315552E-010
          41  8.376323873974781E-010
          42  5.700651885817735E-009
          43  5.071811119437811E-010
          44  9.142598678371991E-010
          45  4.090695538877159E-009
          46  7.424135966526885E-009
          47  8.397609390786745E-009
          48  6.298580406159352E-009
          49  5.421389165701973E-010
          50  3.132172542756105E-009
          51  1.555770642779709E-009
          52  6.504260729150786E-009
          53  2.329651203450131E-010
          54  5.687169432671966E-010
          55  3.607180840445257E-010
          56  3.834143123295552E-010
          57  1.035300387526605E-010
          58  1.907163257169107E-010
          59  1.344334172260517E-010
          60  1.578374558790129E-010
          61  1.575403258913253E-010
          62  7.691621355233952E-010
          63  3.240338843501133E-010
          64  3.428178680051542E-010
          65  2.927674190234737E-010
          66  4.305554269766711E-010
          67  5.702807429097038E-010
          68  8.606453476540463E-010
          69  1.609933598123326E-010
          70  4.701515696730038E-010
          71  1.625340990723810E-010
          72  2.022081184157044E-010
          73  2.018481297135972E-010
          74  4.041848635130896E-010
          75  9.199988037120043E-010
          76  2.620513589976383E-009
          77  5.441977269535287E-009
          78  1.035957236212845E-008
          79  7.837610268402564E-009
          80  3.126926193597004E-008
          81  1.303384514263281E-008
          82  1.154279774155372E-008
          83  4.934885982601499E-009
          84  5.095908681687647E-009
          85  3.381627331166468E-009
          86  3.663815932496761E-009
          87  2.471938385928431E-009
          88  6.127006259955624E-009
          89  2.859321135054742E-009
          90  5.349497136169123E-009
          91  3.484490769133090E-009
          92  2.855755580796167E-009
          93  2.398176447567237E-009
          94  5.750783149506818E-009
          95  3.029658640228512E-009
          96  3.681336655251600E-009
          97  1.637665373904245E-009
          98  1.524607166834605E-009
          99  1.683590791261726E-009
         100  1.515028890048467E-009
         101  1.116417486145478E-009
         102  1.839789505708682E-009
         103  1.711795369786854E-009
         104  1.640810783271955E-009
         105  1.674930123739625E-009
         106  2.109645640071439E-009
         107  1.614013771049252E-009
         108  5.390419894287995E-009
         109  2.450689948709901E-009
         110  7.137162208032003E-009
         111  5.175732627545345E-009
         112  7.093209461697083E-009
         113  3.681922734953810E-009
         114  3.012309431781408E-009
         115  1.596251758033944E-009
         116  1.688628572313716E-009
         117  1.523727396992539E-009
         118  1.641718190688034E-009
         119  5.994677159040964E-010
         120  8.364620002842709E-010
         121  6.829267769510622E-010
         122  8.583094454427669E-010
         123  7.367661017177862E-010
         124  1.603682301010170E-008
         125  6.653089970140135E-008
         126  5.513121207670615E-007
         127  2.825173337484738E-006
         128  2.379271535641033E-005
         129  1.239492433493890E-004
         130  3.290436268851067E-004
         131  1.097018507501496E-003
         132  1.089522998082037E-003
         133  3.437887754026314E-005
         134  8.795873855634412E-005
         135  9.644361851217943E-005
         136  2.352837707241599E-004
         137  1.239299095739038E-004
         138  8.487604807940873E-005
         139  1.427312030977377E-005
         140  3.393879345073881E-005
         141  2.500419243128250E-005
         142  1.020593232845636E-005
         143  1.758807937126842E-006
         144  6.822181289429158E-006
         145  2.893305143360855E-006
         146  1.022706851941271E-005
         147  8.985931096721221E-006
         148  2.618750045316380E-005
         149  1.949728040234057E-005
         150  2.619448638883382E-005
         151  1.104432252521412E-005
         152  2.414915468080333E-005
         153  1.681579390916573E-005
         154  3.556429890277798E-005
         155  1.801045087081214E-005
         156  2.199391665214902E-005
         157  1.225019672585610E-005
         158  5.952346292534737E-005
         159  4.728596654986691E-005
         160  8.621400731640345E-005
         161  3.602317014637005E-005
         162  9.361741146097534E-005
         163  8.737832973920816E-005
         164  9.621530807366143E-005
         165  3.476858618338130E-005
         166  6.667282974317695E-005
         167  1.564535651665611E-005
         168  5.274094419952666E-005
         169  1.661525862406041E-005
         170  2.310121254702691E-005
         171  2.061734179003806E-005
         172  3.213441185717530E-005
         173  1.768521249054684E-005
         174  4.648859088758654E-005
         175  2.633466244137467E-005
         176  1.879558348148123E-005
         177  7.291229589112175E-006
         178  1.595961559792337E-005
         179  9.210604310876152E-006
         180  1.790889780222668E-005
         181  7.592235313020488E-006
         182  1.425982949862986E-005
         183  6.814119765878662E-006
         184  1.150798018245510E-005
         185  3.507563800532437E-006
         186  1.266001982709794E-005
         187  3.640442635026009E-006
         188  1.149147996361356E-005
         189  9.812954903041383E-006
         190  2.137175879273191E-005
         191  2.542074236306407E-005
         192  9.246061102751037E-005
         193  1.234604819523010E-004
         194  3.154721373213310E-004
         195  2.338901999705406E-004
         196  4.685826098682541E-004
         197  2.531095241289854E-004
         198  1.910772302816754E-004
         199  1.569725951743620E-005
         200  2.729760420153205E-006
         201  9.311606417418623E-008
         202  1.044555620300543E-007
         203  2.422856287300153E-008
         204  7.684369878093910E-008
         205  6.719565518320007E-008
         206  2.267801750266592E-006
         207  1.455823798795805E-006
         208  2.456454077437073E-006
         209  1.609900336345229E-006
         226  6.786404230107721E-014
         227  5.263600601325142E-015
         230  3.198091848189048E-012
         231  7.901728766645403E-012
         232  6.182444453404263E-007
         234  1.041271237102542E-011
         235  1.697972434943136E-007
         236  1.584657308085690E-009
         238  1.894967627362269E-007
         240  3.064169340937561E-013
         244  3.740440866155906E-009
