           1  7.521607651255064E-005
           2  6.470609901488105E-012
           3  1.574717819390911E-008
           4  8.387600987225749E-005
           6  5.674563962362780E-015
           7  3.114017005274736E-012
           8  2.708281752318958E-013
           9  1.912633244112939E-009
          10  2.713051082138141E-014
          14  1.618387095502577E-015
          15  1.618551957830547E-012
          16  1.202714385602053E-009
          17  8.961654002043067E-011
          18  4.481304954732971E-010
          19  2.049632625713879E-010
          20  4.624767836272164E-009
          21  7.288552518168536E-010
          22  1.561963292861956E-009
          23  4.874901326110101E-009
          24  1.125432968349914E-008
          25  1.392427649949679E-008
          26  1.169950386418106E-008
          27  2.255683977719415E-009
          28  1.461706222937476E-009
          29  8.928464604461338E-010
          30  2.678097797050198E-009
          31  4.203566429879962E-010
          32  6.172821102007722E-010
          33  8.609808795715194E-010
          34  4.169937346368265E-009
          35  2.802967276248721E-010
          36  1.206580687720997E-009
          37  7.034725584548328E-010
          38  9.453032644340540E-010
          39  2.730052607724040E-010
          40  6.326129660475079E-010
          41  9.527235825371422E-010
          42  6.102751118385326E-009
          43  4.781726556085301E-010
          44  1.066599651999214E-009
          45  4.688217001648685E-009
          46  7.409145036759156E-009
          47  7.911498793495837E-009
          48  5.809223725730823E-009
          49  4.872140340611491E-010
          50  3.137774907468193E-009
          51  1.579910032614356E-009
          52  6.085522225368852E-009
          53  2.007754094046451E-010
          54  5.033784111145075E-010
          55  3.123818463204031E-010
          56  4.025502942531493E-010
          57  1.001271670244884E-010
          58  2.354420955700807E-010
          59  1.553963102961777E-010
          60  1.787480721224367E-010
          61  1.920672574199420E-010
          62  8.733018533557257E-010
          63  3.551923452554267E-010
          64  3.975972059684139E-010
          65  3.390597052335612E-010
          66  4.486971473745638E-010
          67  5.879347102798606E-010
          68  7.962936643532940E-010
          69  1.526699590482445E-010
          70  4.763926454574339E-010
          71  1.628729518423773E-010
          72  2.060933280280782E-010
          73  2.422107839914966E-010
          74  4.740349690325539E-010
          75  1.149126677074674E-009
          76  2.921735886646090E-009
          77  5.740595584447921E-009
          78  1.018580678190933E-008
          79  8.045568954092726E-009
          80  3.159234709489250E-008
          81  1.168437920278217E-008
          82  9.982208847724053E-009
          83  4.282672977966929E-009
          84  5.227264724031210E-009
          85  3.528844918632124E-009
          86  3.765132277934449E-009
          87  2.374524037450274E-009
          88  5.613110388948908E-009
          89  2.506791303182391E-009
          90  4.952124951981430E-009
          91  3.362655924994076E-009
          92  2.866966033574495E-009
          93  2.351210137945523E-009
          94  5.159679998232844E-009
          95  2.595555254488559E-009
          96  3.444938725698544E-009
          97  1.452162584636985E-009
          98  1.316391649934905E-009
          99  1.431848172274925E-009
         100  1.183839297125403E-009
         101  9.031065488014251E-010
         102  1.643082115230579E-009
         103  1.581664378632726E-009
         104  1.549409234080096E-009
         105  1.720291901341422E-009
         106  2.180339228138535E-009
         107  1.699617448603438E-009
         108  5.832749991426207E-009
         109  2.619577583975249E-009
         110  6.877522549273412E-009
         111  4.714775808333592E-009
         112  5.878525917383416E-009
         113  2.821874284854367E-009
         114  2.112519950208150E-009
         115  1.090687047299721E-009
         116  1.117450671800467E-009
         117  1.056968014931391E-009
         118  1.155035705982169E-009
         119  4.265106851755800E-010
         120  6.286664943339706E-010
         121  5.072348025100976E-010
         122  6.877976315205296E-010
         123  6.569640472486796E-010
         124  2.332217703438419E-008
         125  1.021950929749201E-007
         126  8.069688101623161E-007
         127  4.149087602161330E-006
         128  3.325041626959180E-005
         129  1.502518301718242E-004
         130  3.279945447444430E-004
         131  1.065342501975064E-003
         132  9.712700706822133E-004
         133  3.295786299550143E-005
         134  8.143877109631424E-005
         135  7.106686101375876E-005
         136  1.939196655904687E-004
         137  1.075802290883010E-004
         138  8.838847918619742E-005
         139  1.317521364493166E-005
         140  2.850841748797944E-005
         141  2.038575150199095E-005
         142  7.479924126435431E-006
         143  1.494607776903424E-006
         144  8.719817334624202E-006
         145  5.915331685401784E-006
         146  2.338859448398993E-005
         147  1.484057423480055E-005
         148  1.696043298036017E-005
         149  1.380664585125318E-005
         150  2.543730614577918E-005
         151  1.366644623748540E-005
         152  2.648082972751520E-005
         153  1.405868364728046E-005
         154  5.947959918726003E-005
         155  3.032950629424853E-005
         156  5.290318059568785E-005
         157  3.002994952391279E-005
         158  6.541200159881615E-005
         159  3.354695433669663E-005
         160  7.264995660491106E-005
         161  3.832114475485228E-005
         162  1.825641836155093E-004
         163  6.971002445888175E-005
         164  8.735001190241216E-005
         165  7.773015692972799E-005
         166  1.079742198303499E-004
         167  3.326281707496720E-005
         168  7.744128235753813E-005
         169  4.140835133812238E-005
         170  8.444241299227254E-005
         171  3.657273406594907E-005
         172  4.475369578046448E-005
         173  2.824080922453482E-005
         174  4.925925036569644E-005
         175  2.172566977040678E-005
         176  2.688921202884153E-005
         177  1.318544512188772E-005
         178  1.961720945091404E-005
         179  6.808550111594822E-006
         180  1.130627914924800E-005
         181  5.955222443697423E-006
         182  1.378089628956767E-005
         183  7.374876735086119E-006
         184  1.355346310419317E-005
         185  4.347463977099897E-006
         186  1.704459761990196E-005
         187  5.200298389366602E-006
         188  1.835439508926086E-005
         189  1.650715797355201E-005
         190  3.170002890339071E-005
         191  3.326761054025651E-005
         192  1.140270892707047E-004
         193  1.445591381972044E-004
         194  3.306166685370863E-004
         195  2.076642478604055E-004
         196  3.686081527400683E-004
         197  1.797476058762305E-004
         198  1.188771356206636E-004
         199  9.086997893504764E-006
         200  1.772575482555783E-006
         201  8.270264563676766E-008
         202  1.132328689617866E-007
         203  2.907151311729106E-008
         204  8.594959013129228E-008
         205  7.190099290002607E-008
         206  2.408978556801833E-006
         207  1.562343733158238E-006
         208  2.620492923494997E-006
         209  1.662326789563195E-006
         210  1.001868927990224E-015
         226  7.095139901025365E-014
         227  5.395131116609167E-015
         230  3.343583481007864E-012
         231  8.099182664657692E-012
         232  6.039208208711985E-007
         234  1.088642063109026E-011
         235  1.740402551933760E-007
         236  1.963812650799461E-009
         238  1.981175887578391E-007
         240  3.828480769206735E-013
         244  4.673438159279811E-009
