           1  7.390132991104737E-005
           2  6.470609901488105E-012
           3  1.574717819390911E-008
           4  8.214116752037355E-005
           6  5.674563962362780E-015
           7  3.114017005274736E-012
           8  2.708281752318958E-013
           9  1.912633244112939E-009
          10  2.713051082138141E-014
          14  2.419143882660676E-015
          15  2.356419293430066E-012
          16  1.314813679411862E-009
          17  9.636778838285728E-011
          18  4.542801673199361E-010
          19  2.035231159156866E-010
          20  4.816989346734264E-009
          21  7.959578359820082E-010
          22  1.584824443692235E-009
          23  5.033472563094140E-009
          24  1.160442910816057E-008
          25  1.401675263630569E-008
          26  1.184222699844930E-008
          27  2.616712379532489E-009
          28  1.638198350336023E-009
          29  8.533573811563665E-010
          30  2.712380299135180E-009
          31  4.905870141944187E-010
          32  6.521980661601897E-010
          33  8.271546406577346E-010
          34  4.421945224429022E-009
          35  2.906132424570985E-010
          36  1.119982576063293E-009
          37  7.682354656965658E-010
          38  1.028755204324171E-009
          39  3.053805905594638E-010
          40  6.379915079768033E-010
          41  9.014518516252811E-010
          42  6.278222505438363E-009
          43  5.468461256724414E-010
          44  9.913369462998646E-010
          45  4.448801274893416E-009
          46  7.413222249410802E-009
          47  8.071558777875997E-009
          48  5.980254296249773E-009
          49  5.023418658887295E-010
          50  3.088974055474455E-009
          51  1.571812199691968E-009
          52  6.348872632542470E-009
          53  2.165089576199369E-010
          54  5.120484214829051E-010
          55  3.504142320646978E-010
          56  4.141017410593790E-010
          57  1.124870920576231E-010
          58  2.029386027581565E-010
          59  1.452137019609518E-010
          60  1.735099544512974E-010
          61  1.808324257894331E-010
          62  8.822496610289311E-010
          63  3.566902641141105E-010
          64  3.495421257210429E-010
          65  2.954469509136597E-010
          66  4.353610995267901E-010
          67  5.789111873365323E-010
          68  8.796336368741763E-010
          69  1.607453617909161E-010
          70  4.750840358039451E-010
          71  1.653132658352975E-010
          72  2.052268652489500E-010
          73  2.066902318805651E-010
          74  4.405092427713430E-010
          75  1.052979369249375E-009
          76  2.800204672546593E-009
          77  5.337272993656586E-009
          78  1.028222221089319E-008
          79  8.141045261928329E-009
          80  3.305614057344325E-008
          81  1.234689273709460E-008
          82  1.093674587740846E-008
          83  4.816753348900543E-009
          84  5.463990712237368E-009
          85  3.598438443787422E-009
          86  3.913957934760551E-009
          87  2.666185920769120E-009
          88  6.291727294811553E-009
          89  2.846902028023153E-009
          90  5.514052409195684E-009
          91  3.773166029097062E-009
          92  3.118903841199545E-009
          93  2.570392026686432E-009
          94  5.976268022100698E-009
          95  3.030575000459647E-009
          96  3.398746747879345E-009
          97  1.489704925127353E-009
          98  1.407625028715464E-009
          99  1.593587519355483E-009
         100  1.429073646400447E-009
         101  1.056404853965649E-009
         102  1.839839726069558E-009
         103  1.762079078723988E-009
         104  1.728065453765504E-009
         105  1.855723811224962E-009
         106  2.413663420406820E-009
         107  1.835810179445958E-009
         108  6.143931417015969E-009
         109  2.705060896223636E-009
         110  7.342018763496537E-009
         111  5.190561509893307E-009
         112  6.935613295792370E-009
         113  3.535131414841511E-009
         114  2.821495024302207E-009
         115  1.478082840689648E-009
         116  1.549049518784908E-009
         117  1.389069492095842E-009
         118  1.466061030136521E-009
         119  5.242006177721868E-010
         120  7.204006431012527E-010
         121  5.829285481749720E-010
         122  7.503909164532016E-010
         123  6.896771511729399E-010
         124  1.857161253095056E-008
         125  8.373382795178339E-008
         126  6.865618503987669E-007
         127  3.445013119459005E-006
         128  2.807614828484809E-005
         129  1.393571831240022E-004
         130  3.418394672846159E-004
         131  1.129135197513390E-003
         132  1.066734251991562E-003
         133  3.320485161666824E-005
         134  8.246982933022785E-005
         135  8.892133880779580E-005
         136  2.281713218035824E-004
         137  1.221377746814331E-004
         138  8.613512041347880E-005
         139  1.456247072575382E-005
         140  3.289051171486567E-005
         141  2.482767504170038E-005
         142  9.755185917549313E-006
         143  1.521172882419837E-006
         144  5.013213904642344E-006
         145  1.693629908907815E-006
         146  5.300961349904122E-006
         147  5.189374486384651E-006
         148  2.023505248305742E-005
         149  1.598825360204305E-005
         150  3.315905733172675E-005
         151  1.297430122428739E-005
         152  1.649961355258510E-005
         153  9.141947532112313E-006
         154  9.204597147245856E-006
         155  4.396442539742340E-006
         156  3.007779971532963E-005
         157  1.681798106351989E-005
         158  4.056882375207151E-005
         159  3.964444126748685E-005
         160  8.848188021754517E-005
         161  4.405020518916146E-005
         162  6.639933703907272E-005
         163  3.260250339785116E-005
         164  7.437131711744038E-005
         165  4.997245702985885E-005
         166  1.231237664814298E-004
         167  2.738649590090330E-005
         168  3.693869619785967E-005
         169  1.457919047454036E-005
         170  3.683704828395957E-005
         171  3.453369086275229E-005
         172  7.050865018156951E-005
         173  3.059916174954665E-005
         174  4.863856646690362E-005
         175  3.695362367570951E-005
         176  2.948427086071026E-005
         177  1.074147976750305E-005
         178  1.890768496609216E-005
         179  1.093031714906487E-005
         180  2.146518184850725E-005
         181  8.951766793909999E-006
         182  1.649951918735627E-005
         183  8.134756092182225E-006
         184  1.429810894707804E-005
         185  4.471676916690715E-006
         186  1.665815976892905E-005
         187  4.759695351242896E-006
         188  1.511851880630387E-005
         189  1.290741722622388E-005
         190  2.687983670418273E-005
         191  2.996342645925741E-005
         192  1.049626430458371E-004
         193  1.361891581110535E-004
         194  3.372813402518169E-004
         195  2.281469488375818E-004
         196  4.271815418194069E-004
         197  2.262026856871719E-004
         198  1.661672465801564E-004
         199  1.343463540876414E-005
         200  2.412506517240190E-006
         201  9.004326883772461E-008
         202  1.066377721192894E-007
         203  2.572486601405880E-008
         204  9.638545873044592E-008
         205  8.550179164971464E-008
         206  2.335357537186419E-006
         207  1.552140948771968E-006
         208  2.595489480052859E-006
         209  1.604460483799946E-006
         226  6.221455454372080E-014
         227  4.778496229199786E-015
         230  2.931859832962354E-012
         231  7.173489019297673E-012
         232  5.531651889071911E-007
         234  9.545883796328978E-012
         235  1.541483766001978E-007
         236  1.568941254385689E-009
         238  1.737216982862273E-007
         240  3.045529635469527E-013
         244  3.717687320803737E-009
