           1  7.428536154284373E-005
           2  6.470609901488105E-012
           3  1.574717819390911E-008
           4  8.334263136057621E-005
           6  5.674563962362780E-015
           7  3.114017005274736E-012
           8  2.708281752318958E-013
           9  1.912633244112939E-009
          10  2.713051082138141E-014
          14  2.186693498258951E-015
          15  2.104143410144108E-012
          16  1.213441327312326E-009
          17  9.066675993143343E-011
          18  4.630014159119533E-010
          19  2.184494631903301E-010
          20  4.597285762552371E-009
          21  7.470146553528533E-010
          22  1.526371348800336E-009
          23  4.863059122849029E-009
          24  1.124387088438715E-008
          25  1.378688338396565E-008
          26  1.232674052621953E-008
          27  2.624748993605536E-009
          28  1.548635258348286E-009
          29  8.443141475667938E-010
          30  2.632767229243071E-009
          31  4.611917088987181E-010
          32  6.411901855656178E-010
          33  7.728098658703736E-010
          34  4.343207748141150E-009
          35  3.007663910158540E-010
          36  1.222707065742261E-009
          37  8.635845508068659E-010
          38  1.160763629432699E-009
          39  3.054552307961366E-010
          40  5.979097314103192E-010
          41  8.465258393611723E-010
          42  5.756919147174933E-009
          43  4.941445936328365E-010
          44  9.848139453714987E-010
          45  4.425414064289710E-009
          46  7.538033022236744E-009
          47  8.201478093809923E-009
          48  6.022621253782955E-009
          49  5.448220828208271E-010
          50  3.122494988221205E-009
          51  1.534546339904928E-009
          52  6.291920146373804E-009
          53  2.334731606916056E-010
          54  5.865129333855472E-010
          55  3.545181854486762E-010
          56  3.939725288145088E-010
          57  1.040039024634173E-010
          58  1.997764056622317E-010
          59  1.390928427722841E-010
          60  1.672733459267491E-010
          61  1.752464644410603E-010
          62  8.235987993887534E-010
          63  3.377057682647807E-010
          64  3.525787073097276E-010
          65  2.990082756642957E-010
          66  4.322502967744327E-010
          67  5.779859268997896E-010
          68  8.338276132762572E-010
          69  1.543643967918331E-010
          70  4.557710440093415E-010
          71  1.580249935759744E-010
          72  1.998599166387266E-010
          73  2.164858843404240E-010
          74  4.399912392678426E-010
          75  1.026930792270556E-009
          76  2.762528354431576E-009
          77  5.538972058366594E-009
          78  1.023831968986830E-008
          79  7.941368006308992E-009
          80  3.134191966142038E-008
          81  1.299361047639325E-008
          82  1.106351122536448E-008
          83  4.659073939019774E-009
          84  5.098622365191247E-009
          85  3.405259133717630E-009
          86  3.698651448640523E-009
          87  2.542949352996168E-009
          88  6.095089417970101E-009
          89  2.736298551106264E-009
          90  5.181347005496673E-009
          91  3.501357022714352E-009
          92  2.944417484022425E-009
          93  2.441561596530884E-009
          94  5.611791319140497E-009
          95  2.921486163123021E-009
          96  3.578681338335710E-009
          97  1.565912228414073E-009
          98  1.440672444268384E-009
          99  1.594472716025462E-009
         100  1.408037178472703E-009
         101  1.041239616880025E-009
         102  1.784706103055825E-009
         103  1.673136066738905E-009
         104  1.613330311205248E-009
         105  1.700839374508977E-009
         106  2.188659716203098E-009
         107  1.699575909190885E-009
         108  5.780116335510863E-009
         109  2.581133797850585E-009
         110  7.131370452916131E-009
         111  5.118624310953012E-009
         112  6.783014124759469E-009
         113  3.432163551831951E-009
         114  2.715374215726891E-009
         115  1.423875869378004E-009
         116  1.480297926042011E-009
         117  1.360587245527207E-009
         118  1.467195686114133E-009
         119  5.258908803849806E-010
         120  7.454838748063565E-010
         121  6.120665692383119E-010
         122  7.904968585349570E-010
         123  7.048129769835980E-010
         124  1.855317175098265E-008
         125  8.010872556960201E-008
         126  6.523209564724957E-007
         127  3.330562501363729E-006
         128  2.735042326665135E-005
         129  1.354092565213525E-004
         130  3.320103903853109E-004
         131  1.089260720845804E-003
         132  1.054325155355654E-003
         133  3.376319991059830E-005
         134  8.519317015501955E-005
         135  9.073727305491815E-005
         136  2.226173972435926E-004
         137  1.178123947520072E-004
         138  8.403262211523766E-005
         139  1.417768654742926E-005
         140  3.217060171848064E-005
         141  2.271731502941964E-005
         142  8.721498306596058E-006
         143  1.409581911668032E-006
         144  4.872263481564358E-006
         145  1.770036739413367E-006
         146  7.400518627471797E-006
         147  1.069645215525214E-005
         148  1.844560132996739E-005
         149  1.125852767323955E-005
         150  2.196063230889062E-005
         151  1.849997913872111E-005
         152  5.295372588272632E-005
         153  2.131235956461834E-005
         154  3.789488191269408E-005
         155  1.781425586199280E-005
         156  3.622358007548496E-005
         157  2.696079710875738E-005
         158  5.008549143054902E-005
         159  3.301244332729607E-005
         160  4.842708200370279E-005
         161  2.389435623150337E-005
         162  1.469860809400782E-004
         163  5.409365890919367E-005
         164  7.545283413223428E-005
         165  6.302370846499458E-005
         166  1.040865528696915E-004
         167  2.522031521050766E-005
         168  6.975152940116446E-005
         169  4.391608318560776E-005
         170  4.364878461870403E-005
         171  2.406280390662066E-005
         172  2.938303023972892E-005
         173  1.778674942286434E-005
         174  5.628700112135144E-005
         175  2.802893571309910E-005
         176  1.622570316857786E-005
         177  6.478919995558868E-006
         178  1.619854526378281E-005
         179  7.112837508081224E-006
         180  1.266494493235359E-005
         181  5.939297318938640E-006
         182  1.264043655387624E-005
         183  6.451180306904884E-006
         184  1.164483813052126E-005
         185  3.720160506245626E-006
         186  1.427734213076353E-005
         187  4.152613795884230E-006
         188  1.365423338009250E-005
         189  1.188597653402999E-005
         190  2.516153363701091E-005
         191  2.835502127305650E-005
         192  1.015493274595875E-004
         193  1.332050764543599E-004
         194  3.297057231468401E-004
         195  2.281845154631811E-004
         196  4.326118794571140E-004
         197  2.261793791431053E-004
         198  1.633131344651268E-004
         199  1.324744875964959E-005
         200  2.377258367316060E-006
         201  9.184405714179343E-008
         202  1.103112571425121E-007
         203  2.622574222574512E-008
         204  8.206721663156844E-008
         205  7.126630608196045E-008
         206  2.362205165970867E-006
         207  1.523370746543569E-006
         208  2.564647541942129E-006
         209  1.658184461486168E-006
         226  6.884582170616554E-014
         227  5.316468010702463E-015
         230  3.244358186085678E-012
         231  7.981093437549504E-012
         232  6.175670234599818E-007
         234  1.056335159336392E-011
         235  1.715026807154992E-007
         236  1.723460317847060E-009
         238  1.922381853317151E-007
         240  3.343204648955480E-013
         244  4.081060118253531E-009
