           1  7.438559348211717E-005
           2  6.470609901488105E-012
           3  1.574717819390911E-008
           4  8.422197500618833E-005
           6  5.674563962362780E-015
           7  3.114017005274736E-012
           8  2.708281752318958E-013
           9  1.912633244112939E-009
          10  2.713051082138141E-014
          14  2.312581918838298E-015
          15  2.049249960698037E-012
          16  1.231358486929816E-009
          17  9.157448158900685E-011
          18  4.488309146969075E-010
          19  2.002185390356891E-010
          20  4.696171365433094E-009
          21  7.603154190481527E-010
          22  1.454468977235507E-009
          23  4.950323159230824E-009
          24  1.139837706596194E-008
          25  1.393490494942082E-008
          26  1.238248994229343E-008
          27  2.605105786757861E-009
          28  1.500894809647495E-009
          29  7.780209759106816E-010
          30  2.466514042795149E-009
          31  4.244045846206448E-010
          32  6.092470106585106E-010
          33  8.120038051360380E-010
          34  4.297709962997624E-009
          35  2.839077031081172E-010
          36  1.142407871875523E-009
          37  9.512145015828054E-010
          38  1.317499907967533E-009
          39  3.347885296574559E-010
          40  5.855194505875872E-010
          41  8.011455571706629E-010
          42  5.740252417287674E-009
          43  4.805011814767025E-010
          44  9.953369997487576E-010
          45  4.522461252637295E-009
          46  7.580215126720632E-009
          47  8.074209953635523E-009
          48  5.849057552371927E-009
          49  5.938519763181639E-010
          50  3.143500004295283E-009
          51  1.486714247763748E-009
          52  6.208632045349059E-009
          53  2.479558336695699E-010
          54  6.518359114861096E-010
          55  3.938362887868639E-010
          56  4.001787878941907E-010
          57  1.031001642015603E-010
          58  1.998453184896746E-010
          59  1.389890406070108E-010
          60  1.680860747458757E-010
          61  1.819311167670421E-010
          62  8.424276141328011E-010
          63  3.388999796828753E-010
          64  3.449368660747093E-010
          65  2.912144937454147E-010
          66  4.181487693336482E-010
          67  5.699754841216413E-010
          68  8.346251410011271E-010
          69  1.555940749710609E-010
          70  4.641958281945955E-010
          71  1.597935184729927E-010
          72  1.982676844089070E-010
          73  2.111812404634776E-010
          74  4.421310461959876E-010
          75  1.075800805308339E-009
          76  2.841658464022988E-009
          77  5.602321863531998E-009
          78  1.008079052971675E-008
          79  7.929818273441871E-009
          80  3.181030814050550E-008
          81  1.314561652760299E-008
          82  1.101867761667420E-008
          83  4.589357941099003E-009
          84  4.828771964882464E-009
          85  3.274186271644174E-009
          86  3.600251752939908E-009
          87  2.642750750346339E-009
          88  6.384841810955481E-009
          89  2.786767213149749E-009
          90  5.254001854307736E-009
          91  3.548279580452085E-009
          92  2.885561249979993E-009
          93  2.423694890135898E-009
          94  5.913946907151735E-009
          95  3.001003116488866E-009
          96  3.525673560195166E-009
          97  1.525901388293173E-009
          98  1.411867087067833E-009
          99  1.572444015664495E-009
         100  1.383238700198857E-009
         101  1.037402060830982E-009
         102  1.817190065638451E-009
         103  1.714098348146281E-009
         104  1.640876511250712E-009
         105  1.736453298022662E-009
         106  2.263330739289324E-009
         107  1.768698636258810E-009
         108  6.011266006573720E-009
         109  2.662321113809298E-009
         110  7.312531761356657E-009
         111  5.203998077376475E-009
         112  6.831082492564910E-009
         113  3.431135992350707E-009
         114  2.686032032773537E-009
         115  1.397045712458191E-009
         116  1.460042224466562E-009
         117  1.372824343043418E-009
         118  1.469882585123487E-009
         119  5.141983642256985E-010
         120  7.277643543394445E-010
         121  5.932811479244704E-010
         122  7.725311498389450E-010
         123  7.002254402878497E-010
         124  1.966707893756528E-008
         125  8.693444504904741E-008
         126  7.020054203770798E-007
         127  3.543022152866483E-006
         128  2.867572553004948E-005
         129  1.395867156064271E-004
         130  3.323571899461847E-004
         131  1.088636941483399E-003
         132  1.047154311471172E-003
         133  3.278807405537791E-005
         134  8.409411223536813E-005
         135  9.837105266789040E-005
         136  2.250865016892946E-004
         137  1.160999505347511E-004
         138  7.882877046612548E-005
         139  1.489034061482765E-005
         140  3.476293758186424E-005
         141  2.546778728787301E-005
         142  9.966776041534391E-006
         143  1.790631222923904E-006
         144  8.387597209780600E-006
         145  4.616926687967433E-006
         146  1.651731777629447E-005
         147  9.472635451769700E-006
         148  1.400873631592133E-005
         149  1.114447050314309E-005
         150  3.408972545162908E-005
         151  2.159304918394511E-005
         152  2.560739937464528E-005
         153  9.659922368504051E-006
         154  3.019075534997255E-005
         155  1.737758793542046E-005
         156  2.804592522852696E-005
         157  1.493699731599483E-005
         158  2.920824440500953E-005
         159  1.734498233685357E-005
         160  5.657601310754270E-005
         161  4.079118204611224E-005
         162  2.064747788960491E-004
         163  7.316059160687960E-005
         164  7.992285858137207E-005
         165  4.183614947110749E-005
         166  7.275967562857162E-005
         167  3.029823336273063E-005
         168  5.922895006101828E-005
         169  2.136917986669037E-005
         170  4.662972799088062E-005
         171  2.228009387892667E-005
         172  4.034497631424175E-005
         173  2.891652104559974E-005
         174  5.433999945861823E-005
         175  2.376888440070802E-005
         176  3.046623143246133E-005
         177  1.088255083852990E-005
         178  1.725447856049688E-005
         179  1.026806211198914E-005
         180  2.035917728119623E-005
         181  8.456552027648484E-006
         182  1.560150633636292E-005
         183  7.683661757693203E-006
         184  1.349711633453332E-005
         185  4.259516019783801E-006
         186  1.609637288609821E-005
         187  4.662530057907690E-006
         188  1.533678762143322E-005
         189  1.346387154667346E-005
         190  2.790787751675667E-005
         191  3.075641462959972E-005
         192  1.079728783289158E-004
         193  1.392276985550673E-004
         194  3.366924112618545E-004
         195  2.251487374222778E-004
         196  4.164625937527883E-004
         197  2.146841318112053E-004
         198  1.525086246282944E-004
         199  1.227946823729044E-005
         200  2.170584645285773E-006
         201  8.312208081431602E-008
         202  1.002043574763774E-007
         203  2.397245685248527E-008
         204  7.319356073912786E-008
         205  6.426046913619743E-008
         206  2.368406381205473E-006
         207  1.524959339691622E-006
         208  2.600856623112079E-006
         209  1.669277400351565E-006
         226  7.078642287295605E-014
         227  5.455232638386292E-015
         230  3.335808983321792E-012
         231  8.189407200961971E-012
         232  6.303374500101579E-007
         234  1.086110753438226E-011
         235  1.759790559308408E-007
         236  1.771364151438277E-009
         238  1.976569258959377E-007
         240  3.439480621636809E-013
         244  4.198584491934513E-009
