           1  7.397672713839466E-005
           2  6.470609901488105E-012
           3  1.574717819390911E-008
           4  8.093253311824651E-005
           6  5.674563962362780E-015
           7  3.114017005274736E-012
           8  2.708281752318958E-013
           9  1.912633244112939E-009
          10  2.713051082138141E-014
          14  2.381448367713909E-015
          15  2.281193797743439E-012
          16  1.279315326829206E-009
          17  9.450668831643291E-011
          18  4.469712148339863E-010
          19  1.934397549972864E-010
          20  4.647954483922668E-009
          21  7.808541571884842E-010
          22  1.688058957969462E-009
          23  4.875606999015571E-009
          24  1.133218449006481E-008
          25  1.361705268394488E-008
          26  1.237471775409456E-008
          27  2.797777951296492E-009
          28  1.635123223064142E-009
          29  7.841628852105316E-010
          30  2.671825890679517E-009
          31  4.821150805948756E-010
          32  5.699659756694810E-010
          33  7.673750526138124E-010
          34  4.521626971083345E-009
          35  2.975727584745651E-010
          36  1.135976415103225E-009
          37  8.644226610148948E-010
          38  1.167187375718564E-009
          39  3.147954932005818E-010
          40  5.822390477987377E-010
          41  8.085064447446631E-010
          42  6.153743698815729E-009
          43  5.385157485217898E-010
          44  9.284913921325826E-010
          45  4.144679526894692E-009
          46  7.389574848723758E-009
          47  8.224529380527482E-009
          48  6.096214711142137E-009
          49  5.542056521862150E-010
          50  3.148800750148726E-009
          51  1.540161203934865E-009
          52  6.220182932006540E-009
          53  2.366824207158683E-010
          54  6.067873277157312E-010
          55  4.073079288836577E-010
          56  4.261570115198827E-010
          57  1.130857201654388E-010
          58  2.028855051690359E-010
          59  1.425764541054925E-010
          60  1.597593053530570E-010
          61  1.618801263801896E-010
          62  8.076233917969960E-010
          63  3.325243265582834E-010
          64  3.423741353909056E-010
          65  2.911205577777021E-010
          66  4.202132568674505E-010
          67  5.680058161109959E-010
          68  8.848382396455533E-010
          69  1.663190052913316E-010
          70  4.991517442848637E-010
          71  1.723497290414931E-010
          72  2.082187625057520E-010
          73  2.025217674420868E-010
          74  4.172123148074428E-010
          75  9.770170681229024E-010
          76  2.715729740080154E-009
          77  5.342079342148774E-009
          78  1.017910299888616E-008
          79  7.913431894524918E-009
          80  3.294155032106821E-008
          81  1.260399267000757E-008
          82  1.109450577397979E-008
          83  4.791863902539668E-009
          84  5.014583437602638E-009
          85  3.424188959781675E-009
          86  3.734239732855364E-009
          87  2.521442244134022E-009
          88  6.282205744944509E-009
          89  2.898530376665230E-009
          90  5.488425981516394E-009
          91  3.627025851328428E-009
          92  2.833875970414816E-009
          93  2.384992043369991E-009
          94  6.035355370940038E-009
          95  3.075439556792573E-009
          96  3.440555024302860E-009
          97  1.503482578766285E-009
          98  1.393323612996755E-009
          99  1.564974638903796E-009
         100  1.411810039674930E-009
         101  1.061698927133249E-009
         102  1.857773141651438E-009
         103  1.757644525093453E-009
         104  1.703295349524931E-009
         105  1.770908439788572E-009
         106  2.245576779513342E-009
         107  1.718759832178540E-009
         108  5.664085017908153E-009
         109  2.524330410068209E-009
         110  7.181124295442662E-009
         111  5.187529143788677E-009
         112  7.064703906697720E-009
         113  3.632286213200551E-009
         114  2.934409831419806E-009
         115  1.551379326060303E-009
         116  1.634044657846817E-009
         117  1.426066412481070E-009
         118  1.526377154443657E-009
         119  5.755651179255365E-010
         120  8.007682510135622E-010
         121  6.525155718044455E-010
         122  8.105715588245723E-010
         123  7.184737302847667E-010
         124  1.659936001613069E-008
         125  7.388317320810664E-008
         126  6.039183471022926E-007
         127  3.076390691393801E-006
         128  2.559818180165580E-005
         129  1.305681407554061E-004
         130  3.353618534518756E-004
         131  1.118586106323595E-003
         132  1.071345722842399E-003
         133  3.198317847640834E-005
         134  8.121815467561073E-005
         135  9.518214661322910E-005
         136  2.273318459728495E-004
         137  1.191950469338394E-004
         138  8.287528285172889E-005
         139  1.451853309785775E-005
         140  3.368425857639603E-005
         141  2.354073486202324E-005
         142  9.481355263033067E-006
         143  1.634885244682807E-006
         144  6.594319158143518E-006
         145  3.176524189797411E-006
         146  1.280106020368083E-005
         147  1.312173876463794E-005
         148  1.282986477591111E-005
         149  6.835566973347537E-006
         150  1.837656241986969E-005
         151  7.145505374451270E-006
         152  2.960161828159436E-005
         153  2.408549831798140E-005
         154  4.559934831416198E-005
         155  1.850450486369917E-005
         156  2.568237346733053E-005
         157  1.016662119645786E-005
         158  2.039878685645162E-005
         159  1.885946457513672E-005
         160  4.903061724314834E-005
         161  3.085049992346075E-005
         162  1.479534833547718E-004
         163  5.251496677793006E-005
         164  4.726703508221381E-005
         165  2.764103686567481E-005
         166  1.413838674838056E-004
         167  3.800089227232414E-005
         168  8.300273469958068E-005
         169  2.957193710482920E-005
         170  3.810238315281209E-005
         171  2.936391723107177E-005
         172  4.792015017026656E-005
         173  2.786818288413914E-005
         174  6.163462775528696E-005
         175  2.945061115994837E-005
         176  2.585261911881163E-005
         177  1.211484276388631E-005
         178  2.047970344100576E-005
         179  6.711961604163369E-006
         180  1.007390034441839E-005
         181  5.182541043803985E-006
         182  1.209526774805821E-005
         183  6.416110750653869E-006
         184  1.166676707833687E-005
         185  3.705395053214969E-006
         186  1.402157724061950E-005
         187  4.026098382112046E-006
         188  1.275925232388498E-005
         189  1.090967688221738E-005
         190  2.337464489246212E-005
         191  2.732265793135443E-005
         192  9.720111266948796E-005
         193  1.259625549249061E-004
         194  3.147725183472270E-004
         195  2.266791088376387E-004
         196  4.453913898256169E-004
         197  2.372575406196644E-004
         198  1.763958020553059E-004
         199  1.438044120820321E-005
         200  2.542672236050431E-006
         201  9.012014852157100E-008
         202  1.052159677575502E-007
         203  2.541556633340524E-008
         204  8.431425378824598E-008
         205  7.461200898485400E-008
         206  2.198238436250647E-006
         207  1.465780867703588E-006
         208  2.435753565903910E-006
         209  1.535781791209926E-006
         226  5.944586239693516E-014
         227  4.615878386759873E-015
         230  2.801385262268535E-012
         231  6.929366757579378E-012
         232  5.357226226466513E-007
         234  9.121069800715600E-012
         235  1.489025261870152E-007
         236  1.444404981532011E-009
         238  1.659906793100591E-007
         240  2.798282339552181E-013
         244  3.415871792092518E-009
