           1  7.406501670032068E-005
           2  6.470609901488105E-012
           3  1.574717819390911E-008
           4  8.120207652259571E-005
           6  5.674563962362780E-015
           7  3.114017005274736E-012
           8  2.708281752318958E-013
           9  1.912633244112939E-009
          10  2.713051082138141E-014
          14  2.217199416020354E-015
          15  2.231687166455784E-012
          16  1.253984758568513E-009
          17  9.308840251206234E-011
          18  4.499118001809437E-010
          19  1.983369999955156E-010
          20  4.630572725260400E-009
          21  7.718235751221812E-010
          22  1.622936304424594E-009
          23  4.866777868283625E-009
          24  1.129884358471230E-008
          25  1.366435777383616E-008
          26  1.204668308593669E-008
          27  2.724421177349359E-009
          28  1.649506854458787E-009
          29  8.307355932838382E-010
          30  2.717901975570611E-009
          31  5.018475408030772E-010
          32  6.137682511337937E-010
          33  7.726214952326212E-010
          34  4.378011470553241E-009
          35  3.015387240820266E-010
          36  1.168605460856530E-009
          37  8.162729931081843E-010
          38  1.087735614609500E-009
          39  3.165924781852613E-010
          40  6.244632378399984E-010
          41  8.597370467919985E-010
          42  6.149753530564088E-009
          43  5.551032463309450E-010
          44  9.528084516380009E-010
          45  4.242239628606548E-009
          46  7.332780614347755E-009
          47  8.119025161890675E-009
          48  6.085702787714710E-009
          49  5.299202061874204E-010
          50  3.142949391354915E-009
          51  1.579895025879712E-009
          52  6.361381716596955E-009
          53  2.209165110308303E-010
          54  5.258532550996303E-010
          55  3.602077134315027E-010
          56  4.198314403978584E-010
          57  1.165654925210424E-010
          58  2.090422648365313E-010
          59  1.486331277696242E-010
          60  1.722817749143437E-010
          61  1.704824497109630E-010
          62  8.424114255949015E-010
          63  3.510657028387216E-010
          64  3.546519394484530E-010
          65  2.991059385285413E-010
          66  4.437062216288127E-010
          67  5.760301396482016E-010
          68  8.840733812592867E-010
          69  1.648611224900223E-010
          70  4.846077763705999E-010
          71  1.686633138896894E-010
          72  2.118776539586551E-010
          73  2.088713792940742E-010
          74  4.322846119488833E-010
          75  1.001162084856570E-009
          76  2.745126545448379E-009
          77  5.373235113874569E-009
          78  1.014948264681298E-008
          79  7.889483898458651E-009
          80  3.227003752558032E-008
          81  1.232746705081115E-008
          82  1.100661697161128E-008
          83  4.819782813915550E-009
          84  5.179013316951076E-009
          85  3.460116546808095E-009
          86  3.760757550065715E-009
          87  2.504761268521151E-009
          88  6.080782611848708E-009
          89  2.785121521596960E-009
          90  5.223458440016208E-009
          91  3.544645083669172E-009
          92  2.932125568548735E-009
          93  2.436052845532177E-009
          94  5.782516681543599E-009
          95  3.018671838430569E-009
          96  3.403271525681011E-009
          97  1.516234426384440E-009
          98  1.421902344088696E-009
          99  1.579665534613929E-009
         100  1.433332472676459E-009
         101  1.053570412309036E-009
         102  1.791208304176595E-009
         103  1.704007360303586E-009
         104  1.665063439045883E-009
         105  1.729971705818627E-009
         106  2.222148077503099E-009
         107  1.689226987133004E-009
         108  5.564352792196047E-009
         109  2.483361966720811E-009
         110  6.905513866445438E-009
         111  4.963630562878304E-009
         112  6.756243317095579E-009
         113  3.508872528021570E-009
         114  2.864082728479955E-009
         115  1.520075201219812E-009
         116  1.586304356347899E-009
         117  1.379507894349912E-009
         118  1.468160349144791E-009
         119  5.424254388930321E-010
         120  7.437606146902662E-010
         121  6.064813853911017E-010
         122  7.683807598512771E-010
         123  6.805058853450152E-010
         124  1.615645927736788E-008
         125  6.992329798444223E-008
         126  5.834309400615463E-007
         127  2.997525317360223E-006
         128  2.505271360230613E-005
         129  1.278422872909039E-004
         130  3.263233790759508E-004
         131  1.111531687265522E-003
         132  1.061035614129312E-003
         133  3.410166665470228E-005
         134  8.594261531321059E-005
         135  8.771235125903811E-005
         136  2.274929431160338E-004
         137  1.226233313406798E-004
         138  8.651486075234941E-005
         139  1.446205190535466E-005
         140  3.406424839323447E-005
         141  2.603712382306029E-005
         142  1.018698416338292E-005
         143  1.634810337893741E-006
         144  5.494548206080659E-006
         145  2.059343928511801E-006
         146  7.622901834770163E-006
         147  9.090260222679389E-006
         148  1.004393593315595E-005
         149  6.317055027555912E-006
         150  1.759469358133941E-005
         151  2.382995526283762E-005
         152  6.851438367430310E-005
         153  3.209390834084652E-005
         154  5.330883623788920E-005
         155  2.343164285331501E-005
         156  4.666461182752260E-005
         157  1.964183647279108E-005
         158  2.883329053180421E-005
         159  1.374485256467868E-005
         160  3.228935775625083E-005
         161  2.149123698779051E-005
         162  1.286949390922515E-004
         163  4.929447102374125E-005
         164  8.485304574876515E-005
         165  5.183667772034260E-005
         166  6.041238812133794E-005
         167  2.706044580418066E-005
         168  9.360035945025459E-005
         169  4.830065395036393E-005
         170  5.692300187054720E-005
         171  2.602277556768489E-005
         172  2.976814059363210E-005
         173  1.655378023098966E-005
         174  4.004312883321446E-005
         175  2.612058720471120E-005
         176  2.406441629700642E-005
         177  7.263953280692710E-006
         178  1.443972592575720E-005
         179  8.000311521898570E-006
         180  1.577470464212256E-005
         181  7.008443120171809E-006
         182  1.432810138703777E-005
         183  7.250338158523099E-006
         184  1.284996724199653E-005
         185  3.993397012978153E-006
         186  1.473662040518093E-005
         187  4.211581885085965E-006
         188  1.316938639383420E-005
         189  1.101121870946320E-005
         190  2.363143681291454E-005
         191  2.690718141493816E-005
         192  9.556037677344189E-005
         193  1.256782743233767E-004
         194  3.193399491377337E-004
         195  2.287125885103279E-004
         196  4.446496342502239E-004
         197  2.402815134093303E-004
         198  1.801799300607010E-004
         199  1.491566040335647E-005
         200  2.634424018240061E-006
         201  8.903876588059267E-008
         202  1.040315551017055E-007
         203  2.603163073574382E-008
         204  8.419192504393840E-008
         205  7.348282160403048E-008
         206  2.235068412086066E-006
         207  1.484096478976163E-006
         208  2.470665448644182E-006
         209  1.570736037618521E-006
         226  6.090898508389936E-014
         227  4.665919000622568E-015
         230  2.870334894200591E-012
         231  7.004487836857299E-012
         232  5.479682652397303E-007
         234  9.345563880147094E-012
         235  1.505167744820909E-007
         236  1.456233983388885E-009
         238  1.700761567332223E-007
         240  2.821259500974943E-013
         244  3.443920083166295E-009
