           1  7.497923064047554E-005
           2  6.470609901488105E-012
           3  1.574717819390911E-008
           4  8.057233304843977E-005
           6  5.674563962362780E-015
           7  3.114017005274736E-012
           8  2.708281752318958E-013
           9  1.912633244112939E-009
          10  2.713051082138141E-014
          14  1.673224437634061E-015
          15  1.728181710015735E-012
          16  1.211497368354941E-009
          17  9.037403519732788E-011
          18  4.451469493919934E-010
          19  1.976505139384661E-010
          20  4.594254378522027E-009
          21  7.535229503577097E-010
          22  1.563445068206994E-009
          23  4.852328461064168E-009
          24  1.123536402606032E-008
          25  1.368838882058990E-008
          26  1.179748591395721E-008
          27  2.529687017388964E-009
          28  1.543544882693505E-009
          29  8.173982805470158E-010
          30  2.608792090241413E-009
          31  4.511441954103311E-010
          32  6.051613991963141E-010
          33  8.017281998502866E-010
          34  4.395430098147371E-009
          35  2.867639356483904E-010
          36  1.140644934936819E-009
          37  7.665923620063783E-010
          38  1.025872961097090E-009
          39  2.851160497677849E-010
          40  6.017257929243779E-010
          41  8.722397343051188E-010
          42  6.104599341716991E-009
          43  5.067183436260971E-010
          44  9.811193069418550E-010
          45  4.405082443539769E-009
          46  7.385040989320769E-009
          47  8.083949195619822E-009
          48  5.974092712119060E-009
          49  5.139169934459668E-010
          50  3.113844922202742E-009
          51  1.552384560742941E-009
          52  6.149416044161162E-009
          53  2.201126665565974E-010
          54  5.594302566817404E-010
          55  3.603080365458360E-010
          56  4.077233885275159E-010
          57  1.055247182999515E-010
          58  2.086399483279279E-010
          59  1.459690735896539E-010
          60  1.686111062354005E-010
          61  1.771219543169945E-010
          62  8.500497240199517E-010
          63  3.455475578247226E-010
          64  3.613367674379019E-010
          65  3.114205409133397E-010
          66  4.380411488262830E-010
          67  5.902445008568606E-010
          68  8.699175204652477E-010
          69  1.625752520820624E-010
          70  4.907813374188646E-010
          71  1.697150652086288E-010
          72  2.084048037298967E-010
          73  2.193153234027928E-010
          74  4.518785220478329E-010
          75  1.074885626235896E-009
          76  2.860318851754744E-009
          77  5.508200900815100E-009
          78  1.017569624021322E-008
          79  7.901170586684004E-009
          80  3.184803196381161E-008
          81  1.187674266916029E-008
          82  1.013716485834526E-008
          83  4.316119753324917E-009
          84  5.041889082514688E-009
          85  3.394588146866192E-009
          86  3.652268206981782E-009
          87  2.400057478943095E-009
          88  5.782179930381884E-009
          89  2.672437801294628E-009
          90  5.160840902283812E-009
          91  3.359361393062827E-009
          92  2.770713419322636E-009
          93  2.318794963255799E-009
          94  5.472782078767111E-009
          95  2.705388216530287E-009
          96  3.233842535334851E-009
          97  1.384194389724469E-009
          98  1.285977984260417E-009
          99  1.453095915890501E-009
         100  1.260242976923424E-009
         101  9.604986882224771E-010
         102  1.688192399949594E-009
         103  1.595578753906383E-009
         104  1.536569073386797E-009
         105  1.656538436688385E-009
         106  2.118791052373482E-009
         107  1.645078278651419E-009
         108  5.514039013555175E-009
         109  2.465345763493746E-009
         110  6.778327441705138E-009
         111  4.768944733507609E-009
         112  6.227459138683012E-009
         113  3.077289006535424E-009
         114  2.394050378703644E-009
         115  1.267618648968925E-009
         116  1.300413626311831E-009
         117  1.121666727144918E-009
         118  1.203880810789500E-009
         119  4.691533275460192E-010
         120  6.703343088467153E-010
         121  5.422261183798651E-010
         122  7.011645303191000E-010
         123  6.376177257558245E-010
         124  1.830034329953700E-008
         125  7.959021084402863E-008
         126  6.461973302116799E-007
         127  3.365738405619008E-006
         128  2.796475944748359E-005
         129  1.358102955485662E-004
         130  3.266645344254191E-004
         131  1.072198664475475E-003
         132  1.003092897040382E-003
         133  3.244154434746802E-005
         134  8.110795944260134E-005
         135  7.907580946103173E-005
         136  1.998340786225295E-004
         137  1.088031464679868E-004
         138  9.000888026951682E-005
         139  1.392490826065671E-005
         140  3.175784384279790E-005
         141  2.298198968471583E-005
         142  8.978770002795193E-006
         143  1.457219394617317E-006
         144  5.031685916294933E-006
         145  1.890238004547288E-006
         146  8.519535626581041E-006
         147  1.246788112347528E-005
         148  1.609227670119313E-005
         149  1.047095762687933E-005
         150  3.017412041899746E-005
         151  2.529937323979861E-005
         152  1.007666088726527E-004
         153  5.141151511130677E-005
         154  5.760378947867223E-005
         155  1.799203084670503E-005
         156  3.010584694928870E-005
         157  1.725577252289586E-005
         158  4.528840245169256E-005
         159  2.217640102498803E-005
         160  6.891467117358471E-005
         161  3.471216149093988E-005
         162  5.344234280835709E-005
         163  3.333160554700997E-005
         164  1.120997572305492E-004
         165  6.209568115804544E-005
         166  1.426831686921630E-004
         167  2.841933492804473E-005
         168  7.463029055986822E-005
         169  3.117514783985483E-005
         170  5.622991517819379E-005
         171  4.811092097790081E-005
         172  9.664393921416013E-005
         173  4.235200901662489E-005
         174  7.601167758942119E-005
         175  3.230579847586698E-005
         176  2.222092991720427E-005
         177  9.550267920481470E-006
         178  2.475191513812189E-005
         179  7.857081282140626E-006
         180  1.203098331931770E-005
         181  6.043212143846723E-006
         182  1.366150543984490E-005
         183  7.144364119074341E-006
         184  1.288138117234149E-005
         185  4.085079657374864E-006
         186  1.579255508710391E-005
         187  4.539907890640336E-006
         188  1.471148108143120E-005
         189  1.290603310686297E-005
         190  2.619278632793370E-005
         191  3.008677136134214E-005
         192  1.040461763688914E-004
         193  1.315569465849954E-004
         194  3.121048449458579E-004
         195  2.092473416804126E-004
         196  3.904699240708180E-004
         197  1.990842040138987E-004
         198  1.391538458419750E-004
         199  1.078952192770289E-005
         200  2.005541367807407E-006
         201  8.332145156102722E-008
         202  1.080460567762155E-007
         203  2.707215519047223E-008
         204  7.801382776567457E-008
         205  6.519268423956425E-008
         206  2.129426772998320E-006
         207  1.388999200822547E-006
         208  2.341311062395906E-006
         209  1.490009250933425E-006
         226  6.144618573592210E-014
         227  4.696678656646114E-015
         230  2.895650465861557E-012
         231  7.050664299940795E-012
         232  5.318484323740514E-007
         234  9.427989207100409E-012
         235  1.515090429308627E-007
         236  1.605224704943699E-009
         238  1.715761820934340E-007
         240  3.121317784238158E-013
         244  3.810202145306797E-009
