           1  7.401974032783999E-005
           2  6.470609901488105E-012
           3  1.574717819390911E-008
           4  8.264232745373177E-005
           6  5.674563962362780E-015
           7  3.114017005274736E-012
           8  2.708281752318958E-013
           9  1.912633244112939E-009
          10  2.713051082138141E-014
          14  2.296949091542789E-015
          15  2.279548801368272E-012
          16  1.272786144671270E-009
          17  9.406807113767219E-011
          18  4.588519827704412E-010
          19  2.103387671430375E-010
          20  4.615358646221223E-009
          21  7.653048721274036E-010
          22  1.738015051899371E-009
          23  4.844396077200106E-009
          24  1.127512899914654E-008
          25  1.365915121189049E-008
          26  1.229621233846837E-008
          27  2.712895868160829E-009
          28  1.636411798184296E-009
          29  8.570365797059194E-010
          30  2.813604758292250E-009
          31  5.009874527710122E-010
          32  6.037441471407610E-010
          33  7.699599720587014E-010
          34  4.508172644602577E-009
          35  3.000521224264269E-010
          36  1.163673320454224E-009
          37  7.819896652700672E-010
          38  1.038241491950259E-009
          39  2.898092964210578E-010
          40  6.063680709656755E-010
          41  8.739953452832469E-010
          42  6.174388675703288E-009
          43  5.417089288226238E-010
          44  9.545379074563186E-010
          45  4.189722138293094E-009
          46  7.368376482496077E-009
          47  8.238696383393707E-009
          48  6.149947200890987E-009
          49  5.103367270984708E-010
          50  3.112998900904504E-009
          51  1.570624924921390E-009
          52  6.344151961929682E-009
          53  2.230976643357409E-010
          54  5.447200649678841E-010
          55  3.595111351851412E-010
          56  4.060591290422103E-010
          57  1.086857748143866E-010
          58  2.092974087077437E-010
          59  1.464228197498335E-010
          60  1.644491093519681E-010
          61  1.641380743449573E-010
          62  8.037411586138390E-010
          63  3.341109493606823E-010
          64  3.550948208499210E-010
          65  3.034494225965705E-010
          66  4.351920200271445E-010
          67  5.753814327571564E-010
          68  8.654376988972333E-010
          69  1.619081463058293E-010
          70  4.854219950591249E-010
          71  1.681067542191122E-010
          72  2.077075860581442E-010
          73  2.107221483780219E-010
          74  4.211440658175090E-010
          75  9.677461799415459E-010
          76  2.680033123362070E-009
          77  5.378346387839454E-009
          78  1.035877302509557E-008
          79  8.015424624916788E-009
          80  3.259399011200025E-008
          81  1.242516093774146E-008
          82  1.105514162491639E-008
          83  4.825963977579029E-009
          84  5.258564216570411E-009
          85  3.559077108139282E-009
          86  3.855827458367407E-009
          87  2.517257310909920E-009
          88  6.131515494375712E-009
          89  2.835780708913505E-009
          90  5.435027650954827E-009
          91  3.658466079126305E-009
          92  2.927966608056164E-009
          93  2.412369577443999E-009
          94  5.723785791634481E-009
          95  2.971167532108797E-009
          96  3.542235357324082E-009
          97  1.556779683415673E-009
          98  1.443525233889689E-009
          99  1.611011639180239E-009
         100  1.439494978864779E-009
         101  1.067730462996213E-009
         102  1.844081152329813E-009
         103  1.742459038003772E-009
         104  1.695666920031595E-009
         105  1.774279124101189E-009
         106  2.230782922181845E-009
         107  1.698687353459882E-009
         108  5.662613192553279E-009
         109  2.534796627631004E-009
         110  7.126585036122691E-009
         111  5.128405549654270E-009
         112  6.941617391488363E-009
         113  3.555994524536283E-009
         114  2.861481324094409E-009
         115  1.509712110029385E-009
         116  1.588537754926757E-009
         117  1.432453348248545E-009
         118  1.543610331498003E-009
         119  5.614627730991206E-010
         120  7.854854780806567E-010
         121  6.417463130859629E-010
         122  8.131156909719614E-010
         123  7.187043718648152E-010
         124  1.773700749983911E-008
         125  7.650154938749415E-008
         126  6.251862155113578E-007
         127  3.184742208843270E-006
         128  2.637844164327185E-005
         129  1.332388716174881E-004
         130  3.384322862912398E-004
         131  1.120405353820091E-003
         132  1.067394455418486E-003
         133  3.240631571268337E-005
         134  8.100671645978477E-005
         135  8.881200774630310E-005
         136  2.253157716929862E-004
         137  1.205048523589422E-004
         138  8.723163878915758E-005
         139  1.478600190295412E-005
         140  3.380781777350050E-005
         141  2.423038578923350E-005
         142  9.841653084309613E-006
         143  1.632202705587110E-006
         144  5.761548343591928E-006
         145  2.134682526880851E-006
         146  9.134531844438569E-006
         147  1.354896519997514E-005
         148  1.865097534957560E-005
         149  1.043955831961427E-005
         150  1.179947704978592E-005
         151  6.008770116324459E-006
         152  2.113163811410919E-005
         153  1.513574451135241E-005
         154  5.457414465519774E-005
         155  3.002471128988448E-005
         156  3.470469319632236E-005
         157  1.621169375520631E-005
         158  3.584083364862823E-005
         159  1.932365880424883E-005
         160  4.858069826191087E-005
         161  2.958921642496840E-005
         162  8.215663016898644E-005
         163  3.209559566352402E-005
         164  7.396195013498803E-005
         165  5.981783921110026E-005
         166  1.022850582201799E-004
         167  2.858614185739064E-005
         168  1.038504546435107E-004
         169  4.394655235585201E-005
         170  4.581667824927208E-005
         171  2.680448581282337E-005
         172  5.672381117683559E-005
         173  3.106478012900210E-005
         174  5.206553614769896E-005
         175  2.359817114180717E-005
         176  2.931749154984975E-005
         177  1.413846983724971E-005
         178  1.653126986383366E-005
         179  7.370244758984153E-006
         180  1.396052481216933E-005
         181  6.431865586896310E-006
         182  1.336465554309833E-005
         183  6.758178572406127E-006
         184  1.193961774842529E-005
         185  3.724849880047764E-006
         186  1.382370224869366E-005
         187  4.014573859565653E-006
         188  1.298588680474640E-005
         189  1.111382337651933E-005
         190  2.359469557493704E-005
         191  2.701196319954887E-005
         192  9.676866362047230E-005
         193  1.270489894588155E-004
         194  3.185309668385381E-004
         195  2.270354634644387E-004
         196  4.423365402499330E-004
         197  2.348836285893509E-004
         198  1.737809221320156E-004
         199  1.415185311960941E-005
         200  2.552445378615942E-006
         201  9.492191682964631E-008
         202  1.123891664186911E-007
         203  2.700764836918594E-008
         204  9.507887271649339E-008
         205  8.392967417615095E-008
         206  2.367209713347509E-006
         207  1.567178940298061E-006
         208  2.590775944488330E-006
         209  1.640673874288480E-006
         226  6.553376178797473E-014
         227  5.082490057372110E-015
         230  3.088277418334070E-012
         231  7.629845220858097E-012
         232  5.898044568268552E-007
         234  1.005516601946722E-011
         235  1.639548414087073E-007
         236  1.611733792493473E-009
         238  1.829899205481182E-007
         240  3.125099594551555E-013
         244  3.814818612698234E-009
