           1  7.442909430479959E-005
           2  6.470609901488105E-012
           3  1.574717819390911E-008
           4  8.052856644795243E-005
           6  5.674563962362780E-015
           7  3.114017005274736E-012
           8  2.708281752318958E-013
           9  1.912633244112939E-009
          10  2.713051082138141E-014
          14  2.186387752935296E-015
          15  2.040692051993466E-012
          16  1.271199809123128E-009
          17  9.375082247156704E-011
          18  4.552662024906352E-010
          19  2.085112246717869E-010
          20  4.758387896929928E-009
          21  7.707471546965340E-010
          22  1.575458737188545E-009
          23  4.980994740249111E-009
          24  1.148124778812694E-008
          25  1.404327396605559E-008
          26  1.198107204775845E-008
          27  2.535108027055139E-009
          28  1.547480126322274E-009
          29  8.531432593149558E-010
          30  2.663056850506988E-009
          31  4.649907801093397E-010
          32  6.177859203829151E-010
          33  8.093845712516605E-010
          34  4.255938451836115E-009
          35  2.957053240657392E-010
          36  1.207951652037948E-009
          37  7.890587045250264E-010
          38  1.052220206565475E-009
          39  2.993394585547926E-010
          40  6.199166405173952E-010
          41  8.848510837370902E-010
          42  6.063624346255745E-009
          43  5.203940500673879E-010
          44  1.022096216551220E-009
          45  4.550081568450364E-009
          46  7.489358320381327E-009
          47  8.055735950591891E-009
          48  5.921965613894147E-009
          49  5.219543620470722E-010
          50  3.131923944124577E-009
          51  1.565507830978880E-009
          52  6.145383205545049E-009
          53  2.132626485288494E-010
          54  5.146544065648978E-010
          55  3.306792697926472E-010
          56  4.087988314501681E-010
          57  1.098035383139268E-010
          58  2.113849767582868E-010
          59  1.484916388193318E-010
          60  1.758925132675950E-010
          61  1.827494671030330E-010
          62  8.683036171386609E-010
          63  3.527669110313483E-010
          64  3.590895207652152E-010
          65  3.051226752755313E-010
          66  4.411233705474327E-010
          67  5.769040360276248E-010
          68  8.369210829149397E-010
          69  1.537778389771118E-010
          70  4.604417888821456E-010
          71  1.608082992842879E-010
          72  2.052878698934705E-010
          73  2.228083041630861E-010
          74  4.592693561511245E-010
          75  1.082011745554863E-009
          76  2.831211020013249E-009
          77  5.485318243708111E-009
          78  1.026419011493833E-008
          79  8.116217771126928E-009
          80  3.235088918412838E-008
          81  1.262303617430074E-008
          82  1.084781908598030E-008
          83  4.665544528390676E-009
          84  5.312633311404203E-009
          85  3.538317442171629E-009
          86  3.843524575228805E-009
          87  2.594708428677045E-009
          88  6.077411763610489E-009
          89  2.677171056246548E-009
          90  5.149429746639976E-009
          91  3.628095974448343E-009
          92  3.069930875033846E-009
          93  2.504110502754162E-009
          94  5.626402595165275E-009
          95  2.885748601404358E-009
          96  3.450015377972650E-009
          97  1.507806776430663E-009
          98  1.405375299120358E-009
          99  1.568503694878888E-009
         100  1.376720940736713E-009
         101  1.010498275626050E-009
         102  1.767859397665001E-009
         103  1.694295167970638E-009
         104  1.659020707037646E-009
         105  1.799479422741103E-009
         106  2.338862475883772E-009
         107  1.787831907672927E-009
         108  6.046265853729584E-009
         109  2.678791404414405E-009
         110  7.198765098007248E-009
         111  5.066577926245592E-009
         112  6.653460589271582E-009
         113  3.350501824661781E-009
         114  2.631390945675479E-009
         115  1.375002160315932E-009
         116  1.414390760313088E-009
         117  1.232010598636163E-009
         118  1.313500050743461E-009
         119  4.962515498952542E-010
         120  7.010835088970762E-010
         121  5.723743207515157E-010
         122  7.360366363362468E-010
         123  6.897285619166364E-010
         124  1.911731999398972E-008
         125  8.829589267161772E-008
         126  7.187790807934138E-007
         127  3.627823283739391E-006
         128  2.946785042848467E-005
         129  1.429016151541828E-004
         130  3.385332504563966E-004
         131  1.116003177723107E-003
         132  1.032466798951185E-003
         133  3.266438486442758E-005
         134  8.095445412941043E-005
         135  8.375294354924639E-005
         136  2.155101981994169E-004
         137  1.154029857830979E-004
         138  8.174654656909726E-005
         139  1.476673302105559E-005
         140  3.366742573094706E-005
         141  2.509701797358042E-005
         142  9.325245826229884E-006
         143  1.520009669481054E-006
         144  5.869634394426537E-006
         145  2.655970923978217E-006
         146  1.127890107311778E-005
         147  1.324721353194458E-005
         148  1.835029097758021E-005
         149  1.062284820383534E-005
         150  2.265891738172068E-005
         151  9.300243103686269E-006
         152  2.589672640647909E-005
         153  1.696597834689928E-005
         154  3.529743555676302E-005
         155  2.020611899762733E-005
         156  3.228585842389935E-005
         157  1.841771043887669E-005
         158  4.204802540894397E-005
         159  2.342763926416538E-005
         160  7.504694792967690E-005
         161  3.732505292612978E-005
         162  8.277141379368798E-005
         163  6.171778255467042E-005
         164  8.763845820870257E-005
         165  4.603326432648608E-005
         166  8.689078787770156E-005
         167  4.834530374419122E-005
         168  8.899278419206344E-005
         169  4.236865305497855E-005
         170  4.969901481403399E-005
         171  2.851160528495509E-005
         172  3.951254856279585E-005
         173  2.556890643725516E-005
         174  6.024403337755503E-005
         175  3.389225385223572E-005
         176  4.396826651785748E-005
         177  1.931622930631872E-005
         178  1.900956988374302E-005
         179  8.667057834954531E-006
         180  1.719264851238939E-005
         181  7.723458040185769E-006
         182  1.570612905703054E-005
         183  8.049747790173428E-006
         184  1.457927690759878E-005
         185  4.637519480040539E-006
         186  1.774458518261018E-005
         187  5.155061888613633E-006
         188  1.685134198214514E-005
         189  1.443109268223420E-005
         190  2.931508007583206E-005
         191  3.140485318691599E-005
         192  1.085941411664831E-004
         193  1.396924423095985E-004
         194  3.383504206551226E-004
         195  2.207775969275976E-004
         196  3.995125591484511E-004
         197  2.066605215165933E-004
         198  1.463097203854994E-004
         199  1.166795797534276E-005
         200  2.086662048481387E-006
         201  7.997548299028759E-008
         202  9.798884027424049E-008
         203  2.412323582095748E-008
         204  8.611035460809314E-008
         205  7.618249715660783E-008
         206  2.163471022989961E-006
         207  1.430757586444940E-006
         208  2.377023071984989E-006
         209  1.486177469755297E-006
         226  5.900891274673520E-014
         227  4.520565868864245E-015
         230  2.780794017376668E-012
         231  6.786283396678539E-012
         232  5.227592851185959E-007
         234  9.054026475946247E-012
         235  1.458278622763253E-007
         236  1.525424817934769E-009
         238  1.647705848184242E-007
         240  2.964577993338157E-013
         244  3.618869404194091E-009
