           1  7.458718024887572E-005
           2  6.470609901488105E-012
           3  1.574717819390911E-008
           4  8.191585853876159E-005
           6  5.674563962362780E-015
           7  3.114017005274736E-012
           8  2.708281752318958E-013
           9  1.912633244112939E-009
          10  2.713051082138141E-014
          14  1.914759902421837E-015
          15  1.905429060179903E-012
          16  1.200311481770797E-009
          17  8.992920741262440E-011
          18  4.560983174311688E-010
          19  2.100285950205901E-010
          20  4.532182223523135E-009
          21  7.473571592919169E-010
          22  1.551571553941403E-009
          23  4.810463387035377E-009
          24  1.115948332829879E-008
          25  1.357779413607918E-008
          26  1.215580218857561E-008
          27  2.656230629470264E-009
          28  1.577011588194089E-009
          29  8.228194803520791E-010
          30  2.609525930169865E-009
          31  4.634628027851791E-010
          32  6.390220000509269E-010
          33  7.672530058191730E-010
          34  4.437350121138534E-009
          35  2.938456539053596E-010
          36  1.157351786257134E-009
          37  8.280097909639099E-010
          38  1.111174599282372E-009
          39  2.964955704177930E-010
          40  5.958992480797096E-010
          41  8.497113766820449E-010
          42  5.883622988492601E-009
          43  5.003331948651390E-010
          44  9.518966937434699E-010
          45  4.290892355414813E-009
          46  7.435472268107025E-009
          47  8.234373588947086E-009
          48  6.099862494710173E-009
          49  5.276523109443556E-010
          50  3.106945185759209E-009
          51  1.543195846161333E-009
          52  6.316757889445633E-009
          53  2.301773837446439E-010
          54  5.818476650054446E-010
          55  3.667030473351978E-010
          56  3.927317943747048E-010
          57  1.034416848154103E-010
          58  1.961955163856613E-010
          59  1.381215358069236E-010
          60  1.627301700563150E-010
          61  1.675529180122061E-010
          62  8.100910400189395E-010
          63  3.351028101600668E-010
          64  3.496970869121830E-010
          65  3.011238950585395E-010
          66  4.339105758409795E-010
          67  5.805568843196377E-010
          68  8.662267252450419E-010
          69  1.617553831927838E-010
          70  4.803512158847706E-010
          71  1.657007220234632E-010
          72  2.048092895262231E-010
          73  2.092809662565444E-010
          74  4.295485084358006E-010
          75  1.011843263030786E-009
          76  2.767661127068656E-009
          77  5.505062061617041E-009
          78  1.025354521381468E-008
          79  7.852782249381841E-009
          80  3.143471060486924E-008
          81  1.239170301774714E-008
          82  1.064603636992845E-008
          83  4.503870494823445E-009
          84  5.019104467075801E-009
          85  3.350895071187466E-009
          86  3.618102060256519E-009
          87  2.441189739729602E-009
          88  5.931116234248584E-009
          89  2.753689094100011E-009
          90  5.250492022646379E-009
          91  3.392893070585460E-009
          92  2.790628792472157E-009
          93  2.341155829599260E-009
          94  5.579929129482266E-009
          95  2.805722684130607E-009
          96  3.371861067959040E-009
          97  1.469945642074213E-009
          98  1.381971696890562E-009
          99  1.542705848596636E-009
         100  1.350012748275839E-009
         101  1.015549246640775E-009
         102  1.714344280191490E-009
         103  1.620391548103365E-009
         104  1.553038044065200E-009
         105  1.640275557941784E-009
         106  2.095636900346009E-009
         107  1.615556523018904E-009
         108  5.417488707047305E-009
         109  2.461921883930722E-009
         110  6.992889427235301E-009
         111  4.931672537165400E-009
         112  6.548398754558179E-009
         113  3.298856657596399E-009
         114  2.621942874278177E-009
         115  1.391098212931542E-009
         116  1.443005884450987E-009
         117  1.255067982676457E-009
         118  1.343496884500600E-009
         119  5.166182864876339E-010
         120  7.307958838427900E-010
         121  5.899101666504253E-010
         122  7.615054586227344E-010
         123  6.685409893745418E-010
         124  1.754387338220816E-008
         125  7.301600957000343E-008
         126  6.014107219874063E-007
         127  3.112829159220592E-006
         128  2.606965239819833E-005
         129  1.303802470622359E-004
         130  3.268148433746775E-004
         131  1.074799979850040E-003
         132  1.036633169089852E-003
         133  3.329903052461149E-005
         134  8.429885042620661E-005
         135  8.671573250217488E-005
         136  2.125200151625849E-004
         137  1.138385214561482E-004
         138  8.878140096157151E-005
         139  1.393815031337184E-005
         140  3.232975126202229E-005
         141  2.350669015827982E-005
         142  9.365592747043361E-006
         143  1.592332399205363E-006
         144  6.152969006959892E-006
         145  2.764037518456258E-006
         146  1.115630953680745E-005
         147  1.158156595662510E-005
         148  1.823278282759778E-005
         149  1.100702374459204E-005
         150  1.898707335423700E-005
         151  7.416327232780096E-006
         152  8.065518109410496E-006
         153  4.223354933683887E-006
         154  5.704999407729010E-005
         155  3.508805912428237E-005
         156  4.369099896611588E-005
         157  2.197573479519690E-005
         158  7.992781482716292E-005
         159  6.684758202651607E-005
         160  8.051760878415038E-005
         161  2.486941368116743E-005
         162  5.372887605839241E-005
         163  8.460261940904630E-005
         164  1.863877835973582E-004
         165  8.742117042769554E-005
         166  1.131757276333216E-004
         167  2.651873357748883E-005
         168  5.640605371080801E-005
         169  2.380614405150748E-005
         170  4.336541586591336E-005
         171  2.132363221012460E-005
         172  3.531062058404364E-005
         173  1.859248603484612E-005
         174  3.697050250197138E-005
         175  1.996314973999779E-005
         176  3.392339104251957E-005
         177  1.240198598585001E-005
         178  1.451482665735325E-005
         179  7.584338362738720E-006
         180  1.550569587160067E-005
         181  6.866143953746083E-006
         182  1.367303785147162E-005
         183  6.814510749819754E-006
         184  1.189998957900872E-005
         185  3.699358172090966E-006
         186  1.402684615540750E-005
         187  4.045871305973929E-006
         188  1.302684042927645E-005
         189  1.143598320177011E-005
         190  2.377956555083957E-005
         191  2.810402506767259E-005
         192  9.893110894525355E-005
         193  1.284960933993760E-004
         194  3.137099097188523E-004
         195  2.181430729381860E-004
         196  4.194425438621820E-004
         197  2.194359889252789E-004
         198  1.584687731828628E-004
         199  1.248381148087584E-005
         200  2.260613725951258E-006
         201  8.801738070717391E-008
         202  1.086520776804214E-007
         203  2.618184355636828E-008
         204  7.615917649898582E-008
         205  6.440317431439100E-008
         206  2.213220225533386E-006
         207  1.425000744367160E-006
         208  2.422126040515579E-006
         209  1.563057366503547E-006
         226  6.644207742932233E-014
         227  5.091969455213961E-015
         230  3.131081777604168E-012
         231  7.644075713688153E-012
         232  5.837220863321138E-007
         234  1.019453333674985E-011
         235  1.642606350555746E-007
         236  1.664271617792740E-009
         238  1.855262102789070E-007
         240  3.231712297691458E-013
         244  3.944961064797120E-009
