           1  7.434524416907791E-005
           2  6.470609901488105E-012
           3  1.574717819390911E-008
           4  8.071955746353414E-005
           6  5.674563962362780E-015
           7  3.114017005274736E-012
           8  2.708281752318958E-013
           9  1.912633244112939E-009
          10  2.713051082138141E-014
          14  2.214760980208253E-015
          15  2.073436564510185E-012
          16  1.262362179246527E-009
          17  9.340046708310839E-011
          18  4.487964472118688E-010
          19  1.985509509341010E-010
          20  4.642647235381183E-009
          21  7.658641452448497E-010
          22  1.690405944373483E-009
          23  4.865335443345363E-009
          24  1.130179631790548E-008
          25  1.371808840094103E-008
          26  1.221589918460384E-008
          27  2.673672549463417E-009
          28  1.597779913321816E-009
          29  8.284896994541447E-010
          30  2.720116321807730E-009
          31  4.820065401846883E-010
          32  5.770034857304206E-010
          33  7.760444596653955E-010
          34  4.337971657442273E-009
          35  2.969850437900170E-010
          36  1.180427856510749E-009
          37  8.113883925027757E-010
          38  1.085735979530911E-009
          39  3.067378252593572E-010
          40  6.086345957475659E-010
          41  8.559376338775512E-010
          42  6.150352385487095E-009
          43  5.377073914819118E-010
          44  9.681219310448169E-010
          45  4.266294348169761E-009
          46  7.358066111808931E-009
          47  8.120443592446284E-009
          48  6.047526124567594E-009
          49  5.349297107705212E-010
          50  3.162521199985566E-009
          51  1.571492791376547E-009
          52  6.234040166993992E-009
          53  2.187403238437259E-010
          54  5.356595062077140E-010
          55  3.586514367690393E-010
          56  4.162100317292044E-010
          57  1.119065489087397E-010
          58  2.160136043371009E-010
          59  1.512251844910250E-010
          60  1.693493885244912E-010
          61  1.691003712802094E-010
          62  8.247140535767353E-010
          63  3.415138736594406E-010
          64  3.579247177917993E-010
          65  3.051692583426726E-010
          66  4.376000707793430E-010
          67  5.715965587799199E-010
          68  8.574921629398033E-010
          69  1.609505523596224E-010
          70  4.851251059356349E-010
          71  1.684877614802565E-010
          72  2.100467554380110E-010
          73  2.151705297916268E-010
          74  4.343969892443330E-010
          75  1.008279492420594E-009
          76  2.750045240541021E-009
          77  5.448679471991552E-009
          78  1.022417958953352E-008
          79  7.961723435152592E-009
          80  3.255868305697948E-008
          81  1.236884472878880E-008
          82  1.096517414980658E-008
          83  4.773485595312513E-009
          84  5.123428652146744E-009
          85  3.481034958885159E-009
          86  3.780241176116438E-009
          87  2.491048736704042E-009
          88  6.083438183111057E-009
          89  2.747961402441084E-009
          90  5.201963508221388E-009
          91  3.559540563245851E-009
          92  2.896308435769668E-009
          93  2.394837184623525E-009
          94  5.706848139664912E-009
          95  2.948528995823783E-009
          96  3.475286225311649E-009
          97  1.525173230007119E-009
          98  1.413390577811658E-009
          99  1.572396534217653E-009
         100  1.396296281284737E-009
         101  1.035305193871615E-009
         102  1.797951713811057E-009
         103  1.708736283155502E-009
         104  1.663181615600332E-009
         105  1.752175634351756E-009
         106  2.225833198788897E-009
         107  1.700904286193973E-009
         108  5.664537980319152E-009
         109  2.531903238173039E-009
         110  7.029694446044635E-009
         111  5.027094518794842E-009
         112  6.753062456929679E-009
         113  3.451638055958283E-009
         114  2.760821010345158E-009
         115  1.454231352001430E-009
         116  1.511475811241678E-009
         117  1.324224396749027E-009
         118  1.419060152020039E-009
         119  5.356578246053603E-010
         120  7.532111388034254E-010
         121  6.137647726529007E-010
         122  7.808185468019899E-010
         123  6.991909123935868E-010
         124  1.789520776221269E-008
         125  7.799744842326664E-008
         126  6.386946456407321E-007
         127  3.255216339969201E-006
         128  2.684744220446750E-005
         129  1.340006733156426E-004
         130  3.327538435126695E-004
         131  1.116394906967519E-003
         132  1.041567856255370E-003
         133  3.248052783156311E-005
         134  8.156918958038782E-005
         135  8.613629328329009E-005
         136  2.198109208042612E-004
         137  1.174814365915680E-004
         138  8.153311303620422E-005
         139  1.373844323500440E-005
         140  3.140971424423960E-005
         141  2.263784558242200E-005
         142  8.678541595519311E-006
         143  1.414727172189607E-006
         144  5.152135134682936E-006
         145  2.092678695385036E-006
         146  8.739634037859535E-006
         147  1.128167137272214E-005
         148  1.261546533375284E-005
         149  7.855049722559674E-006
         150  1.693985496202388E-005
         151  1.049690752963278E-005
         152  2.639916886314736E-005
         153  1.220169223886248E-005
         154  5.448694804273074E-005
         155  2.650032149722018E-005
         156  3.401345792572075E-005
         157  1.734054268794923E-005
         158  3.249516931039306E-005
         159  2.291858306683926E-005
         160  5.816707418996219E-005
         161  3.515002183826543E-005
         162  1.965109923645010E-004
         163  6.909932803293562E-005
         164  6.924488204183100E-005
         165  4.274211597743803E-005
         166  1.562674793548997E-004
         167  3.142397605932059E-005
         168  4.675588862242164E-005
         169  3.427697348483180E-005
         170  2.702131239340848E-005
         171  1.605719136173871E-005
         172  3.955876956529236E-005
         173  2.007414935122479E-005
         174  6.005002852881895E-005
         175  3.222964030536531E-005
         176  2.209788179946444E-005
         177  8.846844648385563E-006
         178  1.857394355916891E-005
         179  5.706300469844548E-006
         180  9.470477810038245E-006
         181  5.252119137924372E-006
         182  1.320090363031824E-005
         183  7.217110671786969E-006
         184  1.345078809268618E-005
         185  4.271036042126078E-006
         186  1.629491518111721E-005
         187  4.742820893492200E-006
         188  1.529258736723422E-005
         189  1.297029523991865E-005
         190  2.703237496719464E-005
         191  2.992051410819089E-005
         192  1.041652709524216E-004
         193  1.337783391307894E-004
         194  3.273582636275188E-004
         195  2.243045762053521E-004
         196  4.213584370588673E-004
         197  2.205784401933362E-004
         198  1.591794291747774E-004
         199  1.281642743380149E-005
         200  2.242471761029621E-006
         201  7.908179767848967E-008
         202  9.511362070299134E-008
         203  2.381557500104531E-008
         204  8.037282408848965E-008
         205  7.096377851390254E-008
         206  2.148584833765851E-006
         207  1.425358638361370E-006
         208  2.362761054703309E-006
         209  1.500220017357266E-006
         226  6.249307608828898E-014
         227  4.780323999304850E-015
         230  2.944985156049901E-012
         231  7.176232871787994E-012
         232  5.496802985284307E-007
         234  9.588618720957485E-012
         235  1.542073382025472E-007
         236  1.570984578252556E-009
         238  1.744994139845319E-007
         240  3.049561196705839E-013
         244  3.722608659909004E-009
