           1  7.474436220454014E-005
           2  6.470609901488105E-012
           3  1.574717819390911E-008
           4  8.323680189525590E-005
           6  5.674563962362780E-015
           7  3.114017005274736E-012
           8  2.708281752318958E-013
           9  1.912633244112939E-009
          10  2.713051082138141E-014
          14  1.841046924793316E-015
          15  1.858281913364678E-012
          16  1.185369658422906E-009
          17  8.910695463249333E-011
          18  4.645325463927664E-010
          19  2.215268174657996E-010
          20  4.488277711568949E-009
          21  7.447186388888573E-010
          22  1.532956741663176E-009
          23  4.786655447685520E-009
          24  1.110637244957791E-008
          25  1.350353067098447E-008
          26  1.224710349372418E-008
          27  2.711162502140646E-009
          28  1.580123091567145E-009
          29  8.164784884728283E-010
          30  2.567072711249377E-009
          31  4.605837812219419E-010
          32  6.599264721705981E-010
          33  7.425230451568153E-010
          34  4.485568833724969E-009
          35  2.974031984354103E-010
          36  1.165851539645393E-009
          37  8.335831624965662E-010
          38  1.112785980471921E-009
          39  2.899511451204809E-010
          40  5.918540400303721E-010
          41  8.515696518701001E-010
          42  5.751504468139814E-009
          43  4.873205630095293E-010
          44  9.313389633729577E-010
          45  4.238705779840763E-009
          46  7.460634587802567E-009
          47  8.365453681248391E-009
          48  6.222261438803559E-009
          49  5.172077983562052E-010
          50  3.084158753936827E-009
          51  1.538335178371610E-009
          52  6.261745677118585E-009
          53  2.256330308566348E-010
          54  5.662138077794308E-010
          55  3.537279115956422E-010
          56  3.754273594142291E-010
          57  9.801843955564737E-011
          58  1.826584724629568E-010
          59  1.295242649504520E-010
          60  1.563315069452647E-010
          61  1.647270100976829E-010
          62  7.992038068468985E-010
          63  3.285436880886882E-010
          64  3.420187537272998E-010
          65  2.949757374898819E-010
          66  4.275260645612632E-010
          67  5.881550960346657E-010
          68  8.797352832943499E-010
          69  1.626685510918764E-010
          70  4.771850158888268E-010
          71  1.650642022582005E-010
          72  2.020911118386803E-010
          73  2.065747876481720E-010
          74  4.263546923811053E-010
          75  9.967826213837603E-010
          76  2.750005379180298E-009
          77  5.453366782091503E-009
          78  1.036850466713564E-008
          79  7.866465809350893E-009
          80  3.111451543068774E-008
          81  1.254523570313906E-008
          82  1.059865343301555E-008
          83  4.423379477135423E-009
          84  5.031854951182602E-009
          85  3.318536229615567E-009
          86  3.566329124718666E-009
          87  2.395368287535746E-009
          88  5.833500914285006E-009
          89  2.767922507270760E-009
          90  5.301975448984093E-009
          91  3.325981280068113E-009
          92  2.757757202623369E-009
          93  2.336586131930654E-009
          94  5.550963563740556E-009
          95  2.788505382114560E-009
          96  3.368679072436423E-009
          97  1.460018056440179E-009
          98  1.360461381776753E-009
          99  1.532819451681769E-009
         100  1.349843857853896E-009
         101  1.020891390733401E-009
         102  1.716197287065467E-009
         103  1.596219548416970E-009
         104  1.515342028545799E-009
         105  1.592373056804987E-009
         106  2.035388732373931E-009
         107  1.585176097743303E-009
         108  5.342133593687087E-009
         109  2.419137868043714E-009
         110  6.925783919362075E-009
         111  4.932959638832822E-009
         112  6.576668000695854E-009
         113  3.311378400697484E-009
         114  2.628558696963629E-009
         115  1.400410632967502E-009
         116  1.462317783106913E-009
         117  1.299496323989691E-009
         118  1.398616362441539E-009
         119  5.240944097408374E-010
         120  7.403453061594771E-010
         121  6.000061256166951E-010
         122  7.757536335349987E-010
         123  6.707532126550291E-010
         124  1.738587808427910E-008
         125  7.045122022694291E-008
         126  5.784253230742354E-007
         127  3.019147430081597E-006
         128  2.547285258228969E-005
         129  1.287259172092288E-004
         130  3.292967642091779E-004
         131  1.064848670623903E-003
         132  1.038049644316829E-003
         133  3.321568071363050E-005
         134  8.381598283794082E-005
         135  8.641513429649560E-005
         136  2.077304946592168E-004
         137  1.110819171753546E-004
         138  9.059657499398538E-005
         139  1.436018954189489E-005
         140  3.398284492153011E-005
         141  2.528154768887068E-005
         142  1.036623994325695E-005
         143  1.724785805759521E-006
         144  5.913889544967344E-006
         145  2.164299008841183E-006
         146  9.040208337977285E-006
         147  1.268122669696862E-005
         148  2.348775192159826E-005
         149  1.467103767854840E-005
         150  3.170382899031304E-005
         151  1.621548328002176E-005
         152  4.621133813432272E-005
         153  3.270450608844386E-005
         154  3.183547759023868E-005
         155  9.125709070864339E-006
         156  1.825749830273753E-005
         157  9.927457882412924E-006
         158  4.025113574720856E-005
         159  5.337227287564633E-005
         160  7.659562679744067E-005
         161  3.891134233308901E-005
         162  1.315711598481041E-004
         163  5.131668704611928E-005
         164  1.040868592594037E-004
         165  6.788577245349007E-005
         166  1.265441682262795E-004
         167  3.457495793973154E-005
         168  1.229543738802196E-004
         169  3.939075206077200E-005
         170  3.291833859175081E-005
         171  1.828897670783382E-005
         172  6.540537978989662E-005
         173  3.582108447057224E-005
         174  5.282890488508924E-005
         175  2.565257591174241E-005
         176  2.115618877506211E-005
         177  8.750997389055968E-006
         178  1.417577140020374E-005
         179  5.719845437751704E-006
         180  1.057397883542712E-005
         181  5.162234823257313E-006
         182  1.119758989988115E-005
         183  5.679902862594711E-006
         184  1.007692159472992E-005
         185  3.186231566855967E-006
         186  1.222028965082496E-005
         187  3.485356432182807E-006
         188  1.110983199527672E-005
         189  9.812303025160117E-006
         190  2.081918142885588E-005
         191  2.560273106176788E-005
         192  9.214357804016532E-005
         193  1.207164027815968E-004
         194  2.989231910205360E-004
         195  2.157116890805045E-004
         196  4.268040094685497E-004
         197  2.243776303134728E-004
         198  1.641393075118998E-004
         199  1.298632880189063E-005
         200  2.436684224285696E-006
         201  1.025689929863501E-007
         202  1.262365399049659E-007
         203  2.934188044927752E-008
         204  8.488150696872096E-008
         205  7.108612804104570E-008
         206  2.359356584558560E-006
         207  1.502638866284034E-006
         208  2.560683845951210E-006
         209  1.665516763502175E-006
         226  6.980410811392847E-014
         227  5.382209817334182E-015
         230  3.289517416879810E-012
         231  8.079785181847563E-012
         232  6.160476180566067E-007
         234  1.071038617006700E-011
         235  1.736234300644509E-007
         236  1.749876778185091E-009
         238  1.949140084316649E-007
         240  3.395526935457108E-013
         244  4.144930093070759E-009
