           1  7.475317562468536E-005
           2  6.470609901488105E-012
           3  1.574717819390911E-008
           4  8.192787227435012E-005
           6  5.674563962362780E-015
           7  3.114017005274736E-012
           8  2.708281752318958E-013
           9  1.912633244112939E-009
          10  2.713051082138141E-014
          14  1.925337898015863E-015
          15  1.886446394620071E-012
          16  1.230978612285565E-009
          17  9.163054130173923E-011
          18  4.414400580604859E-010
          19  1.902350800467681E-010
          20  4.567417711058254E-009
          21  7.600289081469074E-010
          22  1.660925506064115E-009
          23  4.810069131504677E-009
          24  1.119761613480301E-008
          25  1.353539055709838E-008
          26  1.196243773331808E-008
          27  2.657598170797351E-009
          28  1.615128397070059E-009
          29  8.152209510199526E-010
          30  2.693038196111975E-009
          31  4.819260734123764E-010
          32  5.845303007225223E-010
          33  7.817111524381375E-010
          34  4.412431332250953E-009
          35  2.900088442611650E-010
          36  1.115272493947853E-009
          37  7.807734421428974E-010
          38  1.047113539300512E-009
          39  3.010781714119427E-010
          40  6.118377000670284E-010
          41  8.622915447337699E-010
          42  6.215665360941197E-009
          43  5.442835158181640E-010
          44  9.475701700871761E-010
          45  4.192979106405055E-009
          46  7.260639889207290E-009
          47  8.078259475145959E-009
          48  6.059439504657067E-009
          49  5.213562312895984E-010
          50  3.135226566868680E-009
          51  1.572810756018810E-009
          52  6.323466625090609E-009
          53  2.219312124666108E-010
          54  5.473738994321012E-010
          55  3.733939972909508E-010
          56  4.156247287217888E-010
          57  1.118515022784505E-010
          58  2.138750503362448E-010
          59  1.499761301431892E-010
          60  1.678510022554951E-010
          61  1.665133835078717E-010
          62  8.208949610636567E-010
          63  3.431032782634688E-010
          64  3.602492982116438E-010
          65  3.075658270986845E-010
          66  4.413668411572584E-010
          67  5.769703900911713E-010
          68  8.820995787662819E-010
          69  1.675289012020520E-010
          70  5.047861814917979E-010
          71  1.742207737955427E-010
          72  2.144177516097221E-010
          73  2.117060289793839E-010
          74  4.307999853494843E-010
          75  1.010551177674931E-009
          76  2.777173313261299E-009
          77  5.456241949159409E-009
          78  1.016639615538255E-008
          79  7.845487377620281E-009
          80  3.224218797390690E-008
          81  1.180986728808205E-008
          82  1.051900341185520E-008
          83  4.600460560196878E-009
          84  5.010530657150389E-009
          85  3.404823144210873E-009
          86  3.683613204946378E-009
          87  2.401574361424812E-009
          88  5.909037729496714E-009
          89  2.746899574279566E-009
          90  5.202554506205456E-009
          91  3.433173749649730E-009
          92  2.754394650748196E-009
          93  2.298525311225835E-009
          94  5.586095853097730E-009
          95  2.857666256713608E-009
          96  3.293593576912114E-009
          97  1.449732721227408E-009
          98  1.355301772680208E-009
          99  1.504318799460937E-009
         100  1.340362895908924E-009
         101  1.003592836735363E-009
         102  1.728518484958074E-009
         103  1.649216415860647E-009
         104  1.604667910022490E-009
         105  1.674418293334122E-009
         106  2.121021815099303E-009
         107  1.619045362001358E-009
         108  5.332569888373758E-009
         109  2.400700844230179E-009
         110  6.737050253477883E-009
         111  4.799945519803595E-009
         112  6.456406929849009E-009
         113  3.310215116153730E-009
         114  2.664411358481335E-009
         115  1.412390478847027E-009
         116  1.477987295116729E-009
         117  1.312332666541044E-009
         118  1.405005293392504E-009
         119  5.181235631398821E-010
         120  7.200159514051803E-010
         121  5.841115624917598E-010
         122  7.569481733750064E-010
         123  6.613486229077716E-010
         124  1.749807430093615E-008
         125  7.161121302026743E-008
         126  5.928015756253338E-007
         127  3.079550125367630E-006
         128  2.575551743131307E-005
         129  1.291065510611281E-004
         130  3.241393240132342E-004
         131  1.092166901801980E-003
         132  1.023171029803723E-003
         133  3.272893177890625E-005
         134  8.248182716973619E-005
         135  8.240265474461516E-005
         136  2.115955762543342E-004
         137  1.149133390406955E-004
         138  8.822125080150742E-005
         139  1.406580970297493E-005
         140  3.305708029093277E-005
         141  2.517485430254909E-005
         142  1.022459931020410E-005
         143  2.092879270931800E-006
         144  1.189652567420085E-005
         145  7.432768647140061E-006
         146  2.885110344030422E-005
         147  1.814961747444604E-005
         148  3.377332455594937E-005
         149  2.414992737949002E-005
         150  3.420861326470103E-005
         151  1.772857854883203E-005
         152  2.979653979972130E-005
         153  1.137137492181721E-005
         154  5.372127100527740E-005
         155  2.197685146845838E-005
         156  5.684702736693753E-005
         157  2.404334866535815E-005
         158  2.949889291294466E-005
         159  1.719591537934458E-005
         160  3.680267167627941E-005
         161  2.028800722224434E-005
         162  1.314209301794769E-004
         163  5.779082082819720E-005
         164  9.236944045616293E-005
         165  4.503074752240879E-005
         166  1.764083752942528E-004
         167  7.003697437325854E-005
         168  9.394139868223545E-005
         169  2.179705035098109E-005
         170  1.749694906613511E-005
         171  1.137016346272255E-005
         172  1.881018362445160E-005
         173  1.589774644173716E-005
         174  5.109681225963446E-005
         175  2.682265568934167E-005
         176  1.938826025984030E-005
         177  7.360552544250130E-006
         178  1.206577474610572E-005
         179  7.206710505753359E-006
         180  1.521358458785043E-005
         181  6.779833627381969E-006
         182  1.396087949712398E-005
         183  7.148067657125426E-006
         184  1.266426460067280E-005
         185  3.938392105081519E-006
         186  1.474349001427403E-005
         187  4.275156622504996E-006
         188  1.371055953731194E-005
         189  1.175119981800155E-005
         190  2.482320794069534E-005
         191  2.852955078957443E-005
         192  9.991998234550510E-005
         193  1.289292046623075E-004
         194  3.174324235719294E-004
         195  2.228716812488027E-004
         196  4.278080700908443E-004
         197  2.255490355202013E-004
         198  1.637410596772089E-004
         199  1.317742706344928E-005
         200  2.350017081785130E-006
         201  8.464834189324592E-008
         202  1.042193121146014E-007
         203  2.648777861030570E-008
         204  7.865148525056229E-008
         205  6.697691779896303E-008
         206  2.217859147580827E-006
         207  1.461340344334746E-006
         208  2.444811542592601E-006
         209  1.571791002307351E-006
         226  6.694534205504788E-014
         227  5.079100622710550E-015
         230  3.154798114598571E-012
         231  7.624756994110582E-012
         232  5.792860323584123E-007
         234  1.027175169298839E-011
         235  1.638455024397909E-007
         236  1.679055172860806E-009
         238  1.869314760741801E-007
         240  3.259640996377951E-013
         244  3.979053712520548E-009
