           1  7.404977402937903E-005
           2  6.470609901488105E-012
           3  1.574717819390911E-008
           4  8.099964853910411E-005
           6  5.674563962362780E-015
           7  3.114017005274736E-012
           8  2.708281752318958E-013
           9  1.912633244112939E-009
          10  2.713051082138141E-014
          14  2.370508677466682E-015
          15  2.244265909811708E-012
          16  1.296633752089988E-009
          17  9.542020854431585E-011
          18  4.609599955343049E-010
          19  2.122705859920727E-010
          20  4.663082487062424E-009
          21  7.838601645352090E-010
          22  1.726764278805292E-009
          23  4.895536511302321E-009
          24  1.137674578670865E-008
          25  1.366849655708593E-008
          26  1.227737661039232E-008
          27  2.779674759645424E-009
          28  1.664216274214694E-009
          29  8.376031904930731E-010
          30  2.754016651542933E-009
          31  5.002934635305440E-010
          32  6.253666253681517E-010
          33  7.583455943270887E-010
          34  4.503518789477289E-009
          35  2.977731310766028E-010
          36  1.139788135056076E-009
          37  7.754811938125268E-010
          38  1.028219626761263E-009
          39  2.934093289127276E-010
          40  6.159985522064910E-010
          41  8.822623273581785E-010
          42  6.201169889074632E-009
          43  5.409885805942892E-010
          44  9.311940466041061E-010
          45  4.145506976301767E-009
          46  7.354115754168566E-009
          47  8.311452818241698E-009
          48  6.242151532059372E-009
          49  4.983709427908172E-010
          50  3.114861580486270E-009
          51  1.584447571683744E-009
          52  6.288814938570550E-009
          53  2.107254882914732E-010
          54  4.999488702076405E-010
          55  3.452809516456968E-010
          56  3.990099845236379E-010
          57  1.070149513485668E-010
          58  1.957131661088585E-010
          59  1.389248898824718E-010
          60  1.590984502292742E-010
          61  1.628400119409493E-010
          62  8.157652494802513E-010
          63  3.350063532241514E-010
          64  3.447519292793677E-010
          65  2.943950338914105E-010
          66  4.266890698280606E-010
          67  5.787430510604027E-010
          68  8.903865313643905E-010
          69  1.644677863540791E-010
          70  4.893239546240976E-010
          71  1.696561076355052E-010
          72  2.057027681370735E-010
          73  2.021285772056488E-010
          74  4.162824107358150E-010
          75  9.673194710351620E-010
          76  2.693979068510949E-009
          77  5.292106109188208E-009
          78  1.045174327711227E-008
          79  8.070618492503097E-009
          80  3.297739219763252E-008
          81  1.238581633992286E-008
          82  1.107333051798444E-008
          83  4.857608263669772E-009
          84  5.377494821296463E-009
          85  3.569255682348530E-009
          86  3.851806008693607E-009
          87  2.501482382218175E-009
          88  6.095943816665688E-009
          89  2.873969388040190E-009
          90  5.561766996006140E-009
          91  3.641715260586032E-009
          92  2.931760612261346E-009
          93  2.452292660429150E-009
          94  5.915090207761917E-009
          95  3.019462703869333E-009
          96  3.474571593416585E-009
          97  1.518100241827873E-009
          98  1.411055290317034E-009
          99  1.593332208113595E-009
         100  1.429172770272201E-009
         101  1.070425444551974E-009
         102  1.844164416743255E-009
         103  1.737592847830632E-009
         104  1.684827066013976E-009
         105  1.768264954704643E-009
         106  2.243802576185443E-009
         107  1.719278862540900E-009
         108  5.729345180319383E-009
         109  2.558754085901503E-009
         110  7.239883285733159E-009
         111  5.208556810770693E-009
         112  7.074532694230488E-009
         113  3.623040056585060E-009
         114  2.920266055151378E-009
         115  1.543568122018736E-009
         116  1.617540003934915E-009
         117  1.403970812694285E-009
         118  1.503788996848870E-009
         119  5.711854642679891E-010
         120  7.962766070328595E-010
         121  6.457367167634097E-010
         122  8.080061385824028E-010
         123  7.175089191285802E-010
         124  1.726271650934329E-008
         125  7.562338996198838E-008
         126  6.173958052801474E-007
         127  3.135034085524466E-006
         128  2.604852213808654E-005
         129  1.328491122338225E-004
         130  3.433253080420009E-004
         131  1.127444830816492E-003
         132  1.066802562264659E-003
         133  3.222100258008139E-005
         134  8.023116955362204E-005
         135  8.780110073196220E-005
         136  2.220094932744657E-004
         137  1.183496116460078E-004
         138  8.357106465388750E-005
         139  1.288050438367817E-005
         140  2.858122715815578E-005
         141  2.022564808985863E-005
         142  8.137587475164166E-006
         143  1.468721399325351E-006
         144  6.898524076569921E-006
         145  3.371396222570276E-006
         146  1.159060336028631E-005
         147  6.899685410626274E-006
         148  1.766932803051291E-005
         149  1.417148933514337E-005
         150  3.271759401897100E-005
         151  1.220606124247097E-005
         152  1.762298701650035E-005
         153  9.769433760180273E-006
         154  2.784434832656655E-005
         155  1.467355962509204E-005
         156  2.025832001164922E-005
         157  1.085510776743559E-005
         158  2.957581287943992E-005
         159  3.386396176772493E-005
         160  4.708977673612962E-005
         161  2.009716039561829E-005
         162  4.799217221255716E-005
         163  2.996274390213992E-005
         164  1.174128189436706E-004
         165  8.543895944003388E-005
         166  1.769346577050972E-004
         167  3.856910307193180E-005
         168  5.126607229629777E-005
         169  3.151127614436544E-005
         170  5.626629488335235E-005
         171  3.819445345849469E-005
         172  6.695317631620816E-005
         173  3.033376876421968E-005
         174  5.987331650089205E-005
         175  2.975234542597642E-005
         176  2.052475568391993E-005
         177  8.188897702395562E-006
         178  1.559508422341462E-005
         179  5.841532292962752E-006
         180  1.038471091463767E-005
         181  5.506709111430561E-006
         182  1.299713263233851E-005
         183  6.865577839639923E-006
         184  1.256597430683133E-005
         185  3.985255868706682E-006
         186  1.511574280172236E-005
         187  4.311747218449574E-006
         188  1.349571374985076E-005
         189  1.143861018530501E-005
         190  2.416345371332723E-005
         191  2.795977826201304E-005
         192  9.842456761571155E-005
         193  1.266327023090495E-004
         194  3.137844598075956E-004
         195  2.233554164256448E-004
         196  4.355697537029694E-004
         197  2.309181109881373E-004
         198  1.711048858474719E-004
         199  1.377293550423870E-005
         200  2.468876375782918E-006
         201  9.196458127289079E-008
         202  1.080071097870369E-007
         203  2.561170546911210E-008
         204  9.560602910042779E-008
         205  8.443072170638114E-008
         206  2.231705155594821E-006
         207  1.478533347343219E-006
         208  2.456337952730690E-006
         209  1.538105521221485E-006
         226  6.093144835159137E-014
         227  4.717485219207003E-015
         230  2.871393475311494E-012
         231  7.081899157289393E-012
         232  5.424505282080556E-007
         234  9.349010529321812E-012
         235  1.521802368980763E-007
         236  1.516809706812774E-009
         238  1.701388809147444E-007
         240  2.942337466815925E-013
         244  3.591720325591559E-009
