           1  7.453823393017846E-005
           2  6.470609901488105E-012
           3  1.574717819390911E-008
           4  8.257335032212257E-005
           6  5.674563962362780E-015
           7  3.114017005274736E-012
           8  2.708281752318958E-013
           9  1.912633244112939E-009
          10  2.713051082138141E-014
          14  2.083196492031570E-015
          15  1.939441745099637E-012
          16  1.183958707442847E-009
          17  8.888522084408327E-011
          18  4.772870795671694E-010
          19  2.399795349558209E-010
          20  4.461702788443909E-009
          21  7.096169864105228E-010
          22  1.644176382418856E-009
          23  4.743822761454602E-009
          24  1.102892995735690E-008
          25  1.365364224179672E-008
          26  1.274068145304243E-008
          27  2.520631718082402E-009
          28  1.493373997011634E-009
          29  9.053853668853743E-010
          30  2.727596420556088E-009
          31  4.419293710255108E-010
          32  6.475370381890511E-010
          33  7.581117966075304E-010
          34  4.276036156433871E-009
          35  3.017912001969023E-010
          36  1.295647887805348E-009
          37  8.228712385348118E-010
          38  1.102670791671494E-009
          39  2.771267179062669E-010
          40  5.984703312910128E-010
          41  8.980661020469883E-010
          42  5.631961949422939E-009
          43  4.621717739875818E-010
          44  9.996626076187090E-010
          45  4.375370066566775E-009
          46  7.565532729444777E-009
          47  8.340608065137270E-009
          48  6.144042892242343E-009
          49  5.147639907359913E-010
          50  3.135890759664695E-009
          51  1.555068286992260E-009
          52  6.227317926241882E-009
          53  2.150149392298906E-010
          54  5.378270869362167E-010
          55  3.100124893916117E-010
          56  3.588590684431684E-010
          57  9.032563785398912E-011
          58  2.105880709470815E-010
          59  1.387447670173954E-010
          60  1.606079808697543E-010
          61  1.673837330915986E-010
          62  7.660952377878890E-010
          63  3.219035585293628E-010
          64  3.774118850922447E-010
          65  3.209723241264884E-010
          66  4.340796065362789E-010
          67  5.748171044158041E-010
          68  7.800643625935001E-010
          69  1.495486746901557E-010
          70  4.559077549334254E-010
          71  1.555384613032005E-010
          72  1.970766167421924E-010
          73  2.278398619426191E-010
          74  4.267567381634122E-010
          75  9.896275987493030E-010
          76  2.693341290770152E-009
          77  5.703876598044905E-009
          78  1.047298939144198E-008
          79  8.016213517749829E-009
          80  3.090429329492810E-008
          81  1.301896229908581E-008
          82  1.103627995534316E-008
          83  4.617283804948471E-009
          84  5.165942176657358E-009
          85  3.482888573516835E-009
          86  3.732626915191722E-009
          87  2.412989713447886E-009
          88  5.832139014306294E-009
          89  2.638708422321649E-009
          90  5.091778823590577E-009
          91  3.425255392982740E-009
          92  2.876840904377004E-009
          93  2.364906266796874E-009
          94  5.238869870141001E-009
          95  2.792600661095284E-009
          96  3.893364229522505E-009
          97  1.678723479511614E-009
          98  1.496111720285206E-009
          99  1.606119367383395E-009
         100  1.360232389523545E-009
         101  1.008697930164804E-009
         102  1.739027002844584E-009
         103  1.623669619828181E-009
         104  1.572857035629842E-009
         105  1.667486896754310E-009
         106  2.071981604546720E-009
         107  1.623467749158186E-009
         108  5.669157797641850E-009
         109  2.589031157790374E-009
         110  7.191517777591203E-009
         111  5.137920815303674E-009
         112  6.673095302800015E-009
         113  3.304993886784631E-009
         114  2.554372920783570E-009
         115  1.322643100761258E-009
         116  1.364855334715505E-009
         117  1.270650210334018E-009
         118  1.408389321556018E-009
         119  5.294667995507696E-010
         120  7.793003425800080E-010
         121  6.394702556114143E-010
         122  8.075650800055416E-010
         123  7.278266989671537E-010
         124  2.018279511290646E-008
         125  8.975004883735268E-008
         126  7.107501318251104E-007
         127  3.627708981085498E-006
         128  2.952165447725354E-005
         129  1.416778242703576E-004
         130  3.374452868848956E-004
         131  1.076987560918715E-003
         132  1.034922577650579E-003
         133  3.338803889270426E-005
         134  8.363569210369602E-005
         135  8.452004362525298E-005
         136  2.134707658029898E-004
         137  1.140124962941713E-004
         138  8.440929470617649E-005
         139  1.491250546262946E-005
         140  3.411578988299060E-005
         141  2.441501884986559E-005
         142  9.451776974588510E-006
         143  1.586815224026173E-006
         144  6.050601339463857E-006
         145  2.151403971530348E-006
         146  8.300797206694142E-006
         147  1.059374455823141E-005
         148  1.650722755386557E-005
         149  9.688736047935644E-006
         150  1.395179768556785E-005
         151  9.076824274973125E-006
         152  4.627721920848405E-005
         153  3.328434423489179E-005
         154  3.728055698776785E-005
         155  1.507700151645251E-005
         156  3.461876732127066E-005
         157  2.408335101106306E-005
         158  7.025123014649583E-005
         159  3.195441389409272E-005
         160  4.289271573015811E-005
         161  2.010395953640283E-005
         162  5.969552104164995E-005
         163  3.908910906159748E-005
         164  1.520262206196233E-004
         165  1.135119164309367E-004
         166  1.282700363247835E-004
         167  5.567702403762933E-005
         168  1.107326675793046E-004
         169  2.734006215818157E-005
         170  1.572602162734075E-005
         171  8.172200471693361E-006
         172  2.522539893621026E-005
         173  2.313038514081117E-005
         174  6.896132106461454E-005
         175  3.319891483076040E-005
         176  2.257956918663366E-005
         177  8.415345064828051E-006
         178  1.554422060264637E-005
         179  9.336910207951255E-006
         180  1.880239417472045E-005
         181  7.999619098464715E-006
         182  1.487862052338270E-005
         183  7.022273230347756E-006
         184  1.190127581303039E-005
         185  3.664963733697046E-006
         186  1.350443120296910E-005
         187  4.090658729230208E-006
         188  1.435807695116286E-005
         189  1.277628534997573E-005
         190  2.619714435795947E-005
         191  2.853524373268624E-005
         192  1.028492441230995E-004
         193  1.352352222216992E-004
         194  3.260530478820869E-004
         195  2.224191813830575E-004
         196  4.172873563365008E-004
         197  2.101289911905379E-004
         198  1.452790689395834E-004
         199  1.148061196908476E-005
         200  2.090142418996527E-006
         201  8.925010627330248E-008
         202  1.106799714267650E-007
         203  2.592385616642129E-008
         204  8.274728260540969E-008
         205  7.142295686664358E-008
         206  2.304050296942726E-006
         207  1.465130185022350E-006
         208  2.447658094564399E-006
         209  1.599332136870843E-006
         226  6.703646320365025E-014
         227  5.273863831365879E-015
         230  3.159092197188730E-012
         231  7.917135950091497E-012
         232  6.087454499512185E-007
         234  1.028573285707974E-011
         235  1.701283225981929E-007
         236  1.740607461805743E-009
         238  1.871859136539567E-007
         240  3.380879523446363E-013
         244  4.127049952526161E-009
