           1  7.420159083073387E-005
           2  6.470609901488105E-012
           3  1.574717819390911E-008
           4  8.006997327470277E-005
           6  5.674563962362780E-015
           7  3.114017005274736E-012
           8  2.708281752318958E-013
           9  1.912633244112939E-009
          10  2.713051082138141E-014
          14  2.132315863755233E-015
          15  2.167970334579036E-012
          16  1.285887315804591E-009
          17  9.475763908329718E-011
          18  4.395388603482224E-010
          19  1.849008853352200E-010
          20  4.665798517656645E-009
          21  7.814972675328930E-010
          22  1.718313809216690E-009
          23  4.882748998341457E-009
          24  1.134853997399004E-008
          25  1.364077174493291E-008
          26  1.186180512273833E-008
          27  2.640646862716561E-009
          28  1.659788020793963E-009
          29  8.382461593628504E-010
          30  2.822541549372639E-009
          31  4.971010431671713E-010
          32  5.854426669802955E-010
          33  8.091947064606010E-010
          34  4.409970822624106E-009
          35  2.893644445585138E-010
          36  1.125583141443515E-009
          37  7.374008429817978E-010
          38  9.850547010021920E-010
          39  3.031359427733465E-010
          40  6.322825832637082E-010
          41  8.949987096972223E-010
          42  6.508980273193132E-009
          43  5.548405720781726E-010
          44  9.511045865032360E-010
          45  4.206544294649939E-009
          46  7.201215152731682E-009
          47  8.028270259247011E-009
          48  6.039802501839029E-009
          49  5.002969055701471E-010
          50  3.155597815980872E-009
          51  1.601072892246365E-009
          52  6.359507493824267E-009
          53  2.086709619927396E-010
          54  5.037375045052520E-010
          55  3.695028458503010E-010
          56  4.424313376512170E-010
          57  1.168986371411570E-010
          58  2.225441028004877E-010
          59  1.551232469018762E-010
          60  1.699578629939665E-010
          61  1.742356099849707E-010
          62  8.626703129088967E-010
          63  3.524093628975982E-010
          64  3.647436518014392E-010
          65  3.093492227483280E-010
          66  4.335477056220315E-010
          67  5.826900258910633E-010
          68  8.907658495486870E-010
          69  1.678660229009900E-010
          70  5.118489468384154E-010
          71  1.762591122921907E-010
          72  2.112225479657632E-010
          73  2.099541058456822E-010
          74  4.313980899183339E-010
          75  1.017133591001105E-009
          76  2.780647704651714E-009
          77  5.367541417093485E-009
          78  1.013010014860643E-008
          79  7.924964102771753E-009
          80  3.323117960729255E-008
          81  1.150970789660454E-008
          82  1.066697943180302E-008
          83  4.797903565143834E-009
          84  5.265806772603644E-009
          85  3.579583982343639E-009
          86  3.854221313603678E-009
          87  2.420712959338414E-009
          88  6.019895560377294E-009
          89  2.804297122814864E-009
          90  5.389750537546087E-009
          91  3.531302144499276E-009
          92  2.851229758252693E-009
          93  2.408622800048987E-009
          94  5.935133390597969E-009
          95  2.979417519317719E-009
          96  3.378744930148283E-009
          97  1.462013269462473E-009
          98  1.344156875741828E-009
          99  1.501572339577827E-009
         100  1.331525599242710E-009
         101  1.013496787978059E-009
         102  1.809169737214070E-009
         103  1.728458830727866E-009
         104  1.683468979399774E-009
         105  1.770134455872835E-009
         106  2.236020160223820E-009
         107  1.718365846590121E-009
         108  5.651626743664594E-009
         109  2.515672182123570E-009
         110  6.957511579110414E-009
         111  4.941776567706072E-009
         112  6.594828259228294E-009
         113  3.341581571659547E-009
         114  2.666087968473266E-009
         115  1.397971137387300E-009
         116  1.463206710529061E-009
         117  1.298017440074310E-009
         118  1.390329713204953E-009
         119  5.178630907660506E-010
         120  7.289759214333362E-010
         121  5.900398585763264E-010
         122  7.401561944894567E-010
         123  6.722609614458505E-010
         124  1.731693547277822E-008
         125  7.829285669564571E-008
         126  6.342791624070555E-007
         127  3.241835554888726E-006
         128  2.680243768981857E-005
         129  1.330134160914718E-004
         130  3.307314791979978E-004
         131  1.116238423048224E-003
         132  1.043477573920109E-003
         133  3.324616834140195E-005
         134  8.330843914880717E-005
         135  8.234523922906917E-005
         136  2.219956927935305E-004
         137  1.214277119033751E-004
         138  8.883451775372231E-005
         139  1.403732353063336E-005
         140  3.247385272820363E-005
         141  2.483462703380508E-005
         142  9.699192927481101E-006
         143  1.665380279895435E-006
         144  6.812765758519889E-006
         145  3.583224308198253E-006
         146  1.596199852527956E-005
         147  1.832788414200041E-005
         148  3.498077263698158E-005
         149  2.249979074219653E-005
         150  4.108548681000108E-005
         151  1.356528959642715E-005
         152  1.133187098629844E-005
         153  4.472040734834189E-006
         154  1.670615156610436E-005
         155  1.108952645546824E-005
         156  2.945247233579849E-005
         157  1.933179250225022E-005
         158  4.772293361883867E-005
         159  2.138137105366275E-005
         160  4.139144754469190E-005
         161  2.757335173985445E-005
         162  1.045173219898705E-004
         163  3.976221778179533E-005
         164  9.298969946055588E-005
         165  8.334225401735681E-005
         166  1.918638161376941E-004
         167  4.205356803533574E-005
         168  5.503682733005675E-005
         169  1.797577740236155E-005
         170  3.367929720656845E-005
         171  2.201554988267390E-005
         172  3.643825356946810E-005
         173  3.788252445144342E-005
         174  4.796369045391771E-005
         175  1.458019195663916E-005
         176  1.377661377321703E-005
         177  7.306980346529738E-006
         178  1.146795396103275E-005
         179  6.492152966261826E-006
         180  1.391793749839320E-005
         181  6.581404151342920E-006
         182  1.417538425666472E-005
         183  7.385673159121232E-006
         184  1.325433969231734E-005
         185  4.202799370602510E-006
         186  1.608403042888939E-005
         187  4.643671191493429E-006
         188  1.484365340722236E-005
         189  1.279946610063952E-005
         190  2.675722285614069E-005
         191  3.059012479182132E-005
         192  1.060977247075865E-004
         193  1.342687508706907E-004
         194  3.245241416908081E-004
         195  2.262148879350713E-004
         196  4.341042462134532E-004
         197  2.257295639812229E-004
         198  1.628225817394019E-004
         199  1.295883116746086E-005
         200  2.276436904882826E-006
         201  8.059716599962476E-008
         202  9.892662936920823E-008
         203  2.542060845302795E-008
         204  8.460073626891524E-008
         205  7.394144691257375E-008
         206  2.140042324536044E-006
         207  1.442004975657855E-006
         208  2.385686852429786E-006
         209  1.484898456823853E-006
         226  5.678331968241739E-014
         227  4.391532671686813E-015
         230  2.675912981779001E-012
         231  6.592578478084894E-012
         232  5.020184880414586E-007
         234  8.712542832356649E-012
         235  1.416654109698051E-007
         236  1.417429170114673E-009
         238  1.585560613895754E-007
         240  2.750319917713814E-013
         244  3.357323917375795E-009
