           1  7.456685513696331E-005
           2  6.470609901488105E-012
           3  1.574717819390911E-008
           4  8.274015751699859E-005
           6  5.674563962362780E-015
           7  3.114017005274736E-012
           8  2.708281752318958E-013
           9  1.912633244112939E-009
          10  2.713051082138141E-014
          14  2.126330969556619E-015
          15  1.974956331407446E-012
          16  1.248804747651502E-009
          17  9.266579321001934E-011
          18  4.447892195519598E-010
          19  1.936115514095900E-010
          20  4.628252165706896E-009
          21  7.718417790654348E-010
          22  1.623088215730778E-009
          23  4.868273433843099E-009
          24  1.130232762405044E-008
          25  1.364040392614687E-008
          26  1.210039431456131E-008
          27  2.717059991236923E-009
          28  1.616314634763406E-009
          29  7.966176611389430E-010
          30  2.626800230166453E-009
          31  4.777616215041544E-010
          32  5.925869207577785E-010
          33  7.749324677503452E-010
          34  4.396565285267325E-009
          35  2.912204875446346E-010
          36  1.116237895531786E-009
          37  8.290327563300699E-010
          38  1.118159785557960E-009
          39  3.140351969676971E-010
          40  6.069514304784394E-010
          41  8.402543059038173E-010
          42  6.103853521044925E-009
          43  5.391815036896948E-010
          44  9.442070082910656E-010
          45  4.220239650387363E-009
          46  7.334830917670632E-009
          47  8.123108390274248E-009
          48  6.065657988745303E-009
          49  5.389275207811391E-010
          50  3.136189244586149E-009
          51  1.557432219250788E-009
          52  6.296965049772064E-009
          53  2.252040467679973E-010
          54  5.547191184487934E-010
          55  3.754843010177974E-010
          56  4.108126658452367E-010
          57  1.116458791365372E-010
          58  2.043163627528936E-010
          59  1.445560921268690E-010
          60  1.664323916995512E-010
          61  1.672284881893757E-010
          62  8.256345716443270E-010
          63  3.435856157534516E-010
          64  3.501005814828750E-010
          65  2.966421091487295E-010
          66  4.343218217348272E-010
          67  5.726513355405592E-010
          68  8.842124132522506E-010
          69  1.660062383337292E-010
          70  4.942156166660702E-010
          71  1.708905775939206E-010
          72  2.113478391172355E-010
          73  2.065066649693498E-010
          74  4.289780755592621E-010
          75  1.011705795798121E-009
          76  2.775911762433293E-009
          77  5.423910988117598E-009
          78  1.019437420838137E-008
          79  7.890748687229117E-009
          80  3.235792537105691E-008
          81  1.224972110503667E-008
          82  1.079048023609390E-008
          83  4.677547631496941E-009
          84  5.013674430626824E-009
          85  3.379756229867788E-009
          86  3.676817023061527E-009
          87  2.479742133536351E-009
          88  6.080324351231921E-009
          89  2.792284239159415E-009
          90  5.267350601993310E-009
          91  3.509778035164702E-009
          92  2.820691020410084E-009
          93  2.354223125126027E-009
          94  5.761459147126313E-009
          95  2.953280276682877E-009
          96  3.322427876259104E-009
          97  1.471305159699573E-009
          98  1.388113233601055E-009
          99  1.541056784845057E-009
         100  1.381029203529669E-009
         101  1.031067357009188E-009
         102  1.761445355507959E-009
         103  1.686410652437612E-009
         104  1.633950502365231E-009
         105  1.698722173849887E-009
         106  2.180248243835169E-009
         107  1.665182631873913E-009
         108  5.497604078916310E-009
         109  2.474387715912343E-009
         110  6.956838523086833E-009
         111  4.946744666578090E-009
         112  6.676067358213174E-009
         113  3.450099770062594E-009
         114  2.792689546580657E-009
         115  1.480307217094659E-009
         116  1.548336967091017E-009
         117  1.361925544702935E-009
         118  1.447802057031406E-009
         119  5.361796762230458E-010
         120  7.400794120501143E-010
         121  5.989977729520316E-010
         122  7.824053880459529E-010
         123  6.803128904678654E-010
         124  1.787306395306673E-008
         125  7.217604636191720E-008
         126  6.003779551263777E-007
         127  3.086362868967368E-006
         128  2.568459165912973E-005
         129  1.297859133827842E-004
         130  3.284108221222980E-004
         131  1.103365193143941E-003
         132  1.037426399496612E-003
         133  3.249244423449147E-005
         134  8.214829371369086E-005
         135  8.749676401958217E-005
         136  2.169162698175051E-004
         137  1.157500205146576E-004
         138  8.389652698097097E-005
         139  1.410171105809269E-005
         140  3.333116432095965E-005
         141  2.519514385229136E-005
         142  1.011726790618757E-005
         143  1.658388430384853E-006
         144  5.797207470129297E-006
         145  2.289075975548536E-006
         146  8.381745554996527E-006
         147  8.837258886770704E-006
         148  3.025134995139861E-005
         149  2.402553137433743E-005
         150  4.941670323597712E-005
         151  1.951741284225075E-005
         152  3.834834488260085E-005
         153  2.052210511782590E-005
         154  5.451056832541306E-005
         155  3.188485917668700E-005
         156  3.843764013941000E-005
         157  1.621522571575607E-005
         158  3.475805452394699E-005
         159  4.038798394873743E-005
         160  5.986040698013290E-005
         161  2.559938513519056E-005
         162  4.220923194774163E-005
         163  2.376466711088181E-005
         164  6.766255226724220E-005
         165  5.094514496050334E-005
         166  1.200572626609391E-004
         167  6.452460493149417E-005
         168  1.530237568852995E-004
         169  5.583553439056353E-005
         170  3.378246302104417E-005
         171  1.716533770506058E-005
         172  5.413412434745388E-005
         173  3.205925684543567E-005
         174  2.945867691766561E-005
         175  1.065607641757739E-005
         176  1.646984225137006E-005
         177  7.324195912880042E-006
         178  1.919287718513799E-005
         179  6.157600996574420E-006
         180  9.845826465593710E-006
         181  5.208084791562353E-006
         182  1.267967071155644E-005
         183  6.929199845392878E-006
         184  1.287198390605453E-005
         185  4.067661137238353E-006
         186  1.549804629127124E-005
         187  4.461261427034858E-006
         188  1.408894529370189E-005
         189  1.196678137208417E-005
         190  2.526662147205488E-005
         191  2.878860589589553E-005
         192  1.002629592743136E-004
         193  1.295722059324038E-004
         194  3.203821447550787E-004
         195  2.237114193268495E-004
         196  4.277156882346046E-004
         197  2.272500353099707E-004
         198  1.666614159556381E-004
         199  1.350363212042640E-005
         200  2.395589726937914E-006
         201  8.458952021879980E-008
         202  1.013158673841292E-007
         203  2.515180764382962E-008
         204  7.952731757415238E-008
         205  6.929457177982770E-008
         206  2.284727992477554E-006
         207  1.500812064550948E-006
         208  2.525903280133080E-006
         209  1.618567622261544E-006
         226  7.074797343419667E-014
         227  5.342421116231311E-015
         230  3.333997054169116E-012
         231  8.020054296488811E-012
         232  6.109214422983704E-007
         234  1.085520804868920E-011
         235  1.723398957917734E-007
         236  1.764226055425075E-009
         238  1.975495635295519E-007
         240  3.423486742256749E-013
         244  4.179060714562849E-009
