           1  7.487571309629263E-005
           2  6.470609901488105E-012
           3  1.574717819390911E-008
           4  8.296034515780034E-005
           6  5.674563962362780E-015
           7  3.114017005274736E-012
           8  2.708281752318958E-013
           9  1.912633244112939E-009
          10  2.713051082138141E-014
          14  1.812062620892727E-015
          15  1.811331704071533E-012
          16  1.208134698981509E-009
          17  9.018039522517669E-011
          18  4.627838644700575E-010
          19  2.212899085550108E-010
          20  4.522816352622999E-009
          21  7.292442936058748E-010
          22  1.702165848196176E-009
          23  4.773188522621913E-009
          24  1.110489697544884E-008
          25  1.367390024202427E-008
          26  1.207385848601125E-008
          27  2.503398089583978E-009
          28  1.554259260617020E-009
          29  9.187690289533707E-010
          30  2.828632286752327E-009
          31  4.810545160020658E-010
          32  6.224798690003835E-010
          33  7.691634394125901E-010
          34  4.254830538991376E-009
          35  3.010480330207102E-010
          36  1.257709306624049E-009
          37  7.034567456074832E-010
          38  9.136727928056572E-010
          39  2.659533798559490E-010
          40  6.290774647869337E-010
          41  9.390451903620479E-010
          42  6.042159197487237E-009
          43  5.138372290761730E-010
          44  1.004799493582870E-009
          45  4.363341877477471E-009
          46  7.364825454362564E-009
          47  8.170180800171130E-009
          48  6.116343907951074E-009
          49  4.755294368514769E-010
          50  3.149088043412244E-009
          51  1.620391217124814E-009
          52  6.190418724476019E-009
          53  1.972186564256932E-010
          54  4.631541511401020E-010
          55  2.955634864021507E-010
          56  3.907860238152966E-010
          57  1.041365730098667E-010
          58  2.259964383003767E-010
          59  1.551039007627829E-010
          60  1.739916320522686E-010
          61  1.717290862252090E-010
          62  8.133904234919161E-010
          63  3.424758752371297E-010
          64  3.810529701740625E-010
          65  3.290914953251333E-010
          66  4.589179662601059E-010
          67  5.829856006605699E-010
          68  8.199833713934888E-010
          69  1.542048708486987E-010
          70  4.678219781891265E-010
          71  1.625427539993989E-010
          72  2.094100655109153E-010
          73  2.322358096486646E-010
          74  4.471491572116931E-010
          75  1.018573223024402E-009
          76  2.745058982689661E-009
          77  5.576584512826329E-009
          78  1.040855313839132E-008
          79  8.006839372264507E-009
          80  3.150091143181536E-008
          81  1.206999291606203E-008
          82  1.058146402271948E-008
          83  4.580781341911019E-009
          84  5.376533189439651E-009
          85  3.592559363120190E-009
          86  3.834830998963047E-009
          87  2.363719975079272E-009
          88  5.585205991154631E-009
          89  2.555686726174255E-009
          90  4.947391553319780E-009
          91  3.405843705560011E-009
          92  2.919050675997917E-009
          93  2.367692373902886E-009
          94  5.127625782837135E-009
          95  2.662635367459199E-009
          96  3.507399493620404E-009
          97  1.536301721076186E-009
          98  1.424450052309614E-009
          99  1.556684787940273E-009
         100  1.331799200403336E-009
         101  9.794368567069034E-010
         102  1.672760455951826E-009
         103  1.601321253800102E-009
         104  1.564916989422264E-009
         105  1.686715412273275E-009
         106  2.118387014402177E-009
         107  1.612577616537693E-009
         108  5.464962741525846E-009
         109  2.494529524132378E-009
         110  6.862443493502595E-009
         111  4.781621206518327E-009
         112  6.255986611643721E-009
         113  3.134520401791420E-009
         114  2.461570339803266E-009
         115  1.293500878353345E-009
         116  1.337173952890514E-009
         117  1.209017895438097E-009
         118  1.315300555475090E-009
         119  4.930215667838826E-010
         120  7.113758573647682E-010
         121  5.788509219455848E-010
         122  7.641373731913483E-010
         123  6.801148036764903E-010
         124  1.977886480528359E-008
         125  8.162677560031312E-008
         126  6.668332456191652E-007
         127  3.440869435939028E-006
         128  2.841459543171775E-005
         129  1.376008296571820E-004
         130  3.306568178212940E-004
         131  1.092169210330486E-003
         132  1.008761342750043E-003
         133  3.328474553538503E-005
         134  8.206799582177481E-005
         135  7.247724105858263E-005
         136  2.027377473184737E-004
         137  1.124838910512074E-004
         138  8.866597770468961E-005
         139  1.434763257272655E-005
         140  3.289634312499275E-005
         141  2.464612111968463E-005
         142  9.373155301235622E-006
         143  1.617403378178260E-006
         144  6.517941149211358E-006
         145  3.025407570105689E-006
         146  1.572946217442735E-005
         147  2.375965133671899E-005
         148  3.832359520600423E-005
         149  2.246832782381427E-005
         150  3.707299587750543E-005
         151  1.410417226515128E-005
         152  2.143550455376788E-005
         153  9.840327503436811E-006
         154  8.035621358318128E-005
         155  3.190428360455021E-005
         156  2.836682575320135E-005
         157  1.324547252749931E-005
         158  2.479121136116474E-005
         159  1.756940868436024E-005
         160  6.757147256056243E-005
         161  3.452554833053355E-005
         162  7.492614385420743E-005
         163  1.208636598044443E-004
         164  1.596789675790719E-004
         165  5.778354260318973E-005
         166  6.135720910659181E-005
         167  3.248119633415355E-005
         168  7.242478194512226E-005
         169  3.102334718113325E-005
         170  5.390988659232331E-005
         171  3.914378276585187E-005
         172  4.985246599064722E-005
         173  3.049234875575314E-005
         174  6.514269231480147E-005
         175  2.566607233985180E-005
         176  1.753980881907175E-005
         177  7.696379193218865E-006
         178  1.966469146096231E-005
         179  6.773445314236094E-006
         180  1.055990418310146E-005
         181  5.320642425404412E-006
         182  1.217588733815597E-005
         183  6.424829615908594E-006
         184  1.165264428410264E-005
         185  3.670753556634907E-006
         186  1.414399512266658E-005
         187  4.263322937979336E-006
         188  1.449996095716307E-005
         189  1.270248816940794E-005
         190  2.573104359796506E-005
         191  2.868862218586977E-005
         192  1.014663944391720E-004
         193  1.336219303475490E-004
         194  3.247793947232890E-004
         195  2.191029332028589E-004
         196  4.107411613596632E-004
         197  2.117138870623544E-004
         198  1.493111673667618E-004
         199  1.173099849049300E-005
         200  2.178235391584293E-006
         201  8.857440203849406E-008
         202  1.136667034496057E-007
         203  2.845064468557807E-008
         204  9.204503895981023E-008
         205  7.888697461748491E-008
         206  2.368600946332592E-006
         207  1.547169265672602E-006
         208  2.559585464171391E-006
         209  1.641038254888600E-006
         226  7.021832216848450E-014
         227  5.355139477445895E-015
         230  3.309037247210634E-012
         231  8.039147128237588E-012
         232  6.112282680214117E-007
         234  1.077394106105025E-011
         235  1.727501743899363E-007
         236  1.839043743779534E-009
         238  1.960706183204482E-007
         240  3.576432775571125E-013
         244  4.365762404212446E-009
