           1  7.446937451536949E-005
           2  6.470609901488105E-012
           3  1.574717819390911E-008
           4  8.163480469819147E-005
           6  5.674563962362780E-015
           7  3.114017005274736E-012
           8  2.708281752318958E-013
           9  1.912633244112939E-009
          10  2.713051082138141E-014
          14  2.033274371807371E-015
          15  2.008370978501603E-012
          16  1.231281227851154E-009
          17  9.151775342192860E-011
          18  4.509837214173422E-010
          19  2.036442461867048E-010
          20  4.592516142320141E-009
          21  7.421904978834790E-010
          22  1.650740725741091E-009
          23  4.835350382007243E-009
          24  1.121813099756015E-008
          25  1.372809330626132E-008
          26  1.215843062057850E-008
          27  2.480977870401684E-009
          28  1.542438510243436E-009
          29  8.703386480260997E-010
          30  2.765232812887873E-009
          31  4.521144034242770E-010
          32  6.035415110149859E-010
          33  8.188835792952906E-010
          34  4.264317983112672E-009
          35  2.903267563605482E-010
          36  1.214100407888806E-009
          37  7.758623490821957E-010
          38  1.046794430504577E-009
          39  2.957485566227547E-010
          40  6.209872597391377E-010
          41  9.042074357052787E-010
          42  6.127646792782367E-009
          43  5.014344078422157E-010
          44  1.002625542197336E-009
          45  4.404868354989668E-009
          46  7.377050499058052E-009
          47  8.050876247626605E-009
          48  5.961681241330570E-009
          49  5.145757546408538E-010
          50  3.164521327792562E-009
          51  1.574976310984935E-009
          52  6.259028201213073E-009
          53  2.098360901879144E-010
          54  5.222759911687278E-010
          55  3.404840769130021E-010
          56  4.107251563746505E-010
          57  1.041524221760007E-010
          58  2.294987208434501E-010
          59  1.522206325171546E-010
          60  1.695388653337985E-010
          61  1.799348453705917E-010
          62  8.406384916432771E-010
          63  3.451995168263957E-010
          64  3.848777103950844E-010
          65  3.239092288018252E-010
          66  4.349036741728190E-010
          67  5.823072141559418E-010
          68  8.225130661135810E-010
          69  1.576852914838899E-010
          70  4.860755521941790E-010
          71  1.648839180838030E-010
          72  2.016616107212059E-010
          73  2.237362839965624E-010
          74  4.393676326537752E-010
          75  1.048144283130962E-009
          76  2.795801578317215E-009
          77  5.615422352764600E-009
          78  1.017302209122936E-008
          79  7.965337803511242E-009
          80  3.210641097193379E-008
          81  1.205960658883446E-008
          82  1.068773535249284E-008
          83  4.653508718621629E-009
          84  5.168571703924505E-009
          85  3.535589414591480E-009
          86  3.796585318032104E-009
          87  2.401026273116423E-009
          88  5.913675295249695E-009
          89  2.675135973603331E-009
          90  5.163172718456994E-009
          91  3.451050933546205E-009
          92  2.847158468471395E-009
          93  2.379425271339244E-009
          94  5.581061768314487E-009
          95  2.884766615963646E-009
          96  3.647701836850646E-009
          97  1.560077316656450E-009
          98  1.387998174874806E-009
          99  1.506359429412486E-009
         100  1.291838186182752E-009
         101  9.804798830734954E-010
         102  1.762192850923904E-009
         103  1.669027750887240E-009
         104  1.631037058818463E-009
         105  1.729456627292611E-009
         106  2.169640238855023E-009
         107  1.700225614610715E-009
         108  5.768733039713959E-009
         109  2.583509865423482E-009
         110  6.997837550768621E-009
         111  4.994880674083171E-009
         112  6.473287100238490E-009
         113  3.200749055157383E-009
         114  2.476145303158150E-009
         115  1.282535136813106E-009
         116  1.314832322128331E-009
         117  1.199454102420350E-009
         118  1.313025324173323E-009
         119  4.901409710432907E-010
         120  7.122868125937313E-010
         121  5.814712432596764E-010
         122  7.365500389865409E-010
         123  6.850411588360005E-010
         124  1.989715001509644E-008
         125  9.124858462200841E-008
         126  7.217230488650436E-007
         127  3.683598295468380E-006
         128  2.980444354937632E-005
         129  1.415441544033406E-004
         130  3.308597136215799E-004
         131  1.090673589738939E-003
         132  1.025198785187525E-003
         133  3.370485931255050E-005
         134  8.453637361042047E-005
         135  8.166843396353696E-005
         136  2.167513938907995E-004
         137  1.178156665794542E-004
         138  8.617474525732806E-005
         139  1.399269830449543E-005
         140  3.154997115244888E-005
         141  2.315260628110357E-005
         142  8.724377358114134E-006
         143  1.450039748944154E-006
         144  5.643466732116787E-006
         145  2.543334439063268E-006
         146  1.070308673086962E-005
         147  1.252206483073709E-005
         148  2.914407674871232E-005
         149  2.124687143828344E-005
         150  3.104249869884861E-005
         151  2.453847077310858E-005
         152  4.271628888100730E-005
         153  1.460172171422190E-005
         154  3.610816427587349E-005
         155  1.963304526070435E-005
         156  2.805753988320168E-005
         157  2.047860454499720E-005
         158  7.254486868700788E-005
         159  3.401978846234050E-005
         160  5.095142186922673E-005
         161  2.386465050866410E-005
         162  6.045548620713724E-005
         163  4.296139604341701E-005
         164  1.557485394804466E-004
         165  9.536853401153388E-005
         166  1.095183906767931E-004
         167  3.128246158459864E-005
         168  8.375574612464755E-005
         169  3.659707995697023E-005
         170  2.390584678169721E-005
         171  1.444832335104732E-005
         172  2.950089124058103E-005
         173  2.069452210949598E-005
         174  5.311650354634715E-005
         175  2.930267048012134E-005
         176  2.316707628749370E-005
         177  1.007579674517465E-005
         178  1.893492698806484E-005
         179  5.867472182562808E-006
         180  9.380287904596683E-006
         181  5.109471988016235E-006
         182  1.230108344876559E-005
         183  6.503668613471238E-006
         184  1.191120938214665E-005
         185  3.803014657045943E-006
         186  1.463195630614795E-005
         187  4.381384059992979E-006
         188  1.520344461511565E-005
         189  1.356095793645237E-005
         190  2.807186861496472E-005
         191  3.059609360294500E-005
         192  1.082204042576426E-004
         193  1.392672902214221E-004
         194  3.332873408269270E-004
         195  2.266021636607693E-004
         196  4.237750128009914E-004
         197  2.132117039912158E-004
         198  1.475701949182411E-004
         199  1.170267536963612E-005
         200  2.091782668180517E-006
         201  8.221550997140307E-008
         202  1.046146625897659E-007
         203  2.653082405448830E-008
         204  8.333156065502454E-008
         205  7.184418497411900E-008
         206  2.263079671322911E-006
         207  1.486274047983790E-006
         208  2.468459090486094E-006
         209  1.568155005922263E-006
         226  6.151269029050311E-014
         227  4.807787545072625E-015
         230  2.898784491873880E-012
         231  7.217461206926622E-012
         232  5.506588343875927E-007
         234  9.438193326612522E-012
         235  1.550932782122763E-007
         236  1.596146375949100E-009
         238  1.717618827586613E-007
         240  3.100867642965528E-013
         244  3.785238595442610E-009
