           1  7.414834312218310E-005
           2  6.470609901488105E-012
           3  1.574717819390911E-008
           4  7.882901237941325E-005
           6  5.674563962362780E-015
           7  3.114017005274736E-012
           8  2.708281752318958E-013
           9  1.912633244112939E-009
          10  2.713051082138141E-014
          14  2.034342204158580E-015
          15  2.186535978055859E-012
          16  1.255488374009541E-009
          17  9.305489196167151E-011
          18  4.450736044905110E-010
          19  1.931187407306197E-010
          20  4.659133345398202E-009
          21  7.659239326549275E-010
          22  1.602583426510596E-009
          23  4.890910073685956E-009
          24  1.133696194890648E-008
          25  1.376304019018460E-008
          26  1.183587119376732E-008
          27  2.575722160553773E-009
          28  1.600103834933270E-009
          29  8.348044434767783E-010
          30  2.698999960963355E-009
          31  4.783266574259580E-010
          32  6.095814534524930E-010
          33  8.281177483797395E-010
          34  4.457923416674144E-009
          35  2.902021795337677E-010
          36  1.118766522230414E-009
          37  7.906253331903722E-010
          38  1.065784922321434E-009
          39  3.035501048892270E-010
          40  6.203781880432299E-010
          41  8.794041116252949E-010
          42  6.280454795113979E-009
          43  5.488554932026593E-010
          44  9.883027100000855E-010
          45  4.378703803337702E-009
          46  7.362252256897268E-009
          47  8.020786185113523E-009
          48  5.944004119705299E-009
          49  5.215715847156060E-010
          50  3.096342158823117E-009
          51  1.550576118609596E-009
          52  6.324909881981826E-009
          53  2.273156087079667E-010
          54  5.625206964770662E-010
          55  3.738822085561540E-010
          56  4.161174716086073E-010
          57  1.117642750554329E-010
          58  2.163689513258673E-010
          59  1.516365174432670E-010
          60  1.742799520027850E-010
          61  1.768374734727990E-010
          62  8.523528759280362E-010
          63  3.514408414107661E-010
          64  3.632241906982153E-010
          65  3.077184510293484E-010
          66  4.436486049640828E-010
          67  5.806406124632425E-010
          68  8.741132366562879E-010
          69  1.645910169079863E-010
          70  4.935215862090201E-010
          71  1.705916218248719E-010
          72  2.121715812600650E-010
          73  2.150881838117295E-010
          74  4.411796566627359E-010
          75  1.046244553692817E-009
          76  2.799833033704910E-009
          77  5.433125444480975E-009
          78  1.009577426874036E-008
          79  7.941741784632582E-009
          80  3.243841776292350E-008
          81  1.205043590633564E-008
          82  1.053585918847421E-008
          83  4.586251634208546E-009
          84  5.113603975997401E-009
          85  3.463408355554524E-009
          86  3.766443240632604E-009
          87  2.537112210583701E-009
          88  6.117219870928599E-009
          89  2.783398005443485E-009
          90  5.304690678393779E-009
          91  3.600075841430566E-009
          92  2.909857516785584E-009
          93  2.400578038744594E-009
          94  5.676286036649265E-009
          95  2.925172471504504E-009
          96  3.358682443883706E-009
          97  1.476652726494033E-009
          98  1.378885092288846E-009
          99  1.535133718330288E-009
         100  1.372866164892679E-009
         101  1.020134269265693E-009
         102  1.784522913914270E-009
         103  1.703232287510774E-009
         104  1.667840745972125E-009
         105  1.756142037791548E-009
         106  2.245304808435198E-009
         107  1.716734771071353E-009
         108  5.707621240745943E-009
         109  2.529469702752330E-009
         110  6.894450691210847E-009
         111  4.927618892384470E-009
         112  6.580658215234423E-009
         113  3.357733626505446E-009
         114  2.684053076228725E-009
         115  1.406922103172567E-009
         116  1.449458588170389E-009
         117  1.235075167215226E-009
         118  1.309680606191041E-009
         119  5.023178237437988E-010
         120  6.994315299137567E-010
         121  5.694988438264877E-010
         122  7.039094271861597E-010
         123  6.548622342501899E-010
         124  1.619986001328156E-008
         125  7.792190201166441E-008
         126  6.391214840003316E-007
         127  3.282313078151961E-006
         128  2.718103922125548E-005
         129  1.344087883278511E-004
         130  3.280378733330570E-004
         131  1.097199697957961E-003
         132  1.047964689905723E-003
         133  3.351932791967893E-005
         134  8.426148108710375E-005
         135  8.728779215640093E-005
         136  2.227806572425584E-004
         137  1.204925072512802E-004
         138  9.200395597761027E-005
         139  1.489605822686122E-005
         140  3.404746254354938E-005
         141  2.554028462322442E-005
         142  1.029275941664578E-005
         143  1.912207256701993E-006
         144  8.930932576028359E-006
         145  5.126813082925390E-006
         146  2.281535940386625E-005
         147  2.435268676250215E-005
         148  2.507022325354249E-005
         149  1.422573956228314E-005
         150  2.726267198276241E-005
         151  2.616407296200309E-005
         152  4.675874753621673E-005
         153  1.730145491222722E-005
         154  3.144365700138934E-005
         155  1.540995091056257E-005
         156  2.639424374555945E-005
         157  1.361330722396785E-005
         158  3.032722707020721E-005
         159  2.096648967472883E-005
         160  4.108972402268302E-005
         161  2.254726989298051E-005
         162  5.755456917451591E-005
         163  3.458507236702409E-005
         164  1.036741627300810E-004
         165  7.162313720365924E-005
         166  1.416419461559071E-004
         167  3.308149993049222E-005
         168  9.981912576805645E-005
         169  3.619030848580866E-005
         170  2.545691332693576E-005
         171  1.247540403942327E-005
         172  5.938651008309103E-005
         173  3.606007214192448E-005
         174  5.596299969761231E-005
         175  1.906023207352706E-005
         176  1.453120762623121E-005
         177  7.148110530037812E-006
         178  1.530633403148645E-005
         179  9.129156480745508E-006
         180  1.775608966861408E-005
         181  7.452727518002274E-006
         182  1.429157501026403E-005
         183  7.175631732761925E-006
         184  1.269209952511381E-005
         185  3.967169666249135E-006
         186  1.479151716259963E-005
         187  4.296470537481362E-006
         188  1.396791068908199E-005
         189  1.197292410216181E-005
         190  2.532349215557288E-005
         191  2.830991594091087E-005
         192  1.004626612913119E-004
         193  1.314654307683971E-004
         194  3.276431658071760E-004
         195  2.274746020038355E-004
         196  4.321646430069501E-004
         197  2.280156272098127E-004
         198  1.656831323943653E-004
         199  1.348999699429677E-005
         200  2.406377951628411E-006
         201  8.769004250928894E-008
         202  1.060706496109677E-007
         203  2.644794197775466E-008
         204  8.141555382778827E-008
         205  6.979343902551733E-008
         206  2.054053978900941E-006
         207  1.369451408040428E-006
         208  2.275684808398786E-006
         209  1.428195631605958E-006
         226  4.944556131626154E-014
         227  3.856550313594627E-015
         230  2.330121242603282E-012
         231  5.789461788813185E-012
         232  4.564725655726547E-007
         234  7.586674629930787E-012
         235  1.244075419553377E-007
         236  1.202285934153747E-009
         238  1.380668389828349E-007
         240  2.330115517576366E-013
         244  2.844379123687688E-009
