           1  7.388855877813137E-005
           2  6.470609901488105E-012
           3  1.574717819390911E-008
           4  8.073970032319680E-005
           6  5.674563962362780E-015
           7  3.114017005274736E-012
           8  2.708281752318958E-013
           9  1.912633244112939E-009
          10  2.713051082138141E-014
          14  2.221646104079262E-015
          15  2.374098982213981E-012
          16  1.267696624475491E-009
          17  9.387317042677664E-011
          18  4.542336393617110E-010
          19  2.030394835122976E-010
          20  4.677998891609949E-009
          21  7.770328765783405E-010
          22  1.595597376822588E-009
          23  4.913808097547162E-009
          24  1.137624605793133E-008
          25  1.376975515397583E-008
          26  1.181656075777501E-008
          27  2.642426484500909E-009
          28  1.661817534998915E-009
          29  8.657976376192272E-010
          30  2.781215064561244E-009
          31  5.073996687852476E-010
          32  6.470771528684189E-010
          33  8.009305256556558E-010
          34  4.408737121949129E-009
          35  2.991515365498512E-010
          36  1.162237106632661E-009
          37  7.595439650579278E-010
          38  1.006723680838792E-009
          39  3.080610283793931E-010
          40  6.505809442278876E-010
          41  9.112439717862462E-010
          42  6.265607265011853E-009
          43  5.548650111401184E-010
          44  9.714544081875035E-010
          45  4.341245034051466E-009
          46  7.325836035658283E-009
          47  8.077679556610706E-009
          48  6.056951398195388E-009
          49  4.974365578543737E-010
          50  3.110793057229260E-009
          51  1.594285356821796E-009
          52  6.419196212209915E-009
          53  2.128680031323043E-010
          54  4.947787263115193E-010
          55  3.426787256532492E-010
          56  4.196081067562149E-010
          57  1.154590411686418E-010
          58  2.080393448353931E-010
          59  1.477161042384455E-010
          60  1.741754307707156E-010
          61  1.777183063791463E-010
          62  8.722057572698191E-010
          63  3.586856704784430E-010
          64  3.592453525344725E-010
          65  3.026595886631371E-010
          66  4.450855314610709E-010
          67  5.851053259438503E-010
          68  8.861755148826484E-010
          69  1.637952706763275E-010
          70  4.811953004543800E-010
          71  1.672104143369103E-010
          72  2.087359489624736E-010
          73  2.104644750100900E-010
          74  4.400153418921950E-010
          75  1.027378797316975E-009
          76  2.772394080225953E-009
          77  5.348016788356044E-009
          78  1.016642797298759E-008
          79  7.964781091017401E-009
          80  3.239249554200050E-008
          81  1.208538870106623E-008
          82  1.091546537565904E-008
          83  4.837398604723795E-009
          84  5.390924757794479E-009
          85  3.566846086047200E-009
          86  3.856487408919846E-009
          87  2.522782010682237E-009
          88  6.049948180847686E-009
          89  2.790983217489220E-009
          90  5.323787526233312E-009
          91  3.585285159776818E-009
          92  3.013601383367429E-009
          93  2.506030934073439E-009
          94  5.820524880748420E-009
          95  3.006979354821946E-009
          96  3.412509232141475E-009
          97  1.507623069316970E-009
          98  1.410645422676445E-009
          99  1.574382727150371E-009
         100  1.421069427368283E-009
         101  1.050210043655450E-009
         102  1.805412669960274E-009
         103  1.717008799628044E-009
         104  1.682323069486115E-009
         105  1.769059396027366E-009
         106  2.279590797459763E-009
         107  1.740393033657515E-009
         108  5.772471126998529E-009
         109  2.558481247185791E-009
         110  7.000814417727079E-009
         111  5.004498935855027E-009
         112  6.729910383812109E-009
         113  3.459713068084712E-009
         114  2.794744109814922E-009
         115  1.469191390140994E-009
         116  1.529498372314094E-009
         117  1.333875633322702E-009
         118  1.414132822412384E-009
         119  5.223814960077639E-010
         120  7.200906992864441E-010
         121  5.856047382164294E-010
         122  7.331782388249486E-010
         123  6.692476746755527E-010
         124  1.615919186424366E-008
         125  7.464342476226602E-008
         126  6.163028141420490E-007
         127  3.148624450134142E-006
         128  2.613754099857162E-005
         129  1.315121031518060E-004
         130  3.297553912123983E-004
         131  1.112156979306277E-003
         132  1.066894104444468E-003
         133  3.483246385146129E-005
         134  8.699758657981283E-005
         135  8.517327943573285E-005
         136  2.299733607643886E-004
         137  1.256651820643022E-004
         138  9.152138341027680E-005
         139  1.458505548730560E-005
         140  3.361811127248396E-005
         141  2.612660147137529E-005
         142  1.033169638538771E-005
         143  1.908322883291848E-006
         144  9.219011007744007E-006
         145  5.146950898137428E-006
         146  2.044241548608140E-005
         147  1.697639275597072E-005
         148  2.965407602060908E-005
         149  1.963354796497576E-005
         150  2.484858848089814E-005
         151  1.151271474068915E-005
         152  2.143456315238483E-005
         153  1.349074682733778E-005
         154  3.408777814843507E-005
         155  1.525396015121354E-005
         156  1.672665560658667E-005
         157  1.016885475761012E-005
         158  5.330881457215284E-005
         159  4.340299357304861E-005
         160  5.953695799201429E-005
         161  2.796545729844473E-005
         162  7.273776079969343E-005
         163  6.967395265458827E-005
         164  7.713699326425841E-005
         165  2.594753741778562E-005
         166  6.509198836663733E-005
         167  2.515924332974795E-005
         168  9.115842155028950E-005
         169  4.055490011535387E-005
         170  5.367635634417625E-005
         171  3.759045700110304E-005
         172  5.599305429621347E-005
         173  2.478311702088026E-005
         174  4.204207214447593E-005
         175  2.206540862826413E-005
         176  2.075912556435110E-005
         177  8.795048147347427E-006
         178  1.009974746454213E-005
         179  4.610410799501185E-006
         180  9.245991258134098E-006
         181  4.517165379867968E-006
         182  1.021340827202379E-005
         183  5.487975378654624E-006
         184  1.029071417690942E-005
         185  3.345365371553895E-006
         186  1.307983163693864E-005
         187  3.790560509004388E-006
         188  1.220829629455696E-005
         189  1.051354203243365E-005
         190  2.279302275481021E-005
         191  2.657192923183922E-005
         192  9.610105380076799E-005
         193  1.277830038956438E-004
         194  3.257292661579039E-004
         195  2.332663221984187E-004
         196  4.557217718407973E-004
         197  2.450011287218450E-004
         198  1.831670989957977E-004
         199  1.505894901310763E-005
         200  2.696443130616371E-006
         201  9.581201028182572E-008
         202  1.133965578557098E-007
         203  2.808946210972378E-008
         204  9.327576853490733E-008
         205  8.107243931398096E-008
         206  2.258907944309486E-006
         207  1.510276743961807E-006
         208  2.505265098890336E-006
         209  1.564952480116830E-006
         226  5.454558209116644E-014
         227  4.239771105250830E-015
         230  2.570459635554556E-012
         231  6.364753681713284E-012
         232  5.016334270861721E-007
         234  8.369195794522483E-012
         235  1.367697705895829E-007
         236  1.307831926650347E-009
         238  1.523076267986331E-007
         240  2.532763746946211E-013
         244  3.091752435750518E-009
