           1  7.409785875760419E-005
           2  6.470609901488105E-012
           3  1.574717819390911E-008
           4  8.050342515656916E-005
           6  5.674563962362780E-015
           7  3.114017005274736E-012
           8  2.708281752318958E-013
           9  1.912633244112939E-009
          10  2.713051082138141E-014
          14  2.156513850523776E-015
          15  2.221650652045265E-012
          16  1.288693764423999E-009
          17  9.483406718228291E-011
          18  4.441199510429209E-010
          19  1.916879736337893E-010
          20  4.751854958119263E-009
          21  7.729082266710990E-010
          22  1.665583996452523E-009
          23  4.947855893537770E-009
          24  1.144431861122247E-008
          25  1.396061177835274E-008
          26  1.164114248445987E-008
          27  2.480911502193789E-009
          28  1.607739773944516E-009
          29  8.900224807651825E-010
          30  2.848401323569510E-009
          31  4.946619262660897E-010
          32  5.921492814277540E-010
          33  8.432526458403822E-010
          34  4.267102078888673E-009
          35  2.937819261797496E-010
          36  1.192781988297925E-009
          37  7.114547581626396E-010
          38  9.408793750940138E-010
          39  3.003117719713674E-010
          40  6.549403241254215E-010
          41  9.329815171999739E-010
          42  6.485655498398747E-009
          43  5.575297779533962E-010
          44  1.028190539407930E-009
          45  4.495403722095864E-009
          46  7.280659396005644E-009
          47  7.877853183023523E-009
          48  5.872197878570399E-009
          49  4.948460533225748E-010
          50  3.149097415866944E-009
          51  1.609130276336411E-009
          52  6.280116226704431E-009
          53  2.037488942929499E-010
          54  4.791056266212408E-010
          55  3.365365318249592E-010
          56  4.439679762639485E-010
          57  1.198829324506923E-010
          58  2.360418252575565E-010
          59  1.654126520914325E-010
          60  1.849473381690485E-010
          61  1.855398459887158E-010
          62  8.926134145636962E-010
          63  3.641759910560661E-010
          64  3.741143578083021E-010
          65  3.194535453159599E-010
          66  4.534519177625701E-010
          67  5.775725574891584E-010
          68  8.479969209556439E-010
          69  1.581493217087808E-010
          70  4.823604370959607E-010
          71  1.688626810035824E-010
          72  2.145297929383406E-010
          73  2.284041705930037E-010
          74  4.625991842809578E-010
          75  1.078120989360501E-009
          76  2.826152234735145E-009
          77  5.445004242389303E-009
          78  1.010522692933261E-008
          79  8.054727195308993E-009
          80  3.298270171882652E-008
          81  1.173355269730341E-008
          82  1.069812405699571E-008
          83  4.791854451954032E-009
          84  5.422153622318488E-009
          85  3.663150270518213E-009
          86  3.959433085076257E-009
          87  2.531191927386909E-009
          88  6.035825258285608E-009
          89  2.672999045149005E-009
          90  5.137186274926324E-009
          91  3.638281578641635E-009
          92  3.076888058314798E-009
          93  2.508612686615424E-009
          94  5.661731426711932E-009
          95  2.878705811693025E-009
          96  3.426795761462849E-009
          97  1.493730943324980E-009
          98  1.394512684411040E-009
          99  1.560063148400810E-009
         100  1.365649613937696E-009
         101  1.008487579299674E-009
         102  1.796464550471303E-009
         103  1.735929576450933E-009
         104  1.707907197770203E-009
         105  1.858115909606399E-009
         106  2.375694587173992E-009
         107  1.795535420002118E-009
         108  5.979598419171400E-009
         109  2.647018764514957E-009
         110  7.048701924755560E-009
         111  4.920255218972209E-009
         112  6.459944169474903E-009
         113  3.248396423184288E-009
         114  2.553195907318975E-009
         115  1.335030595979131E-009
         116  1.378758825715634E-009
         117  1.208702577401038E-009
         118  1.284408056660247E-009
         119  4.848127803355441E-010
         120  6.861955091968917E-010
         121  5.574947875713323E-010
         122  7.121195681875036E-010
         123  6.731957684639073E-010
         124  1.865662195810765E-008
         125  8.706304688440543E-008
         126  7.088605018282784E-007
         127  3.578251204286610E-006
         128  2.908376307432032E-005
         129  1.404711056421826E-004
         130  3.316749660516973E-004
         131  1.123173557075185E-003
         132  1.035850012451546E-003
         133  3.381616261755761E-005
         134  8.376195144647660E-005
         135  7.884085478623996E-005
         136  2.227221698611080E-004
         137  1.227348855047401E-004
         138  8.780231241539210E-005
         139  1.378422735920401E-005
         140  3.051942755121835E-005
         141  2.268713243544968E-005
         142  8.302110248982321E-006
         143  1.301387789936736E-006
         144  4.588543450548866E-006
         145  1.744977588944934E-006
         146  7.446957842775706E-006
         147  1.030184957285243E-005
         148  2.409197643835131E-005
         149  1.754486763111783E-005
         150  2.924837718287124E-005
         151  1.573284343537375E-005
         152  2.661933520577386E-005
         153  1.017590471655519E-005
         154  2.150603073934198E-005
         155  1.275172954854182E-005
         156  5.338134120380270E-005
         157  2.033825138878508E-005
         158  4.140179664181060E-005
         159  5.059156292603164E-005
         160  9.288065952278224E-005
         161  3.766516430106861E-005
         162  4.989325849193165E-005
         163  7.425850545972791E-005
         164  7.719747794689373E-005
         165  2.585249846510503E-005
         166  5.813315220596060E-005
         167  2.742617982383540E-005
         168  9.029909711914435E-005
         169  4.675740785206568E-005
         170  7.380148590854895E-005
         171  4.916314433700006E-005
         172  7.992328749431023E-005
         173  2.965360394514891E-005
         174  3.669155629468788E-005
         175  1.892358823369243E-005
         176  2.064224771962438E-005
         177  8.490360491670381E-006
         178  1.335337409908214E-005
         179  4.234320850914649E-006
         180  7.089467845227699E-006
         181  4.150666741360619E-006
         182  1.086300858634990E-005
         183  6.171681122579861E-006
         184  1.180443308969554E-005
         185  3.859300384020056E-006
         186  1.536578273558552E-005
         187  4.570043044724918E-006
         188  1.532527923915751E-005
         189  1.329936705757849E-005
         190  2.715944068629564E-005
         191  2.996449945719072E-005
         192  1.055066700184324E-004
         193  1.381315912546003E-004
         194  3.392524068735102E-004
         195  2.268246974001537E-004
         196  4.219750452531551E-004
         197  2.201879595121302E-004
         198  1.583573773559980E-004
         199  1.264771546538893E-005
         200  2.270029032435856E-006
         201  8.323979455587162E-008
         202  1.047089105066501E-007
         203  2.715976720067666E-008
         204  9.387842162729846E-008
         205  8.242683410890154E-008
         206  2.241241738192214E-006
         207  1.521448133392986E-006
         208  2.487585007513120E-006
         209  1.531413352585112E-006
         226  5.590612646702451E-014
         227  4.297453064241351E-015
         230  2.634575266306810E-012
         231  6.451345965055816E-012
         232  4.980396789122343E-007
         234  8.577950781308787E-012
         235  1.386305192249327E-007
         236  1.423037628689709E-009
         238  1.561066748075961E-007
         240  2.764481503240084E-013
         244  3.374611008048079E-009
