           1  7.442619049388835E-005
           2  6.470609901488105E-012
           3  1.574717819390911E-008
           4  8.298153336795604E-005
           6  5.674563962362780E-015
           7  3.114017005274736E-012
           8  2.708281752318958E-013
           9  1.912633244112939E-009
          10  2.713051082138141E-014
          14  2.115077165429411E-015
          15  2.051818599124260E-012
          16  1.223128310154905E-009
          17  9.112129752594943E-011
          18  4.539548972606843E-010
          19  2.072347437884786E-010
          20  4.608949332534332E-009
          21  7.466063590804161E-010
          22  1.576368778074970E-009
          23  4.860154644631946E-009
          24  1.124949798642968E-008
          25  1.378054736723389E-008
          26  1.218771013850035E-008
          27  2.548194228247255E-009
          28  1.545847926558070E-009
          29  8.527819913119102E-010
          30  2.691332067376770E-009
          31  4.572859570861514E-010
          32  6.181700921622455E-010
          33  8.009698005604389E-010
          34  4.292297621995414E-009
          35  2.929498437343900E-010
          36  1.203928349030483E-009
          37  8.248408443616505E-010
          38  1.114550176490403E-009
          39  3.058805694111592E-010
          40  6.127631963355760E-010
          41  8.722418226693820E-010
          42  5.959957137629734E-009
          43  4.987209813022716E-010
          44  9.963719871993119E-010
          45  4.433950612194574E-009
          46  7.435772604107529E-009
          47  8.080238159544012E-009
          48  5.957478759964391E-009
          49  5.343292407402158E-010
          50  3.142448932649840E-009
          51  1.551036924025794E-009
          52  6.309475919793732E-009
          53  2.224653283871853E-010
          54  5.555181876574381E-010
          55  3.500998361058203E-010
          56  4.053832933098526E-010
          57  1.051042384987173E-010
          58  2.156656839128098E-010
          59  1.481881194662180E-010
          60  1.713625309306607E-010
          61  1.796099954389268E-010
          62  8.422930844898215E-010
          63  3.439156188343038E-010
          64  3.667680731799874E-010
          65  3.124880166169289E-010
          66  4.367699275485968E-010
          67  5.795212364973392E-010
          68  8.307362648795162E-010
          69  1.559658720542840E-010
          70  4.709305781415118E-010
          71  1.623482374624141E-010
          72  2.023873021975493E-010
          73  2.204388552917679E-010
          74  4.425293648917549E-010
          75  1.044635233628160E-009
          76  2.792570643471955E-009
          77  5.586707304595389E-009
          78  1.017293876786064E-008
          79  7.935355617851767E-009
          80  3.175985091629592E-008
          81  1.245211341778289E-008
          82  1.086792625222185E-008
          83  4.664107603278886E-009
          84  5.098831952624750E-009
          85  3.453989152953079E-009
          86  3.737333008365903E-009
          87  2.489106471237070E-009
          88  6.049410140115970E-009
          89  2.707679719539160E-009
          90  5.160588126077872E-009
          91  3.476474729304015E-009
          92  2.899274539472145E-009
          93  2.416315586790997E-009
          94  5.639063840605892E-009
          95  2.889475850276262E-009
          96  3.586491864636257E-009
          97  1.548649667539404E-009
          98  1.413367628991612E-009
          99  1.563406708860056E-009
         100  1.359404044477878E-009
         101  1.013857971828411E-009
         102  1.774824888779411E-009
         103  1.672201055385596E-009
         104  1.617044442239085E-009
         105  1.722942198359651E-009
         106  2.193846491014100E-009
         107  1.702523586867759E-009
         108  5.781598488543808E-009
         109  2.581135366676861E-009
         110  7.078948386092426E-009
         111  5.030045186385819E-009
         112  6.593260962747404E-009
         113  3.292946972504699E-009
         114  2.572250973980554E-009
         115  1.341424325238868E-009
         116  1.400103807401074E-009
         117  1.311776934063099E-009
         118  1.416943989846225E-009
         119  5.046288397514914E-010
         120  7.214783856294071E-010
         121  5.889868986526627E-010
         122  7.577561291188770E-010
         123  6.884090988754063E-010
         124  1.920680529464305E-008
         125  8.511026299875703E-008
         126  6.849924663270895E-007
         127  3.489599153788157E-006
         128  2.845614153029947E-005
         129  1.380134841428671E-004
         130  3.299232030606184E-004
         131  1.090892480632075E-003
         132  1.038080138801168E-003
         133  3.376392724021989E-005
         134  8.518327397855997E-005
         135  8.665718860679913E-005
         136  2.209632687154482E-004
         137  1.185235436420698E-004
         138  8.528192935245621E-005
         139  1.459597532725661E-005
         140  3.370551399724677E-005
         141  2.520919806529790E-005
         142  9.642013289372099E-006
         143  1.824299110563364E-006
         144  9.545671318488115E-006
         145  5.629128217638464E-006
         146  2.115513545740115E-005
         147  1.320981893824640E-005
         148  9.953259250807897E-006
         149  7.034974349204975E-006
         150  3.011577160263552E-005
         151  1.723056866745078E-005
         152  3.058245864455161E-005
         153  1.208322298660054E-005
         154  2.968434931244335E-005
         155  1.696704291579447E-005
         156  4.696479225438674E-005
         157  2.881788092593674E-005
         158  6.833918782086557E-005
         159  3.187270737616608E-005
         160  5.070435785322737E-005
         161  2.870332306276466E-005
         162  1.813463684974578E-004
         163  6.466069189561716E-005
         164  7.029288580893493E-005
         165  4.781878148512820E-005
         166  1.259885320795370E-004
         167  2.989469727120602E-005
         168  5.814653913129209E-005
         169  1.936545036654673E-005
         170  2.893271543187237E-005
         171  1.510325148738553E-005
         172  3.327356506530529E-005
         173  1.812052340804574E-005
         174  4.223732191630029E-005
         175  2.110302155994010E-005
         176  3.250254131912242E-005
         177  9.901876405951435E-006
         178  1.052605189972649E-005
         179  5.092210646297609E-006
         180  1.105254923975546E-005
         181  5.667015394203574E-006
         182  1.296755365227980E-005
         183  6.842179169838188E-006
         184  1.251429654981461E-005
         185  4.006100641221883E-006
         186  1.541437813624104E-005
         187  4.534277794703910E-006
         188  1.513643063916035E-005
         189  1.327933936979411E-005
         190  2.740071636280771E-005
         191  3.043449646730409E-005
         192  1.075471488498946E-004
         193  1.391226696592471E-004
         194  3.366126946613048E-004
         195  2.285131189835852E-004
         196  4.285256290083582E-004
         197  2.201257204167220E-004
         198  1.558507293930426E-004
         199  1.241886203994619E-005
         200  2.209480056912029E-006
         201  8.461775644192661E-008
         202  1.048446604727944E-007
         203  2.602908689786310E-008
         204  8.102919299409088E-008
         205  7.017582285714870E-008
         206  2.331793835409508E-006
         207  1.518299193789732E-006
         208  2.546363196883325E-006
         209  1.629430178621561E-006
         226  6.613417829861596E-014
         227  5.128829920143356E-015
         230  3.116572036265625E-012
         231  7.699410724481183E-012
         232  5.911489043207715E-007
         234  1.014729086520489E-011
         235  1.654497080519860E-007
         236  1.674609013051397E-009
         238  1.846664635479463E-007
         240  3.251478190114235E-013
         244  3.969089350002002E-009
