           1  7.426991921150082E-005
           2  6.470609901488105E-012
           3  1.574717819390911E-008
           4  8.022732627587911E-005
           6  5.674563962362780E-015
           7  3.114017005274736E-012
           8  2.708281752318958E-013
           9  1.912633244112939E-009
          10  2.713051082138141E-014
          14  2.208871403872981E-015
          15  2.157914222865415E-012
          16  1.260224003731980E-009
          17  9.329096104386784E-011
          18  4.597412546233591E-010
          19  2.127664235451912E-010
          20  4.610188719838590E-009
          21  7.606656803056780E-010
          22  1.717030828745851E-009
          23  4.843667841097700E-009
          24  1.125792696758221E-008
          25  1.368408800717194E-008
          26  1.218678472253616E-008
          27  2.647773452112454E-009
          28  1.620959802516255E-009
          29  8.764583890346573E-010
          30  2.831815065813273E-009
          31  4.956454102964809E-010
          32  6.153212351214688E-010
          33  7.712057159565064E-010
          34  4.376718112874202E-009
          35  3.008673622732840E-010
          36  1.207481105218789E-009
          37  7.516162737224753E-010
          38  9.905230907977594E-010
          39  2.877716836315229E-010
          40  6.236977813685468E-010
          41  9.036259082069306E-010
          42  6.169460601041009E-009
          43  5.322567441249814E-010
          44  9.665353266617215E-010
          45  4.250702130039868E-009
          46  7.344189256998478E-009
          47  8.195013651174742E-009
          48  6.139162376186782E-009
          49  4.950668182052246E-010
          50  3.140723752982428E-009
          51  1.598193004401836E-009
          52  6.297665719542358E-009
          53  2.072364253230848E-010
          54  4.914053233980075E-010
          55  3.298990059779883E-010
          56  4.071738354743336E-010
          57  1.081525248025854E-010
          58  2.145641361790701E-010
          59  1.485824537479340E-010
          60  1.670736729239568E-010
          61  1.706849581194293E-010
          62  8.257340610398814E-010
          63  3.405586084631244E-010
          64  3.643253164689653E-010
          65  3.094615020707204E-010
          66  4.367269924918373E-010
          67  5.824578673525146E-010
          68  8.551568999744916E-010
          69  1.593865582271326E-010
          70  4.785992874303311E-010
          71  1.655901277673631E-010
          72  2.044739539609013E-010
          73  2.158270692544887E-010
          74  4.313267819463950E-010
          75  9.927159430894629E-010
          76  2.719575083549156E-009
          77  5.423469334539965E-009
          78  1.034589981292458E-008
          79  8.019661607524585E-009
          80  3.239701884302105E-008
          81  1.224327947695372E-008
          82  1.097912265444223E-008
          83  4.822762541924306E-009
          84  5.368606711742257E-009
          85  3.603657143733636E-009
          86  3.874703516117292E-009
          87  2.443361053268362E-009
          88  5.938508264864876E-009
          89  2.745197623074187E-009
          90  5.280254733942125E-009
          91  3.543818883676493E-009
          92  2.935621669357380E-009
          93  2.433619400526757E-009
          94  5.636707569209422E-009
          95  2.936472912317568E-009
          96  3.569455028436108E-009
          97  1.555694465945065E-009
          98  1.414779370950141E-009
          99  1.569442367424809E-009
         100  1.389325316245148E-009
         101  1.036186289464962E-009
         102  1.810493237617027E-009
         103  1.703321373032436E-009
         104  1.658848866374104E-009
         105  1.743897688739119E-009
         106  2.198690795701892E-009
         107  1.697369618976055E-009
         108  5.702521118465109E-009
         109  2.543358836809606E-009
         110  7.023700006302685E-009
         111  5.067269623546796E-009
         112  6.775195862232819E-009
         113  3.437475686459053E-009
         114  2.734324205719251E-009
         115  1.434417712869932E-009
         116  1.481814149126290E-009
         117  1.295732221109068E-009
         118  1.403431107085698E-009
         119  5.333828762959889E-010
         120  7.581611267927843E-010
         121  6.213085397514707E-010
         122  7.781923776406434E-010
         123  7.041369887043956E-010
         124  1.777802619692262E-008
         125  8.009583759883810E-008
         126  6.470479333682447E-007
         127  3.302979876811241E-006
         128  2.721338841118980E-005
         129  1.353286553088459E-004
         130  3.368583721921230E-004
         131  1.115046533109455E-003
         132  1.049347230846911E-003
         133  3.320803250048056E-005
         134  8.246930466537871E-005
         135  8.238804265422261E-005
         136  2.197821183528636E-004
         137  1.193160371543017E-004
         138  8.670668147004940E-005
         139  1.451378357224324E-005
         140  3.334332461904659E-005
         141  2.480718475205563E-005
         142  9.656104251218125E-006
         143  1.562635951807730E-006
         144  5.456673713002785E-006
         145  1.955720371507986E-006
         146  7.891255635474953E-006
         147  1.117307444714816E-005
         148  1.657818918114462E-005
         149  1.055535215038655E-005
         150  2.764197361782128E-005
         151  1.915061710569917E-005
         152  4.793013656869977E-005
         153  1.922883574247023E-005
         154  6.993207640305888E-005
         155  4.063320204613562E-005
         156  4.417110402773153E-005
         157  1.850714778644844E-005
         158  3.539919189180050E-005
         159  1.660150979653060E-005
         160  4.147388332113155E-005
         161  2.814110093104486E-005
         162  9.993365700065976E-005
         163  4.009225212314027E-005
         164  8.368057793625393E-005
         165  4.936469117141657E-005
         166  1.056639583678748E-004
         167  2.534263427912955E-005
         168  6.967819873095241E-005
         169  4.058732044432629E-005
         170  2.424576926266161E-005
         171  1.221236600648225E-005
         172  4.015479373122681E-005
         173  2.257460560725314E-005
         174  3.652098487541986E-005
         175  2.403594693510770E-005
         176  3.975753784176276E-005
         177  1.975122048049980E-005
         178  2.106424533404148E-005
         179  8.843574356888908E-006
         180  1.592416451210118E-005
         181  7.133448724146341E-006
         182  1.434886430044899E-005
         183  7.075744301597328E-006
         184  1.236924902481974E-005
         185  3.880767264532500E-006
         186  1.458958886303333E-005
         187  4.241233496240035E-006
         188  1.387929245442628E-005
         189  1.196846871982546E-005
         190  2.541072768525281E-005
         191  2.872260745901382E-005
         192  1.024440112302825E-004
         193  1.329142331322241E-004
         194  3.281753439112199E-004
         195  2.305873779269519E-004
         196  4.419870762687349E-004
         197  2.300847803998153E-004
         198  1.657678212077253E-004
         199  1.332949006559874E-005
         200  2.347819386806760E-006
         201  8.601328117333356E-008
         202  1.034274990150200E-007
         203  2.547354257761465E-008
         204  8.890633621133836E-008
         205  7.800658287611930E-008
         206  2.165040254119308E-006
         207  1.434590344950723E-006
         208  2.361938453864279E-006
         209  1.494721791209090E-006
         226  5.868912690255613E-014
         227  4.556630342938407E-015
         230  2.765724114866321E-012
         231  6.840423464253953E-012
         232  5.253887731306560E-007
         234  9.004960167738589E-012
         235  1.469912575925130E-007
         236  1.486514159951144E-009
         238  1.638776468178854E-007
         240  2.884378979769712E-013
         244  3.520970223568187E-009
