           1  7.469411074481118E-005
           2  6.470609901488105E-012
           3  1.574717819390911E-008
           4  8.020428226738459E-005
           6  5.674563962362780E-015
           7  3.114017005274736E-012
           8  2.708281752318958E-013
           9  1.912633244112939E-009
          10  2.713051082138141E-014
          14  1.940573889797481E-015
          15  1.892281647966505E-012
          16  1.235211192528454E-009
          17  9.185490044662415E-011
          18  4.611381884669759E-010
          19  2.163943982867400E-010
          20  4.554847159713805E-009
          21  7.553520495720045E-010
          22  1.702190233790222E-009
          23  4.805066122217076E-009
          24  1.118506169001938E-008
          25  1.358561506408875E-008
          26  1.211503541855453E-008
          27  2.689787679009694E-009
          28  1.616984751796238E-009
          29  8.602216201010690E-010
          30  2.749596918305717E-009
          31  4.962187194942337E-010
          32  6.230145291050316E-010
          33  7.435017587819360E-010
          34  4.431632176419564E-009
          35  3.004995199711973E-010
          36  1.178335857990057E-009
          37  7.388124655526119E-010
          38  9.641258778314882E-010
          39  2.748090013222943E-010
          40  6.130340184471165E-010
          41  8.938402065075724E-010
          42  6.078646565605321E-009
          43  5.309872514549018E-010
          44  9.505091791351090E-010
          45  4.198151340481509E-009
          46  7.345791022648234E-009
          47  8.283971354134197E-009
          48  6.226587923684702E-009
          49  4.886595254078980E-010
          50  3.117171026473643E-009
          51  1.596950794476624E-009
          52  6.233836504692886E-009
          53  2.093985879496118E-010
          54  4.979380737734694E-010
          55  3.281263556243890E-010
          56  3.909398494863745E-010
          57  1.056871151783168E-010
          58  2.026897158272127E-010
          59  1.443443904591231E-010
          60  1.646251070020224E-010
          61  1.625610611666947E-010
          62  8.022291011271945E-010
          63  3.345462356565915E-010
          64  3.530682404787782E-010
          65  3.063523226599776E-010
          66  4.442409084645014E-010
          67  5.819774838235316E-010
          68  8.722277409336910E-010
          69  1.615813973111803E-010
          70  4.803775206453263E-010
          71  1.679159783930736E-010
          72  2.104373960719592E-010
          73  2.144144000173104E-010
          74  4.315881011831632E-010
          75  9.827082981213426E-010
          76  2.715806592266688E-009
          77  5.400327832312840E-009
          78  1.044727708047106E-008
          79  7.983914653051884E-009
          80  3.199842208223701E-008
          81  1.217602377165828E-008
          82  1.068922072388923E-008
          83  4.624452917700988E-009
          84  5.300141166581264E-009
          85  3.515017781954942E-009
          86  3.774944526385686E-009
          87  2.413938016897428E-009
          88  5.766446388556532E-009
          89  2.709155899931259E-009
          90  5.216305432173460E-009
          91  3.458292190951574E-009
          92  2.870246370439960E-009
          93  2.364797195075420E-009
          94  5.424746897363988E-009
          95  2.764002251119264E-009
          96  3.359165307338012E-009
          97  1.474844570738093E-009
          98  1.387227508894535E-009
          99  1.561804651774521E-009
         100  1.381257074132136E-009
         101  1.023250948414596E-009
         102  1.728343017336142E-009
         103  1.634140751737189E-009
         104  1.579346805104548E-009
         105  1.678306041688394E-009
         106  2.126800182042028E-009
         107  1.615859993063699E-009
         108  5.397202103138644E-009
         109  2.441847518882403E-009
         110  6.915288101792201E-009
         111  4.887663304229600E-009
         112  6.582376509295109E-009
         113  3.354245239404043E-009
         114  2.685792183504040E-009
         115  1.429372251211476E-009
         116  1.496726790244718E-009
         117  1.299974178670910E-009
         118  1.389448444189210E-009
         119  5.329856697029304E-010
         120  7.489852130223660E-010
         121  6.074865440401558E-010
         122  7.757079162978173E-010
         123  6.829771325926792E-010
         124  1.712987118572904E-008
         125  7.208257668989126E-008
         126  5.956938449823086E-007
         127  3.078605363626764E-006
         128  2.590241400116423E-005
         129  1.309496025313651E-004
         130  3.339433243073097E-004
         131  1.102143824932901E-003
         132  1.030000449845739E-003
         133  3.232447708511367E-005
         134  8.007708830083283E-005
         135  7.885121328758828E-005
         136  2.062278540507515E-004
         137  1.122744800911355E-004
         138  8.740136845328909E-005
         139  1.345873138481655E-005
         140  3.057058491972735E-005
         141  2.206089013810973E-005
         142  8.753272992824266E-006
         143  1.735388189998317E-006
         144  9.510060406501711E-006
         145  5.364581558672791E-006
         146  2.117421819054202E-005
         147  1.599700765199036E-005
         148  2.449243646111730E-005
         149  1.836850786290695E-005
         150  6.902958531729763E-005
         151  2.522874216514009E-005
         152  4.035451058007017E-005
         153  2.145844206556526E-005
         154  1.877401823523866E-005
         155  6.704943285157647E-006
         156  4.012744772455696E-005
         157  1.825593468522392E-005
         158  2.781504160173994E-005
         159  1.671185767305343E-005
         160  5.110461735562323E-005
         161  3.064599647874875E-005
         162  9.625333044541767E-005
         163  4.139812056716921E-005
         164  7.569881768079710E-005
         165  4.927623356646120E-005
         166  1.819645215641491E-004
         167  5.700780144456953E-005
         168  6.804342118147858E-005
         169  2.169799670596622E-005
         170  2.098618721707408E-005
         171  1.657423099974839E-005
         172  8.082179447367064E-005
         173  4.369767180657008E-005
         174  7.496499578489699E-005
         175  3.247942589771862E-005
         176  2.688833627939104E-005
         177  1.182323427069873E-005
         178  2.218692896414041E-005
         179  6.514883446001715E-006
         180  1.012807017429269E-005
         181  5.529047854318011E-006
         182  1.334093441790174E-005
         183  7.149686461502706E-006
         184  1.305400053449554E-005
         185  4.130188906761399E-006
         186  1.580475575976505E-005
         187  4.567485346263414E-006
         188  1.446246802481614E-005
         189  1.227567263739994E-005
         190  2.525791959171778E-005
         191  2.906155232379960E-005
         192  1.009010793105130E-004
         193  1.293632434638293E-004
         194  3.152088852532218E-004
         195  2.174446591590793E-004
         196  4.132444220999845E-004
         197  2.168189326862941E-004
         198  1.567526689310226E-004
         199  1.235346226398423E-005
         200  2.233224838415777E-006
         201  8.548623615131198E-008
         202  1.041911962603115E-007
         203  2.518452475345561E-008
         204  8.376647678075784E-008
         205  7.237405879592492E-008
         206  2.101593991775502E-006
         207  1.376964327951507E-006
         208  2.292286996781897E-006
         209  1.464490178818828E-006
         226  6.212668561840361E-014
         227  4.736429082532930E-015
         230  2.927719011339626E-012
         231  7.110337726461263E-012
         232  5.405880318877653E-007
         234  9.532401636783874E-012
         235  1.527913424924228E-007
         236  1.575614364994714E-009
         238  1.734763418894059E-007
         240  3.060108596218331E-013
         244  3.735483902683975E-009
