           1  7.456155664750835E-005
           2  6.470609901488105E-012
           3  1.574717819390911E-008
           4  8.096904539545179E-005
           6  5.674563962362780E-015
           7  3.114017005274736E-012
           8  2.708281752318958E-013
           9  1.912633244112939E-009
          10  2.713051082138141E-014
          14  1.986040737145249E-015
          15  1.980134730492442E-012
          16  1.239827056229346E-009
          17  9.208548885661350E-011
          18  4.442361099440250E-010
          19  1.937420671162964E-010
          20  4.622874546240814E-009
          21  7.617018272557498E-010
          22  1.613204709204707E-009
          23  4.864521869440224E-009
          24  1.127965154495218E-008
          25  1.368830690318772E-008
          26  1.193954591980789E-008
          27  2.587714988567507E-009
          28  1.587384707132326E-009
          29  8.271694747132822E-010
          30  2.690475101208754E-009
          31  4.688978200515004E-010
          32  5.998782713833995E-010
          33  8.053811676715312E-010
          34  4.373424963138327E-009
          35  2.881515138512882E-010
          36  1.139929406821777E-009
          37  7.863678136374238E-010
          38  1.059181659021299E-009
          39  3.034375333375114E-010
          40  6.167803805290506E-010
          41  8.740102573815469E-010
          42  6.197376252441960E-009
          43  5.239994870730770E-010
          44  9.721921742778517E-010
          45  4.333257492340477E-009
          46  7.326015435283012E-009
          47  8.047539465854554E-009
          48  5.982618435040289E-009
          49  5.212735565050811E-010
          50  3.134431963940322E-009
          51  1.563819073907932E-009
          52  6.299245003855942E-009
          53  2.193839554174309E-010
          54  5.457091952762741E-010
          55  3.661215633651708E-010
          56  4.172904505931352E-010
          57  1.094552881060584E-010
          58  2.147285909246439E-010
          59  1.498518581722703E-010
          60  1.698875271019233E-010
          61  1.755124730581262E-010
          62  8.488586730069629E-010
          63  3.471374802968366E-010
          64  3.623709019970677E-010
          65  3.100097228853025E-010
          66  4.370591616694410E-010
          67  5.817553170442798E-010
          68  8.686071868812244E-010
          69  1.633662791105074E-010
          70  4.943903032297754E-010
          71  1.705398135035826E-010
          72  2.087166258707780E-010
          73  2.146739161615076E-010
          74  4.398362665868054E-010
          75  1.043216973012104E-009
          76  2.811855320567001E-009
          77  5.487344859372198E-009
          78  1.013788093179792E-008
          79  7.901182418163828E-009
          80  3.230972831289676E-008
          81  1.191919414468325E-008
          82  1.056481462283171E-008
          83  4.601132151267483E-009
          84  5.086950218291973E-009
          85  3.448736841014828E-009
          86  3.726127880658319E-009
          87  2.444059473636326E-009
          88  5.985451520359617E-009
          89  2.741327501270779E-009
          90  5.241706826788908E-009
          91  3.458634774632229E-009
          92  2.825282084951947E-009
          93  2.370073580703406E-009
          94  5.704696641778440E-009
          95  2.865571639720547E-009
          96  3.375535467462792E-009
          97  1.459209848045773E-009
          98  1.351424080144804E-009
          99  1.513565416707904E-009
         100  1.327146999743559E-009
         101  1.001383390425479E-009
         102  1.756376700733458E-009
         103  1.666518483175085E-009
         104  1.612237251944008E-009
         105  1.713730169622428E-009
         106  2.180496187616909E-009
         107  1.681165424292098E-009
         108  5.612242195970161E-009
         109  2.508001450949658E-009
         110  6.931302563912131E-009
         111  4.907941276260683E-009
         112  6.488182560143929E-009
         113  3.255092848103996E-009
         114  2.565876941069629E-009
         115  1.352032981305874E-009
         116  1.401668667925720E-009
         117  1.232462199205704E-009
         118  1.318883930854620E-009
         119  4.991057601835611E-010
         120  7.061624381377002E-010
         121  5.724599358317662E-010
         122  7.278918504052689E-010
         123  6.614194541408211E-010
         124  1.781815048030525E-008
         125  7.935235335794125E-008
         126  6.447107751277137E-007
         127  3.312210032911763E-006
         128  2.736919978710646E-005
         129  1.344264907247923E-004
         130  3.278089538175061E-004
         131  1.092913292036819E-003
         132  1.028757458921595E-003
         133  3.316498633407398E-005
         134  8.351470868956538E-005
         135  8.367433626758703E-005
         136  2.154336083963450E-004
         137  1.167151193075959E-004
         138  8.808648390468513E-005
         139  1.434267968640861E-005
         140  3.338667994533824E-005
         141  2.538071621233452E-005
         142  9.991249920807610E-006
         143  1.921003673848938E-006
         144  1.021471178609389E-005
         145  6.059489968816964E-006
         146  2.258559567184147E-005
         147  1.300543275730845E-005
         148  3.270468860241967E-005
         149  2.548676218961192E-005
         150  3.515209310592550E-005
         151  1.886060079360025E-005
         152  2.583631954512058E-005
         153  1.068669075664049E-005
         154  3.424081505335672E-005
         155  1.934616028457143E-005
         156  8.020613871012135E-005
         157  3.481723071973747E-005
         158  6.141872671694987E-005
         159  4.935501658029667E-005
         160  5.367540922620566E-005
         161  1.866412737304159E-005
         162  3.834883188885557E-005
         163  3.738443621405395E-005
         164  9.281919876495220E-005
         165  7.136716511587241E-005
         166  1.057439680854425E-004
         167  3.317366539696395E-005
         168  8.012483267623739E-005
         169  2.641907562735724E-005
         170  5.097677040969634E-005
         171  2.774882019394222E-005
         172  3.372282132033299E-005
         173  2.216918824981420E-005
         174  6.126321601199104E-005
         175  2.970064285056818E-005
         176  2.217426935250235E-005
         177  9.081410784879845E-006
         178  1.137912261383547E-005
         179  6.047453146328008E-006
         180  1.309144955633343E-005
         181  6.289648456404694E-006
         182  1.375148001690620E-005
         183  7.200072331447844E-006
         184  1.301487261121040E-005
         185  4.125095594238045E-006
         186  1.581991694574831E-005
         187  4.581468722416335E-006
         188  1.487134885575869E-005
         189  1.294128979311976E-005
         190  2.670457843633253E-005
         191  3.041985555306181E-005
         192  1.061599435317914E-004
         193  1.358256207356990E-004
         194  3.282624850778050E-004
         195  2.247653155837846E-004
         196  4.256713526567693E-004
         197  2.203327279671847E-004
         198  1.572571532621983E-004
         199  1.243320810761855E-005
         200  2.216201667301087E-006
         201  8.290071471739208E-008
         202  1.035151977592732E-007
         203  2.613096030050324E-008
         204  7.981366317100412E-008
         205  6.840836470501429E-008
         206  2.177016026129059E-006
         207  1.436925388876584E-006
         208  2.406068196078846E-006
         209  1.521320793970233E-006
         226  5.992661516458025E-014
         227  4.623315868500323E-015
         230  2.824040728330800E-012
         231  6.940531921479754E-012
         232  5.304838139269204E-007
         234  9.194834052318152E-012
         235  1.491424501466236E-007
         236  1.510206051518020E-009
         238  1.673330852448699E-007
         240  2.932278223806865E-013
         244  3.579440976950154E-009
