           1  7.418070338595403E-005
           2  6.470609901488105E-012
           3  1.574717819390911E-008
           4  8.150214672522447E-005
           6  5.674563962362780E-015
           7  3.114017005274736E-012
           8  2.708281752318958E-013
           9  1.912633244112939E-009
          10  2.713051082138141E-014
          14  2.231843017092732E-015
          15  2.166805492232418E-012
          16  1.231870081911984E-009
          17  9.167608242274656E-011
          18  4.644555845494447E-010
          19  2.199111205968369E-010
          20  4.650627999649663E-009
          21  7.494476279232936E-010
          22  1.516207239205311E-009
          23  4.910274509709020E-009
          24  1.133390158954429E-008
          25  1.390578426968066E-008
          26  1.216665429090651E-008
          27  2.536391032085969E-009
          28  1.542411654314934E-009
          29  8.664754450281668E-010
          30  2.647249502947468E-009
          31  4.567088981227517E-010
          32  6.652163058673314E-010
          33  8.122124565426649E-010
          34  4.378289414512340E-009
          35  2.931486952207549E-010
          36  1.181701955504480E-009
          37  8.272943399938165E-010
          38  1.118125478127743E-009
          39  3.003730854477191E-010
          40  6.178649993058056E-010
          41  8.882855064766631E-010
          42  5.863139874381995E-009
          43  4.986496733858803E-010
          44  1.011163840968285E-009
          45  4.522377591747873E-009
          46  7.538266732921656E-009
          47  8.135912682105213E-009
          48  5.963968605722062E-009
          49  5.239585835346519E-010
          50  3.079780029928662E-009
          51  1.532679097962049E-009
          52  6.356351542561372E-009
          53  2.302374187164780E-010
          54  5.712158268426338E-010
          55  3.446873061693627E-010
          56  3.834927770173690E-010
          57  1.007836599526474E-010
          58  2.011929715409618E-010
          59  1.393974392966805E-010
          60  1.700110653337810E-010
          61  1.798911649605134E-010
          62  8.356047460868411E-010
          63  3.417425102681486E-010
          64  3.584195671691543E-010
          65  3.032360443621315E-010
          66  4.362523216028916E-010
          67  5.808182916758480E-010
          68  8.301320532998199E-010
          69  1.541261681183258E-010
          70  4.581016517984997E-010
          71  1.581024296006356E-010
          72  2.000541802694621E-010
          73  2.178038746938932E-010
          74  4.422917821255046E-010
          75  1.051479271530468E-009
          76  2.784051511074907E-009
          77  5.553737587345440E-009
          78  1.027217028868268E-008
          79  8.041763858074749E-009
          80  3.158770885297681E-008
          81  1.281316345515338E-008
          82  1.091911322890479E-008
          83  4.636146334051317E-009
          84  5.199219788315493E-009
          85  3.460825633507810E-009
          86  3.761333879661922E-009
          87  2.608006696515070E-009
          88  6.156209472560061E-009
          89  2.755862061165125E-009
          90  5.292038070850585E-009
          91  3.600707015869474E-009
          92  3.006721300227090E-009
          93  2.471728993723261E-009
          94  5.591408899486450E-009
          95  2.915778306490372E-009
          96  3.592541298612020E-009
          97  1.571718172077927E-009
          98  1.453885203036094E-009
          99  1.603313374923354E-009
         100  1.408132319052570E-009
         101  1.040520383133147E-009
         102  1.791039425712026E-009
         103  1.690923166504459E-009
         104  1.643280955284485E-009
         105  1.746141599796726E-009
         106  2.250712692469263E-009
         107  1.745318840187001E-009
         108  5.973530481233124E-009
         109  2.659131073320488E-009
         110  7.232960784131622E-009
         111  5.159111981207019E-009
         112  6.773811988228385E-009
         113  3.416693792327498E-009
         114  2.685783518115865E-009
         115  1.393267773049877E-009
         116  1.434867695774029E-009
         117  1.286208708737784E-009
         118  1.375964755723682E-009
         119  5.097640187670845E-010
         120  7.234411755927222E-010
         121  5.906791375964014E-010
         122  7.491857498985302E-010
         123  6.938327666954422E-010
         124  1.859188392986465E-008
         125  8.641477599719012E-008
         126  6.995576301112197E-007
         127  3.542872113095507E-006
         128  2.882745601223939E-005
         129  1.403697384383934E-004
         130  3.357319467079490E-004
         131  1.089723321909009E-003
         132  1.054164391271934E-003
         133  3.380079848191729E-005
         134  8.485479353098071E-005
         135  9.036017937528544E-005
         136  2.241690055700865E-004
         137  1.193060704564428E-004
         138  8.754407008810874E-005
         139  1.490895560903308E-005
         140  3.372268643883791E-005
         141  2.483435464365132E-005
         142  9.878302546742268E-006
         143  1.761736566852255E-006
         144  7.879061314635008E-006
         145  4.046665314418133E-006
         146  1.514534492122904E-005
         147  1.159830717398386E-005
         148  1.538967556370008E-005
         149  9.838568792053214E-006
         150  1.437898955301097E-005
         151  1.603663734995274E-005
         152  2.362218571915777E-005
         153  8.387044400446547E-006
         154  2.229033057776822E-005
         155  1.373656314030793E-005
         156  3.227091413660194E-005
         157  2.006114536907296E-005
         158  5.688454083983551E-005
         159  5.913737615625328E-005
         160  8.059969868167167E-005
         161  3.136350814769710E-005
         162  4.503156547423445E-005
         163  2.659056433232268E-005
         164  8.976018251523643E-005
         165  9.012768533532107E-005
         166  1.522156772743319E-004
         167  4.082119323658346E-005
         168  9.901157138430756E-005
         169  3.517773512208800E-005
         170  3.438993927660699E-005
         171  2.116138027411295E-005
         172  3.104673348268032E-005
         173  1.677926827872715E-005
         174  4.298777654167496E-005
         175  2.920833857624414E-005
         176  2.204912315100551E-005
         177  6.199305660943305E-006
         178  1.716557115757908E-005
         179  6.814200677503968E-006
         180  1.130854506312483E-005
         181  5.483292586673209E-006
         182  1.210879977975189E-005
         183  6.357776001910466E-006
         184  1.175973897175126E-005
         185  3.772742577304113E-006
         186  1.451922461980252E-005
         187  4.279465927911398E-006
         188  1.438988097637043E-005
         189  1.262582654970439E-005
         190  2.651308425294920E-005
         191  2.915987584361572E-005
         192  1.042102033323915E-004
         193  1.372126522189326E-004
         194  3.381126033484011E-004
         195  2.289411354993416E-004
         196  4.262752351484660E-004
         197  2.211362070340361E-004
         198  1.577816381524514E-004
         199  1.273879222098185E-005
         200  2.289374074657280E-006
         201  9.066394538662473E-008
         202  1.087779305115768E-007
         203  2.550651290614845E-008
         204  8.207200456976435E-008
         205  7.117438404162975E-008
         206  2.230090432183365E-006
         207  1.443662754143447E-006
         208  2.430249325389414E-006
         209  1.550100232750268E-006
         226  6.009661905714370E-014
         227  4.675401319355418E-015
         230  2.832052158898928E-012
         231  7.018722714535326E-012
         232  5.481374296384459E-007
         234  9.220918582139768E-012
         235  1.508226623532882E-007
         236  1.504985101478501E-009
         238  1.678077871076091E-007
         240  2.920978179748429E-013
         244  3.565646978680918E-009
