           1  7.418037894390859E-005
           2  6.470609901488105E-012
           3  1.574717819390911E-008
           4  8.036909874292356E-005
           6  5.674563962362780E-015
           7  3.114017005274736E-012
           8  2.708281752318958E-013
           9  1.912633244112939E-009
          10  2.713051082138141E-014
          14  2.145672453397904E-015
          15  2.198868466945193E-012
          16  1.290122980517874E-009
          17  9.490381947278496E-011
          18  4.422007947198195E-010
          19  1.892215426194528E-010
          20  4.652048258889209E-009
          21  7.671502418131437E-010
          22  1.790121878621012E-009
          23  4.857856285114025E-009
          24  1.131230503727382E-008
          25  1.368077582210036E-008
          26  1.191803861807628E-008
          27  2.543043218904645E-009
          28  1.635655345377863E-009
          29  8.815776945641432E-010
          30  2.925681620882677E-009
          31  4.945262853255486E-010
          32  5.770058726296488E-010
          33  8.323886188390814E-010
          34  4.387576012967286E-009
          35  2.880986328967028E-010
          36  1.144929918843250E-009
          37  6.990507419110771E-010
          38  9.319867947427540E-010
          39  2.894232383499568E-010
          40  6.397380328313926E-010
          41  9.325693044209882E-010
          42  6.578491032173496E-009
          43  5.562922343251028E-010
          44  9.806676085263502E-010
          45  4.244404260478871E-009
          46  7.200869415109427E-009
          47  7.992536938089830E-009
          48  6.004388419108584E-009
          49  4.841571560232003E-010
          50  3.153284260940753E-009
          51  1.612211613081481E-009
          52  6.365097137255875E-009
          53  2.045989855397413E-010
          54  4.923260643804957E-010
          55  3.557433856020360E-010
          56  4.374237815500158E-010
          57  1.141712772119499E-010
          58  2.380401006317513E-010
          59  1.608741276800642E-010
          60  1.712921472616185E-010
          61  1.743415785956981E-010
          62  8.470333322730594E-010
          63  3.495253022744571E-010
          64  3.818744309352649E-010
          65  3.231140770920213E-010
          66  4.390106549025413E-010
          67  5.800658135800013E-010
          68  8.590596734576402E-010
          69  1.646477811342836E-010
          70  5.115495810514950E-010
          71  1.742372741597322E-010
          72  2.097173785821978E-010
          73  2.177610787018514E-010
          74  4.307902259870674E-010
          75  1.016870927686038E-009
          76  2.757555380940930E-009
          77  5.449363485445763E-009
          78  1.018662187442298E-008
          79  8.006353361141130E-009
          80  3.328366068218647E-008
          81  1.142438085010545E-008
          82  1.065395182068173E-008
          83  4.827639710243556E-009
          84  5.343334743189090E-009
          85  3.675905409297738E-009
          86  3.949616740633447E-009
          87  2.415356360369193E-009
          88  5.983265114548161E-009
          89  2.763889653200789E-009
          90  5.362267578456827E-009
          91  3.597567305004469E-009
          92  2.873004300636756E-009
          93  2.389697121345966E-009
          94  5.737934329666576E-009
          95  2.944208575270761E-009
          96  3.514127981498727E-009
          97  1.518902632676835E-009
          98  1.374887095690163E-009
          99  1.514739360988340E-009
         100  1.327097173202824E-009
         101  1.002825808343204E-009
         102  1.816824083412269E-009
         103  1.742435920311508E-009
         104  1.721675580369296E-009
         105  1.819296647703682E-009
         106  2.256832000182880E-009
         107  1.726597463084521E-009
         108  5.725772658370473E-009
         109  2.550080762030407E-009
         110  6.954065578518874E-009
         111  4.966612942916235E-009
         112  6.577181309852775E-009
         113  3.303446582653967E-009
         114  2.603757774350907E-009
         115  1.362011737233029E-009
         116  1.411141732697395E-009
         117  1.257337523990751E-009
         118  1.366069453825163E-009
         119  5.081173654021579E-010
         120  7.227945620132793E-010
         121  5.912330158334842E-010
         122  7.401084663801250E-010
         123  6.845198836870670E-010
         124  1.855509097594020E-008
         125  8.585868021305673E-008
         126  6.865071909990075E-007
         127  3.497412515351900E-006
         128  2.853600185438805E-005
         129  1.384821137455963E-004
         130  3.338287824650853E-004
         131  1.119484555210150E-003
         132  1.038672765087030E-003
         133  3.309394904523512E-005
         134  8.230069770603079E-005
         135  7.994145211698836E-005
         136  2.219119839522798E-004
         137  1.222066138668895E-004
         138  9.015222381405765E-005
         139  1.442510607652452E-005
         140  3.269237541932932E-005
         141  2.465912234251596E-005
         142  9.760465618828546E-006
         143  1.576468367484766E-006
         144  5.443537328337028E-006
         145  1.986440117781619E-006
         146  7.980529257915380E-006
         147  1.088897655902562E-005
         148  2.604051837600176E-005
         149  1.815240190382669E-005
         150  3.433399108613576E-005
         151  3.809611808619122E-005
         152  5.722534761182360E-005
         153  1.773543256778632E-005
         154  2.343744817427698E-005
         155  1.224867587572956E-005
         156  2.344813638877645E-005
         157  1.359958949053293E-005
         158  2.718876405218909E-005
         159  2.081475104376279E-005
         160  7.276553258174918E-005
         161  4.331337344664059E-005
         162  1.359441326947558E-004
         163  4.944613385707571E-005
         164  7.802805669245937E-005
         165  5.202243721982912E-005
         166  6.512024240735171E-005
         167  2.093518678878536E-005
         168  6.848853997117683E-005
         169  3.456636990218578E-005
         170  2.720600091170211E-005
         171  9.528933220803298E-006
         172  3.064384285655803E-005
         173  2.734333714716388E-005
         174  5.823465774045632E-005
         175  3.043186276584058E-005
         176  3.048151052159861E-005
         177  1.356129652037807E-005
         178  1.907952751448108E-005
         179  9.744959114404510E-006
         180  1.845605004173252E-005
         181  8.074351356705855E-006
         182  1.601254779220906E-005
         183  7.973206720764397E-006
         184  1.387952525832171E-005
         185  4.305570695233286E-006
         186  1.587974662104035E-005
         187  4.667360977554470E-006
         188  1.560360863904313E-005
         189  1.353884890442378E-005
         190  2.806599223075942E-005
         191  3.071784387424301E-005
         192  1.074609586108844E-004
         193  1.372418443247904E-004
         194  3.323974353929899E-004
         195  2.294345669278299E-004
         196  4.353270339066399E-004
         197  2.238988936528496E-004
         198  1.591027148573961E-004
         199  1.273351241465100E-005
         200  2.253464956322432E-006
         201  8.236982673752351E-008
         202  1.023466937305172E-007
         203  2.636309960927350E-008
         204  9.039308560211464E-008
         205  7.925078448146058E-008
         206  2.202190289123363E-006
         207  1.487271330814400E-006
         208  2.431319646055545E-006
         209  1.512998448940790E-006
         226  5.683187995425160E-014
         227  4.431789772717888E-015
         230  2.678201383769703E-012
         231  6.653012526443143E-012
         232  5.082348176917252E-007
         234  8.719993672685688E-012
         235  1.429640552446818E-007
         236  1.452027648567180E-009
         238  1.586916562347712E-007
         240  2.817916625313171E-013
         244  3.439839424643700E-009
