           1  7.471205951098563E-005
           2  6.470609901488105E-012
           3  1.574717819390911E-008
           4  8.285276227263711E-005
           6  5.674563962362780E-015
           7  3.114017005274736E-012
           8  2.708281752318958E-013
           9  1.912633244112939E-009
          10  2.713051082138141E-014
          14  1.959462069176136E-015
          15  1.873738354340329E-012
          16  1.225885926502679E-009
          17  9.118221873576179E-011
          18  4.350085568730313E-010
          19  1.833079328277722E-010
          20  4.712490949623515E-009
          21  7.667167782105087E-010
          22  1.425149189369692E-009
          23  4.963010437059958E-009
          24  1.141596487126749E-008
          25  1.391131222927976E-008
          26  1.190952270550436E-008
          27  2.514917908885582E-009
          28  1.499055982420756E-009
          29  7.552735995306889E-010
          30  2.455515968446013E-009
          31  4.196368722789443E-010
          32  5.881381177322776E-010
          33  8.498093377394138E-010
          34  4.337040335985692E-009
          35  2.764954215970337E-010
          36  1.095210524837147E-009
          37  8.937346137271554E-010
          38  1.238339358652731E-009
          39  3.271338598370420E-010
          40  5.875389130755985E-010
          41  8.083529877339491E-010
          42  5.968416478027438E-009
          43  4.928156339925311E-010
          44  1.001715652809705E-009
          45  4.571219034507752E-009
          46  7.497457209699653E-009
          47  7.928861452655125E-009
          48  5.746055890295782E-009
          49  5.812787008064652E-010
          50  3.126840062721641E-009
          51  1.487541225067813E-009
          52  6.179962702856224E-009
          53  2.471953465804175E-010
          54  6.592172977860111E-010
          55  4.113899085405939E-010
          56  4.157300639830388E-010
          57  1.065361187403859E-010
          58  2.060176656296416E-010
          59  1.426774516651421E-010
          60  1.709098653576145E-010
          61  1.879803093425605E-010
          62  8.734627693705823E-010
          63  3.500491070306789E-010
          64  3.523289483516767E-010
          65  2.959165287051714E-010
          66  4.207219996527325E-010
          67  5.790932566906517E-010
          68  8.603656688624049E-010
          69  1.616486020440329E-010
          70  4.857722244259244E-010
          71  1.658919439740448E-010
          72  2.023717158545339E-010
          73  2.125859981083894E-010
          74  4.553205194653449E-010
          75  1.129689710781197E-009
          76  2.934029511004109E-009
          77  5.586598562101515E-009
          78  9.932254108207558E-009
          79  7.873229700745683E-009
          80  3.199378478707796E-008
          81  1.242677577525032E-008
          82  1.042131277012141E-008
          83  4.373191647088230E-009
          84  4.759560936822985E-009
          85  3.263107931960113E-009
          86  3.577805652875088E-009
          87  2.576595583538733E-009
          88  6.235713842987268E-009
          89  2.750209158193286E-009
          90  5.218009600464655E-009
          91  3.471059373661300E-009
          92  2.787526816092303E-009
          93  2.354601665227120E-009
          94  5.862908820307451E-009
          95  2.916993713131008E-009
          96  3.274123359284454E-009
          97  1.408176430685099E-009
          98  1.310014822221568E-009
          99  1.458407862431049E-009
         100  1.277895845652449E-009
         101  9.845311755707278E-010
         102  1.761331365054445E-009
         103  1.679133546327936E-009
         104  1.607641858422741E-009
         105  1.702361477889991E-009
         106  2.232350481281844E-009
         107  1.756050951290342E-009
         108  5.879124318980806E-009
         109  2.601112617155552E-009
         110  7.028471877225833E-009
         111  4.964185222157767E-009
         112  6.431531240945901E-009
         113  3.204082145671846E-009
         114  2.493063785708089E-009
         115  1.297806642171016E-009
         116  1.329381187081270E-009
         117  1.194256026734690E-009
         118  1.273506895633030E-009
         119  4.688171306767911E-010
         120  6.655331104428989E-010
         121  5.380734090732778E-010
         122  7.068958116231067E-010
         123  6.523167003097714E-010
         124  1.953453391328120E-008
         125  8.661892416573471E-008
         126  7.005186145449747E-007
         127  3.582610879259981E-006
         128  2.911492830852880E-005
         129  1.396271157935000E-004
         130  3.259872008913204E-004
         131  1.074537770441832E-003
         132  1.019488190199029E-003
         133  3.249852755575020E-005
         134  8.303689646573743E-005
         135  9.196673252596315E-005
         136  2.145802861979554E-004
         137  1.127710711465205E-004
         138  8.361308937002401E-005
         139  1.421786459086519E-005
         140  3.258752313027160E-005
         141  2.355484765852861E-005
         142  9.218388592772061E-006
         143  1.569385029502581E-006
         144  6.193406584850664E-006
         145  3.383441040312976E-006
         146  1.525508421434382E-005
         147  1.690973231508508E-005
         148  2.651056950490045E-005
         149  1.620201349247237E-005
         150  3.456302351416454E-005
         151  1.218967602490623E-005
         152  2.884528462003717E-005
         153  2.111314686949622E-005
         154  2.976452934640880E-005
         155  1.343999880701879E-005
         156  3.572439110662818E-005
         157  2.269336333852313E-005
         158  4.620114389469515E-005
         159  2.482966911177494E-005
         160  7.757437742086215E-005
         161  5.388176769370255E-005
         162  1.049358113320609E-004
         163  5.559627783129338E-005
         164  1.373684271099992E-004
         165  9.150539369268517E-005
         166  9.066760748015508E-005
         167  2.376832463780767E-005
         168  9.564358009487699E-005
         169  4.654751849911815E-005
         170  4.100797282459908E-005
         171  2.190694899618940E-005
         172  5.401339155065695E-005
         173  3.267562436689625E-005
         174  4.100655077211473E-005
         175  1.920292029442492E-005
         176  1.812007511901245E-005
         177  9.265965081410059E-006
         178  1.773032227716126E-005
         179  5.647406646855607E-006
         180  8.846389614913382E-006
         181  4.752145020029416E-006
         182  1.174643632327051E-005
         183  6.580798718072876E-006
         184  1.260122584162091E-005
         185  4.115379227222706E-006
         186  1.635982090226112E-005
         187  4.742925744307562E-006
         188  1.567618179905473E-005
         189  1.391805003831084E-005
         190  2.876012598599286E-005
         191  3.178275159876380E-005
         192  1.097678322660353E-004
         193  1.394311524835081E-004
         194  3.316739334011819E-004
         195  2.192237148917008E-004
         196  4.020484174658407E-004
         197  2.049520715905325E-004
         198  1.431904802581944E-004
         199  1.141066451328583E-005
         200  2.057292422506099E-006
         201  8.109720589144154E-008
         202  1.027635173133866E-007
         203  2.568822576624688E-008
         204  7.191778599029229E-008
         205  6.119261926149610E-008
         206  2.267824388330830E-006
         207  1.474817352327955E-006
         208  2.517151734120950E-006
         209  1.600021640772811E-006
         226  6.677002999901898E-014
         227  5.089138846810653E-015
         230  3.146536536916713E-012
         231  7.639826398145121E-012
         232  5.815914747827925E-007
         234  1.024485270564980E-011
         235  1.641693231303931E-007
         236  1.702859544530108E-009
         238  1.864419522267981E-007
         240  3.309913328926083E-013
         244  4.040421302290399E-009
