           1  7.442251424630350E-005
           2  6.470609901488105E-012
           3  1.574717819390911E-008
           4  8.080101069867905E-005
           6  5.674563962362780E-015
           7  3.114017005274736E-012
           8  2.708281752318958E-013
           9  1.912633244112939E-009
          10  2.713051082138141E-014
          14  1.997524602594394E-015
          15  2.031421295596040E-012
          16  1.240678260056997E-009
          17  9.219521207844617E-011
          18  4.557168177363350E-010
          19  2.081743929881069E-010
          20  4.608378167100916E-009
          21  7.592722104973157E-010
          22  1.625469484404775E-009
          23  4.855722920841518E-009
          24  1.126551752110442E-008
          25  1.369116603517750E-008
          26  1.198984675175570E-008
          27  2.613034885440406E-009
          28  1.597132469424321E-009
          29  8.497106655496067E-010
          30  2.702900744844022E-009
          31  4.801000558051598E-010
          32  6.281278527326249E-010
          33  7.863762106176325E-010
          34  4.422631077402025E-009
          35  2.974016579385522E-010
          36  1.172160353036855E-009
          37  7.699468660665325E-010
          38  1.020289568404091E-009
          39  2.872760094757509E-010
          40  6.136310092344903E-010
          41  8.867838648190826E-010
          42  6.120845262353600E-009
          43  5.319549133323700E-010
          44  9.725257199158163E-010
          45  4.318840457694547E-009
          46  7.395741705217893E-009
          47  8.170191533027179E-009
          48  6.081053375988495E-009
          49  5.045495016543533E-010
          50  3.108829547440773E-009
          51  1.572317709123537E-009
          52  6.222986222681265E-009
          53  2.161853420454446E-010
          54  5.264333752663374E-010
          55  3.449354209590475E-010
          56  4.018986878677173E-010
          57  1.082018997730962E-010
          58  2.077036831148676E-010
          59  1.451181070741563E-010
          60  1.683892037869434E-010
          61  1.714359163020502E-010
          62  8.310196256768208E-010
          63  3.453374796321686E-010
          64  3.616296866736234E-010
          65  3.071675509042544E-010
          66  4.430169131501215E-010
          67  5.845869746971419E-010
          68  8.688139226217680E-010
          69  1.622429814346058E-010
          70  4.836975082724042E-010
          71  1.669489867286821E-010
          72  2.081427660308224E-010
          73  2.146905165220802E-010
          74  4.375945938356708E-010
          75  1.024349351058223E-009
          76  2.768372242320062E-009
          77  5.426878606914598E-009
          78  1.026710705992813E-008
          79  7.977337231676277E-009
          80  3.210708948816204E-008
          81  1.224648422433254E-008
          82  1.059457091541944E-008
          83  4.565360825087900E-009
          84  5.239902206064095E-009
          85  3.495943519127492E-009
          86  3.770519735669217E-009
          87  2.467000626272641E-009
          88  5.898657053624811E-009
          89  2.731273399554407E-009
          90  5.252286889317420E-009
          91  3.518949588206221E-009
          92  2.903410947004615E-009
          93  2.396098813952802E-009
          94  5.548727034885418E-009
          95  2.864446878015281E-009
          96  3.381487056089885E-009
          97  1.489517901947705E-009
          98  1.387688552497099E-009
          99  1.532356496276762E-009
         100  1.355444620968284E-009
         101  1.010803617580839E-009
         102  1.738737352359385E-009
         103  1.661097431778970E-009
         104  1.622247304935454E-009
         105  1.709375391506387E-009
         106  2.184926803441398E-009
         107  1.677227997701037E-009
         108  5.593930459265322E-009
         109  2.514720037245348E-009
         110  6.944306601705182E-009
         111  4.937242627091953E-009
         112  6.576818548564056E-009
         113  3.351158929475282E-009
         114  2.678569733121103E-009
         115  1.411894141514879E-009
         116  1.451105114314432E-009
         117  1.248866282451768E-009
         118  1.336199532632446E-009
         119  5.117246610805975E-010
         120  7.191784434436067E-010
         121  5.845357211055511E-010
         122  7.442882668831428E-010
         123  6.716682283322796E-010
         124  1.746902431949939E-008
         125  7.698353466103452E-008
         126  6.326141026804766E-007
         127  3.256412091461534E-006
         128  2.703045349313716E-005
         129  1.341636508738365E-004
         130  3.316244046377323E-004
         131  1.095303796315712E-003
         132  1.038649544386019E-003
         133  3.324338898613828E-005
         134  8.287674199205322E-005
         135  8.253780380217150E-005
         136  2.130027962432730E-004
         137  1.156534587003810E-004
         138  9.004194772214023E-005
         139  1.452223968227751E-005
         140  3.328924465780482E-005
         141  2.461267460411491E-005
         142  9.719860259265942E-006
         143  1.587669987510459E-006
         144  5.422347212348973E-006
         145  2.086637107528527E-006
         146  9.748912982400171E-006
         147  1.530859595262451E-005
         148  3.161839347403338E-005
         149  2.003427476630243E-005
         150  3.311189011073898E-005
         151  1.510196659045520E-005
         152  3.976420216823474E-005
         153  2.209757348762762E-005
         154  3.273995142853296E-005
         155  1.348106766472280E-005
         156  2.211366350884658E-005
         157  1.526759142507962E-005
         158  4.327388511315521E-005
         159  2.699244955612801E-005
         160  6.544702393381530E-005
         161  3.737218734974695E-005
         162  7.600902965368857E-005
         163  9.614525038817572E-005
         164  1.124186486365985E-004
         165  5.800284702337247E-005
         166  7.466432887174660E-005
         167  2.927852284393869E-005
         168  1.248670546729644E-004
         169  4.788838564118980E-005
         170  2.505802941433088E-005
         171  1.170425791517539E-005
         172  3.126464503280476E-005
         173  2.600958034504274E-005
         174  5.728513368307244E-005
         175  2.579694265555987E-005
         176  5.355169213236132E-005
         177  1.895483999943749E-005
         178  1.607358748680229E-005
         179  5.570550013218749E-006
         180  9.550408289550211E-006
         181  4.895349814207200E-006
         182  1.145067417494148E-005
         183  6.074286060479766E-006
         184  1.116889035065893E-005
         185  3.539335921585766E-006
         186  1.356702619724613E-005
         187  3.951153916066402E-006
         188  1.293562798319469E-005
         189  1.124329603770716E-005
         190  2.383479479357720E-005
         191  2.723987600577382E-005
         192  9.706062059149983E-005
         193  1.277067339961508E-004
         194  3.179593862400108E-004
         195  2.224585955838836E-004
         196  4.268187115981854E-004
         197  2.247942726267203E-004
         198  1.632671092876341E-004
         199  1.317345333588675E-005
         200  2.412282117370494E-006
         201  9.322440960978196E-008
         202  1.144067968978530E-007
         203  2.798865564898490E-008
         204  8.908078504458242E-008
         205  7.641130690781686E-008
         206  2.220403514299753E-006
         207  1.462399432761332E-006
         208  2.435931726165709E-006
         209  1.544560938919758E-006
         226  5.972866033501224E-014
         227  4.591905859952457E-015
         230  2.814712110328021E-012
         231  6.893379147760417E-012
         232  5.326007883553936E-007
         234  9.164460873343601E-012
         235  1.481292021300060E-007
         236  1.502537515116859E-009
         238  1.667803359817960E-007
         240  2.916697235664592E-013
         244  3.560421217172576E-009
