           1  7.487025227248860E-005
           2  6.470609901488105E-012
           3  1.574717819390911E-008
           4  8.317502204038920E-005
           6  5.674563962362780E-015
           7  3.114017005274736E-012
           8  2.708281752318958E-013
           9  1.912633244112939E-009
          10  2.713051082138141E-014
          14  1.756047933846828E-015
          15  1.802498631527876E-012
          16  1.220658522560805E-009
          17  9.087525035690071E-011
          18  4.439449264891794E-010
          19  1.958414058962597E-010
          20  4.651381890419147E-009
          21  7.540008218939395E-010
          22  1.531268657943032E-009
          23  4.898072795074917E-009
          24  1.131478113681655E-008
          25  1.384037668012340E-008
          26  1.159359176853186E-008
          27  2.443191510611710E-009
          28  1.552970724825866E-009
          29  8.560272275443261E-010
          30  2.659537045845902E-009
          31  4.594786931566529E-010
          32  6.251471893148909E-010
          33  8.334051378095185E-010
          34  4.269066148926508E-009
          35  2.860238611968143E-010
          36  1.156765044422158E-009
          37  7.409499446268021E-010
          38  9.907589464807829E-010
          39  2.938494812711457E-010
          40  6.341904723893885E-010
          41  9.098107966805128E-010
          42  6.173246630653290E-009
          43  5.201879351528726E-010
          44  1.016722764886502E-009
          45  4.533850962135963E-009
          46  7.351900311183847E-009
          47  7.933222024649331E-009
          48  5.881545150052315E-009
          49  5.032721374385930E-010
          50  3.119941037722120E-009
          51  1.578051297786221E-009
          52  6.249955730564689E-009
          53  2.118702210721487E-010
          54  5.166031844217044E-010
          55  3.400856764757291E-010
          56  4.152926692274738E-010
          57  1.106645185605630E-010
          58  2.196832289205896E-010
          59  1.533689175553181E-010
          60  1.796906769258165E-010
          61  1.854807569942211E-010
          62  8.806611642874475E-010
          63  3.608432755654428E-010
          64  3.721907464747017E-010
          65  3.183343442581300E-010
          66  4.527073403466212E-010
          67  5.855941007022438E-010
          68  8.521961828183233E-010
          69  1.596003931717329E-010
          70  4.818134449475758E-010
          71  1.666315621922942E-010
          72  2.105230784040001E-010
          73  2.245976609134243E-010
          74  4.633087450639235E-010
          75  1.108485197523300E-009
          76  2.889853652706778E-009
          77  5.558389681935712E-009
          78  1.011005576447939E-008
          79  7.940341031773034E-009
          80  3.182821416651393E-008
          81  1.175262067444277E-008
          82  1.022716681526038E-008
          83  4.434183598327513E-009
          84  5.182199728767303E-009
          85  3.464415876275968E-009
          86  3.733684767199076E-009
          87  2.453125052692435E-009
          88  5.801185052143368E-009
          89  2.619201262707985E-009
          90  5.043453836933943E-009
          91  3.418445781960404E-009
          92  2.898498374371961E-009
          93  2.391246825522392E-009
          94  5.436144540719776E-009
          95  2.725251825248664E-009
          96  3.260211187729964E-009
          97  1.419825189083862E-009
          98  1.337004223830939E-009
          99  1.483042806412723E-009
         100  1.283100189819686E-009
         101  9.579795778659253E-010
         102  1.666999699847451E-009
         103  1.610243868967063E-009
         104  1.573886979934102E-009
         105  1.707597960394086E-009
         106  2.204233694361620E-009
         107  1.685778193865583E-009
         108  5.642501532420713E-009
         109  2.530768048973676E-009
         110  6.820097974171279E-009
         111  4.721538097364522E-009
         112  6.122496166547973E-009
         113  3.054315962285210E-009
         114  2.386739939515810E-009
         115  1.254468713166707E-009
         116  1.294285656407159E-009
         117  1.165701071589795E-009
         118  1.243758014836149E-009
         119  4.546493894221560E-010
         120  6.422151030957969E-010
         121  5.188002927107688E-010
         122  6.999279636727069E-010
         123  6.368513654952716E-010
         124  1.978836407329628E-008
         125  8.291952232842378E-008
         126  6.813535575505378E-007
         127  3.516560079773803E-006
         128  2.887024381098726E-005
         129  1.382389521364811E-004
         130  3.239329993945808E-004
         131  1.080109275040848E-003
         132  1.003030433407794E-003
         133  3.368568402237946E-005
         134  8.406592761292201E-005
         135  7.676956696744731E-005
         136  2.056161207510780E-004
         137  1.133632371695762E-004
         138  9.035792182784892E-005
         139  1.420092256278598E-005
         140  3.265728114870838E-005
         141  2.530217878589050E-005
         142  9.695602981668038E-006
         143  1.656226839502882E-006
         144  6.614545067328934E-006
         145  3.547526719653303E-006
         146  1.753893649824685E-005
         147  2.272711256488312E-005
         148  4.075203898412310E-005
         149  2.443240700050951E-005
         150  2.787142043553378E-005
         151  1.829103210390832E-005
         152  4.562168623679263E-005
         153  2.834680920526055E-005
         154  3.485605071774089E-005
         155  1.342525075363407E-005
         156  2.094427033385079E-005
         157  1.202085240256865E-005
         158  4.154490698090997E-005
         159  3.634672858156004E-005
         160  1.298938552839904E-004
         161  5.244135466867175E-005
         162  5.753987435806590E-005
         163  7.506255607586346E-005
         164  1.185606613260970E-004
         165  4.102163999314681E-005
         166  1.201527189219199E-004
         167  2.884282582238030E-005
         168  5.702775087622891E-005
         169  3.044601336580684E-005
         170  4.678978456537834E-005
         171  2.770994963169208E-005
         172  9.737588278370950E-005
         173  4.592886442501965E-005
         174  4.275136487935305E-005
         175  1.471862409060452E-005
         176  1.353123957136687E-005
         177  6.885401185645289E-006
         178  1.420377398602300E-005
         179  8.304136665661100E-006
         180  1.591846098968024E-005
         181  6.719279503856554E-006
         182  1.322691480388241E-005
         183  6.869166056878438E-006
         184  1.247636599424534E-005
         185  3.987418557148007E-006
         186  1.564338638869978E-005
         187  4.613846050561744E-006
         188  1.539036158358114E-005
         189  1.356516045347087E-005
         190  2.747891455197972E-005
         191  3.064822342187847E-005
         192  1.061748987117074E-004
         193  1.371295327155995E-004
         194  3.294365694995349E-004
         195  2.166642622511939E-004
         196  3.983999612093334E-004
         197  2.055282442670845E-004
         198  1.446525289613671E-004
         199  1.138403666509082E-005
         200  2.114705716278951E-006
         201  8.516358167985213E-008
         202  1.108641725998596E-007
         203  2.842712972541942E-008
         204  8.394549621880341E-008
         205  7.060527513434969E-008
         206  2.352893694606186E-006
         207  1.541261960024583E-006
         208  2.596562061524207E-006
         209  1.647843161970600E-006
         226  6.935648836591344E-014
         227  5.231746023083931E-015
         230  3.268423343808471E-012
         231  7.853908603927402E-012
         232  5.941642923297851E-007
         234  1.064170567993360E-011
         235  1.687696542093915E-007
         236  1.814518770694258E-009
         238  1.936641198263070E-007
         240  3.529713675394475E-013
         244  4.308732256042728E-009
