           1  7.504166617121974E-005
           2  6.470609901488105E-012
           3  1.574717819390911E-008
           4  8.017959836290377E-005
           6  5.674563962362780E-015
           7  3.114017005274736E-012
           8  2.708281752318958E-013
           9  1.912633244112939E-009
          10  2.713051082138141E-014
          14  1.728532361078351E-015
          15  1.718881373337246E-012
          16  1.212293874579726E-009
          17  9.040529259712834E-011
          18  4.489659272191577E-010
          19  2.029189916893661E-010
          20  4.669417028222367E-009
          21  7.529401048951407E-010
          22  1.480871966377105E-009
          23  4.919663190706081E-009
          24  1.134011163795160E-008
          25  1.392605067088527E-008
          26  1.155596231569656E-008
          27  2.437001085913980E-009
          28  1.516608767457045E-009
          29  8.411726677656130E-010
          30  2.564523984736242E-009
          31  4.506612917397210E-010
          32  6.298800966129220E-010
          33  8.247102834633467E-010
          34  4.320251835521289E-009
          35  2.880547561889493E-010
          36  1.150775732823219E-009
          37  7.539453595316193E-010
          38  1.004517350983440E-009
          39  2.857324443120085E-010
          40  6.218041657367502E-010
          41  8.978298212586159E-010
          42  6.034152172618332E-009
          43  5.176021898974459E-010
          44  1.030267040966350E-009
          45  4.613950096641944E-009
          46  7.450952475424242E-009
          47  7.970405932761942E-009
          48  5.862311384356554E-009
          49  5.092487755077836E-010
          50  3.081013047893755E-009
          51  1.551565325464028E-009
          52  6.127749066857492E-009
          53  2.206331188993519E-010
          54  5.455414977686513E-010
          55  3.376345989404410E-010
          56  3.979670864799366E-010
          57  1.075096401817942E-010
          58  2.079038436570875E-010
          59  1.471333103571805E-010
          60  1.790386909900377E-010
          61  1.847341689380847E-010
          62  8.708214316446474E-010
          63  3.576946533485420E-010
          64  3.631929979319509E-010
          65  3.100210174018881E-010
          66  4.539144724350356E-010
          67  5.873070617709544E-010
          68  8.511069252116813E-010
          69  1.574317858538866E-010
          70  4.686311256233959E-010
          71  1.637241598512820E-010
          72  2.120727899433935E-010
          73  2.283808070849977E-010
          74  4.742195817172446E-010
          75  1.127364876674359E-009
          76  2.907874376123285E-009
          77  5.537010069468774E-009
          78  1.016812985762775E-008
          79  7.998019060638223E-009
          80  3.154062590730996E-008
          81  1.212709869348974E-008
          82  1.012365221837665E-008
          83  4.282200901559371E-009
          84  5.142672930437422E-009
          85  3.408509373587611E-009
          86  3.691854277682825E-009
          87  2.518190504822258E-009
          88  5.795814667991908E-009
          89  2.601167392910793E-009
          90  5.008869097737793E-009
          91  3.456110270237884E-009
          92  2.936036410821802E-009
          93  2.383376375971468E-009
          94  5.260229493115538E-009
          95  2.671073097561315E-009
          96  3.177952410186355E-009
          97  1.397279434847937E-009
          98  1.331987018605721E-009
          99  1.484001631965338E-009
         100  1.295319303365049E-009
         101  9.627070784820314E-010
         102  1.655835849423057E-009
         103  1.597023453002608E-009
         104  1.557747901045787E-009
         105  1.692429140147089E-009
         106  2.216888544015668E-009
         107  1.699341850963172E-009
         108  5.709630215968253E-009
         109  2.555197114748014E-009
         110  6.823811490687376E-009
         111  4.738638244008790E-009
         112  6.152494039418648E-009
         113  3.089493725278540E-009
         114  2.418827834840567E-009
         115  1.272267626812496E-009
         116  1.285171228722587E-009
         117  1.077737142403945E-009
         118  1.140160691917474E-009
         119  4.512825488274811E-010
         120  6.382810969963345E-010
         121  5.160978779993944E-010
         122  6.816226532289022E-010
         123  6.331542670636613E-010
         124  1.868505182222959E-008
         125  8.219640352559434E-008
         126  6.806913773197788E-007
         127  3.516543206100219E-006
         128  2.897676864821888E-005
         129  1.393738192483118E-004
         130  3.264892863029617E-004
         131  1.073738216057914E-003
         132  9.964241514259756E-004
         133  3.277473915716285E-005
         134  8.133273506560619E-005
         135  7.729515967949941E-005
         136  1.986518142320518E-004
         137  1.086676487618717E-004
         138  9.037052567502267E-005
         139  1.460748728250180E-005
         140  3.335245813598993E-005
         141  2.502522609127597E-005
         142  9.779119055433442E-006
         143  1.584242249147089E-006
         144  5.450789068321037E-006
         145  2.075055928364931E-006
         146  8.836371599366829E-006
         147  1.194387464443483E-005
         148  3.181138366941076E-005
         149  2.168321477647525E-005
         150  2.701347313098089E-005
         151  1.393975816534498E-005
         152  3.191828045896107E-005
         153  1.556093746201953E-005
         154  3.989614232945073E-005
         155  2.030835951847036E-005
         156  3.722976746831339E-005
         157  2.086190961742591E-005
         158  6.856916942249608E-005
         159  8.227086449062013E-005
         160  1.030390353805339E-004
         161  4.346005145629724E-005
         162  1.194544505589657E-004
         163  1.190968847583845E-004
         164  1.057729623671899E-004
         165  2.705351297367571E-005
         166  4.586208316900681E-005
         167  1.536573069407418E-005
         168  1.055133852939264E-004
         169  7.570994013941410E-005
         170  4.745956483282634E-005
         171  1.971144795884281E-005
         172  3.757937757709436E-005
         173  2.532254620417948E-005
         174  4.445950147390787E-005
         175  2.247418320028979E-005
         176  3.438169499432523E-005
         177  1.744204616998343E-005
         178  2.332444810521347E-005
         179  7.813316638229113E-006
         180  1.175505570424778E-005
         181  5.643595835855777E-006
         182  1.273984357048506E-005
         183  6.903149689519225E-006
         184  1.296064996133297E-005
         185  4.166296725529164E-006
         186  1.647462849739843E-005
         187  4.816118162563387E-006
         188  1.583843086367291E-005
         189  1.373256562842721E-005
         190  2.789436354186131E-005
         191  3.056257611563150E-005
         192  1.054916226928714E-004
         193  1.366303832622333E-004
         194  3.299477994867614E-004
         195  2.139681218610060E-004
         196  3.854181590333838E-004
         197  1.991385380773429E-004
         198  1.393950228573942E-004
         199  1.099891710130494E-005
         200  2.053904797972087E-006
         201  8.461328622303789E-008
         202  1.087321923283810E-007
         203  2.706250760199635E-008
         204  7.886372931088065E-008
         205  6.586734215234884E-008
         206  2.103649265061246E-006
         207  1.372843474060920E-006
         208  2.314031880456880E-006
         209  1.470530489428586E-006
         226  6.061209358173614E-014
         227  4.544455876023631E-015
         230  2.856343887171383E-012
         231  6.822147127820897E-012
         232  5.215216830779181E-007
         234  9.300010362958825E-012
         235  1.465985243515788E-007
         236  1.592171994138402E-009
         238  1.692471466030234E-007
         240  3.097530860023473E-013
         244  3.781165374321569E-009
