           1  7.475882748289894E-005
           2  6.470609901488105E-012
           3  1.574717819390911E-008
           4  8.330006080425659E-005
           6  5.674563962362780E-015
           7  3.114017005274736E-012
           8  2.708281752318958E-013
           9  1.912633244112939E-009
          10  2.713051082138141E-014
          14  1.786404951844498E-015
          15  1.893347948850576E-012
          16  1.222751846524530E-009
          17  9.109076265194374E-011
          18  4.413226655931043E-010
          19  1.912110402689558E-010
          20  4.648119328145040E-009
          21  7.635316309195523E-010
          22  1.514051056794974E-009
          23  4.897054201665562E-009
          24  1.131919281346080E-008
          25  1.377491028206172E-008
          26  1.162019957338819E-008
          27  2.536250211215083E-009
          28  1.585885309671124E-009
          29  8.300311924946911E-010
          30  2.630949313510035E-009
          31  4.703832209427577E-010
          32  6.242204889493241E-010
          33  8.168451044198473E-010
          34  4.295438821312327E-009
          35  2.910185431146213E-010
          36  1.153417708165591E-009
          37  7.770435881172373E-010
          38  1.039084634703834E-009
          39  3.063665343708798E-010
          40  6.279911547405200E-010
          41  8.791635694947504E-010
          42  6.162608626726828E-009
          43  5.349883072502683E-010
          44  9.903595672078227E-010
          45  4.450931609670298E-009
          46  7.339754898606512E-009
          47  7.957808920953724E-009
          48  5.919225803036154E-009
          49  5.188692925790708E-010
          50  3.127545248995475E-009
          51  1.572917617702872E-009
          52  6.260724670413762E-009
          53  2.160362091871384E-010
          54  5.237466391749307E-010
          55  3.538115990430153E-010
          56  4.234938628123936E-010
          57  1.150853925109514E-010
          58  2.144947824550484E-010
          59  1.514868819204997E-010
          60  1.789308997430036E-010
          61  1.839806366774371E-010
          62  8.864875839327179E-010
          63  3.636307151691706E-010
          64  3.651154125748710E-010
          65  3.087336375391391E-010
          66  4.494337360363438E-010
          67  5.866982370620378E-010
          68  8.771367059723362E-010
          69  1.635958263486691E-010
          70  4.857966817616244E-010
          71  1.684791957440883E-010
          72  2.116110259969721E-010
          73  2.177344590861091E-010
          74  4.577246311410238E-010
          75  1.090085320314189E-009
          76  2.878124593920220E-009
          77  5.479386748351895E-009
          78  1.004836935629486E-008
          79  7.875125312092330E-009
          80  3.184898211214481E-008
          81  1.187335544741125E-008
          82  1.032290213554401E-008
          83  4.473556397828638E-009
          84  5.123337885993835E-009
          85  3.413785342002313E-009
          86  3.691857648229898E-009
          87  2.456189227594986E-009
          88  5.858529419288595E-009
          89  2.664434130507460E-009
          90  5.059368848697273E-009
          91  3.410676544443792E-009
          92  2.888378498264334E-009
          93  2.402897982494791E-009
          94  5.567340552654000E-009
          95  2.833446838041218E-009
          96  3.222013095416525E-009
          97  1.414367679383511E-009
          98  1.325353925893467E-009
          99  1.473950442201144E-009
         100  1.307608058659853E-009
         101  9.744618591104140E-010
         102  1.687533450566599E-009
         103  1.616895200218940E-009
         104  1.581331145341499E-009
         105  1.683072396192172E-009
         106  2.185241600504651E-009
         107  1.678711656154419E-009
         108  5.562881515693565E-009
         109  2.473096696139560E-009
         110  6.675523032273656E-009
         111  4.719008766206840E-009
         112  6.227998192864465E-009
         113  3.161469488369481E-009
         114  2.511668271475168E-009
         115  1.326370840810034E-009
         116  1.370485384370806E-009
         117  1.228487696974322E-009
         118  1.305634388485995E-009
         119  4.696871048805083E-010
         120  6.512383415953303E-010
         121  5.282873028611235E-010
         122  7.058126175031280E-010
         123  6.303507411340912E-010
         124  1.839349612373692E-008
         125  7.577654802533872E-008
         126  6.288805700237171E-007
         127  3.269252867273662E-006
         128  2.709180642918362E-005
         129  1.329605884516387E-004
         130  3.211321698598266E-004
         131  1.083078898025399E-003
         132  1.017847385506385E-003
         133  3.421485536392146E-005
         134  8.575845497109942E-005
         135  7.993011883350714E-005
         136  2.107251195395497E-004
         137  1.155314120956702E-004
         138  9.003731676308909E-005
         139  1.428850362250914E-005
         140  3.335484579003401E-005
         141  2.612541415430367E-005
         142  1.000993546095516E-005
         143  1.622622251941405E-006
         144  5.442149984930082E-006
         145  2.477823887943798E-006
         146  1.362106174985164E-005
         147  2.279398453299908E-005
         148  4.158381170197511E-005
         149  2.468481345457926E-005
         150  3.831824564499706E-005
         151  1.718625535743343E-005
         152  3.472713855386285E-005
         153  1.750330097272897E-005
         154  5.248095277392958E-005
         155  2.070369065578746E-005
         156  7.334937947041503E-005
         157  3.180590856420596E-005
         158  5.439974928148107E-005
         159  4.294767569061486E-005
         160  5.295260213628164E-005
         161  2.629386556278526E-005
         162  5.575927442304630E-005
         163  3.268936014148024E-005
         164  9.037521938751290E-005
         165  4.725318063389888E-005
         166  1.496524799534582E-004
         167  3.121140588282620E-005
         168  1.047273391989722E-004
         169  6.129370730098262E-005
         170  3.960182961961402E-005
         171  1.529010843812066E-005
         172  4.225663232436949E-005
         173  2.067224135164515E-005
         174  2.868523214913939E-005
         175  1.609045892947288E-005
         176  2.845701017364406E-005
         177  1.393818007046514E-005
         178  1.446144927167810E-005
         179  6.824484413359461E-006
         180  1.389400817790670E-005
         181  6.366937343107941E-006
         182  1.351195203798622E-005
         183  7.023970345308895E-006
         184  1.275214811364517E-005
         185  4.017886003610410E-006
         186  1.532063173338468E-005
         187  4.395507430634321E-006
         188  1.403978116265302E-005
         189  1.204813914177468E-005
         190  2.526554044685733E-005
         191  2.854358881207610E-005
         192  1.003247303887064E-004
         193  1.306991049713842E-004
         194  3.230997862232485E-004
         195  2.219345860856717E-004
         196  4.189007109766120E-004
         197  2.205894526304212E-004
         198  1.595796730882158E-004
         199  1.290224978103146E-005
         200  2.363417003540397E-006
         201  8.968213441517807E-008
         202  1.136930677555189E-007
         203  2.927120152340996E-008
         204  8.552629578157602E-008
         205  7.187401154508481E-008
         206  2.385776584183238E-006
         207  1.567099862857794E-006
         208  2.638004494630491E-006
         209  1.683514644086073E-006
         226  6.907887625865956E-014
         227  5.221616987217406E-015
         230  3.255340877939014E-012
         231  7.838702873069944E-012
         232  5.988375101485694E-007
         234  1.059911029472615E-011
         235  1.684429040435529E-007
         236  1.757774286755552E-009
         238  1.928889435497803E-007
         240  3.414517119268201E-013
         244  4.168111468405940E-009
