           1  7.493022013865774E-005
           2  6.470609901488105E-012
           3  1.574717819390911E-008
           4  8.165975159990185E-005
           6  5.674563962362780E-015
           7  3.114017005274736E-012
           8  2.708281752318958E-013
           9  1.912633244112939E-009
          10  2.713051082138141E-014
          14  1.812836140571786E-015
          15  1.752306011322199E-012
          16  1.177310153533631E-009
          17  8.850749926787724E-011
          18  4.629582000334423E-010
          19  2.215338025329479E-010
          20  4.518110387188482E-009
          21  7.346015554467352E-010
          22  1.512740792580650E-009
          23  4.807593569128684E-009
          24  1.112637748163174E-008
          25  1.365922379522880E-008
          26  1.224398153368603E-008
          27  2.583966282260902E-009
          28  1.511527735317782E-009
          29  8.281500355952976E-010
          30  2.553605578555493E-009
          31  4.393600026648794E-010
          32  6.415474005271965E-010
          33  7.616997664941427E-010
          34  4.356490455802045E-009
          35  2.944569863833393E-010
          36  1.202153796582906E-009
          37  8.373961035153769E-010
          38  1.124123574761735E-009
          39  2.879522697884526E-010
          40  5.892683960037297E-010
          41  8.564625242834742E-010
          42  5.691241703752744E-009
          43  4.718489359595412E-010
          44  9.741761678330316E-010
          45  4.403258086928469E-009
          46  7.527758306001171E-009
          47  8.268759319714586E-009
          48  6.085310722527698E-009
          49  5.274202350023791E-010
          50  3.102648026525909E-009
          51  1.529463296678684E-009
          52  6.181671539351696E-009
          53  2.244880486652395E-010
          54  5.703832873384259E-010
          55  3.412601643622852E-010
          56  3.751590771268249E-010
          57  9.633159254292359E-011
          58  1.929850292462937E-010
          59  1.337707768677431E-010
          60  1.618268105225478E-010
          61  1.734340972348669E-010
          62  8.112524302714012E-010
          63  3.320876299103291E-010
          64  3.537952008847389E-010
          65  3.027078039232392E-010
          66  4.291131675005480E-010
          67  5.875212772784000E-010
          68  8.397628692337329E-010
          69  1.559377442612284E-010
          70  4.633743189280923E-010
          71  1.599546311762668E-010
          72  1.993630997454378E-010
          73  2.184210924489305E-010
          74  4.431690864804271E-010
          75  1.041825999114346E-009
          76  2.801018937738443E-009
          77  5.581958745378055E-009
          78  1.032473964852690E-008
          79  7.909431314434254E-009
          80  3.092700530439901E-008
          81  1.268070834349220E-008
          82  1.056073085485393E-008
          83  4.371571153222184E-009
          84  4.993095573184402E-009
          85  3.326460811753557E-009
          86  3.580793867542652E-009
          87  2.415618670510215E-009
          88  5.825278281197392E-009
          89  2.675041500253193E-009
          90  5.122470049098147E-009
          91  3.318141323860007E-009
          92  2.793657730607138E-009
          93  2.339854317392017E-009
          94  5.402505567296846E-009
          95  2.741257487597448E-009
          96  3.446550858677097E-009
          97  1.486455390984412E-009
          98  1.366195324149378E-009
          99  1.515489934996890E-009
         100  1.311791855279087E-009
         101  9.910392522331605E-010
         102  1.698445924997421E-009
         103  1.587704137442370E-009
         104  1.511151205586702E-009
         105  1.601791834540445E-009
         106  2.057763586368111E-009
         107  1.618866391670405E-009
         108  5.531954825033538E-009
         109  2.497397982817799E-009
         110  6.969288304221131E-009
         111  4.936518293088633E-009
         112  6.439197384211132E-009
         113  3.208485251058493E-009
         114  2.501399673618555E-009
         115  1.312387768510629E-009
         116  1.351059801320524E-009
         117  1.195154133265469E-009
         118  1.289871232234680E-009
         119  4.954288812428457E-010
         120  7.151742900970007E-010
         121  5.826627796096444E-010
         122  7.501558224822835E-010
         123  6.718887415309792E-010
         124  1.834584223982329E-008
         125  7.955008741868330E-008
         126  6.433680461206886E-007
         127  3.336688263750086E-006
         128  2.768950190964475E-005
         129  1.354191151956839E-004
         130  3.299268473575173E-004
         131  1.062368764623972E-003
         132  1.017896978360277E-003
         133  3.283294488133862E-005
         134  8.260009183300751E-005
         135  8.429680759805488E-005
         136  2.037480212056848E-004
         137  1.087807641683805E-004
         138  8.731855363842893E-005
         139  1.458219882533597E-005
         140  3.414942510553975E-005
         141  2.523567129514287E-005
         142  9.953724091123074E-006
         143  1.748181948676762E-006
         144  7.415187560767103E-006
         145  3.639352262997365E-006
         146  1.430138683333450E-005
         147  1.271144429131510E-005
         148  2.007410914621473E-005
         149  1.380990829026358E-005
         150  2.301543002996234E-005
         151  1.713019016488713E-005
         152  4.401011405608609E-005
         153  1.793469861237189E-005
         154  6.420790806275462E-005
         155  3.169252719555640E-005
         156  6.923899218529080E-005
         157  2.770945579786654E-005
         158  6.623911674877529E-005
         159  4.978548764881303E-005
         160  5.846709337486582E-005
         161  2.527209178812252E-005
         162  6.994831046136837E-005
         163  3.468558396424558E-005
         164  7.450245712707586E-005
         165  4.090443667371629E-005
         166  9.778972475029223E-005
         167  7.836423094508461E-005
         168  1.532118898953200E-004
         169  4.850365659231073E-005
         170  4.688759955138332E-005
         171  2.769412208606375E-005
         172  3.673077169078923E-005
         173  1.980050873270009E-005
         174  3.996266152064782E-005
         175  2.295696046539934E-005
         176  3.921423676745370E-005
         177  1.972562789117359E-005
         178  3.225020195525714E-005
         179  9.158558333748883E-006
         180  1.340293985337194E-005
         181  6.647884278999634E-006
         182  1.438186238379772E-005
         183  7.225283736863489E-006
         184  1.269118663638396E-005
         185  3.985225440955963E-006
         186  1.516672863822324E-005
         187  4.369461912151791E-006
         188  1.418774596326095E-005
         189  1.247232354208693E-005
         190  2.561102104307114E-005
         191  2.921613871911378E-005
         192  1.024194752327871E-004
         193  1.312954334666327E-004
         194  3.140467183534392E-004
         195  2.139262571750082E-004
         196  4.029277380132058E-004
         197  2.056447052526697E-004
         198  1.440807211605391E-004
         199  1.127834125889163E-005
         200  2.078822345039747E-006
         201  8.820839073377549E-008
         202  1.107657226925457E-007
         203  2.633551541725520E-008
         204  7.620012340484222E-008
         205  6.405576899036162E-008
         206  2.192026630359232E-006
         207  1.395395706302420E-006
         208  2.371285225949857E-006
         209  1.540883495930751E-006
         226  6.488898325975506E-014
         227  5.009076232949739E-015
         230  3.057892241072770E-012
         231  7.519636226626723E-012
         232  5.737359539155713E-007
         234  9.956234492111708E-012
         235  1.615866022573257E-007
         236  1.663264142362073E-009
         238  1.811895054882930E-007
         240  3.231426466174222E-013
         244  3.944612149391688E-009
