           1  7.498068354478781E-005
           2  6.470609901488105E-012
           3  1.574717819390911E-008
           4  8.207867448137682E-005
           6  5.674563962362780E-015
           7  3.114017005274736E-012
           8  2.708281752318958E-013
           9  1.912633244112939E-009
          10  2.713051082138141E-014
          14  1.779553757800935E-015
          15  1.725703395613201E-012
          16  1.228085902610899E-009
          17  9.131685256124059E-011
          18  4.437157331818483E-010
          19  1.951813657307450E-010
          20  4.700772112296484E-009
          21  7.701017891763246E-010
          22  1.469605984306361E-009
          23  4.950026743099056E-009
          24  1.140293072038198E-008
          25  1.389096810216475E-008
          26  1.154503896659869E-008
          27  2.514634658020273E-009
          28  1.546250217848568E-009
          29  8.034824601133208E-010
          30  2.528841478313111E-009
          31  4.519929568682670E-010
          32  6.216834914516283E-010
          33  8.214254500425373E-010
          34  4.390224106135419E-009
          35  2.814552579701187E-010
          36  1.088235298752427E-009
          37  7.714517383261983E-010
          38  1.038166579908814E-009
          39  2.960527457492789E-010
          40  6.164482276750122E-010
          41  8.741732368728373E-010
          42  6.091090100797127E-009
          43  5.177225431202525E-010
          44  9.994742164100128E-010
          45  4.538436366009205E-009
          46  7.411377492247197E-009
          47  7.987669600375231E-009
          48  5.885814972147826E-009
          49  5.177520182963842E-010
          50  3.075120680619802E-009
          51  1.538665375444411E-009
          52  6.215095336767625E-009
          53  2.262315787820351E-010
          54  5.655072634840607E-010
          55  3.621544477104757E-010
          56  4.033584887069456E-010
          57  1.075304689139440E-010
          58  1.992322555893087E-010
          59  1.433687539327826E-010
          60  1.742175148441152E-010
          61  1.833785526780513E-010
          62  8.785530153030147E-010
          63  3.549411772360510E-010
          64  3.492892835444288E-010
          65  2.993130462839064E-010
          66  4.393976240852546E-010
          67  5.869457270146700E-010
          68  8.807614704702925E-010
          69  1.616852634145495E-010
          70  4.784662714739213E-010
          71  1.672898696472134E-010
          72  2.103846230636000E-010
          73  2.170224878876582E-010
          74  4.652796160991651E-010
          75  1.117903417306528E-009
          76  2.920858738007936E-009
          77  5.472500224256124E-009
          78  1.014933316743393E-008
          79  7.956594651322844E-009
          80  3.191178829493668E-008
          81  1.198278572091949E-008
          82  1.015779089662587E-008
          83  4.324713924188136E-009
          84  5.063610239955926E-009
          85  3.365404480976229E-009
          86  3.653342372856361E-009
          87  2.526079570796768E-009
          88  5.938805929291210E-009
          89  2.695435972688741E-009
          90  5.180367404231998E-009
          91  3.451806201331787E-009
          92  2.872773475043984E-009
          93  2.377265508906729E-009
          94  5.523416342662027E-009
          95  2.724747405484373E-009
          96  3.107146312769241E-009
          97  1.349944572190666E-009
          98  1.293175161275627E-009
          99  1.474505646698730E-009
         100  1.298150139560733E-009
         101  9.789957192077314E-010
         102  1.696193779124726E-009
         103  1.618928722808400E-009
         104  1.555147869673925E-009
         105  1.684382155238816E-009
         106  2.211403901836473E-009
         107  1.703228926042530E-009
         108  5.711031218216536E-009
         109  2.539158973671949E-009
         110  6.882355125599772E-009
         111  4.789154845581166E-009
         112  6.268479476804026E-009
         113  3.135952604745370E-009
         114  2.458319518878371E-009
         115  1.302004522343123E-009
         116  1.339769498212996E-009
         117  1.161575355021539E-009
         118  1.224557903216676E-009
         119  4.631768987818446E-010
         120  6.477922228964975E-010
         121  5.213694506143381E-010
         122  6.951787787000377E-010
         123  6.312253185563455E-010
         124  1.872035680105359E-008
         125  7.934835327844768E-008
         126  6.555825465361575E-007
         127  3.385045913951626E-006
         128  2.800290024531363E-005
         129  1.366457544746022E-004
         130  3.278414207248533E-004
         131  1.078047487855685E-003
         132  1.002310063958148E-003
         133  3.221408961455371E-005
         134  8.043601334014752E-005
         135  8.083828897017167E-005
         136  2.013829171566985E-004
         137  1.090745714750866E-004
         138  8.924733124556278E-005
         139  1.408878232629684E-005
         140  3.233193350826496E-005
         141  2.441873650948166E-005
         142  9.776842066521774E-006
         143  1.846366465442302E-006
         144  9.288738406390145E-006
         145  5.482131702828008E-006
         146  2.197473041402984E-005
         147  1.622052701717249E-005
         148  2.726785668124279E-005
         149  1.951037348694348E-005
         150  4.886934380419223E-005
         151  2.007849182190856E-005
         152  2.968088788984272E-005
         153  1.393876658009737E-005
         154  2.704769871705702E-005
         155  1.508186095372594E-005
         156  5.429182469747097E-005
         157  2.117810198557814E-005
         158  4.742822431564498E-005
         159  5.524023439867157E-005
         160  7.069004885046321E-005
         161  2.953031874045744E-005
         162  6.396411263281674E-005
         163  3.609391943312647E-005
         164  1.270647684829133E-004
         165  9.455958635636850E-005
         166  9.840878094090520E-005
         167  2.786815227125407E-005
         168  8.102445703109412E-005
         169  3.960558133588956E-005
         170  3.635974601125830E-005
         171  2.526659777059545E-005
         172  1.011338146077846E-004
         173  4.675545470073600E-005
         174  7.762287249522197E-005
         175  3.667493153367312E-005
         176  2.884384124088282E-005
         177  9.859767219718864E-006
         178  1.533107089319743E-005
         179  5.885216367734899E-006
         180  1.098794664174209E-005
         181  5.655441593821634E-006
         182  1.326775843519336E-005
         183  7.250309079555416E-006
         184  1.357673502532817E-005
         185  4.379141941044258E-006
         186  1.729349593281474E-005
         187  4.936427731313788E-006
         188  1.566271931578786E-005
         189  1.351634087375879E-005
         190  2.732102906388349E-005
         191  3.091137015572693E-005
         192  1.056186602732680E-004
         193  1.339535181355327E-004
         194  3.200573213439364E-004
         195  2.097597965840375E-004
         196  3.838416573752600E-004
         197  1.987822322856116E-004
         198  1.408108812571114E-004
         199  1.102900635790738E-005
         200  2.062191300078580E-006
         201  8.481157647072576E-008
         202  1.081120297275196E-007
         203  2.669620735815260E-008
         204  7.858501338925872E-008
         205  6.637540459039625E-008
         206  2.221858047025172E-006
         207  1.449088004978950E-006
         208  2.465827776180936E-006
         209  1.559909530746401E-006
         226  6.619734722680586E-014
         227  4.974459485347418E-015
         230  3.119548870940558E-012
         231  7.467669489205938E-012
         232  5.654534215011085E-007
         234  1.015698318322375E-011
         235  1.604699088060535E-007
         236  1.719565978587007E-009
         238  1.848428501437280E-007
         240  3.344686650639053E-013
         244  4.082869202231654E-009
