           1  7.468299018891993E-005
           2  6.470609901488105E-012
           3  1.574717819390911E-008
           4  8.014221986547176E-005
           6  5.674563962362780E-015
           7  3.114017005274736E-012
           8  2.708281752318958E-013
           9  1.912633244112939E-009
          10  2.713051082138141E-014
          14  1.662421264858060E-015
          15  1.857323319330371E-012
          16  1.200779749988969E-009
          17  8.994318572982689E-011
          18  4.541247414187016E-010
          19  2.074875287962392E-010
          20  4.603357138020281E-009
          21  7.573278992134853E-010
          22  1.464056252062966E-009
          23  4.878133978609323E-009
          24  1.125665035483069E-008
          25  1.373944959167824E-008
          26  1.140570790750948E-008
          27  2.500599442446540E-009
          28  1.601150411779639E-009
          29  8.707214695349310E-010
          30  2.661811671069480E-009
          31  4.780878408431562E-010
          32  6.814933886609814E-010
          33  8.041429767213905E-010
          34  4.357889994892123E-009
          35  2.918515096642389E-010
          36  1.156216082601746E-009
          37  7.093472064027338E-010
          38  9.313615214606479E-010
          39  2.857612160936038E-010
          40  6.536011847241207E-010
          41  9.399693305686390E-010
          42  6.123012150795870E-009
          43  5.186230762418383E-010
          44  9.889660746285942E-010
          45  4.499200673535965E-009
          46  7.345032532141718E-009
          47  8.052383793407709E-009
          48  6.023121730554084E-009
          49  4.712522721373702E-010
          50  3.083592294323755E-009
          51  1.596437795097526E-009
          52  6.301902035993152E-009
          53  2.052732034435249E-010
          54  4.829975477679037E-010
          55  3.207481380004043E-010
          56  4.071980629790783E-010
          57  1.094135241594900E-010
          58  2.011358888029542E-010
          59  1.441717646170933E-010
          60  1.767433457125145E-010
          61  1.868593466509424E-010
          62  8.982424505014691E-010
          63  3.635789963295581E-010
          64  3.610873204403359E-010
          65  3.091234302722703E-010
          66  4.504175388204143E-010
          67  6.022560462386163E-010
          68  8.858750002145589E-010
          69  1.614985263446894E-010
          70  4.722254728387772E-010
          71  1.649910766547018E-010
          72  2.071556058935138E-010
          73  2.186004736566409E-010
          74  4.650247702720008E-010
          75  1.095409198345716E-009
          76  2.884651101840076E-009
          77  5.431785469489308E-009
          78  1.015849148874210E-008
          79  7.897212443757578E-009
          80  3.136604919807150E-008
          81  1.167579336561224E-008
          82  1.016659548972972E-008
          83  4.401452666322225E-009
          84  5.350193089547304E-009
          85  3.473521753075241E-009
          86  3.710249666094891E-009
          87  2.397500441701439E-009
          88  5.627212878029558E-009
          89  2.641262035763884E-009
          90  5.107817433628695E-009
          91  3.306345754354769E-009
          92  2.909781285624043E-009
          93  2.436934212219837E-009
          94  5.440090866749516E-009
          95  2.697099545044342E-009
          96  3.168379872076629E-009
          97  1.373145124565152E-009
          98  1.294798878268428E-009
          99  1.467651924145660E-009
         100  1.290436276583030E-009
         101  9.709916294701464E-010
         102  1.662819606320871E-009
         103  1.573407407917587E-009
         104  1.518794300905514E-009
         105  1.643032945966270E-009
         106  2.143227559703030E-009
         107  1.657942817724674E-009
         108  5.555883837125943E-009
         109  2.475061914299289E-009
         110  6.705243648884384E-009
         111  4.683610413424914E-009
         112  6.115329622628751E-009
         113  3.051390544314259E-009
         114  2.395691025695330E-009
         115  1.269039816800623E-009
         116  1.302060728441948E-009
         117  1.111926547820948E-009
         118  1.179885962576260E-009
         119  4.539915867890096E-010
         120  6.387894893440315E-010
         121  5.165886136950352E-010
         122  6.691786488431371E-010
         123  6.130550723788734E-010
         124  1.693203097129425E-008
         125  7.467340069159912E-008
         126  6.154532291207038E-007
         127  3.218399890854686E-006
         128  2.696193165522727E-005
         129  1.322314199876613E-004
         130  3.219676458964346E-004
         131  1.065893988694485E-003
         132  1.015305965430298E-003
         133  3.508827924065303E-005
         134  8.717852897674225E-005
         135  7.445332073051945E-005
         136  2.042702003261116E-004
         137  1.144582861880763E-004
         138  9.795555350926329E-005
         139  1.410395345190564E-005
         140  3.252024684239127E-005
         141  2.564040262339135E-005
         142  1.010906903966034E-005
         143  1.624527245609988E-006
         144  5.461761696606851E-006
         145  2.009869645890839E-006
         146  7.302684236304255E-006
         147  7.773178691294595E-006
         148  1.100550465909973E-005
         149  8.839900805787316E-006
         150  1.924788774317095E-005
         151  2.149762462677974E-005
         152  5.460713013548746E-005
         153  2.801227916337271E-005
         154  7.472123138110870E-005
         155  2.982913245184433E-005
         156  6.223808294403564E-005
         157  3.566478710516864E-005
         158  5.018307567997503E-005
         159  1.882527432250155E-005
         160  4.797170881524022E-005
         161  3.418222982210739E-005
         162  9.389195607331034E-005
         163  4.490673490527247E-005
         164  1.060538310289601E-004
         165  7.589581124488125E-005
         166  1.103971349993574E-004
         167  3.691803076885515E-005
         168  1.402555828793596E-004
         169  6.019354697046747E-005
         170  5.834749545638553E-005
         171  3.462843679956646E-005
         172  6.175572254948848E-005
         173  2.835583423772861E-005
         174  3.009983128014341E-005
         175  1.500970014362783E-005
         176  1.593275494689101E-005
         177  5.585466560704247E-006
         178  1.953395577649979E-005
         179  5.942735911449047E-006
         180  9.336266484026601E-006
         181  4.818553527602021E-006
         182  1.117715857467186E-005
         183  6.017306882954921E-006
         184  1.120603847668424E-005
         185  3.655103855552061E-006
         186  1.455594763912799E-005
         187  4.135814550787961E-006
         188  1.306855834059319E-005
         189  1.138964156897461E-005
         190  2.353973078597456E-005
         191  2.786430361063680E-005
         192  9.806639915055958E-005
         193  1.269763925897186E-004
         194  3.103440264986310E-004
         195  2.140404854462696E-004
         196  4.092100998400349E-004
         197  2.139564516275541E-004
         198  1.541416323885728E-004
         199  1.212173654269605E-005
         200  2.289673799339252E-006
         201  9.472607851621878E-008
         202  1.221808293706762E-007
         203  3.062591109298158E-008
         204  8.634433721388915E-008
         205  7.040993283781610E-008
         206  2.172623905960187E-006
         207  1.418407304108084E-006
         208  2.393975899955068E-006
         209  1.518027057183478E-006
         226  5.686827422585660E-014
         227  4.340835147495685E-015
         230  2.679916463204911E-012
         231  6.516471243581217E-012
         232  4.981391413892888E-007
         234  8.725577824017176E-012
         235  1.400299715602358E-007
         236  1.462024845727193E-009
         238  1.587932799579894E-007
         240  2.839902743133021E-013
         244  3.466677945766793E-009
