           1  7.423536730809843E-005
           2  6.470609901488105E-012
           3  1.574717819390911E-008
           4  8.073748765186833E-005
           6  5.674563962362780E-015
           7  3.114017005274736E-012
           8  2.708281752318958E-013
           9  1.912633244112939E-009
          10  2.713051082138141E-014
          14  2.232281026636386E-015
          15  2.152711125767474E-012
          16  1.230473907312589E-009
          17  9.165054592196876E-011
          18  4.670722827937586E-010
          19  2.230410787328085E-010
          20  4.520621780797727E-009
          21  7.396130464147306E-010
          22  1.723811431693561E-009
          23  4.772027601387793E-009
          24  1.112104833963862E-008
          25  1.358472134935271E-008
          26  1.250983755756340E-008
          27  2.668951046693276E-009
          28  1.594778247183270E-009
          29  8.829854617481525E-010
          30  2.812793158984649E-009
          31  4.872780304914617E-010
          32  6.200440894160964E-010
          33  7.495555498870443E-010
          34  4.359128278374442E-009
          35  3.057400588949995E-010
          36  1.247360321340360E-009
          37  7.944265772117022E-010
          38  1.051055395948622E-009
          39  2.881796888158322E-010
          40  6.114418512252291E-010
          41  8.893791213435178E-010
          42  5.956472161494012E-009
          43  5.164251800435452E-010
          44  9.635561354651925E-010
          45  4.209393627428706E-009
          46  7.407861087763236E-009
          47  8.290860104741743E-009
          48  6.199124131195031E-009
          49  5.096124083213583E-010
          50  3.148598659105648E-009
          51  1.586347011509803E-009
          52  6.293257847673340E-009
          53  2.125517858217305E-010
          54  5.114109274769502E-010
          55  3.268296551414669E-010
          56  3.874323077533257E-010
          57  1.028812152743157E-010
          58  2.126589959438888E-010
          59  1.455259717984182E-010
          60  1.633433183094186E-010
          61  1.633342432565873E-010
          62  7.840889097311200E-010
          63  3.301252976121240E-010
          64  3.665976823204127E-010
          65  3.128434869994850E-010
          66  4.401371969436622E-010
          67  5.757190866108158E-010
          68  8.331970298628506E-010
          69  1.573897348469427E-010
          70  4.734814917303599E-010
          71  1.628932943906857E-010
          72  2.036190416978036E-010
          73  2.171440428218426E-010
          74  4.212760789603195E-010
          75  9.619096894146821E-010
          76  2.665989413245600E-009
          77  5.499459831339965E-009
          78  1.039687017884431E-008
          79  7.982706189949443E-009
          80  3.183444866314181E-008
          81  1.262536680683822E-008
          82  1.115927214428552E-008
          83  4.824212285385738E-009
          84  5.259731573224740E-009
          85  3.544431639835884E-009
          86  3.814424496057762E-009
          87  2.428426505975290E-009
          88  5.913405859143730E-009
          89  2.723849001225863E-009
          90  5.203072386712682E-009
          91  3.512304324103067E-009
          92  2.898072978322683E-009
          93  2.389638279310192E-009
          94  5.496011571472330E-009
          95  2.911676579929332E-009
          96  3.701663863568894E-009
          97  1.628931678875196E-009
          98  1.483165687266942E-009
          99  1.619012756571510E-009
         100  1.422438471621947E-009
         101  1.047290923889177E-009
         102  1.788215641872996E-009
         103  1.683247977651630E-009
         104  1.642047682193972E-009
         105  1.715386226459013E-009
         106  2.141609098598841E-009
         107  1.643611687162544E-009
         108  5.555654798634615E-009
         109  2.515755327466389E-009
         110  7.075091799976468E-009
         111  5.098146125907000E-009
         112  6.837555334823004E-009
         113  3.486159859189408E-009
         114  2.784773967105571E-009
         115  1.460196753300888E-009
         116  1.514521731529894E-009
         117  1.339828314611077E-009
         118  1.457366665044697E-009
         119  5.529451293243692E-010
         120  7.888741239262760E-010
         121  6.476811113914248E-010
         122  8.093270405504893E-010
         123  7.216757371532799E-010
         124  1.763526849422867E-008
         125  7.829058264476785E-008
         126  6.351211379974701E-007
         127  3.245856299368058E-006
         128  2.683882458641932E-005
         129  1.339292952779748E-004
         130  3.352091320708223E-004
         131  1.105772276628567E-003
         132  1.054580887767155E-003
         133  3.344426413782907E-005
         134  8.366927157519641E-005
         135  8.487455191680605E-005
         136  2.213911823349368E-004
         137  1.191769614078117E-004
         138  8.515394371240144E-005
         139  1.443462582970025E-005
         140  3.316992627634890E-005
         141  2.403162458782619E-005
         142  9.402962542133381E-006
         143  1.641998780525717E-006
         144  7.119849305442346E-006
         145  3.155950011354279E-006
         146  1.056007067474585E-005
         147  7.074080225124194E-006
         148  1.919774498257560E-005
         149  1.586009560437363E-005
         150  3.899442273602307E-005
         151  2.320522338529744E-005
         152  6.783170481284079E-005
         153  3.227661245419692E-005
         154  3.219683623255437E-005
         155  9.995305188270119E-006
         156  1.883797835591450E-005
         157  1.029307457987944E-005
         158  2.487453179742061E-005
         159  1.930190391022044E-005
         160  6.640892398850939E-005
         161  4.055513594833010E-005
         162  8.989493372153419E-005
         163  4.366676757565573E-005
         164  1.174125301618131E-004
         165  5.459905971319364E-005
         166  1.381011163630782E-004
         167  2.771569374814928E-005
         168  3.539279339014513E-005
         169  2.625072562118091E-005
         170  2.944033984339543E-005
         171  1.950100432575657E-005
         172  3.440840326743224E-005
         173  2.361600302281189E-005
         174  5.762849011384843E-005
         175  3.130717576838391E-005
         176  2.823585192754722E-005
         177  8.418070374753018E-006
         178  1.282989664084187E-005
         179  8.056497842954375E-006
         180  1.703825573907495E-005
         181  7.416844410813880E-006
         182  1.441354909369382E-005
         183  7.011713170465086E-006
         184  1.208027414245967E-005
         185  3.722900961335894E-006
         186  1.364840834250521E-005
         187  4.023529445762668E-006
         188  1.338705878846022E-005
         189  1.157035585097897E-005
         190  2.450035497128161E-005
         191  2.750560858422090E-005
         192  9.901370031080892E-005
         193  1.306909251132404E-004
         194  3.255664793478061E-004
         195  2.304542114869620E-004
         196  4.446905818830214E-004
         197  2.327395181469736E-004
         198  1.682318055845564E-004
         199  1.359473539785096E-005
         200  2.399770070269670E-006
         201  8.858499375971205E-008
         202  1.057159521183884E-007
         203  2.556828746323903E-008
         204  8.616192045500604E-008
         205  7.532740788860833E-008
         206  2.191533865840256E-006
         207  1.434735865112241E-006
         208  2.368288171775410E-006
         209  1.521984464438210E-006
         226  6.067036614514327E-014
         227  4.728931055780946E-015
         230  2.859089980738557E-012
         231  7.099081672256785E-012
         232  5.501014198051522E-007
         234  9.308951407749366E-012
         235  1.525494654256459E-007
         236  1.512710747819837E-009
         238  1.694098610796091E-007
         240  2.933837893270340E-013
         244  3.581344870224242E-009
