           1  7.416997723311638E-005
           2  6.470609901488105E-012
           3  1.574717819390911E-008
           4  8.170117259811973E-005
           6  5.674563962362780E-015
           7  3.114017005274736E-012
           8  2.708281752318958E-013
           9  1.912633244112939E-009
          10  2.713051082138141E-014
          14  1.987962578950122E-015
          15  2.185624604395178E-012
          16  1.233742882861109E-009
          17  9.181621580434319E-011
          18  4.493167292825542E-010
          19  1.996879995833580E-010
          20  4.636218598018626E-009
          21  7.538264826488349E-010
          22  1.592891190450853E-009
          23  4.867793295778620E-009
          24  1.127432592845497E-008
          25  1.381126422056441E-008
          26  1.170338468463895E-008
          27  2.510672140111766E-009
          28  1.608435481827908E-009
          29  8.948922714001985E-010
          30  2.824154198758751E-009
          31  4.989983250800189E-010
          32  6.210919852022535E-010
          33  8.171949427890754E-010
          34  4.297723810056847E-009
          35  3.002812900590714E-010
          36  1.212777596920605E-009
          37  7.434346811711804E-010
          38  9.807141003910675E-010
          39  2.992836713861015E-010
          40  6.439249526916756E-010
          41  9.126639879169766E-010
          42  6.235847623799769E-009
          43  5.484777779250420E-010
          44  1.014176051479985E-009
          45  4.463988053506762E-009
          46  7.327900729694790E-009
          47  7.946222447064268E-009
          48  5.922991936356639E-009
          49  5.043665344739455E-010
          50  3.131995837764022E-009
          51  1.596593344680637E-009
          52  6.391814506010655E-009
          53  2.155430367383429E-010
          54  5.104686867211498E-010
          55  3.390367243340950E-010
          56  4.321439040616496E-010
          57  1.184501500100267E-010
          58  2.297410524684773E-010
          59  1.608660624455393E-010
          60  1.852012858533236E-010
          61  1.841594963448014E-010
          62  8.775124547306922E-010
          63  3.631135352845689E-010
          64  3.755434509898312E-010
          65  3.186486160047655E-010
          66  4.603716040491974E-010
          67  5.829047671732514E-010
          68  8.484770247586860E-010
          69  1.584446857019033E-010
          70  4.726498952368462E-010
          71  1.651136235739578E-010
          72  2.127728025460532E-010
          73  2.271443752138191E-010
          74  4.583502227232492E-010
          75  1.057201765046956E-009
          76  2.800995096663611E-009
          77  5.489221960699612E-009
          78  1.006860393574109E-008
          79  7.918212916069810E-009
          80  3.186603146850066E-008
          81  1.196836276856157E-008
          82  1.071066903917597E-008
          83  4.717833446310747E-009
          84  5.302027209721266E-009
          85  3.564015895450981E-009
          86  3.854680525650928E-009
          87  2.499699809154227E-009
          88  5.936839676914612E-009
          89  2.658895272208943E-009
          90  5.031071298771947E-009
          91  3.522804718818114E-009
          92  3.017420944840112E-009
          93  2.465443880533918E-009
          94  5.490012311424972E-009
          95  2.859750986362862E-009
          96  3.423221944565148E-009
          97  1.512061349698804E-009
          98  1.409543953031948E-009
          99  1.559134477674616E-009
         100  1.383325853139859E-009
         101  1.012334109016287E-009
         102  1.752974152405943E-009
         103  1.675553204962474E-009
         104  1.648959022015941E-009
         105  1.758226618665223E-009
         106  2.252209193171492E-009
         107  1.710559962970175E-009
         108  5.688262208838562E-009
         109  2.526552966847196E-009
         110  6.784250623302463E-009
         111  4.814614871393227E-009
         112  6.371396087361105E-009
         113  3.239819060807204E-009
         114  2.580096292931049E-009
         115  1.354691579765379E-009
         116  1.402302156936724E-009
         117  1.257777233425900E-009
         118  1.344648839451154E-009
         119  4.870772934095996E-010
         120  6.818481297905072E-010
         121  5.578335110968017E-010
         122  7.184239132615697E-010
         123  6.571609012481449E-010
         124  1.746784079244041E-008
         125  7.794198546544239E-008
         126  6.434894704124128E-007
         127  3.307898287474116E-006
         128  2.728608598561656E-005
         129  1.339377784448302E-004
         130  3.228805174832927E-004
         131  1.100309674189633E-003
         132  1.042693042154468E-003
         133  3.506461503348604E-005
         134  8.752225789099126E-005
         135  8.037464353299691E-005
         136  2.237208721367246E-004
         137  1.236386900699824E-004
         138  9.255596637488288E-005
         139  1.478956495759938E-005
         140  3.380787460323064E-005
         141  2.583170017979994E-005
         142  9.768361254637346E-006
         143  1.557196326881336E-006
         144  5.277452093570686E-006
         145  1.950711309162141E-006
         146  8.421742426227398E-006
         147  1.254979250805893E-005
         148  2.354750933711094E-005
         149  1.702026722377049E-005
         150  6.822834300887431E-005
         151  2.712524987639411E-005
         152  4.893417052823508E-005
         153  2.996768849562884E-005
         154  3.435898972555882E-005
         155  1.065618636187719E-005
         156  2.115597475041025E-005
         157  1.439575093564230E-005
         158  4.154373109907596E-005
         159  3.191238396264955E-005
         160  6.159785549669473E-005
         161  2.558249888376723E-005
         162  5.461315777001949E-005
         163  5.358260162304946E-005
         164  1.135763878944149E-004
         165  6.464787903158253E-005
         166  1.111269162970291E-004
         167  2.680501368857423E-005
         168  7.521527035082890E-005
         169  2.762410123506535E-005
         170  2.094841990263072E-005
         171  1.249830665745365E-005
         172  2.948018914552791E-005
         173  2.464204322633139E-005
         174  5.677581571522513E-005
         175  2.414380443600784E-005
         176  3.516696144275508E-005
         177  1.565977242228410E-005
         178  1.506896021039540E-005
         179  6.619212182240625E-006
         180  1.286295583401871E-005
         181  5.899972701180384E-006
         182  1.252130044780492E-005
         183  6.516370825491324E-006
         184  1.185667883258958E-005
         185  3.776956889038623E-006
         186  1.452629561287087E-005
         187  4.272195499469212E-006
         188  1.407665247377805E-005
         189  1.205841051145664E-005
         190  2.537043305805755E-005
         191  2.818504504920120E-005
         192  1.005084935723495E-004
         193  1.330043848780764E-004
         194  3.332003453340298E-004
         195  2.297315550524132E-004
         196  4.340588601371048E-004
         197  2.298220965751775E-004
         198  1.675246215155529E-004
         199  1.369645175470501E-005
         200  2.460953573789161E-006
         201  8.895680009530045E-008
         202  1.101699819371856E-007
         203  2.838821359743697E-008
         204  8.774536501690325E-008
         205  7.514196977250291E-008
         206  2.304704061677083E-006
         207  1.534198254030179E-006
         208  2.537289608046638E-006
         209  1.606722426442743E-006
         226  6.043642266111719E-014
         227  4.648918285000409E-015
         230  2.848065398001775E-012
         231  6.978966325279965E-012
         232  5.460804398179420E-007
         234  9.273056313268668E-012
         235  1.499683524286877E-007
         236  1.487234530188077E-009
         238  1.687566206980606E-007
         240  2.884279535218239E-013
         244  3.520848831300705E-009
