           1  7.448418195851549E-005
           2  6.470609901488105E-012
           3  1.574717819390911E-008
           4  8.086593895652136E-005
           6  5.674563962362780E-015
           7  3.114017005274736E-012
           8  2.708281752318958E-013
           9  1.912633244112939E-009
          10  2.713051082138141E-014
          14  2.050620677068094E-015
          15  2.025133692458106E-012
          16  1.245126455430849E-009
          17  9.238735186754180E-011
          18  4.587537766046205E-010
          19  2.125934208646557E-010
          20  4.608194427097786E-009
          21  7.589455822851033E-010
          22  1.638755183852455E-009
          23  4.861429098188129E-009
          24  1.127348892105352E-008
          25  1.369058214014661E-008
          26  1.207299734740206E-008
          27  2.599761570352615E-009
          28  1.595886399913572E-009
          29  8.616194388588636E-010
          30  2.735546269108105E-009
          31  4.740169885753722E-010
          32  6.401698119688060E-010
          33  7.874942659745731E-010
          34  4.406743152581946E-009
          35  2.932372808887644E-010
          36  1.173114572319997E-009
          37  7.547738435273764E-010
          38  1.003149293366603E-009
          39  2.847588607007032E-010
          40  6.200640171470901E-010
          41  9.052178379041482E-010
          42  6.113581321580634E-009
          43  5.113527329018204E-010
          44  9.675637408307882E-010
          45  4.314385792202639E-009
          46  7.378887442816814E-009
          47  8.199327118547644E-009
          48  6.108778146122501E-009
          49  4.918608129869961E-010
          50  3.114830171685585E-009
          51  1.579962992242858E-009
          52  6.268681098393712E-009
          53  2.090634410531311E-010
          54  5.075404641072600E-010
          55  3.356844240616313E-010
          56  3.981967066217744E-010
          57  1.035904844876119E-010
          58  2.059083960128602E-010
          59  1.430225966054843E-010
          60  1.647054442392728E-010
          61  1.731085437964199E-010
          62  8.351627716716111E-010
          63  3.409829534148737E-010
          64  3.616747513856451E-010
          65  3.097084380933844E-010
          66  4.344142127759168E-010
          67  5.882374450499409E-010
          68  8.629842822860938E-010
          69  1.606266479054258E-010
          70  4.835894146578408E-010
          71  1.663596825907354E-010
          72  2.024677849572185E-010
          73  2.129059530652948E-010
          74  4.328841758017739E-010
          75  1.020132340443088E-009
          76  2.766187172787411E-009
          77  5.454184409886856E-009
          78  1.033730900810384E-008
          79  8.006127351065730E-009
          80  3.220718457253463E-008
          81  1.212816160105826E-008
          82  1.066323546772920E-008
          83  4.625482882518245E-009
          84  5.316141445461536E-009
          85  3.542014453356146E-009
          86  3.798043013088933E-009
          87  2.434321260877441E-009
          88  5.888542886669316E-009
          89  2.749858791177377E-009
          90  5.350809608953606E-009
          91  3.481038311721462E-009
          92  2.884518861053073E-009
          93  2.416803039212551E-009
          94  5.656590636180526E-009
          95  2.855447968614893E-009
          96  3.473032522722355E-009
          97  1.494908444254211E-009
          98  1.371661322684926E-009
          99  1.533912289790999E-009
         100  1.338536617932059E-009
         101  1.010261820008473E-009
         102  1.761504996152643E-009
         103  1.660467584061156E-009
         104  1.609765219039227E-009
         105  1.717122092487404E-009
         106  2.176409563922148E-009
         107  1.686616852375696E-009
         108  5.690101328936036E-009
         109  2.548468055204449E-009
         110  7.075698345699246E-009
         111  5.023723099756931E-009
         112  6.629706464327125E-009
         113  3.313685716067122E-009
         114  2.603648204002153E-009
         115  1.365448326743765E-009
         116  1.418489933170969E-009
         117  1.262620340927462E-009
         118  1.359005013695838E-009
         119  5.116256845135218E-010
         120  7.293139640315768E-010
         121  5.914813884045068E-010
         122  7.483353209713818E-010
         123  6.808871090632185E-010
         124  1.830507869444022E-008
         125  8.202554677678239E-008
         126  6.605728746226543E-007
         127  3.379523175508849E-006
         128  2.785980782897206E-005
         129  1.368465047692102E-004
         130  3.359196090594765E-004
         131  1.095968187147847E-003
         132  1.037594043030786E-003
         133  3.322966748491463E-005
         134  8.277709679173317E-005
         135  8.186194381950444E-005
         136  2.132655044943880E-004
         137  1.158697279938914E-004
         138  8.924382090303793E-005
         139  1.439849317464027E-005
         140  3.309924504601223E-005
         141  2.484312797986986E-005
         142  9.818612180066720E-006
         143  1.606086704316925E-006
         144  5.629977882529883E-006
         145  2.175264879904509E-006
         146  9.966933788555891E-006
         147  1.493272591190478E-005
         148  2.567670783492977E-005
         149  1.579999602347138E-005
         150  4.667452336132254E-005
         151  1.772143233202261E-005
         152  2.497004798234344E-005
         153  1.220005308197732E-005
         154  1.837164565020243E-005
         155  9.350104690176826E-006
         156  3.456483109057531E-005
         157  2.105783888637013E-005
         158  5.507379093403393E-005
         159  2.817938708702076E-005
         160  7.889446885495916E-005
         161  4.526238318362432E-005
         162  7.390626513015956E-005
         163  4.502372918725397E-005
         164  9.515774346867365E-005
         165  5.962869312936991E-005
         166  1.917750743297271E-004
         167  3.972040777957627E-005
         168  8.245581392825546E-005
         169  2.693548382765810E-005
         170  3.624488205250770E-005
         171  2.659334676048480E-005
         172  3.374043935169430E-005
         173  1.743623338902160E-005
         174  2.968490443480691E-005
         175  1.619648257742580E-005
         176  2.647764755743409E-005
         177  1.395432862845448E-005
         178  1.808409533079573E-005
         179  7.114618467793735E-006
         180  1.232150777005929E-005
         181  5.910217203482169E-006
         182  1.267705525079286E-005
         183  6.516122249865734E-006
         184  1.173523310374376E-005
         185  3.747791218151845E-006
         186  1.446775975327725E-005
         187  4.212904671381707E-006
         188  1.387371968858972E-005
         189  1.225269762336453E-005
         190  2.550281544576912E-005
         191  2.946553753265597E-005
         192  1.042121954161782E-004
         193  1.342153066647368E-004
         194  3.252600816315679E-004
         195  2.247220997522227E-004
         196  4.291486564757815E-004
         197  2.211042761018255E-004
         198  1.575923804192596E-004
         199  1.238634404191790E-005
         200  2.242600875262390E-006
         201  8.912122046280185E-008
         202  1.100737544267809E-007
         203  2.668967939033898E-008
         204  8.783442930670575E-008
         205  7.582121005155283E-008
         206  2.209325344223282E-006
         207  1.448002012971455E-006
         208  2.419030319444631E-006
         209  1.528351813535082E-006
         226  5.993064880436880E-014
         227  4.658464216170820E-015
         230  2.824230813537765E-012
         231  6.993296698088773E-012
         232  5.326390247542395E-007
         234  9.195452953425460E-012
         235  1.502762923584221E-007
         236  1.538895911469221E-009
         238  1.673443483770983E-007
         240  2.988827823374630E-013
         244  3.648471245728739E-009
