           1  7.388432118004882E-005
           2  6.470609901488105E-012
           3  1.574717819390911E-008
           4  8.334091903059944E-005
           6  5.674563962362780E-015
           7  3.114017005274736E-012
           8  2.708281752318958E-013
           9  1.912633244112939E-009
          10  2.713051082138141E-014
          14  2.541464965138972E-015
          15  2.347736103422663E-012
          16  1.225179037937842E-009
          17  9.133196138097571E-011
          18  4.710864982796244E-010
          19  2.283755188863632E-010
          20  4.514300577346032E-009
          21  7.269774962360074E-010
          22  1.710062372726622E-009
          23  4.768832578604564E-009
          24  1.110340110578471E-008
          25  1.365408961627273E-008
          26  1.288642248441488E-008
          27  2.631558263402483E-009
          28  1.559939468500080E-009
          29  9.011810406109231E-010
          30  2.842898343061101E-009
          31  4.695349949976012E-010
          32  6.220740500415087E-010
          33  7.612966068752739E-010
          34  4.302182647564662E-009
          35  3.039931152408514E-010
          36  1.281358429841428E-009
          37  8.556744310499757E-010
          38  1.154639364321515E-009
          39  3.020039941993139E-010
          40  6.070269675940707E-010
          41  8.791167542782778E-010
          42  5.786416138240219E-009
          43  4.860536924256564E-010
          44  9.800221034719708E-010
          45  4.271703161950491E-009
          46  7.482948942780350E-009
          47  8.277581576401965E-009
          48  6.126386838361973E-009
          49  5.364560758859688E-010
          50  3.173021881457909E-009
          51  1.562281394693088E-009
          52  6.409204264846072E-009
          53  2.233583978721673E-010
          54  5.554216405685360E-010
          55  3.376951629294003E-010
          56  3.877039852128444E-010
          57  9.868000910451820E-011
          58  2.200165819942734E-010
          59  1.461563389844364E-010
          60  1.628337879080958E-010
          61  1.676131768391014E-010
          62  7.780183356021031E-010
          63  3.241976499093928E-010
          64  3.728347979994579E-010
          65  3.157539186907509E-010
          66  4.287553354681941E-010
          67  5.682859556425666E-010
          68  7.926797515980950E-010
          69  1.514333032840290E-010
          70  4.611896019190763E-010
          71  1.576657101971572E-010
          72  1.962302937999742E-010
          73  2.198001028859888E-010
          74  4.145575196835744E-010
          75  9.528216345121427E-010
          76  2.642419549757273E-009
          77  5.627237924986183E-009
          78  1.035846583624489E-008
          79  7.978199190412589E-009
          80  3.161143537976239E-008
          81  1.304845445845691E-008
          82  1.163034339039327E-008
          83  5.012568105461059E-009
          84  5.185438914720635E-009
          85  3.543908546233212E-009
          86  3.826199516993329E-009
          87  2.479440675348937E-009
          88  6.156679294932745E-009
          89  2.758379564830732E-009
          90  5.241177990787693E-009
          91  3.559431643141134E-009
          92  2.924364558482465E-009
          93  2.424399896458142E-009
          94  5.613769643698457E-009
          95  3.012127887394034E-009
          96  4.044913097687155E-009
          97  1.749801428471974E-009
          98  1.545117454224322E-009
          99  1.675125902963674E-009
         100  1.454697799035231E-009
         101  1.071963693200821E-009
         102  1.871449132229232E-009
         103  1.735207764340321E-009
         104  1.684240452714476E-009
         105  1.759353801345873E-009
         106  2.170883793417682E-009
         107  1.687704131953626E-009
         108  5.824350933786184E-009
         109  2.622036535929062E-009
         110  7.328203803479749E-009
         111  5.330682757744323E-009
         112  7.082752426880247E-009
         113  3.557792657183487E-009
         114  2.791734756741890E-009
         115  1.446134538881786E-009
         116  1.522734626775981E-009
         117  1.470249235035594E-009
         118  1.624301714221495E-009
         119  5.721826761340955E-010
         120  8.296599474906161E-010
         121  6.863940082153381E-010
         122  8.532384918584351E-010
         123  7.623452993004349E-010
         124  1.928498817494475E-008
         125  8.727651958325843E-008
         126  6.899603555810604E-007
         127  3.474491541542918E-006
         128  2.815637344865105E-005
         129  1.381334631465096E-004
         130  3.377625152077673E-004
         131  1.107468256977254E-003
         132  1.074879745027427E-003
         133  3.397796206233017E-005
         134  8.599556519231858E-005
         135  9.284308315359971E-005
         136  2.358208958446044E-004
         137  1.246232538483151E-004
         138  8.121180120923305E-005
         139  1.507565478458539E-005
         140  3.468663703424120E-005
         141  2.481184057289643E-005
         142  9.602908862838390E-006
         143  1.756784183339734E-006
         144  8.449630502268530E-006
         145  4.146523390523108E-006
         146  1.463721584776461E-005
         147  1.036489342201629E-005
         148  8.512140902220273E-006
         149  5.133885948596355E-006
         150  2.580890533091850E-005
         151  1.457907829049916E-005
         152  2.335864049825894E-005
         153  1.100161921547472E-005
         154  4.732350258678947E-005
         155  2.595572772326596E-005
         156  2.900322343260045E-005
         157  1.310138623403317E-005
         158  3.378642525056104E-005
         159  1.753964512264346E-005
         160  4.107393865193897E-005
         161  2.617589130002700E-005
         162  1.334736822807152E-004
         163  5.212812204017059E-005
         164  8.488481869572736E-005
         165  5.218822751077771E-005
         166  5.329699198882528E-005
         167  1.859817595375227E-005
         168  9.628469793066906E-005
         169  3.647204891113553E-005
         170  3.948549047732244E-005
         171  2.134602960379867E-005
         172  3.588011178088389E-005
         173  2.333468029822756E-005
         174  4.424494923629506E-005
         175  2.590703708729056E-005
         176  2.801157025970995E-005
         177  1.077141743815564E-005
         178  1.804755658327235E-005
         179  9.792197407480654E-006
         180  1.797672144307432E-005
         181  7.616544077307902E-006
         182  1.417697120850652E-005
         183  6.771742319647576E-006
         184  1.157329427485255E-005
         185  3.615082850972136E-006
         186  1.329182502604288E-005
         187  3.993925357189196E-006
         188  1.384356008909815E-005
         189  1.216293148008030E-005
         190  2.566782627796455E-005
         191  2.816753614382632E-005
         192  1.027625318981457E-004
         193  1.354467951160277E-004
         194  3.338582306349604E-004
         195  2.355552234433925E-004
         196  4.523575500894896E-004
         197  2.323330663671496E-004
         198  1.658367042584861E-004
         199  1.345507657161905E-005
         200  2.325544183310493E-006
         201  8.577254879335152E-008
         202  1.010870339530255E-007
         203  2.417400616761933E-008
         204  8.305328214371988E-008
         205  7.395968881175757E-008
         206  2.368671204505770E-006
         207  1.531310425518129E-006
         208  2.536542860983469E-006
         209  1.645242462029350E-006
         226  6.699475842742179E-014
         227  5.325254140941310E-015
         230  3.157126860312759E-012
         231  7.994283195533480E-012
         232  6.220069642539945E-007
         234  1.027933388901595E-011
         235  1.717861104071750E-007
         236  1.657522421215336E-009
         238  1.870694614088806E-007
         240  3.212777329501630E-013
         244  3.921847091339333E-009
