           1  7.462783678502460E-005
           2  6.470609901488105E-012
           3  1.574717819390911E-008
           4  8.270955185662162E-005
           6  5.674563962362780E-015
           7  3.114017005274736E-012
           8  2.708281752318958E-013
           9  1.912633244112939E-009
          10  2.713051082138141E-014
          14  2.035675190416412E-015
          15  1.912244189856585E-012
          16  1.220794990192269E-009
          17  9.110267833348916E-011
          18  4.646989590243875E-010
          19  2.207564321272579E-010
          20  4.549115498344699E-009
          21  7.537770604199784E-010
          22  1.630075199503738E-009
          23  4.813193322456654E-009
          24  1.118404292173742E-008
          25  1.359994102441109E-008
          26  1.227823910920094E-008
          27  2.736302988950285E-009
          28  1.604791712175483E-009
          29  8.414549354101889E-010
          30  2.661173447975800E-009
          31  4.861937373975135E-010
          32  6.357771364540060E-010
          33  7.287682465239621E-010
          34  4.352843053739491E-009
          35  3.054362132421378E-010
          36  1.214015945409660E-009
          37  8.038102836571126E-010
          38  1.056462979088835E-009
          39  2.911425976739922E-010
          40  6.067055331687845E-010
          41  8.655280761606605E-010
          42  5.869770240261900E-009
          43  5.192036639505119E-010
          44  9.449913027371039E-010
          45  4.220214136000043E-009
          46  7.419911205857026E-009
          47  8.324415930529424E-009
          48  6.239498242716221E-009
          49  5.133304301288144E-010
          50  3.134299313230808E-009
          51  1.583651112754950E-009
          52  6.203769294710111E-009
          53  2.118292303832856E-010
          54  5.027832646289508E-010
          55  3.257896793799839E-010
          56  3.838701423659740E-010
          57  1.050127833874880E-010
          58  1.947392367972267E-010
          59  1.386519321671105E-010
          60  1.631715798418939E-010
          61  1.630064747885830E-010
          62  8.017389520046371E-010
          63  3.352496869988784E-010
          64  3.485660004552949E-010
          65  2.991787905083839E-010
          66  4.413219500580633E-010
          67  5.794915254193293E-010
          68  8.681728338842040E-010
          69  1.603282896715863E-010
          70  4.698509172175924E-010
          71  1.638467707921645E-010
          72  2.069206216994331E-010
          73  2.113023598976266E-010
          74  4.306596893138737E-010
          75  9.845006239730801E-010
          76  2.718129721109382E-009
          77  5.418457992430289E-009
          78  1.041333245842973E-008
          79  7.952847302897292E-009
          80  3.160801144230709E-008
          81  1.263494359909652E-008
          82  1.091678329768451E-008
          83  4.655134209414549E-009
          84  5.226708440867937E-009
          85  3.438952306490573E-009
          86  3.705318315715520E-009
          87  2.431396286047252E-009
          88  5.812596327510958E-009
          89  2.704775907979621E-009
          90  5.144270351411067E-009
          91  3.424447554087092E-009
          92  2.885101552538046E-009
          93  2.390370485299956E-009
          94  5.490264285111166E-009
          95  2.840358647720896E-009
          96  3.411111369254868E-009
          97  1.511455826147902E-009
          98  1.418474381865627E-009
          99  1.580278375726457E-009
         100  1.407371416862403E-009
         101  1.035049254925190E-009
         102  1.723453051955323E-009
         103  1.626959793640805E-009
         104  1.572055893888962E-009
         105  1.651856443529318E-009
         106  2.116654881441441E-009
         107  1.616561680954748E-009
         108  5.413667155936743E-009
         109  2.451501578817136E-009
         110  6.950775887780263E-009
         111  4.949247765055187E-009
         112  6.685565490123162E-009
         113  3.440848129478032E-009
         114  2.775053781980665E-009
         115  1.477671171915122E-009
         116  1.544746317999427E-009
         117  1.354040790802119E-009
         118  1.449830961250183E-009
         119  5.434667699582644E-010
         120  7.575954098078107E-010
         121  6.168761324723107E-010
         122  8.028382675847979E-010
         123  6.943927110448291E-010
         124  1.762135033723252E-008
         125  7.046461391801009E-008
         126  5.863924863580847E-007
         127  3.029938468324451E-006
         128  2.543578941827456E-005
         129  1.294305997594339E-004
         130  3.319664782958735E-004
         131  1.098202143991215E-003
         132  1.037713728718953E-003
         133  3.303574103507040E-005
         134  8.241490165821843E-005
         135  8.233587883261282E-005
         136  2.098635139297458E-004
         137  1.129529561901554E-004
         138  8.455021971714824E-005
         139  1.422658445882609E-005
         140  3.364614417398659E-005
         141  2.528280530257233E-005
         142  9.901158848050816E-006
         143  1.608451714032672E-006
         144  5.552529586871872E-006
         145  1.945818349945939E-006
         146  7.462465973361241E-006
         147  9.906907089808619E-006
         148  1.147677986211146E-005
         149  8.337470590545488E-006
         150  6.353818388804222E-005
         151  2.372646402532047E-005
         152  3.371942073589567E-005
         153  1.809309499433456E-005
         154  4.373613805035076E-005
         155  2.320447906287397E-005
         156  3.215359417855912E-005
         157  1.573596776754483E-005
         158  3.862338129494433E-005
         159  2.998009972110999E-005
         160  9.151815918748274E-005
         161  3.833592488100345E-005
         162  5.006371098935428E-005
         163  2.775538892664486E-005
         164  8.458548868837788E-005
         165  8.447176686176240E-005
         166  1.119713463015336E-004
         167  5.272900869420436E-005
         168  1.529374445605684E-004
         169  7.572992747363485E-005
         170  4.015239070348803E-005
         171  1.225456183567389E-005
         172  4.091233156352003E-005
         173  1.704341372112781E-005
         174  2.477460298057877E-005
         175  1.841106744030927E-005
         176  1.977288137265045E-005
         177  9.816883412166492E-006
         178  2.797560546555217E-005
         179  1.102507252479225E-005
         180  1.676702737663689E-005
         181  7.415861500440562E-006
         182  1.493736596490131E-005
         183  7.392843809797934E-006
         184  1.281554220907247E-005
         185  3.944067296627801E-006
         186  1.457291649378107E-005
         187  4.166965609718200E-006
         188  1.306595903317308E-005
         189  1.105004084270080E-005
         190  2.320389649578231E-005
         191  2.679878420505646E-005
         192  9.464619914041915E-005
         193  1.238530443178768E-004
         194  3.091424782546997E-004
         195  2.185737305071389E-004
         196  4.227096870093724E-004
         197  2.252803876256238E-004
         198  1.661512095089615E-004
         199  1.339431285748809E-005
         200  2.443408129034804E-006
         201  9.315796725808147E-008
         202  1.121858180847869E-007
         203  2.689739700827662E-008
         204  8.825019362890522E-008
         205  7.644542973025962E-008
         206  2.327423989892693E-006
         207  1.510966947604464E-006
         208  2.531460523061547E-006
         209  1.634623547904569E-006
         226  7.041796782748570E-014
         227  5.353428197274886E-015
         230  3.318445545521918E-012
         231  8.036578150691752E-012
         232  6.153190117934243E-007
         234  1.080457367226549E-011
         235  1.726949706087432E-007
         236  1.762840336247182E-009
         238  1.966280888864839E-007
         240  3.421855164153098E-013
         244  4.177069042192235E-009
