           1  7.454711443567134E-005
           2  6.470609901488105E-012
           3  1.574717819390911E-008
           4  8.098243381511966E-005
           6  5.674563962362780E-015
           7  3.114017005274736E-012
           8  2.708281752318958E-013
           9  1.912633244112939E-009
          10  2.713051082138141E-014
          14  1.873702893006039E-015
          15  1.960548315200754E-012
          16  1.238142569507446E-009
          17  9.206942565748563E-011
          18  4.493663760784885E-010
          19  2.001456587213819E-010
          20  4.554083325194130E-009
          21  7.520050274452043E-010
          22  1.751800688728721E-009
          23  4.779508603056074E-009
          24  1.115062331611223E-008
          25  1.357335020875827E-008
          26  1.183680043782461E-008
          27  2.620031240799851E-009
          28  1.638802187505272E-009
          29  8.872077810799257E-010
          30  2.866757183907870E-009
          31  5.183637195278673E-010
          32  5.918489263698070E-010
          33  7.681513546478527E-010
          34  4.351578688495156E-009
          35  3.012888878683468E-010
          36  1.188510324642198E-009
          37  7.001832969803841E-010
          38  9.069785827913590E-010
          39  2.804409613056934E-010
          40  6.361276977455344E-010
          41  9.164380997428865E-010
          42  6.348336983959853E-009
          43  5.680343347161022E-010
          44  9.733123201263175E-010
          45  4.210556531057253E-009
          46  7.212889975354985E-009
          47  8.080420485666734E-009
          48  6.119398871412544E-009
          49  4.838429422003538E-010
          50  3.148517578400280E-009
          51  1.629927231981549E-009
          52  6.300786234205245E-009
          53  2.040420152982569E-010
          54  4.721032445170609E-010
          55  3.272117433304037E-010
          56  4.196504610828212E-010
          57  1.170390918096377E-010
          58  2.286909084630678E-010
          59  1.622093740610205E-010
          60  1.786169719968758E-010
          61  1.670943725282601E-010
          62  8.238862407139260E-010
          63  3.495554383550646E-010
          64  3.703763845673173E-010
          65  3.198589213327281E-010
          66  4.647621451347027E-010
          67  5.794675606242726E-010
          68  8.676814814081511E-010
          69  1.630193725104996E-010
          70  4.896709366356524E-010
          71  1.716735488525064E-010
          72  2.205289681545708E-010
          73  2.234842868547309E-010
          74  4.423034049480298E-010
          75  9.959380850417116E-010
          76  2.729239048229270E-009
          77  5.418645526827143E-009
          78  1.026107034791536E-008
          79  7.912967597350920E-009
          80  3.223164144873251E-008
          81  1.166228540844062E-008
          82  1.057625541362605E-008
          83  4.693218313027831E-009
          84  5.314884987923686E-009
          85  3.571138459384191E-009
          86  3.841140949512376E-009
          87  2.397059731472941E-009
          88  5.713614489570345E-009
          89  2.640925184195098E-009
          90  5.023017224433291E-009
          91  3.463025135401083E-009
          92  2.904249345611315E-009
          93  2.359209567238405E-009
          94  5.328648411341046E-009
          95  2.751335772324286E-009
          96  3.319971861228631E-009
          97  1.479633709638367E-009
          98  1.408312321999900E-009
          99  1.562182044472136E-009
         100  1.381123330762130E-009
         101  1.013604582255004E-009
         102  1.708295905833030E-009
         103  1.646372145558577E-009
         104  1.612737252072339E-009
         105  1.710582797104952E-009
         106  2.162666699529736E-009
         107  1.617342868415250E-009
         108  5.300352631276927E-009
         109  2.409002740686105E-009
         110  6.708295319789689E-009
         111  4.697546599521581E-009
         112  6.316708920699333E-009
         113  3.244362402273320E-009
         114  2.623056078786589E-009
         115  1.397792244939306E-009
         116  1.452692017233897E-009
         117  1.248544775033414E-009
         118  1.330669096135096E-009
         119  5.122352705860674E-010
         120  7.170584017623770E-010
         121  5.802021825371388E-010
         122  7.515512480969566E-010
         123  6.621400432478389E-010
         124  1.702468433910456E-008
         125  7.011329801070213E-008
         126  5.881542119758514E-007
         127  3.048253763916091E-006
         128  2.565650117215567E-005
         129  1.289582931301570E-004
         130  3.243857121945047E-004
         131  1.107690189645356E-003
         132  1.024976742756905E-003
         133  3.338091670972532E-005
         134  8.287646253643556E-005
         135  7.463059759539709E-005
         136  2.106929654852718E-004
         137  1.173309867098424E-004
         138  9.099017233347673E-005
         139  1.408281096224664E-005
         140  3.266683921838952E-005
         141  2.488757001253095E-005
         142  9.694121229425816E-006
         143  1.740225514326334E-006
         144  7.773009001390882E-006
         145  3.926221710122410E-006
         146  1.712841704244384E-005
         147  1.890007813555710E-005
         148  2.487896373532416E-005
         149  1.489705375263398E-005
         150  3.766851630883156E-005
         151  1.824905592917527E-005
         152  3.412803476588961E-005
         153  2.320284321223169E-005
         154  3.391815910728565E-005
         155  1.023392858663605E-005
         156  9.047386949294822E-006
         157  5.020359610439569E-006
         158  3.041413465717820E-005
         159  5.000713257683482E-005
         160  8.219155569266552E-005
         161  3.739606324218733E-005
         162  1.122052733992803E-004
         163  1.348203153556106E-004
         164  1.159783147967212E-004
         165  2.998696823875198E-005
         166  1.052336767358826E-004
         167  2.733058973016022E-005
         168  4.064384864369938E-005
         169  2.533400893866172E-005
         170  4.236112806203802E-005
         171  2.704736650711380E-005
         172  5.052632526393424E-005
         173  3.393683397727631E-005
         174  5.703017089343563E-005
         175  2.755517486949953E-005
         176  5.442029808267067E-005
         177  1.938263108259435E-005
         178  1.848673842812329E-005
         179  5.542336616102656E-006
         180  8.653875453743846E-006
         181  4.772073563427595E-006
         182  1.196283830299457E-005
         183  6.543453043842824E-006
         184  1.202525084010374E-005
         185  3.739127469346369E-006
         186  1.415115730967023E-005
         187  4.153039827705652E-006
         188  1.335657276225335E-005
         189  1.130484711665253E-005
         190  2.340121140017922E-005
         191  2.678195709972951E-005
         192  9.423538200936219E-005
         193  1.246290855845698E-004
         194  3.117956268403748E-004
         195  2.180480248588660E-004
         196  4.192388104644264E-004
         197  2.239514200786096E-004
         198  1.648912726404546E-004
         199  1.322661673366153E-005
         200  2.403596758077296E-006
         201  8.634060933822649E-008
         202  1.079399310063876E-007
         203  2.782070868078419E-008
         204  8.874733823668884E-008
         205  7.610556824569039E-008
         206  2.216479140848904E-006
         207  1.482651975303592E-006
         208  2.438442724407063E-006
         209  1.546758598089870E-006
         226  6.332200925866177E-014
         227  4.783907002849693E-015
         230  2.984048617714939E-012
         231  7.181611684567624E-012
         232  5.519812472220767E-007
         234  9.715805996946746E-012
         235  1.543229214641630E-007
         236  1.580295624554185E-009
         238  1.768140440446369E-007
         240  3.066478204612461E-013
         244  3.743259303090377E-009
