           1  7.396085719169908E-005
           2  6.470609901488105E-012
           3  1.574717819390911E-008
           4  8.221901830066102E-005
           6  5.674563962362780E-015
           7  3.114017005274736E-012
           8  2.708281752318958E-013
           9  1.912633244112939E-009
          10  2.713051082138141E-014
          14  2.418983623645151E-015
          15  2.294828297614334E-012
          16  1.241492919812252E-009
          17  9.240162644229852E-011
          18  4.670423445345436E-010
          19  2.208275376033047E-010
          20  4.527728484003220E-009
          21  7.508106311875783E-010
          22  1.708100159726457E-009
          23  4.784678918069136E-009
          24  1.115199928617476E-008
          25  1.352489401953148E-008
          26  1.270880192132516E-008
          27  2.799533997705450E-009
          28  1.624853014123671E-009
          29  8.427840145662928E-010
          30  2.736073755523728E-009
          31  4.865488866616281E-010
          32  6.211757476976207E-010
          33  7.356690184722231E-010
          34  4.454445878630833E-009
          35  3.057830665783550E-010
          36  1.213993266772340E-009
          37  8.663728807432530E-010
          38  1.158748825146231E-009
          39  3.020161044226450E-010
          40  5.890028321032658E-010
          41  8.391657713212363E-010
          42  5.881059809752280E-009
          43  5.126503853616301E-010
          44  9.302159684426509E-010
          45  4.114235022481590E-009
          46  7.441954647628466E-009
          47  8.387419362636072E-009
          48  6.254840297901353E-009
          49  5.350804672523868E-010
          50  3.141758129732566E-009
          51  1.556943876230611E-009
          52  6.304984326674027E-009
          53  2.252111438778817E-010
          54  5.578170639171786E-010
          55  3.585528475592506E-010
          56  3.907055085619613E-010
          57  1.037437029973511E-010
          58  2.002710769664854E-010
          59  1.393626274685696E-010
          60  1.578809457409174E-010
          61  1.578874451469494E-010
          62  7.716779185967721E-010
          63  3.234366593639943E-010
          64  3.492362641787783E-010
          65  2.996921489218936E-010
          66  4.290008053574447E-010
          67  5.695512338129687E-010
          68  8.527161341976539E-010
          69  1.603961476251241E-010
          70  4.791415743851919E-010
          71  1.648918048460556E-010
          72  2.028007771788918E-010
          73  2.056694357839974E-010
          74  4.072899796091382E-010
          75  9.340446175911898E-010
          76  2.632672785277637E-009
          77  5.425987730776759E-009
          78  1.038584756732021E-008
          79  7.939847006216260E-009
          80  3.204710449855884E-008
          81  1.295515667857500E-008
          82  1.136024251904797E-008
          83  4.857261252516585E-009
          84  5.141407332361759E-009
          85  3.459630044310030E-009
          86  3.743913720027159E-009
          87  2.478805407153313E-009
          88  6.128473912503432E-009
          89  2.843969218325726E-009
          90  5.399920182464077E-009
          91  3.563353737618111E-009
          92  2.874454636406651E-009
          93  2.400455346351556E-009
          94  5.783726223688561E-009
          95  3.006499126634565E-009
          96  3.687955491678606E-009
          97  1.622485147610055E-009
          98  1.497956950591846E-009
          99  1.657089124564688E-009
         100  1.469601212126957E-009
         101  1.086485881782637E-009
         102  1.833410030229690E-009
         103  1.721335514480463E-009
         104  1.663993148594463E-009
         105  1.727866042573711E-009
         106  2.164148367659826E-009
         107  1.653121341191906E-009
         108  5.537247851654491E-009
         109  2.514108118164131E-009
         110  7.270616232319882E-009
         111  5.235208447141271E-009
         112  7.110134623562032E-009
         113  3.645954181770414E-009
         114  2.941816013168987E-009
         115  1.554381936929842E-009
         116  1.638042859315390E-009
         117  1.457001715762779E-009
         118  1.578344997731215E-009
         119  5.909057130400509E-010
         120  8.330581473285384E-010
         121  6.806609617461929E-010
         122  8.524054389165159E-010
         123  7.436920889049420E-010
         124  1.717469328853090E-008
         125  7.361569156175714E-008
         126  6.014997342417807E-007
         127  3.060509773503553E-006
         128  2.549003447219218E-005
         129  1.300856174460456E-004
         130  3.363594843206886E-004
         131  1.109525076140439E-003
         132  1.079472930679502E-003
         133  3.311452307793777E-005
         134  8.397149438630701E-005
         135  9.370780251628780E-005
         136  2.287353059586044E-004
         137  1.204120423643632E-004
         138  8.347240274787371E-005
         139  1.444674455744935E-005
         140  3.370226232003833E-005
         141  2.399482803518209E-005
         142  9.567077988432783E-006
         143  1.568655631007326E-006
         144  5.430021788417558E-006
         145  1.863181470119743E-006
         146  7.439920681011358E-006
         147  1.090032724206792E-005
         148  1.696394442879414E-005
         149  9.701507266107848E-006
         150  1.860729278367606E-005
         151  1.143142433521662E-005
         152  3.547736670611971E-005
         153  2.096064494042605E-005
         154  4.903166897078603E-005
         155  1.827557675903022E-005
         156  1.536654112747975E-005
         157  7.134340786502196E-006
         158  3.006929371357433E-005
         159  2.734382056274579E-005
         160  5.021110963504286E-005
         161  2.465081547524523E-005
         162  6.019974464767859E-005
         163  9.390325081125608E-005
         164  1.255046041096512E-004
         165  5.108892058182192E-005
         166  7.830123035465363E-005
         167  2.483135527754455E-005
         168  5.952873851140272E-005
         169  3.441294353628636E-005
         170  5.558264841074822E-005
         171  4.104704063631724E-005
         172  6.335493234659688E-005
         173  3.012330450279777E-005
         174  4.412461463388749E-005
         175  1.945912941004403E-005
         176  2.319955859401916E-005
         177  1.220491237659630E-005
         178  1.820713440958007E-005
         179  9.302603431227536E-006
         180  1.766982859276394E-005
         181  7.468951525129683E-006
         182  1.384569093034573E-005
         183  6.602296237044014E-006
         184  1.111053827131955E-005
         185  3.393189693148537E-006
         186  1.230664577425671E-005
         187  3.580105104305553E-006
         188  1.166178092564719E-005
         189  1.014823412684175E-005
         190  2.174313577273732E-005
         191  2.569315912507842E-005
         192  9.337931864718106E-005
         193  1.241586269319715E-004
         194  3.133230420973036E-004
         195  2.276811227245168E-004
         196  4.515143505282813E-004
         197  2.404994745369581E-004
         198  1.787216057421068E-004
         199  1.448058884062211E-005
         200  2.562388029890965E-006
         201  9.297821374004251E-008
         202  1.081181645849907E-007
         203  2.544133276858600E-008
         204  8.630936893309502E-008
         205  7.611347034152236E-008
         206  2.299162971904061E-006
         207  1.497914942478402E-006
         208  2.498497225597044E-006
         209  1.607205310917893E-006
         226  6.526425658993898E-014
         227  5.098531356491309E-015
         230  3.075576990424709E-012
         231  7.653926454277030E-012
         232  5.932713158651916E-007
         234  1.001381451704429E-011
         235  1.644723138726747E-007
         236  1.578526252238870E-009
         238  1.822373811938931E-007
         240  3.058888353795695E-013
         244  3.733994349034552E-009
