           1  7.423105061683797E-005
           2  6.470609901488105E-012
           3  1.574717819390911E-008
           4  8.089379225661005E-005
           6  5.674563962362780E-015
           7  3.114017005274736E-012
           8  2.708281752318958E-013
           9  1.912633244112939E-009
          10  2.713051082138141E-014
          14  2.044279841238434E-015
          15  2.132502147582261E-012
          16  1.243878590000602E-009
          17  9.241561511426691E-011
          18  4.519811451126903E-010
          19  2.026019819728864E-010
          20  4.613500927682857E-009
          21  7.629993709906551E-010
          22  1.609675499799131E-009
          23  4.861164313604760E-009
          24  1.127974799010566E-008
          25  1.367426407031468E-008
          26  1.187904882134805E-008
          27  2.615115450968415E-009
          28  1.634304611344061E-009
          29  8.613290089306070E-010
          30  2.751763895782080E-009
          31  4.930281323148169E-010
          32  6.416630998716307E-010
          33  7.992496046158207E-010
          34  4.413712643651284E-009
          35  2.939840555222875E-010
          36  1.142836049563066E-009
          37  7.592936502382206E-010
          38  1.011390171644260E-009
          39  2.982125567250331E-010
          40  6.345980945665056E-010
          41  9.025758288199266E-010
          42  6.201582481149986E-009
          43  5.429243516658094E-010
          44  9.682271438639407E-010
          45  4.307039573413271E-009
          46  7.323624549653819E-009
          47  8.098672321946199E-009
          48  6.065676934763333E-009
          49  4.994157641014265E-010
          50  3.108233583313788E-009
          51  1.585506556301130E-009
          52  6.423670934117758E-009
          53  2.166036662224114E-010
          54  5.157080850037203E-010
          55  3.496497975275680E-010
          56  4.104836086493110E-010
          57  1.111691768181257E-010
          58  2.106505867664667E-010
          59  1.479337281059049E-010
          60  1.716844788242743E-010
          61  1.743180252741875E-010
          62  8.480815538910465E-010
          63  3.509709807208232E-010
          64  3.629430603895353E-010
          65  3.077559780727063E-010
          66  4.451594335475308E-010
          67  5.841002949503608E-010
          68  8.768281220994834E-010
          69  1.640205281327047E-010
          70  4.874894200621464E-010
          71  1.682921114205986E-010
          72  2.085533052435990E-010
          73  2.111293454913702E-010
          74  4.337736903756203E-010
          75  1.020197260224983E-009
          76  2.769865680455539E-009
          77  5.428614692904053E-009
          78  1.019955123362419E-008
          79  7.927913398150372E-009
          80  3.211014735273554E-008
          81  1.197354580444528E-008
          82  1.068953636324679E-008
          83  4.698744458419942E-009
          84  5.266592984701319E-009
          85  3.510040488350768E-009
          86  3.788682842290697E-009
          87  2.473531715352172E-009
          88  5.962869299601195E-009
          89  2.766961428639039E-009
          90  5.290397935241543E-009
          91  3.518989288825442E-009
          92  2.908227963804200E-009
          93  2.418235550479808E-009
          94  5.647656996417244E-009
          95  2.918146908772874E-009
          96  3.391047538062246E-009
          97  1.493610855059165E-009
          98  1.390407106482127E-009
          99  1.543817291533412E-009
         100  1.379695288061980E-009
         101  1.024283540162880E-009
         102  1.759718073187893E-009
         103  1.671868098051613E-009
         104  1.636971653030978E-009
         105  1.719468625686770E-009
         106  2.193058553181719E-009
         107  1.678340884359275E-009
         108  5.582465988138044E-009
         109  2.490071348441194E-009
         110  6.865158509606275E-009
         111  4.914217637573006E-009
         112  6.581288795865869E-009
         113  3.369486962247569E-009
         114  2.702318287834695E-009
         115  1.422736546142640E-009
         116  1.476955510159211E-009
         117  1.294572098338962E-009
         118  1.381756786662306E-009
         119  5.129625995266971E-010
         120  7.119114090709869E-010
         121  5.792549644835273E-010
         122  7.357362091428596E-010
         123  6.620196291216077E-010
         124  1.694240981470687E-008
         125  7.476643988064553E-008
         126  6.157100868616251E-007
         127  3.171677213926537E-006
         128  2.635890301501658E-005
         129  1.316608005258528E-004
         130  3.276961304614579E-004
         131  1.097338475832515E-003
         132  1.047713293067931E-003
         133  3.424168269080227E-005
         134  8.571809927634803E-005
         135  8.351220201021877E-005
         136  2.212368403141151E-004
         137  1.208504137622335E-004
         138  9.156967259514385E-005
         139  1.405741778304065E-005
         140  3.205415500269968E-005
         141  2.428983734553960E-005
         142  9.693651928478878E-006
         143  1.555439668503962E-006
         144  5.122609749348384E-006
         145  1.784045363011277E-006
         146  6.376653970314804E-006
         147  7.798848956359753E-006
         148  1.858565343086387E-005
         149  1.350355584974934E-005
         150  3.253901797760130E-005
         151  1.602359911342701E-005
         152  2.464097182977150E-005
         153  1.150789151330029E-005
         154  6.891018991857192E-005
         155  4.012988294738592E-005
         156  4.551659264557528E-005
         157  1.968928603829410E-005
         158  4.342626649009255E-005
         159  2.120328973346166E-005
         160  4.902869625128894E-005
         161  2.181407802478994E-005
         162  8.081005978686840E-005
         163  4.504544870496185E-005
         164  8.447708113357148E-005
         165  4.900825887264136E-005
         166  1.705599603675069E-004
         167  4.373295996064469E-005
         168  1.171086895170700E-004
         169  5.333389517473262E-005
         170  2.993453948192523E-005
         171  1.247088389454048E-005
         172  2.805791472963144E-005
         173  1.432228635341681E-005
         174  2.298286899303739E-005
         175  1.567148537703518E-005
         176  2.010234660512482E-005
         177  9.354189555102032E-006
         178  1.857979190640499E-005
         179  9.818186854861024E-006
         180  1.781134312124693E-005
         181  7.544314581017694E-006
         182  1.458440988187970E-005
         183  7.266567634309958E-006
         184  1.279980670278380E-005
         185  3.987704502072669E-006
         186  1.483424425031126E-005
         187  4.275344810571073E-006
         188  1.367909107444795E-005
         189  1.167497536871607E-005
         190  2.477701944010916E-005
         191  2.801891269095137E-005
         192  9.906406613925848E-005
         193  1.290051178710118E-004
         194  3.210590447896497E-004
         195  2.255878449989688E-004
         196  4.329804254813576E-004
         197  2.292786441744738E-004
         198  1.677979620573831E-004
         199  1.364446088565147E-005
         200  2.441471925630249E-006
         201  8.900295335539333E-008
         202  1.073411304745675E-007
         203  2.662174412875277E-008
         204  8.376431172760024E-008
         205  7.194574070432614E-008
         206  2.206458437805745E-006
         207  1.454084875353201E-006
         208  2.431009665631845E-006
         209  1.545185037602405E-006
         226  5.976155848076200E-014
         227  4.607083668511470E-015
         230  2.816262434891302E-012
         231  6.916164107256621E-012
         232  5.361656125925868E-007
         234  9.169508596963019E-012
         235  1.486188194567758E-007
         236  1.472944573423663E-009
         238  1.668721974729219E-007
         240  2.856485927424231E-013
         244  3.486921089442024E-009
