           1  7.433666056634351E-005
           2  6.470609901488105E-012
           3  1.574717819390911E-008
           4  8.308248683133161E-005
           6  5.674563962362780E-015
           7  3.114017005274736E-012
           8  2.708281752318958E-013
           9  1.912633244112939E-009
          10  2.713051082138141E-014
          14  2.228102446306812E-015
          15  2.102148405782125E-012
          16  1.232881464145213E-009
          17  9.170942504947317E-011
          18  4.542977233162085E-010
          19  2.069143597538725E-010
          20  4.657154436071974E-009
          21  7.563466431144266E-010
          22  1.529553403539679E-009
          23  4.906885711076202E-009
          24  1.133300867172934E-008
          25  1.385984952605977E-008
          26  1.219157352344258E-008
          27  2.588770619565971E-009
          28  1.552588846511496E-009
          29  8.379525021179478E-010
          30  2.632288937813114E-009
          31  4.591161952643675E-010
          32  6.284588258656218E-010
          33  7.970375487014731E-010
          34  4.265121929745596E-009
          35  2.952730286318025E-010
          36  1.204308368781305E-009
          37  8.537644879076362E-010
          38  1.154591172230538E-009
          39  3.172154917494715E-010
          40  6.140138887220903E-010
          41  8.567313762641594E-010
          42  5.897880883887070E-009
          43  5.047756216128480E-010
          44  9.956404313113225E-010
          45  4.464437653274621E-009
          46  7.476353318204207E-009
          47  8.077895246555984E-009
          48  5.945222127856022E-009
          49  5.475588697125662E-010
          50  3.146428622178763E-009
          51  1.546780164919471E-009
          52  6.282559072756572E-009
          53  2.258245082480608E-010
          54  5.597499990026601E-010
          55  3.531781473986894E-010
          56  4.060327501869390E-010
          57  1.078293952267042E-010
          58  2.084757385687934E-010
          59  1.451998778681865E-010
          60  1.724613310931468E-010
          61  1.800721813855006E-010
          62  8.504273194670906E-010
          63  3.474329396174190E-010
          64  3.583606971675298E-010
          65  3.036436113167039E-010
          66  4.367622766796671E-010
          67  5.759586752609263E-010
          68  8.376437420755278E-010
          69  1.558583453537698E-010
          70  4.643172190730484E-010
          71  1.605943316995897E-010
          72  2.022996257718209E-010
          73  2.165189270908039E-010
          74  4.444668814756818E-010
          75  1.052858847225911E-009
          76  2.802604001601637E-009
          77  5.550993352390753E-009
          78  1.015564702448156E-008
          79  7.951713191381887E-009
          80  3.178010829979672E-008
          81  1.272313278135112E-008
          82  1.101169860925129E-008
          83  4.707248316471646E-009
          84  5.114459772949216E-009
          85  3.427226607732354E-009
          86  3.726908991797369E-009
          87  2.551826077451041E-009
          88  6.126018384469532E-009
          89  2.720551467386690E-009
          90  5.151444758864594E-009
          91  3.519659813077881E-009
          92  2.959831464037474E-009
          93  2.460452443384117E-009
          94  5.723508746132777E-009
          95  2.950553576160381E-009
          96  3.542613640545536E-009
          97  1.548495534817666E-009
          98  1.430059747434221E-009
          99  1.582440697289715E-009
         100  1.392856011938042E-009
         101  1.027466188762370E-009
         102  1.775634073646396E-009
         103  1.683021654892636E-009
         104  1.635585355667729E-009
         105  1.739303249478962E-009
         106  2.245031822753158E-009
         107  1.731888344466140E-009
         108  5.857005377753724E-009
         109  2.608506449157875E-009
         110  7.138043298903420E-009
         111  5.079811655864827E-009
         112  6.706363835252594E-009
         113  3.387859539668571E-009
         114  2.675004535666467E-009
         115  1.400205570695699E-009
         116  1.455644606567275E-009
         117  1.329802374960433E-009
         118  1.427302409227833E-009
         119  5.118615615049209E-010
         120  7.213944274909381E-010
         121  5.899689492001040E-010
         122  7.655982320310691E-010
         123  6.921994806214097E-010
         124  1.895399431369876E-008
         125  8.293286284253509E-008
         126  6.756593999190802E-007
         127  3.431338559154152E-006
         128  2.799028060259784E-005
         129  1.371446605902720E-004
         130  3.304300014261025E-004
         131  1.097673731144346E-003
         132  1.046216186559113E-003
         133  3.396589554741197E-005
         134  8.575227407522553E-005
         135  8.910541575430770E-005
         136  2.238884758487423E-004
         137  1.191324450405330E-004
         138  8.263754435832754E-005
         139  1.469039079672958E-005
         140  3.418443736996996E-005
         141  2.572585008749400E-005
         142  9.748713423491277E-006
         143  1.708849630034097E-006
         144  7.341889400472295E-006
         145  3.943581886314344E-006
         146  1.897252286720345E-005
         147  2.426732211296396E-005
         148  3.873907671895370E-005
         149  2.279553606804668E-005
         150  3.241818916515498E-005
         151  1.554649157263995E-005
         152  2.788213075061440E-005
         153  1.059039947050513E-005
         154  3.696866791067259E-005
         155  2.073493937468127E-005
         156  4.032965752119740E-005
         157  1.977161445252270E-005
         158  4.693091658294442E-005
         159  3.708511381790555E-005
         160  6.680883135356389E-005
         161  3.318009356473403E-005
         162  7.512890404732800E-005
         163  6.442864795555973E-005
         164  1.000096012846715E-004
         165  3.561214880550422E-005
         166  4.522840882728716E-005
         167  2.072168184633179E-005
         168  8.165500298858781E-005
         169  4.692653216244636E-005
         170  4.462366733818158E-005
         171  2.712751064005137E-005
         172  3.893317396992859E-005
         173  2.275127094111098E-005
         174  3.569694644063936E-005
         175  1.659168255770381E-005
         176  2.739091067265192E-005
         177  1.470184862670851E-005
         178  2.286175820815282E-005
         179  7.600932408503802E-006
         180  1.142645940599790E-005
         181  5.689994448810972E-006
         182  1.291843534880600E-005
         183  6.859446732484952E-006
         184  1.267195498628541E-005
         185  4.063445978533833E-006
         186  1.563240879711804E-005
         187  4.557877645246272E-006
         188  1.501031062059853E-005
         189  1.303921805078047E-005
         190  2.721175320616249E-005
         191  3.014193760174441E-005
         192  1.065451433825203E-004
         193  1.388693981554613E-004
         194  3.410797936872221E-004
         195  2.313116383446333E-004
         196  4.321460476320309E-004
         197  2.253282451448298E-004
         198  1.616854452640980E-004
         199  1.305144930060353E-005
         200  2.302612359152147E-006
         201  8.500107710817449E-008
         202  1.027654853133346E-007
         203  2.526268641377356E-008
         204  8.060696647989464E-008
         205  7.043982257795614E-008
         206  2.333777370126559E-006
         207  1.519687870979058E-006
         208  2.556020865862791E-006
         209  1.635346162538444E-006
         226  6.732238826168736E-014
         227  5.178078049233777E-015
         230  3.172566410723561E-012
         231  7.773342123880917E-012
         232  5.992837487471494E-007
         234  1.032960373903813E-011
         235  1.670383917687369E-007
         236  1.693776322035273E-009
         238  1.879843021826395E-007
         240  3.288440287916929E-013
         244  4.014209095596004E-009
