           1  7.448179515121860E-005
           2  6.470609901488105E-012
           3  1.574717819390911E-008
           4  8.243868984085959E-005
           6  5.674563962362780E-015
           7  3.114017005274736E-012
           8  2.708281752318958E-013
           9  1.912633244112939E-009
          10  2.713051082138141E-014
          14  2.069831649322764E-015
          15  1.980649462629812E-012
          16  1.207564002094155E-009
          17  9.047967347676685E-011
          18  4.593213605291025E-010
          19  2.125107551718247E-010
          20  4.513789460977454E-009
          21  7.544822010169981E-010
          22  1.625437310931527E-009
          23  4.776592201022122E-009
          24  1.111145298683013E-008
          25  1.350165678023414E-008
          26  1.231898136786885E-008
          27  2.817035720973620E-009
          28  1.625589805362115E-009
          29  8.160843046258832E-010
          30  2.663031317083966E-009
          31  4.952261026730477E-010
          32  6.049384036389052E-010
          33  7.105942658335610E-010
          34  4.384380516631190E-009
          35  3.070380176936848E-010
          36  1.204470392747168E-009
          37  8.467585922720163E-010
          38  1.119336436661042E-009
          39  3.074746460186007E-010
          40  5.993395114833788E-010
          41  8.302146424146432E-010
          42  5.859656898115346E-009
          43  5.220009227461305E-010
          44  9.257781558272942E-010
          45  4.150654150401770E-009
          46  7.374742411583240E-009
          47  8.302507847659864E-009
          48  6.229884390314175E-009
          49  5.377784336496276E-010
          50  3.150360525042429E-009
          51  1.569921670627162E-009
          52  6.295927951112921E-009
          53  2.232911688198332E-010
          54  5.419429687572567E-010
          55  3.514210077246633E-010
          56  3.989300631923048E-010
          57  1.092502978771803E-010
          58  1.949868055941761E-010
          59  1.406041595709573E-010
          60  1.636946538636783E-010
          61  1.612238841959473E-010
          62  7.988328186175026E-010
          63  3.334416694839953E-010
          64  3.403334841142744E-010
          65  2.930880080976057E-010
          66  4.357067819380633E-010
          67  5.738544909455025E-010
          68  8.758276356480000E-010
          69  1.613536075164740E-010
          70  4.695576138719048E-010
          71  1.653304702733199E-010
          72  2.096891693350808E-010
          73  2.100055827361886E-010
          74  4.305827369381480E-010
          75  9.671382327579376E-010
          76  2.706261323080205E-009
          77  5.399549886953799E-009
          78  1.029632090785548E-008
          79  7.820503069563373E-009
          80  3.149319520631202E-008
          81  1.263289252880065E-008
          82  1.110563234443439E-008
          83  4.740577395340224E-009
          84  5.046554700782141E-009
          85  3.359337437852896E-009
          86  3.636248814453575E-009
          87  2.415790912573524E-009
          88  5.916715380093275E-009
          89  2.740173582313321E-009
          90  5.109232957334152E-009
          91  3.371507787160572E-009
          92  2.825516135496685E-009
          93  2.359869407818810E-009
          94  5.596918990785704E-009
          95  2.866555410067727E-009
          96  3.393205604648583E-009
          97  1.500608692456085E-009
          98  1.419162360983996E-009
          99  1.598066678550867E-009
         100  1.433296247438373E-009
         101  1.062930058319743E-009
         102  1.763408541345351E-009
         103  1.652101886276006E-009
         104  1.567961813935621E-009
         105  1.630078160727655E-009
         106  2.089110358638613E-009
         107  1.595959291081667E-009
         108  5.294081391813879E-009
         109  2.403178107271743E-009
         110  6.916438648173911E-009
         111  4.927426881366504E-009
         112  6.702770949769282E-009
         113  3.451274976143379E-009
         114  2.803412083318355E-009
         115  1.504986283401136E-009
         116  1.583568579182929E-009
         117  1.383168675753647E-009
         118  1.478136722060469E-009
         119  5.596962300082098E-010
         120  7.811580519232672E-010
         121  6.345937374161526E-010
         122  8.189825078426977E-010
         123  6.993004928375912E-010
         124  1.647000938293029E-008
         125  6.469680694674095E-008
         126  5.417963267456679E-007
         127  2.809187702086822E-006
         128  2.384856305291169E-005
         129  1.236358179001909E-004
         130  3.255600689184937E-004
         131  1.097312746498116E-003
         132  1.048307211735853E-003
         133  3.306594870501113E-005
         134  8.368598070333351E-005
         135  8.670461547594211E-005
         136  2.169373657035955E-004
         137  1.159730440431406E-004
         138  8.429100839453555E-005
         139  1.420809424527155E-005
         140  3.433484587932290E-005
         141  2.561531888349829E-005
         142  1.003069958630219E-005
         143  1.623328921769306E-006
         144  5.574714712347811E-006
         145  1.736092378656640E-006
         146  5.021854726972135E-006
         147  4.538284801242911E-006
         148  1.405629452548397E-005
         149  1.144675188403834E-005
         150  3.067779523618612E-005
         151  1.198145896529666E-005
         152  2.373564268829981E-005
         153  1.523196897535676E-005
         154  5.188561780558730E-005
         155  3.129978667411635E-005
         156  1.008813245171542E-004
         157  3.779420935835432E-005
         158  4.215998905097082E-005
         159  2.522378124807606E-005
         160  3.362352405559702E-005
         161  1.702373279664309E-005
         162  1.111556762545225E-004
         163  1.073764822130249E-004
         164  1.328386150040054E-004
         165  5.961482627194341E-005
         166  1.073284873866253E-004
         167  2.147951990124375E-005
         168  4.669781219733977E-005
         169  3.014050829711000E-005
         170  2.666077546079200E-005
         171  1.163558158660503E-005
         172  2.613275272860246E-005
         173  2.374550027245719E-005
         174  6.016169639132378E-005
         175  2.426568611813165E-005
         176  3.365745659330806E-005
         177  1.729839763844900E-005
         178  1.892033685780343E-005
         179  8.607499830759080E-006
         180  1.657283538050569E-005
         181  7.244221207311477E-006
         182  1.427300899914060E-005
         183  7.019001075477629E-006
         184  1.205976812034509E-005
         185  3.727801217537215E-006
         186  1.398071783551235E-005
         187  3.962401226470586E-006
         188  1.211457922161358E-005
         189  1.014952319420035E-005
         190  2.136425118620549E-005
         191  2.561759675995887E-005
         192  9.099049360853284E-005
         193  1.196589675426597E-004
         194  3.018029704602258E-004
         195  2.201324590797806E-004
         196  4.373548092483824E-004
         197  2.357610500743573E-004
         198  1.773527003732399E-004
         199  1.429614091707175E-005
         200  2.557387555444272E-006
         201  9.045721681304320E-008
         202  1.078625216158422E-007
         203  2.634038794182403E-008
         204  8.156232070509763E-008
         205  7.052262453965863E-008
         206  2.284155095265731E-006
         207  1.488925831241825E-006
         208  2.496537574043417E-006
         209  1.618045155308371E-006
         226  6.991179981347863E-014
         227  5.305199790377707E-015
         230  3.294592386403745E-012
         231  7.964177560484933E-012
         232  6.103789128061916E-007
         234  1.072690983494372E-011
         235  1.711391818683890E-007
         236  1.705055564142785E-009
         238  1.952147159602230E-007
         240  3.304980576820173E-013
         244  4.034399876740231E-009
