           1  7.358961230899251E-005
           2  6.470609901488105E-012
           3  1.574717819390911E-008
           4  8.258234180461043E-005
           6  5.674563962362780E-015
           7  3.114017005274736E-012
           8  2.708281752318958E-013
           9  1.912633244112939E-009
          10  2.713051082138141E-014
          14  2.558857062948084E-015
          15  2.545547108041071E-012
          16  1.306385144220264E-009
          17  9.595860866697203E-011
          18  4.455165233009222E-010
          19  1.910523663419075E-010
          20  4.764350948467903E-009
          21  7.862848216619729E-010
          22  1.631573269537062E-009
          23  4.972385261413445E-009
          24  1.150045066697203E-008
          25  1.389870791989000E-008
          26  1.199935816560547E-008
          27  2.620427022810720E-009
          28  1.637497478326307E-009
          29  8.423869300497492E-010
          30  2.783273550113324E-009
          31  4.900788731400013E-010
          32  6.076676206595052E-010
          33  8.408766136677841E-010
          34  4.432117374733353E-009
          35  2.901741115303065E-010
          36  1.125354757661357E-009
          37  8.063225862119113E-010
          38  1.095225383826471E-009
          39  3.220426936111162E-010
          40  6.325834537165627E-010
          41  8.793138290006516E-010
          42  6.348724985858997E-009
          43  5.503188233306012E-010
          44  9.857167058049934E-010
          45  4.378593558585321E-009
          46  7.352428247039035E-009
          47  7.987551919238604E-009
          48  5.912889979686475E-009
          49  5.292042599898293E-010
          50  3.120752477854379E-009
          51  1.556859089073935E-009
          52  6.450401828301703E-009
          53  2.282263908120581E-010
          54  5.599896761465134E-010
          55  3.844657474051346E-010
          56  4.337973410510064E-010
          57  1.152828941514002E-010
          58  2.185693127567411E-010
          59  1.525254642918180E-010
          60  1.739742458617582E-010
          61  1.810592813715092E-010
          62  8.728049129289623E-010
          63  3.535539265947947E-010
          64  3.594799212975710E-010
          65  3.016797160836831E-010
          66  4.313002603855514E-010
          67  5.752383370623388E-010
          68  8.694059286149054E-010
          69  1.625316176888526E-010
          70  4.888190132453711E-010
          71  1.685708590388645E-010
          72  2.057354425723589E-010
          73  2.088358504426224E-010
          74  4.328228369508476E-010
          75  1.032324366317121E-009
          76  2.773356267614969E-009
          77  5.398697040382322E-009
          78  1.009669773958748E-008
          79  8.020008293972286E-009
          80  3.315003639643421E-008
          81  1.223591208168154E-008
          82  1.112439642208645E-008
          83  4.949740678735657E-009
          84  5.255989918605676E-009
          85  3.575076554845876E-009
          86  3.902579627907165E-009
          87  2.633957963041139E-009
          88  6.447743569515281E-009
          89  2.886328698357958E-009
          90  5.498942844858013E-009
          91  3.760416508777916E-009
          92  3.021116500872949E-009
          93  2.516536258483036E-009
          94  6.104976049345275E-009
          95  3.146992275754135E-009
          96  3.549424607026354E-009
          97  1.547240417545504E-009
          98  1.422971852890073E-009
          99  1.591086569584746E-009
         100  1.433045586222990E-009
         101  1.067865069049113E-009
         102  1.910721404114016E-009
         103  1.815523015609130E-009
         104  1.777579027586418E-009
         105  1.868266607135871E-009
         106  2.389580664773411E-009
         107  1.834381610126008E-009
         108  6.122321722577795E-009
         109  2.680079491986263E-009
         110  7.271231052462117E-009
         111  5.237070321017692E-009
         112  7.025865674278259E-009
         113  3.583578717954532E-009
         114  2.863790082875226E-009
         115  1.488411396778789E-009
         116  1.565493209809674E-009
         117  1.454989132242144E-009
         118  1.558555912747343E-009
         119  5.371672005512638E-010
         120  7.447895069328855E-010
         121  6.084871167508679E-010
         122  7.701662017354402E-010
         123  7.050978445002613E-010
         124  1.842568881816425E-008
         125  8.461982179506148E-008
         126  6.843230372998560E-007
         127  3.432732875463760E-006
         128  2.779420463431641E-005
         129  1.374847770386120E-004
         130  3.357325202152299E-004
         131  1.127643563638901E-003
         132  1.079112490689699E-003
         133  3.367879326278197E-005
         134  8.493990777677659E-005
         135  9.389908963218266E-005
         136  2.403623176447767E-004
         137  1.282307811050550E-004
         138  8.639365672658961E-005
         139  1.479078421979713E-005
         140  3.345695191820491E-005
         141  2.480165064767074E-005
         142  9.803829124998692E-006
         143  1.758100634384612E-006
         144  8.146365239110748E-006
         145  4.435361069223974E-006
         146  1.677595337081383E-005
         147  1.287204880144306E-005
         148  1.043282103553225E-005
         149  6.980853936853739E-006
         150  2.803193837280634E-005
         151  2.166369660734531E-005
         152  3.174283828115977E-005
         153  1.206939301106909E-005
         154  1.177287323985933E-005
         155  5.555662705998946E-006
         156  1.661688745383487E-005
         157  1.103651792695477E-005
         158  3.482077340032251E-005
         159  1.995093552141481E-005
         160  5.088215868153606E-005
         161  3.272503938424157E-005
         162  1.314033758365383E-004
         163  6.696686527493388E-005
         164  7.133726681720432E-005
         165  5.819054613743159E-005
         166  7.047304182119294E-005
         167  2.000362037823211E-005
         168  5.907687850265875E-005
         169  2.191798092387405E-005
         170  2.879192347505171E-005
         171  2.211685029269663E-005
         172  3.363032972977407E-005
         173  2.227386055777176E-005
         174  5.059863774723774E-005
         175  2.006778702475123E-005
         176  2.621913537635924E-005
         177  1.346956613333024E-005
         178  1.587441697949447E-005
         179  6.827045347423712E-006
         180  1.248919591938236E-005
         181  5.924190495591382E-006
         182  1.297566027763468E-005
         183  6.912763431313339E-006
         184  1.282411236437373E-005
         185  4.137070451404995E-006
         186  1.579577977695336E-005
         187  4.591743204605212E-006
         188  1.496287176793860E-005
         189  1.283354073480177E-005
         190  2.732285326556561E-005
         191  3.011058872698646E-005
         192  1.066946235045196E-004
         193  1.381487146721891E-004
         194  3.429166866780407E-004
         195  2.380843920713556E-004
         196  4.520835788609552E-004
         197  2.380154215747830E-004
         198  1.744117800801719E-004
         199  1.435676791030700E-005
         200  2.503109514360141E-006
         201  8.696927626833011E-008
         202  1.014318169325722E-007
         203  2.520902414005078E-008
         204  8.875163887078250E-008
         205  7.926197330923892E-008
         206  2.348246739581192E-006
         207  1.570739458681778E-006
         208  2.609648121261993E-006
         209  1.628551476808234E-006
         226  6.201853814232957E-014
         227  4.813447884250441E-015
         230  2.922622563354695E-012
         231  7.225958520514407E-012
         232  5.601008943329412E-007
         234  9.515808039882951E-012
         235  1.552758737514199E-007
         236  1.527610375156256E-009
         238  1.731743616960778E-007
         240  2.962167696948254E-013
         244  3.615927148034847E-009
