           1  7.499568146666306E-005
           2  6.470609901488105E-012
           3  1.574717819390911E-008
           4  8.427092806274831E-005
           6  5.674563962362780E-015
           7  3.114017005274736E-012
           8  2.708281752318958E-013
           9  1.912633244112939E-009
          10  2.713051082138141E-014
          14  1.741541528950975E-015
          15  1.755481498849526E-012
          16  1.168908232109200E-009
          17  8.804476074631817E-011
          18  4.521964852137268E-010
          19  2.075232647128725E-010
          20  4.506861491322258E-009
          21  7.311263974673379E-010
          22  1.531927940602920E-009
          23  4.781493751249207E-009
          24  1.108058085072400E-008
          25  1.362941105910525E-008
          26  1.199831379550811E-008
          27  2.532583216535856E-009
          28  1.528223689860721E-009
          29  8.455492830036593E-010
          30  2.644974667273636E-009
          31  4.552083763197659E-010
          32  6.158604765041268E-010
          33  7.732116101957640E-010
          34  4.257203432927058E-009
          35  2.958624941716408E-010
          36  1.221630794921376E-009
          37  8.028751141829928E-010
          38  1.072350315055081E-009
          39  2.965316981345427E-010
          40  6.104699515395898E-010
          41  8.710268318149704E-010
          42  5.858687766632501E-009
          43  4.923670071099307E-010
          44  9.874269795477046E-010
          45  4.418381007040558E-009
          46  7.397070004897418E-009
          47  8.082001334388338E-009
          48  5.991571120940681E-009
          49  5.267582792903573E-010
          50  3.143672767047278E-009
          51  1.560615261037624E-009
          52  6.254748292331909E-009
          53  2.190886330566889E-010
          54  5.457904968575692E-010
          55  3.383132696427327E-010
          56  4.006716548741194E-010
          57  1.047611641362549E-010
          58  2.122844222272274E-010
          59  1.470887935463239E-010
          60  1.719030744353127E-010
          61  1.785788319127574E-010
          62  8.384872597907425E-010
          63  3.449669585579804E-010
          64  3.676426596799152E-010
          65  3.148802339554691E-010
          66  4.438404603539269E-010
          67  5.868775597223806E-010
          68  8.371697478170783E-010
          69  1.567668872647042E-010
          70  4.684612708081982E-010
          71  1.627500582627405E-010
          72  2.059499714514716E-010
          73  2.265214205376620E-010
          74  4.549769727548676E-010
          75  1.057162655987559E-009
          76  2.827973250062388E-009
          77  5.617684690677753E-009
          78  1.015540369525044E-008
          79  7.818723091839587E-009
          80  3.093492833750898E-008
          81  1.219693032932138E-008
          82  1.051269278418241E-008
          83  4.458834782666636E-009
          84  4.996720226470733E-009
          85  3.364117643799004E-009
          86  3.617815189321266E-009
          87  2.362937525625193E-009
          88  5.725999324832439E-009
          89  2.601435957924494E-009
          90  4.918291181888212E-009
          91  3.258758830889177E-009
          92  2.792467802659483E-009
          93  2.332301712515687E-009
          94  5.335217412908258E-009
          95  2.723807769843888E-009
          96  3.416704559151945E-009
          97  1.477253491549672E-009
          98  1.355252734577744E-009
          99  1.501132114535339E-009
         100  1.301998174613641E-009
         101  9.759331521469627E-010
         102  1.681733053325230E-009
         103  1.575684007608118E-009
         104  1.511894509454092E-009
         105  1.607731268603402E-009
         106  2.055961143608004E-009
         107  1.605681980991966E-009
         108  5.432771212690722E-009
         109  2.442893594976599E-009
         110  6.714589502979829E-009
         111  4.765796416919550E-009
         112  6.217157555556176E-009
         113  3.096270658005554E-009
         114  2.420797465370651E-009
         115  1.275258721415464E-009
         116  1.318186776195226E-009
         117  1.213094707904550E-009
         118  1.317551159608596E-009
         119  4.789749232037596E-010
         120  6.878666639872031E-010
         121  5.615282611987420E-010
         122  7.475610823130340E-010
         123  6.571500285728811E-010
         124  1.916136262347587E-008
         125  7.744421521604962E-008
         126  6.314409078457494E-007
         127  3.295311409941839E-006
         128  2.729457156530422E-005
         129  1.328550803115736E-004
         130  3.203931080609840E-004
         131  1.064360495183941E-003
         132  1.007686328329361E-003
         133  3.397566699130352E-005
         134  8.563444370636558E-005
         135  7.943189332626526E-005
         136  2.060716066195499E-004
         137  1.124227745089646E-004
         138  8.840071562608916E-005
         139  1.430483807840352E-005
         140  3.364634005161668E-005
         141  2.558937012577320E-005
         142  9.759926652614599E-006
         143  1.913506987504914E-006
         144  1.049340144513050E-005
         145  6.485109786165261E-006
         146  2.506075925421416E-005
         147  1.563359059055045E-005
         148  4.536283387537637E-005
         149  3.477225504611887E-005
         150  4.127090270180157E-005
         151  1.638450301933407E-005
         152  6.635219211488856E-005
         153  5.546081667457287E-005
         154  6.487789004426820E-005
         155  1.855399356663783E-005
         156  2.431578532644927E-005
         157  1.752691981246345E-005
         158  4.652445007900404E-005
         159  2.847413865740423E-005
         160  5.046558638123838E-005
         161  3.008373233414448E-005
         162  8.108247857425185E-005
         163  3.562078293065180E-005
         164  9.250044985391481E-005
         165  8.282718164768692E-005
         166  1.223705087805401E-004
         167  3.687821270180167E-005
         168  9.476198887621435E-005
         169  3.686415660062650E-005
         170  3.909792510624673E-005
         171  2.175996022674059E-005
         172  3.762188942448264E-005
         173  2.317790660036498E-005
         174  4.007519204358444E-005
         175  1.989536480038577E-005
         176  2.814332383191974E-005
         177  1.430410540179908E-005
         178  2.305222667322779E-005
         179  6.524681503040006E-006
         180  9.274018526151949E-006
         181  4.842249066294706E-006
         182  1.136806521362960E-005
         183  6.026610838451052E-006
         184  1.103580492444561E-005
         185  3.559705589392704E-006
         186  1.404074632497826E-005
         187  4.111713044567612E-006
         188  1.359677168436015E-005
         189  1.196850393967243E-005
         190  2.489033274527242E-005
         191  2.865427134470124E-005
         192  1.017810741605756E-004
         193  1.322307786516838E-004
         194  3.210467531815365E-004
         195  2.214897567449908E-004
         196  4.207373176381742E-004
         197  2.167659315238480E-004
         198  1.534793469124545E-004
         199  1.216913111489419E-005
         200  2.232671658948882E-006
         201  8.943275687718846E-008
         202  1.159431812937693E-007
         203  2.958300285663212E-008
         204  8.124086324789871E-008
         205  6.704832107145279E-008
         206  2.414974111955940E-006
         207  1.554035580606541E-006
         208  2.620720390757526E-006
         209  1.710018557372048E-006
         210  1.042466419634873E-015
         226  7.382647452959499E-014
         227  5.632795379700581E-015
         230  3.479071366338083E-012
         231  8.455964777647082E-012
         232  6.415454469357403E-007
         234  1.132755754856213E-011
         235  1.817070102925128E-007
         236  1.904706559316330E-009
         238  2.061456620211483E-007
         240  3.699902871539791E-013
         244  4.516482727185223E-009
