           1  7.412704768516923E-005
           2  6.470609901488105E-012
           3  1.574717819390911E-008
           4  8.131412114077973E-005
           6  5.674563962362780E-015
           7  3.114017005274736E-012
           8  2.708281752318958E-013
           9  1.912633244112939E-009
          10  2.713051082138141E-014
          14  2.332834176919139E-015
          15  2.198619433514208E-012
          16  1.256775140097744E-009
          17  9.321573163947813E-011
          18  4.532366301166420E-010
          19  2.029164905831277E-010
          20  4.646512457068016E-009
          21  7.751845002921223E-010
          22  1.597971797044042E-009
          23  4.889662275827229E-009
          24  1.133474652870725E-008
          25  1.369252260609492E-008
          26  1.223145167168735E-008
          27  2.758140228981088E-009
          28  1.630011417565882E-009
          29  8.065925390972585E-010
          30  2.644867399249407E-009
          31  4.850444008577680E-010
          32  6.137248363846993E-010
          33  7.672236095220466E-010
          34  4.434842818361601E-009
          35  2.980654658784509E-010
          36  1.144605772564432E-009
          37  8.535747507643632E-010
          38  1.148563612000693E-009
          39  3.173633395079391E-010
          40  6.045186854778684E-010
          41  8.340010882822923E-010
          42  6.007761715884492E-009
          43  5.353404239885411E-010
          44  9.436032094546092E-010
          45  4.240397172161486E-009
          46  7.411101017883007E-009
          47  8.194667434081934E-009
          48  6.095391317462604E-009
          49  5.434917095972412E-010
          50  3.127591418568798E-009
          51  1.550186059039972E-009
          52  6.332550619389256E-009
          53  2.315248882540009E-010
          54  5.701422530656320E-010
          55  3.766214219591716E-010
          56  4.094129200295978E-010
          57  1.115291869020359E-010
          58  1.976447990985499E-010
          59  1.399622653036157E-010
          60  1.646759879780834E-010
          61  1.678061994084833E-010
          62  8.257157874596605E-010
          63  3.418629931006572E-010
          64  3.447951803979088E-010
          65  2.901809561791249E-010
          66  4.294566930110496E-010
          67  5.728923693411157E-010
          68  8.808634470361877E-010
          69  1.637463023335747E-010
          70  4.806001097398281E-010
          71  1.664052661139642E-010
          72  2.063098099593318E-010
          73  2.038128916619236E-010
          74  4.257023883138995E-010
          75  9.974924441314025E-010
          76  2.742270738674860E-009
          77  5.381732214444853E-009
          78  1.021453960680373E-008
          79  7.923749728193809E-009
          80  3.225463107534597E-008
          81  1.267289665600015E-008
          82  1.110737034439051E-008
          83  4.791235830142236E-009
          84  5.099040589760354E-009
          85  3.411861948072529E-009
          86  3.719436591869660E-009
          87  2.542164524350783E-009
          88  6.204093925676524E-009
          89  2.843870534151568E-009
          90  5.356924887498016E-009
          91  3.586113484938349E-009
          92  2.903505129691772E-009
          93  2.423174225033642E-009
          94  5.873783946579304E-009
          95  3.052601937469624E-009
          96  3.428189382862830E-009
          97  1.520915393374007E-009
          98  1.423960994229199E-009
          99  1.582514004838576E-009
         100  1.434519246796364E-009
         101  1.064461574719215E-009
         102  1.817680314627136E-009
         103  1.723854722725113E-009
         104  1.672001969555294E-009
         105  1.729038246183933E-009
         106  2.225215820881323E-009
         107  1.705149696600542E-009
         108  5.658182622400140E-009
         109  2.526237342283537E-009
         110  7.090782889085846E-009
         111  5.106819880675436E-009
         112  6.940222657773610E-009
         113  3.602199042178743E-009
         114  2.929221360211019E-009
         115  1.546351778137461E-009
         116  1.617550909519192E-009
         117  1.418295508711284E-009
         118  1.509112151500502E-009
         119  5.567703638824429E-010
         120  7.667016777584889E-010
         121  6.243968686427735E-010
         122  7.903810947163623E-010
         123  6.992005471025283E-010
         124  1.661200913565958E-008
         125  7.224368882084462E-008
         126  5.984543183340829E-007
         127  3.057166391629534E-006
         128  2.543953556766569E-005
         129  1.298091218755080E-004
         130  3.320053700248959E-004
         131  1.109998173777137E-003
         132  1.064736285668025E-003
         133  3.305613681245797E-005
         134  8.362512722737871E-005
         135  9.247022564839151E-005
         136  2.264049862858071E-004
         137  1.197768765484434E-004
         138  8.404620994423993E-005
         139  1.454124907391091E-005
         140  3.410403546293271E-005
         141  2.529438987966356E-005
         142  1.017237872473151E-005
         143  1.747368531986283E-006
         144  6.988026801397243E-006
         145  3.387342656736169E-006
         146  1.287773799930667E-005
         147  1.135636383722586E-005
         148  1.790768043922707E-005
         149  1.181615165862747E-005
         150  2.443456735616773E-005
         151  2.476698398245346E-005
         152  2.875232760669902E-005
         153  8.350412996183025E-006
         154  1.167676758938899E-005
         155  6.084260221927332E-006
         156  1.716167651224078E-005
         157  1.161482099923762E-005
         158  3.927780880977171E-005
         159  3.923976576399712E-005
         160  7.586924342864180E-005
         161  4.236317554747884E-005
         162  1.808643246953202E-004
         163  6.478171763560379E-005
         164  6.523827147920908E-005
         165  3.921870930108202E-005
         166  1.176123843197229E-004
         167  2.427176622168054E-005
         168  6.401731626020228E-005
         169  5.834593256330786E-005
         170  3.739877672367721E-005
         171  1.109127969408384E-005
         172  1.598665678721123E-005
         173  2.232950320068791E-005
         174  3.340719254407378E-005
         175  1.543287489989456E-005
         176  1.726814779393798E-005
         177  9.985436283762589E-006
         178  2.446165732171692E-005
         179  1.098187626822944E-005
         180  1.808020476224686E-005
         181  7.834928242073170E-006
         182  1.555020914108754E-005
         183  7.779286336501655E-006
         184  1.370104808751503E-005
         185  4.264403663946066E-006
         186  1.576894800199775E-005
         187  4.492656916568459E-006
         188  1.398550031945165E-005
         189  1.173115187624511E-005
         190  2.510265424422342E-005
         191  2.835929751251851E-005
         192  9.962944891206173E-005
         193  1.291125225302656E-004
         194  3.228819209438132E-004
         195  2.282568086567136E-004
         196  4.388790094908787E-004
         197  2.347284185601333E-004
         198  1.739722532125490E-004
         199  1.430685783857923E-005
         200  2.516679287849146E-006
         201  8.779005727276482E-008
         202  1.013465671912816E-007
         203  2.441221637000988E-008
         204  8.013023997537826E-008
         205  7.045101738132802E-008
         206  2.195137952604387E-006
         207  1.443073935208300E-006
         208  2.421344550984773E-006
         209  1.545312279805863E-006
         226  6.254749505536077E-014
         227  4.794061841887855E-015
         230  2.947549648954803E-012
         231  7.196856151202934E-012
         232  5.596334522159037E-007
         234  9.596968489589492E-012
         235  1.546505040083960E-007
         236  1.505660080496894E-009
         238  1.746513680642166E-007
         240  2.917976811403269E-013
         244  3.561983199181973E-009
