           1  7.440852458544385E-005
           2  6.470609901488105E-012
           3  1.574717819390911E-008
           4  8.205241183569130E-005
           6  5.674563962362780E-015
           7  3.114017005274736E-012
           8  2.708281752318958E-013
           9  1.912633244112939E-009
          10  2.713051082138141E-014
          14  1.950410943206041E-015
          15  2.042595667516175E-012
          16  1.231880535495150E-009
          17  9.155944743323169E-011
          18  4.387061854563921E-010
          19  1.871328419878262E-010
          20  4.661433776587508E-009
          21  7.506841749219878E-010
          22  1.562795286328040E-009
          23  4.893351871356073E-009
          24  1.130765984215929E-008
          25  1.385197724684173E-008
          26  1.170388204286750E-008
          27  2.394568902750582E-009
          28  1.551484265091593E-009
          29  8.664327910981846E-010
          30  2.761315543764403E-009
          31  4.549440048281365E-010
          32  5.960572355853456E-010
          33  8.654691201533536E-010
          34  4.206026840928520E-009
          35  2.856723456781288E-010
          36  1.192426130549608E-009
          37  7.583732753446688E-010
          38  1.027853482855111E-009
          39  3.118218498208876E-010
          40  6.441320092474181E-010
          41  9.136575161023962E-010
          42  6.295259879500757E-009
          43  5.158655694060336E-010
          44  1.030529212776139E-009
          45  4.557881953730222E-009
          46  7.308852461437145E-009
          47  7.819342382060637E-009
          48  5.783692222817992E-009
          49  5.194443822123187E-010
          50  3.163377503932766E-009
          51  1.577111664082268E-009
          52  6.334420819815143E-009
          53  2.129838518689167E-010
          54  5.298003620263809E-010
          55  3.562342330689117E-010
          56  4.400267344289318E-010
          57  1.132363713286473E-010
          58  2.391067040871485E-010
          59  1.610098536965705E-010
          60  1.813419254593371E-010
          61  1.923242333700263E-010
          62  8.954301237649182E-010
          63  3.633333528961813E-010
          64  3.870847458147720E-010
          65  3.264857978390594E-010
          66  4.439536122455088E-010
          67  5.818688626978885E-010
          68  8.301026693616818E-010
          69  1.587155529529548E-010
          70  4.890485127709219E-010
          71  1.670207525260898E-010
          72  2.068155926444362E-010
          73  2.284456481958236E-010
          74  4.610041248399506E-010
          75  1.111045916488942E-009
          76  2.884281625936764E-009
          77  5.625659889121250E-009
          78  9.940123577209213E-009
          79  7.906044386791682E-009
          80  3.216445045896805E-008
          81  1.164183406952855E-008
          82  1.050188932949931E-008
          83  4.636623562077806E-009
          84  5.139872896743317E-009
          85  3.528141177833341E-009
          86  3.803463358878421E-009
          87  2.439070714418251E-009
          88  5.965115067211276E-009
          89  2.640671121803751E-009
          90  5.050809064917708E-009
          91  3.438882237561386E-009
          92  2.894058948127009E-009
          93  2.418499549811118E-009
          94  5.656269098482453E-009
          95  2.863377442755867E-009
          96  3.483016773478745E-009
          97  1.492364617555886E-009
          98  1.353040890555074E-009
          99  1.479324669074385E-009
         100  1.270505615133789E-009
         101  9.629269301458777E-010
         102  1.748000115809960E-009
         103  1.677737775417808E-009
         104  1.641354693238066E-009
         105  1.764106521991453E-009
         106  2.245888753664529E-009
         107  1.743113030952423E-009
         108  5.848768057233817E-009
         109  2.598143148571438E-009
         110  6.890240845267140E-009
         111  4.836200947490350E-009
         112  6.206234567083121E-009
         113  3.059784627111638E-009
         114  2.361409577116048E-009
         115  1.222979352788230E-009
         116  1.255853576203181E-009
         117  1.155136358941744E-009
         118  1.248938923288768E-009
         119  4.550539889766337E-010
         120  6.560416107711881E-010
         121  5.337605209574541E-010
         122  6.904690327189116E-010
         123  6.546260159373994E-010
         124  1.985920861947697E-008
         125  9.135466593139439E-008
         126  7.300960458055606E-007
         127  3.727351841221101E-006
         128  3.008081382847723E-005
         129  1.411935763912897E-004
         130  3.222523724998221E-004
         131  1.087065625317437E-003
         132  1.018375058578202E-003
         133  3.478037868702328E-005
         134  8.754425524876437E-005
         135  8.008309709994879E-005
         136  2.202740046542908E-004
         137  1.213921946863663E-004
         138  8.989580184642080E-005
         139  1.461274782369656E-005
         140  3.360069656673812E-005
         141  2.621683036122768E-005
         142  9.754230080889526E-006
         143  1.771365966970536E-006
         144  8.822987324274764E-006
         145  5.291589724988710E-006
         146  1.967689398902682E-005
         147  1.157487131423647E-005
         148  1.948796278438453E-005
         149  1.416769258590464E-005
         150  2.928736192104105E-005
         151  1.550124996175656E-005
         152  2.340066738742593E-005
         153  9.919654712878031E-006
         154  4.571922842996347E-005
         155  2.905416722432879E-005
         156  4.835280992992755E-005
         157  4.076812020750169E-005
         158  7.991802706754157E-005
         159  3.378978807451280E-005
         160  6.628776442018741E-005
         161  3.613856666900213E-005
         162  7.353877014042179E-005
         163  4.152476317916561E-005
         164  1.325669812501338E-004
         165  7.804826592016684E-005
         166  7.361777314016014E-005
         167  2.026626494063452E-005
         168  6.927317366562398E-005
         169  3.653999867058222E-005
         170  5.830715016428836E-005
         171  2.985665008624450E-005
         172  5.514926749668529E-005
         173  2.022314469700034E-005
         174  2.101018128497243E-005
         175  1.363466338684940E-005
         176  2.141588541599954E-005
         177  1.060063668335999E-005
         178  1.144492354298841E-005
         179  5.406223004699476E-006
         180  1.103676282905232E-005
         181  5.305821472731692E-006
         182  1.180515210956743E-005
         183  6.309197396162474E-006
         184  1.165444614460952E-005
         185  3.772965969775830E-006
         186  1.486227710586671E-005
         187  4.447917087609898E-006
         188  1.536602575493717E-005
         189  1.375127247109779E-005
         190  2.816270465167370E-005
         191  3.086104826084777E-005
         192  1.089384161523223E-004
         193  1.412641012079784E-004
         194  3.394103130078299E-004
         195  2.273825613185076E-004
         196  4.228528301682233E-004
         197  2.145724418649678E-004
         198  1.493990793989949E-004
         199  1.187322329225782E-005
         200  2.122559023322525E-006
         201  8.108397304046763E-008
         202  1.058185032014425E-007
         203  2.796443699019489E-008
         204  8.209170503936450E-008
         205  6.947592401972399E-008
         206  2.299486896555682E-006
         207  1.528068166262062E-006
         208  2.543304890520420E-006
         209  1.599847666701377E-006
         226  6.085729620773840E-014
         227  4.699456982909602E-015
         230  2.867899056783788E-012
         231  7.054835129420868E-012
         232  5.383149164553171E-007
         234  9.337633002734020E-012
         235  1.515986682988949E-007
         236  1.569681986034272E-009
         238  1.699318258862840E-007
         240  3.050706917075491E-013
         244  3.724007244260912E-009
