           1  7.440743444948762E-005
           2  6.470609901488105E-012
           3  1.574717819390911E-008
           4  8.121260228827247E-005
           6  5.674563962362780E-015
           7  3.114017005274736E-012
           8  2.708281752318958E-013
           9  1.912633244112939E-009
          10  2.713051082138141E-014
          14  2.013431176405678E-015
          15  2.047890802174420E-012
          16  1.232705277675962E-009
          17  9.160397641475691E-011
          18  4.444851067977137E-010
          19  1.947379997161163E-010
          20  4.661379818218913E-009
          21  7.497363902410087E-010
          22  1.542336458738899E-009
          23  4.903919635475905E-009
          24  1.132486850134151E-008
          25  1.386631759858116E-008
          26  1.189192389560560E-008
          27  2.420159519088850E-009
          28  1.526641654400584E-009
          29  8.483943821081444E-010
          30  2.676981830841760E-009
          31  4.400728648043023E-010
          32  6.121769498798727E-010
          33  8.617214889976050E-010
          34  4.282947816133069E-009
          35  2.825067542824977E-010
          36  1.164085662357850E-009
          37  7.978048397410450E-010
          38  1.091082855603482E-009
          39  3.096784408514120E-010
          40  6.287683391587319E-010
          41  8.988869398896721E-010
          42  6.157093061368671E-009
          43  5.016453168228252E-010
          44  1.024779213293389E-009
          45  4.554816448517453E-009
          46  7.394784492663674E-009
          47  7.912749275575470E-009
          48  5.814574089402624E-009
          49  5.278103091530942E-010
          50  3.130490840338769E-009
          51  1.544961844552181E-009
          52  6.288965249681824E-009
          53  2.197057875842788E-010
          54  5.563089223747145E-010
          55  3.585653289447217E-010
          56  4.140042234486865E-010
          57  1.054322311164822E-010
          58  2.259514792925632E-010
          59  1.520024043996336E-010
          60  1.754334497805263E-010
          61  1.892272787991804E-010
          62  8.749367865916311E-010
          63  3.550197811532565E-010
          64  3.805792530624039E-010
          65  3.205035568098977E-010
          66  4.376674556350421E-010
          67  5.842011269954489E-010
          68  8.323308717992698E-010
          69  1.587416403875137E-010
          70  4.868690063377282E-010
          71  1.654534953996262E-010
          72  2.035219975874599E-010
          73  2.236792764626008E-010
          74  4.527358194393071E-010
          75  1.103183484594978E-009
          76  2.869276249596799E-009
          77  5.623400993678448E-009
          78  1.002870115248679E-008
          79  7.956130130383719E-009
          80  3.210968453195345E-008
          81  1.199723084826959E-008
          82  1.049968813488220E-008
          83  4.548659019586070E-009
          84  5.075985424459453E-009
          85  3.471924943450494E-009
          86  3.754282354650495E-009
          87  2.489794002540272E-009
          88  6.051796822305098E-009
          89  2.694554131784206E-009
          90  5.191743962992964E-009
          91  3.489932685580063E-009
          92  2.878903878883862E-009
          93  2.406509720607790E-009
          94  5.687926107556305E-009
          95  2.888015167096823E-009
          96  3.525128630993595E-009
          97  1.510910014161686E-009
          98  1.373422081922278E-009
          99  1.499639361176263E-009
         100  1.288000363625976E-009
         101  9.798997482884831E-010
         102  1.762202952728169E-009
         103  1.684406949530119E-009
         104  1.639743551770413E-009
         105  1.752249673846782E-009
         106  2.239757699673338E-009
         107  1.750865350500717E-009
         108  5.921572184883004E-009
         109  2.635326835886824E-009
         110  7.045239074072182E-009
         111  4.958467724527699E-009
         112  6.365001183214087E-009
         113  3.146173600375919E-009
         114  2.425493598569377E-009
         115  1.248922846738257E-009
         116  1.276675763058476E-009
         117  1.150418115804945E-009
         118  1.239048669733379E-009
         119  4.656950331781371E-010
         120  6.719580932169429E-010
         121  5.447215550853338E-010
         122  6.938080482766083E-010
         123  6.627602850658724E-010
         124  1.973349464661195E-008
         125  9.327011044179091E-008
         126  7.425242103499832E-007
         127  3.774618506403132E-006
         128  3.042142774593281E-005
         129  1.430437336328173E-004
         130  3.274623369943412E-004
         131  1.081891347648838E-003
         132  1.025108004281319E-003
         133  3.404609811054391E-005
         134  8.592588667885459E-005
         135  8.463831952247267E-005
         136  2.197982879002404E-004
         137  1.191900456081480E-004
         138  8.891046479425236E-005
         139  1.461821389525650E-005
         140  3.329058239631022E-005
         141  2.521214918614434E-005
         142  9.663033008958248E-006
         143  1.636383142453817E-006
         144  6.759362186836984E-006
         145  3.498155007966486E-006
         146  1.299377314039850E-005
         147  9.459626510774783E-006
         148  7.946503179307447E-006
         149  6.182335711596125E-006
         150  1.843059895492398E-005
         151  1.922537432164202E-005
         152  3.060486774839809E-005
         153  1.199523730950535E-005
         154  6.126134720379284E-005
         155  3.536206579026717E-005
         156  4.624149780256713E-005
         157  2.467765414031800E-005
         158  6.597711983388910E-005
         159  3.557824180204739E-005
         160  9.592140876711574E-005
         161  5.730371053001190E-005
         162  1.065903347742389E-004
         163  4.937886759475771E-005
         164  9.546571758119665E-005
         165  6.637598406159610E-005
         166  1.206102255654775E-004
         167  2.940985984991489E-005
         168  2.350622268744955E-005
         169  1.482228907402639E-005
         170  3.981641125474068E-005
         171  2.867404772044194E-005
         172  5.396056337250567E-005
         173  2.147555978856492E-005
         174  3.192210510843949E-005
         175  2.212748386902661E-005
         176  1.865691424387215E-005
         177  7.580352740978365E-006
         178  1.608319927725536E-005
         179  5.838389697868329E-006
         180  9.689564453682930E-006
         181  4.992317397118118E-006
         182  1.165722657188117E-005
         183  6.277009111105688E-006
         184  1.165277582557124E-005
         185  3.754774723786456E-006
         186  1.467247527676450E-005
         187  4.396693713784344E-006
         188  1.528449435896288E-005
         189  1.378760161315134E-005
         190  2.838339784065592E-005
         191  3.109346601831233E-005
         192  1.099937233780340E-004
         193  1.427662090446743E-004
         194  3.421845636686902E-004
         195  2.284706891503916E-004
         196  4.229680226428393E-004
         197  2.135802424637036E-004
         198  1.478691174480158E-004
         199  1.171499425773379E-005
         200  2.104058987757197E-006
         201  8.314880341271966E-008
         202  1.066180472834065E-007
         203  2.712983804136932E-008
         204  8.053567336004892E-008
         205  6.846328430563869E-008
         206  2.230022490614167E-006
         207  1.466602260264682E-006
         208  2.456566250832722E-006
         209  1.548195718020779E-006
         226  5.811621238387914E-014
         227  4.514818569814905E-015
         230  2.738725527841967E-012
         231  6.777655538740902E-012
         232  5.199349410629342E-007
         234  8.917055087317623E-012
         235  1.456424615193093E-007
         236  1.494800209042571E-009
         238  1.622778976291731E-007
         240  2.904650128364364E-013
         244  3.545715276524090E-009
