           1  7.479531684678708E-005
           2  6.470609901488105E-012
           3  1.574717819390911E-008
           4  7.975120564660386E-005
           6  5.674563962362780E-015
           7  3.114017005274736E-012
           8  2.708281752318958E-013
           9  1.912633244112939E-009
          10  2.713051082138141E-014
          14  1.792601808819625E-015
          15  1.831813596614356E-012
          16  1.274583904590717E-009
          17  9.391732922265285E-011
          18  4.405335330405909E-010
          19  1.895925020804465E-010
          20  4.725401045005597E-009
          21  7.794307024378283E-010
          22  1.634136186676711E-009
          23  4.943259183119626E-009
          24  1.143827168657679E-008
          25  1.384399885411596E-008
          26  1.147005673273043E-008
          27  2.498357673948128E-009
          28  1.593484880804686E-009
          29  8.396913523946363E-010
          30  2.684670141474911E-009
          31  4.740771547125355E-010
          32  6.036354109505644E-010
          33  8.357363771321057E-010
          34  4.396964334090115E-009
          35  2.838948339680634E-010
          36  1.099303901879381E-009
          37  6.894514071334498E-010
          38  9.126996350333335E-010
          39  2.799617672066130E-010
          40  6.356277313663248E-010
          41  9.257663638778169E-010
          42  6.471315101867244E-009
          43  5.537315644233720E-010
          44  9.970712252995760E-010
          45  4.423132490914072E-009
          46  7.289769784776324E-009
          47  7.977525530475329E-009
          48  5.952680567704165E-009
          49  4.803653600008950E-010
          50  3.104860595097730E-009
          51  1.593470487253780E-009
          52  6.110515986631241E-009
          53  2.043903099212176E-010
          54  4.921017803520568E-010
          55  3.446765181326715E-010
          56  4.223439252631783E-010
          57  1.133227345302054E-010
          58  2.174524093445281E-010
          59  1.537176592946345E-010
          60  1.756046112112042E-010
          61  1.799239430802020E-010
          62  8.814130939873915E-010
          63  3.593279065339400E-010
          64  3.660735280279829E-010
          65  3.132098984731241E-010
          66  4.480230999070357E-010
          67  5.889339671045994E-010
          68  8.882930995098439E-010
          69  1.654649468256306E-010
          70  5.015353676092258E-010
          71  1.741885853931663E-010
          72  2.153337319891601E-010
          73  2.195843250426810E-010
          74  4.586822644711969E-010
          75  1.094792221584524E-009
          76  2.879494216122671E-009
          77  5.383260642587885E-009
          78  1.020143026516885E-008
          79  8.052464389943597E-009
          80  3.292072471941319E-008
          81  1.147857331392467E-008
          82  1.002373206766590E-008
          83  4.412730310336536E-009
          84  5.331994799085316E-009
          85  3.550725444494026E-009
          86  3.820269895570356E-009
          87  2.457636866307623E-009
          88  5.796383427813538E-009
          89  2.683889694079764E-009
          90  5.249600837423040E-009
          91  3.534570288774883E-009
          92  2.905044259705861E-009
          93  2.388991614024335E-009
          94  5.514232633314422E-009
          95  2.751227117913679E-009
          96  3.128465205985789E-009
          97  1.358969155523033E-009
          98  1.280656832295917E-009
          99  1.448127912549238E-009
         100  1.276346917364518E-009
         101  9.613679359702597E-010
         102  1.710876845544360E-009
         103  1.652947428351126E-009
         104  1.627183200386688E-009
         105  1.764586087867759E-009
         106  2.266453478509973E-009
         107  1.725945376586768E-009
         108  5.709113981049739E-009
         109  2.527474657532236E-009
         110  6.789204388486927E-009
         111  4.756421512023880E-009
         112  6.257586970990655E-009
         113  3.143807895558621E-009
         114  2.472831138457407E-009
         115  1.303822109836942E-009
         116  1.336858587096434E-009
         117  1.130249491768620E-009
         118  1.200311973916800E-009
         119  4.656774643962502E-010
         120  6.515303268792147E-010
         121  5.264596809290863E-010
         122  6.811179228301869E-010
         123  6.347597509330452E-010
         124  1.833098190356361E-008
         125  8.221827703655207E-008
         126  6.731653558513579E-007
         127  3.471364627042071E-006
         128  2.865273169892998E-005
         129  1.390466342147212E-004
         130  3.324211697413179E-004
         131  1.100321686034731E-003
         132  1.002940532339253E-003
         133  3.214038567408048E-005
         134  7.900653205860844E-005
         135  7.462636455916702E-005
         136  2.004694967213165E-004
         137  1.108784893274453E-004
         138  9.134023047587262E-005
         139  1.427824909021387E-005
         140  3.240500693128548E-005
         141  2.481907959068391E-005
         142  9.891393138865164E-006
         143  1.852578261730947E-006
         144  9.436750586288987E-006
         145  5.416806030649939E-006
         146  2.008024956397910E-005
         147  1.173289395825684E-005
         148  8.032631333231467E-006
         149  6.514501554875371E-006
         150  4.512356877378637E-005
         151  2.347435714198538E-005
         152  4.006725560003489E-005
         153  1.978960508473191E-005
         154  3.890640252422770E-005
         155  1.809618423389896E-005
         156  3.032011855702741E-005
         157  1.270131671307501E-005
         158  2.999940789835491E-005
         159  1.652943667879522E-005
         160  5.500586851566278E-005
         161  3.698152902950887E-005
         162  8.379638125327980E-005
         163  5.545616262913370E-005
         164  1.213104275900975E-004
         165  7.322785837395874E-005
         166  2.037223153302225E-004
         167  4.696286462652925E-005
         168  1.130070375957023E-004
         169  5.653031153389267E-005
         170  3.621126728840960E-005
         171  1.908288184038802E-005
         172  4.307702376007336E-005
         173  2.072770103102455E-005
         174  3.558835249415568E-005
         175  2.102928544937647E-005
         176  2.661937640795392E-005
         177  1.359673091554679E-005
         178  2.900475284476252E-005
         179  7.873294477173070E-006
         180  1.073197114051392E-005
         181  5.646242569007189E-006
         182  1.355957248670897E-005
         183  7.426322122460671E-006
         184  1.384838246033196E-005
         185  4.429902342210020E-006
         186  1.719878088750859E-005
         187  4.967647310510498E-006
         188  1.602106788915629E-005
         189  1.375192584477895E-005
         190  2.796191606214394E-005
         191  3.100347166805333E-005
         192  1.060995381048785E-004
         193  1.342828303281078E-004
         194  3.221127502329723E-004
         195  2.132732530548406E-004
         196  3.923697755345719E-004
         197  2.028290229999555E-004
         198  1.435110233557779E-004
         199  1.131609969712723E-005
         200  2.117918807918388E-006
         201  8.545211731313466E-008
         202  1.092996727772454E-007
         203  2.765752188675022E-008
         204  8.960003019705736E-008
         205  7.662251983282089E-008
         206  2.125569392211723E-006
         207  1.423016534688347E-006
         208  2.360559007740624E-006
         209  1.465786208387720E-006
         226  5.683524736815283E-014
         227  4.309946118424869E-015
         230  2.678360073092970E-012
         231  6.470100565395422E-012
         232  4.892187477704903E-007
         234  8.720510351492293E-012
         235  1.390335296970139E-007
         236  1.500575124013813E-009
         238  1.587010590644794E-007
         240  2.918508074452969E-013
         244  3.562631713608126E-009
