           1  7.415814104207776E-005
           2  6.470609901488105E-012
           3  1.574717819390911E-008
           4  8.341764712651014E-005
           6  5.674563962362780E-015
           7  3.114017005274736E-012
           8  2.708281752318958E-013
           9  1.912633244112939E-009
          10  2.713051082138141E-014
          14  2.054761331422022E-015
          15  2.172125600128828E-012
          16  1.253581916989306E-009
          17  9.293364324308914E-011
          18  4.408626140123446E-010
          19  1.874642330877705E-010
          20  4.683127780930154E-009
          21  7.749387596333021E-010
          22  1.541350037238804E-009
          23  4.925114799434166E-009
          24  1.137916455700969E-008
          25  1.376423680467063E-008
          26  1.167242390768669E-008
          27  2.545722305288129E-009
          28  1.624973793714796E-009
          29  8.366419058138021E-010
          30  2.723361867495737E-009
          31  4.749937036718187E-010
          32  6.286965632932761E-010
          33  8.423057559619293E-010
          34  4.367398447178056E-009
          35  2.845298157670707E-010
          36  1.119596521119558E-009
          37  7.691927834253435E-010
          38  1.041767426720874E-009
          39  3.163566694450391E-010
          40  6.428611131316541E-010
          41  8.980927958182682E-010
          42  6.327937651017606E-009
          43  5.295118967840013E-010
          44  9.777678106162874E-010
          45  4.413524836598862E-009
          46  7.286977329525696E-009
          47  7.943186055757621E-009
          48  5.915776873255025E-009
          49  5.106695935148343E-010
          50  3.125754561379865E-009
          51  1.573174183070428E-009
          52  6.444786757252200E-009
          53  2.165880569345893E-010
          54  5.297881236345487E-010
          55  3.715922441243909E-010
          56  4.352298287836665E-010
          57  1.136950769150386E-010
          58  2.159971755747736E-010
          59  1.507425559054832E-010
          60  1.746912956078061E-010
          61  1.874409056542005E-010
          62  9.015263857145105E-010
          63  3.617711724104902E-010
          64  3.652328199686564E-010
          65  3.083616567541664E-010
          66  4.340452208996557E-010
          67  5.889777747372704E-010
          68  8.835399759157415E-010
          69  1.651547522969235E-010
          70  4.965839067032229E-010
          71  1.704527732714263E-010
          72  2.050979252797462E-010
          73  2.102529771605356E-010
          74  4.442709481581466E-010
          75  1.073846908414157E-009
          76  2.858840947190159E-009
          77  5.451577094434656E-009
          78  1.000242545363893E-008
          79  7.883069140639664E-009
          80  3.246872683497389E-008
          81  1.164158142237777E-008
          82  1.057379678012847E-008
          83  4.690245246193515E-009
          84  5.200698099346342E-009
          85  3.501410701796251E-009
          86  3.777790811508182E-009
          87  2.468648969420478E-009
          88  6.070583469395493E-009
          89  2.787226572439530E-009
          90  5.341378768043084E-009
          91  3.472872675605073E-009
          92  2.880932374480225E-009
          93  2.453068443913152E-009
          94  5.952078167312553E-009
          95  2.964938133666437E-009
          96  3.360662562159875E-009
          97  1.442981124643216E-009
          98  1.326238281084738E-009
          99  1.490638654201872E-009
         100  1.317149663038274E-009
         101  1.002776100845119E-009
         102  1.789187669588587E-009
         103  1.695305549560862E-009
         104  1.644354444793771E-009
         105  1.747057780482896E-009
         106  2.243454289123483E-009
         107  1.743387955629662E-009
         108  5.804403478172664E-009
         109  2.557868760754847E-009
         110  6.937940767093218E-009
         111  4.931331692464167E-009
         112  6.479468349060415E-009
         113  3.239803411848587E-009
         114  2.544339199358270E-009
         115  1.334964891500377E-009
         116  1.391463436279308E-009
         117  1.276211715784985E-009
         118  1.371677338202464E-009
         119  4.843598609158825E-010
         120  6.788562595079831E-010
         121  5.515840919674381E-010
         122  7.166464351890522E-010
         123  6.512903715510021E-010
         124  1.867186024190776E-008
         125  8.153143263781974E-008
         126  6.587063405762347E-007
         127  3.374460577483356E-006
         128  2.762005590929722E-005
         129  1.347111916720211E-004
         130  3.253173398092841E-004
         131  1.093032443683444E-003
         132  1.042849430804167E-003
         133  3.474278198247370E-005
         134  8.762771798602050E-005
         135  8.466906016411308E-005
         136  2.252320588105904E-004
         137  1.231671204624164E-004
         138  9.147820857468170E-005
         139  1.351971256553915E-005
         140  3.050244810982508E-005
         141  2.327139352012863E-005
         142  8.987851974078145E-006
         143  1.598798794368296E-006
         144  7.377631826048050E-006
         145  4.191840034468834E-006
         146  1.627164298291440E-005
         147  1.214342802726779E-005
         148  2.511149084270586E-005
         149  1.775438912213692E-005
         150  2.086989219593811E-005
         151  1.062633451308220E-005
         152  1.923569338381676E-005
         153  7.827475724356282E-006
         154  5.223388155884623E-005
         155  2.332532385653417E-005
         156  2.524930864046315E-005
         157  1.427691746208383E-005
         158  7.163349523937385E-005
         159  5.964624022452723E-005
         160  7.042509838018145E-005
         161  2.936645078054672E-005
         162  8.117226324812874E-005
         163  5.135062990506841E-005
         164  9.696170063751867E-005
         165  4.139608708806556E-005
         166  7.117698131302622E-005
         167  3.768559993923110E-005
         168  1.492284611012522E-004
         169  4.298678505267238E-005
         170  3.482922039052175E-005
         171  2.134010540081416E-005
         172  3.477466735801871E-005
         173  2.255768191088726E-005
         174  4.146137969898598E-005
         175  1.730017450732116E-005
         176  1.558380720933919E-005
         177  8.064739416842926E-006
         178  1.782945903233933E-005
         179  8.379984755131881E-006
         180  1.372935437293414E-005
         181  5.883837088654090E-006
         182  1.167399899520960E-005
         183  5.999049602175460E-006
         184  1.086418884085976E-005
         185  3.520440958731837E-006
         186  1.377400374273877E-005
         187  3.976559166150878E-006
         188  1.306190767139320E-005
         189  1.161707616665810E-005
         190  2.461470810020520E-005
         191  2.875415779348617E-005
         192  1.023290008012819E-004
         193  1.320289580392178E-004
         194  3.232510903911852E-004
         195  2.260349103635690E-004
         196  4.358855213114094E-004
         197  2.268937827776733E-004
         198  1.641565025223322E-004
         199  1.317109038714636E-005
         200  2.371196595415913E-006
         201  8.890549548028483E-008
         202  1.113202541329968E-007
         203  2.848337356179263E-008
         204  8.645689289148301E-008
         205  7.392450663557528E-008
         206  2.414321981206726E-006
         207  1.597462550764811E-006
         208  2.686736256849574E-006
         209  1.690904194038041E-006
         226  6.546409900957911E-014
         227  5.050314611176914E-015
         230  3.084994561077781E-012
         231  7.581543370463859E-012
         232  5.761258836272182E-007
         234  1.004447731820799E-011
         235  1.629169013205539E-007
         236  1.656374624715566E-009
         238  1.827954011746537E-007
         240  3.216586885103559E-013
         244  3.926497427489159E-009
