           1  7.446842937648187E-005
           2  6.470609901488105E-012
           3  1.574717819390911E-008
           4  8.357966590040779E-005
           6  5.674563962362780E-015
           7  3.114017005274736E-012
           8  2.708281752318958E-013
           9  1.912633244112939E-009
          10  2.713051082138141E-014
          14  2.117854727588073E-015
          15  2.012550079085881E-012
          16  1.226612128733877E-009
          17  9.156513970729193E-011
          18  4.566951468179556E-010
          19  2.083821082651289E-010
          20  4.605362092639684E-009
          21  7.763012279679220E-010
          22  1.517829230519150E-009
          23  4.874006276899822E-009
          24  1.128882086097016E-008
          25  1.361972623572431E-008
          26  1.200784074798299E-008
          27  2.814122330871812E-009
          28  1.663180127819357E-009
          29  8.057085038455516E-010
          30  2.590366743661177E-009
          31  4.987148041529778E-010
          32  6.553644154978979E-010
          33  7.379947067921108E-010
          34  4.438825502597410E-009
          35  2.997396967755763E-010
          36  1.123613460639261E-009
          37  8.305995466313351E-010
          38  1.104773052104743E-009
          39  3.156375978425603E-010
          40  6.185995839795261E-010
          41  8.419557296861341E-010
          42  5.898184295398603E-009
          43  5.355664031813476E-010
          44  9.223757460829893E-010
          45  4.213644706217235E-009
          46  7.367836246539301E-009
          47  8.236674920591798E-009
          48  6.188012240141272E-009
          49  5.267841645227986E-010
          50  3.102354796703705E-009
          51  1.566787828327917E-009
          52  6.432826389817936E-009
          53  2.281264886800886E-010
          54  5.418485068485110E-010
          55  3.605970593507027E-010
          56  3.982459591576888E-010
          57  1.113393744739425E-010
          58  1.829524510236377E-010
          59  1.339532723603013E-010
          60  1.646192045042008E-010
          61  1.659220842943768E-010
          62  8.339777898372798E-010
          63  3.455417712305750E-010
          64  3.330691617820470E-010
          65  2.819210237295293E-010
          66  4.337931622876466E-010
          67  5.767908092996200E-010
          68  9.083298502673473E-010
          69  1.659324262326317E-010
          70  4.720499173493529E-010
          71  1.659032567061215E-010
          72  2.095584507773650E-010
          73  1.997185301165730E-010
          74  4.297301502425642E-010
          75  9.950925598866475E-010
          76  2.759240747566948E-009
          77  5.332003113459317E-009
          78  1.027064301010259E-008
          79  7.853800679425831E-009
          80  3.160442257930719E-008
          81  1.249005533096237E-008
          82  1.097864947297956E-008
          83  4.727312422972424E-009
          84  5.146947537346982E-009
          85  3.347658160185157E-009
          86  3.635419340511564E-009
          87  2.499323362386024E-009
          88  6.022534499480998E-009
          89  2.815864271429003E-009
          90  5.276393261386810E-009
          91  3.450995746497382E-009
          92  2.886439045892264E-009
          93  2.420166387620910E-009
          94  5.753274622302345E-009
          95  2.949790287029233E-009
          96  3.246757037748337E-009
          97  1.446354058265541E-009
          98  1.387451685474108E-009
          99  1.572523213696523E-009
         100  1.440834944284104E-009
         101  1.067121875899992E-009
         102  1.759791838575967E-009
         103  1.654521089519189E-009
         104  1.584200154895151E-009
         105  1.641850966348381E-009
         106  2.144112936704657E-009
         107  1.636829886543918E-009
         108  5.411137038778853E-009
         109  2.428152863876777E-009
         110  6.890599452210864E-009
         111  4.933058604331749E-009
         112  6.755227058588855E-009
         113  3.516507541100605E-009
         114  2.887761212366368E-009
         115  1.551808138290108E-009
         116  1.636682130887896E-009
         117  1.441054039334895E-009
         118  1.528619954168627E-009
         119  5.544590288858981E-010
         120  7.492924565737605E-010
         121  6.047261641251416E-010
         122  7.938187927291175E-010
         123  6.738580468091752E-010
         124  1.653555123146833E-008
         125  6.303205502644924E-008
         126  5.349855927073924E-007
         127  2.774074494100641E-006
         128  2.351788846652386E-005
         129  1.229881245273257E-004
         130  3.258709087216197E-004
         131  1.096705421079391E-003
         132  1.054786527607559E-003
         133  3.364972507196190E-005
         134  8.490996638629812E-005
         135  8.824794588076732E-005
         136  2.191597132961152E-004
         137  1.172573675352786E-004
         138  8.632989766938374E-005
         139  1.380475379945223E-005
         140  3.296569410937801E-005
         141  2.540319777031066E-005
         142  1.029073315860827E-005
         143  1.665354810054213E-006
         144  5.219652454274308E-006
         145  1.853964564894925E-006
         146  8.319212063176267E-006
         147  1.388019078772833E-005
         148  2.243054739484425E-005
         149  1.276577557003355E-005
         150  1.564034640068287E-005
         151  1.187093387561959E-005
         152  5.026987640579428E-005
         153  3.007768990100953E-005
         154  3.229978621440673E-005
         155  1.060878262556933E-005
         156  1.313040398751318E-005
         157  9.550019577990609E-006
         158  3.649208251199230E-005
         159  2.809897511670311E-005
         160  9.459273877777994E-005
         161  3.808043715638195E-005
         162  1.025110111050841E-004
         163  4.283293197377638E-005
         164  1.377532559382545E-004
         165  8.446125047874815E-005
         166  1.243650754716179E-004
         167  3.136116327802854E-005
         168  1.163568469353434E-004
         169  5.285221422990563E-005
         170  3.436049706367314E-005
         171  1.222919472828194E-005
         172  3.229900061371096E-005
         173  1.674623499704576E-005
         174  3.800127035110856E-005
         175  1.950770611825887E-005
         176  1.544405805124629E-005
         177  6.771635055649220E-006
         178  1.471848597106079E-005
         179  4.740399607953366E-006
         180  7.831874577942890E-006
         181  4.236077618421417E-006
         182  1.046725666532480E-005
         183  5.758096073524957E-006
         184  1.092446962142154E-005
         185  3.552760914477198E-006
         186  1.399917469720360E-005
         187  3.964172935331752E-006
         188  1.204324201697955E-005
         189  1.005029567544345E-005
         190  2.171788055792339E-005
         191  2.617793525868967E-005
         192  9.256264829848340E-005
         193  1.209692271842521E-004
         194  3.072264876858415E-004
         195  2.221663793811469E-004
         196  4.355772325282807E-004
         197  2.374180731094723E-004
         198  1.803915863247485E-004
         199  1.476197112940622E-005
         200  2.652505951089905E-006
         201  9.356990568092581E-008
         202  1.085100180069775E-007
         203  2.589366451720126E-008
         204  8.090243278074374E-008
         205  6.990245192238465E-008
         206  2.346283697796125E-006
         207  1.518649094124278E-006
         208  2.583969903379191E-006
         209  1.674092757909936E-006
         210  1.050443709324721E-015
         226  7.439141855389513E-014
         227  5.586597540355949E-015
         230  3.505694343949434E-012
         231  8.386612479903512E-012
         232  6.430094223984993E-007
         234  1.141423967699576E-011
         235  1.802167251492714E-007
         236  1.796213864949291E-009
         238  2.077231551987151E-007
         240  3.481754094966281E-013
         244  4.250187849844074E-009
