           1  7.482525290031650E-005
           2  6.470609901488105E-012
           3  1.574717819390911E-008
           4  8.099717629474396E-005
           6  5.674563962362780E-015
           7  3.114017005274736E-012
           8  2.708281752318958E-013
           9  1.912633244112939E-009
          10  2.713051082138141E-014
          14  1.946917891597366E-015
          15  1.810054210257145E-012
          16  1.201276340170940E-009
          17  8.987248247656218E-011
          18  4.597799645332716E-010
          19  2.163609547470756E-010
          20  4.559852334068915E-009
          21  7.456726229451556E-010
          22  1.546502998023284E-009
          23  4.835021903075956E-009
          24  1.119522546030585E-008
          25  1.368142947958869E-008
          26  1.229703654554935E-008
          27  2.637709356253437E-009
          28  1.533379699099661E-009
          29  8.172523563362004E-010
          30  2.561244402390169E-009
          31  4.479050990709340E-010
          32  6.272412856777622E-010
          33  7.572021306393077E-010
          34  4.359800329074744E-009
          35  2.953086726234671E-010
          36  1.193170047931635E-009
          37  8.451144821514019E-010
          38  1.134072103003813E-009
          39  2.942674320503543E-010
          40  5.862960444663591E-010
          41  8.411246590892477E-010
          42  5.756577195975105E-009
          43  4.841373320048713E-010
          44  9.658259744953848E-010
          45  4.357198352709651E-009
          46  7.509581675037515E-009
          47  8.263235877298811E-009
          48  6.085449177327813E-009
          49  5.365380246293227E-010
          50  3.121770938351733E-009
          51  1.535334094053949E-009
          52  6.167926316988742E-009
          53  2.267301317588867E-010
          54  5.759469976798539E-010
          55  3.524671021455025E-010
          56  3.842439563302379E-010
          57  1.000701685897656E-010
          58  1.936797610902533E-010
          59  1.356633029080207E-010
          60  1.613622017256273E-010
          61  1.692747199239738E-010
          62  8.074725292918418E-010
          63  3.313550561667343E-010
          64  3.482346725775831E-010
          65  2.995068771627147E-010
          66  4.293650588265250E-010
          67  5.800603020988805E-010
          68  8.473775279539292E-010
          69  1.572416069301964E-010
          70  4.680831443961087E-010
          71  1.620345888056926E-010
          72  2.017370177723880E-010
          73  2.144260375480718E-010
          74  4.378356181591537E-010
          75  1.028484926755604E-009
          76  2.783835236099764E-009
          77  5.540385215120379E-009
          78  1.032110184459500E-008
          79  7.924995760973632E-009
          80  3.136700225285692E-008
          81  1.272970499150549E-008
          82  1.071785632247953E-008
          83  4.472330098145039E-009
          84  5.015181843054333E-009
          85  3.345509579790066E-009
          86  3.614724110450117E-009
          87  2.454559031341875E-009
          88  5.914939273669840E-009
          89  2.706142880021555E-009
          90  5.172767533966153E-009
          91  3.389058251075573E-009
          92  2.818956121484695E-009
          93  2.355097578190577E-009
          94  5.518764574022292E-009
          95  2.789955105052974E-009
          96  3.429691395834227E-009
          97  1.485729425721915E-009
          98  1.380277910453339E-009
          99  1.541133643483548E-009
         100  1.341253094343348E-009
         101  1.007913551740261E-009
         102  1.717762003902903E-009
         103  1.614319307218410E-009
         104  1.543752970268015E-009
         105  1.642270863663716E-009
         106  2.107843470051837E-009
         107  1.639439067384871E-009
         108  5.561863933025016E-009
         109  2.512800561478284E-009
         110  7.066700145655675E-009
         111  4.998287958827316E-009
         112  6.587635332028967E-009
         113  3.304115871607599E-009
         114  2.596787871912389E-009
         115  1.367383878153165E-009
         116  1.412162763427063E-009
         117  1.229973393852529E-009
         118  1.317018919251463E-009
         119  5.133288041689616E-010
         120  7.349350911984817E-010
         121  5.954875697366762E-010
         122  7.639205575370446E-010
         123  6.821641118686533E-010
         124  1.813911057984016E-008
         125  7.822357015125446E-008
         126  6.372460207812198E-007
         127  3.279570409303031E-006
         128  2.723166185538582E-005
         129  1.346804795794738E-004
         130  3.320270977479792E-004
         131  1.078297795636209E-003
         132  1.025321626643664E-003
         133  3.246668107955092E-005
         134  8.172386743122615E-005
         135  8.579033183808036E-005
         136  2.069646698271646E-004
         137  1.098572223726675E-004
         138  8.429997488263297E-005
         139  1.452040945572034E-005
         140  3.408552874109885E-005
         141  2.493265343795324E-005
         142  9.786903860366839E-006
         143  1.623456383866294E-006
         144  5.985415772346537E-006
         145  2.383935102040908E-006
         146  9.540571628873961E-006
         147  1.123897003191728E-005
         148  2.251973144656401E-005
         149  1.533661069181031E-005
         150  2.863405910584019E-005
         151  1.448512160375836E-005
         152  2.398011915594215E-005
         153  9.276606706447611E-006
         154  4.821640409966929E-005
         155  2.909211214927285E-005
         156  3.332431447437210E-005
         157  1.462790710696851E-005
         158  4.981332070837140E-005
         159  7.182609062100549E-005
         160  8.810193639758218E-005
         161  3.434244415017114E-005
         162  6.141058070201311E-005
         163  3.476829220075227E-005
         164  8.490622845139012E-005
         165  4.625708937687223E-005
         166  2.158389891058362E-004
         167  4.935364699164110E-005
         168  1.160559588154530E-004
         169  3.638325966380879E-005
         170  3.977143714969940E-005
         171  2.748965875350240E-005
         172  4.686636829431458E-005
         173  1.999634100307856E-005
         174  3.022329213646555E-005
         175  1.700897269893059E-005
         176  2.705840845481428E-005
         177  1.511325729318764E-005
         178  2.760796473191758E-005
         179  8.934849055520999E-006
         180  1.361583661245836E-005
         181  6.651980613907338E-006
         182  1.443586668046468E-005
         183  7.368300568541688E-006
         184  1.312403704480410E-005
         185  4.128274930853527E-006
         186  1.580276331103219E-005
         187  4.560324101486656E-006
         188  1.470334605329476E-005
         189  1.281721550745304E-005
         190  2.627887241507861E-005
         191  2.998294937838372E-005
         192  1.041804805803862E-004
         193  1.331164694698371E-004
         194  3.187189164381478E-004
         195  2.151831941033936E-004
         196  4.024582610382148E-004
         197  2.068720719219401E-004
         198  1.460036377446783E-004
         199  1.141360331684589E-005
         200  2.059124757924180E-006
         201  8.286040165104390E-008
         202  1.023607072225186E-007
         203  2.432459830624428E-008
         204  7.379715756775273E-008
         205  6.319195389756578E-008
         206  2.122631654750894E-006
         207  1.362637131815271E-006
         208  2.311146954836917E-006
         209  1.491312566472958E-006
         226  6.431625700572824E-014
         227  4.937070258503548E-015
         230  3.030902526016879E-012
         231  7.411540699867234E-012
         232  5.647776601072122E-007
         234  9.868358298058035E-012
         235  1.592637786044431E-007
         236  1.640747404746409E-009
         238  1.795902819909564E-007
         240  3.187599492430281E-013
         244  3.891112428784986E-009
