           1  7.499241286582522E-005
           2  6.470609901488105E-012
           3  1.574717819390911E-008
           4  8.292515640189077E-005
           6  5.674563962362780E-015
           7  3.114017005274736E-012
           8  2.708281752318958E-013
           9  1.912633244112939E-009
          10  2.713051082138141E-014
          14  1.731224643575105E-015
          15  1.712722475469140E-012
          16  1.165005868736260E-009
          17  8.782888001110628E-011
          18  4.579767218813137E-010
          19  2.153294942988346E-010
          20  4.433884295613217E-009
          21  7.239179594673811E-010
          22  1.595002142540744E-009
          23  4.723392673010039E-009
          24  1.099200375933692E-008
          25  1.345806291398908E-008
          26  1.226645061373294E-008
          27  2.592614881173453E-009
          28  1.542447904453542E-009
          29  8.450752162606632E-010
          30  2.648615989915886E-009
          31  4.523263670181805E-010
          32  6.281821853217968E-010
          33  7.547898809072032E-010
          34  4.339349344909449E-009
          35  2.940780997076653E-010
          36  1.200325602007187E-009
          37  8.041330087987164E-010
          38  1.076178236438207E-009
          39  2.857089397085154E-010
          40  5.984606224212466E-010
          41  8.715545879727568E-010
          42  5.804493952456923E-009
          43  4.839594392223581E-010
          44  9.571813237244964E-010
          45  4.263205024546268E-009
          46  7.396550143795745E-009
          47  8.242359146164198E-009
          48  6.141640600700188E-009
          49  5.161357170316463E-010
          50  3.132845213185738E-009
          51  1.560917047458773E-009
          52  6.274924156908988E-009
          53  2.178594132463944E-010
          54  5.462960767997398E-010
          55  3.398138513331845E-010
          56  3.808368404024990E-010
          57  9.812411624962108E-011
          58  2.056928699021430E-010
          59  1.407605920478764E-010
          60  1.619520641180030E-010
          61  1.674260806533411E-010
          62  7.940459694441524E-010
          63  3.315891757463631E-010
          64  3.669372232482382E-010
          65  3.154215597204762E-010
          66  4.379647756698055E-010
          67  5.851980545250579E-010
          68  8.423821281320997E-010
          69  1.600962877187169E-010
          70  4.819098024639782E-010
          71  1.650337650934970E-010
          72  2.036498671705168E-010
          73  2.182036665149634E-010
          74  4.304960468938025E-010
          75  1.006279167554404E-009
          76  2.760386036997668E-009
          77  5.613685275330801E-009
          78  1.030829337837215E-008
          79  7.827644766040937E-009
          80  3.094597069999233E-008
          81  1.221073287375626E-008
          82  1.049876640255318E-008
          83  4.435311884474638E-009
          84  4.981521681657247E-009
          85  3.353909721540126E-009
          86  3.590979499466577E-009
          87  2.314981510163057E-009
          88  5.683494568373824E-009
          89  2.655941501497012E-009
          90  5.074316723413635E-009
          91  3.252834130563982E-009
          92  2.703553341500049E-009
          93  2.272617286617633E-009
          94  5.319947715995899E-009
          95  2.718861565799876E-009
          96  3.480793886005217E-009
          97  1.504656451225319E-009
          98  1.374436503295265E-009
          99  1.510451023444343E-009
         100  1.301931439573696E-009
         101  9.819662863479865E-010
         102  1.672302549441273E-009
         103  1.565809024044780E-009
         104  1.502939566706103E-009
         105  1.582015439516163E-009
         106  1.986341456923378E-009
         107  1.549428593828374E-009
         108  5.247307020853016E-009
         109  2.394621934210571E-009
         110  6.765485352657762E-009
         111  4.804987216338056E-009
         112  6.315928715081473E-009
         113  3.154202277072097E-009
         114  2.472968670802585E-009
         115  1.307097376989022E-009
         116  1.356780839282683E-009
         117  1.234344662963966E-009
         118  1.342606653919971E-009
         119  5.009807431199730E-010
         120  7.206399303172286E-010
         121  5.866028748379787E-010
         122  7.641370003649315E-010
         123  6.655318400509696E-010
         124  1.860122682223332E-008
         125  7.554903162650090E-008
         126  6.135016011505437E-007
         127  3.210988851793454E-006
         128  2.679940173542350E-005
         129  1.315755579146264E-004
         130  3.239190891524597E-004
         131  1.059665369549183E-003
         132  1.011470029668705E-003
         133  3.338992609528594E-005
         134  8.427265275504583E-005
         135  8.048519375478113E-005
         136  2.035275510933762E-004
         137  1.104401262831923E-004
         138  8.899228101805795E-005
         139  1.418949461750403E-005
         140  3.348509894600225E-005
         141  2.512751654830380E-005
         142  1.002931845910686E-005
         143  1.802329606490971E-006
         144  7.849417155057251E-006
         145  3.906378199415454E-006
         146  1.597768015520008E-005
         147  1.534151703813197E-005
         148  1.429765626850820E-005
         149  7.404552376141835E-006
         150  2.886845469852095E-005
         151  1.965769498044604E-005
         152  2.713315110141336E-005
         153  9.593089652720026E-006
         154  2.252745429759408E-005
         155  1.408056205562035E-005
         156  8.242329855043515E-005
         157  3.664292325044305E-005
         158  7.080600317524360E-005
         159  3.417921529570481E-005
         160  7.018959498008693E-005
         161  3.972165828559800E-005
         162  1.112182974878906E-004
         163  4.927110523079816E-005
         164  1.210458479547334E-004
         165  9.505384895856688E-005
         166  1.872080663492539E-004
         167  3.967420058575942E-005
         168  6.747081623891611E-005
         169  5.911609506953543E-005
         170  5.190460926080998E-005
         171  2.167346414455196E-005
         172  3.741230205206701E-005
         173  1.635912260104471E-005
         174  4.354696589960692E-005
         175  2.798238961463637E-005
         176  1.544643986223360E-005
         177  5.743653499862291E-006
         178  1.224906310969990E-005
         179  7.806050169292836E-006
         180  1.646900048233666E-005
         181  7.219681043825509E-006
         182  1.419318892928175E-005
         183  6.921483527487241E-006
         184  1.188276070617808E-005
         185  3.665062156298531E-006
         186  1.369305032766026E-005
         187  4.000423184527378E-006
         188  1.322313367682541E-005
         189  1.169755945219346E-005
         190  2.422888874600486E-005
         191  2.800442214867746E-005
         192  9.887046339705793E-005
         193  1.274299512735470E-004
         194  3.063451233548326E-004
         195  2.126576986040378E-004
         196  4.062394647544812E-004
         197  2.079416870221554E-004
         198  1.461533181642043E-004
         199  1.145826210942602E-005
         200  2.102451300172597E-006
         201  8.623484074536817E-008
         202  1.102824450902499E-007
         203  2.725197631624785E-008
         204  7.576823390703051E-008
         205  6.276328182127353E-008
         206  2.277257948304174E-006
         207  1.449153513623091E-006
         208  2.455143462790111E-006
         209  1.613469345120371E-006
         210  1.007209663346765E-015
         226  7.132962477867367E-014
         227  5.490990525609396E-015
         230  3.361407363961856E-012
         231  8.243087019684180E-012
         232  6.243008870089867E-007
         234  1.094445366308083E-011
         235  1.771325611345097E-007
         236  1.824271064883966E-009
         238  1.991737085566130E-007
         240  3.543685544077933E-013
         244  4.325787758785986E-009
