           1  7.386604511449465E-005
           2  6.470609901488105E-012
           3  1.574717819390911E-008
           4  8.205459650438659E-005
           6  5.674563962362780E-015
           7  3.114017005274736E-012
           8  2.708281752318958E-013
           9  1.912633244112939E-009
          10  2.713051082138141E-014
          14  2.357127165778658E-015
          15  2.366484460208173E-012
          16  1.284645824697808E-009
          17  9.461578037475548E-011
          18  4.483298972654613E-010
          19  1.969749132013805E-010
          20  4.700120889108737E-009
          21  7.647941206852326E-010
          22  1.689793477432184E-009
          23  4.910155802912389E-009
          24  1.138125187476563E-008
          25  1.386269888488024E-008
          26  1.206318588643057E-008
          27  2.531125356255826E-009
          28  1.599851840501801E-009
          29  8.813865300532927E-010
          30  2.856342421547775E-009
          31  4.823662304387020E-010
          32  5.968698524929645E-010
          33  8.357701920773761E-010
          34  4.306893315144683E-009
          35  2.929387666498633E-010
          36  1.194988336560566E-009
          37  7.664522394158547E-010
          38  1.031431537722055E-009
          39  3.080583205707581E-010
          40  6.393415560482124E-010
          41  9.119507457202296E-010
          42  6.341449948786908E-009
          43  5.366730229958838E-010
          44  1.007241630534857E-009
          45  4.404648200570507E-009
          46  7.333093284427676E-009
          47  7.981065100636391E-009
          48  5.925970706921906E-009
          49  5.136377084062852E-010
          50  3.158034267104344E-009
          51  1.585833441468634E-009
          52  6.368164518271040E-009
          53  2.124073573703771E-010
          54  5.144261399163440E-010
          55  3.514991157280070E-010
          56  4.311029096262627E-010
          57  1.126842590844366E-010
          58  2.333734725163142E-010
          59  1.587613565692973E-010
          60  1.755147053781741E-010
          61  1.815244651996476E-010
          62  8.625800332223959E-010
          63  3.518923856909516E-010
          64  3.770426748600619E-010
          65  3.184309190149555E-010
          66  4.391878920007605E-010
          67  5.766261721023728E-010
          68  8.372416806417434E-010
          69  1.584017942654670E-010
          70  4.860239042100574E-010
          71  1.669415540577936E-010
          72  2.055209944617963E-010
          73  2.205613077973413E-010
          74  4.392095152955279E-010
          75  1.037163805269996E-009
          76  2.769266522468588E-009
          77  5.500315209691454E-009
          78  1.013652741400844E-008
          79  8.032379208865200E-009
          80  3.288257586298590E-008
          81  1.205736885817116E-008
          82  1.102274168112608E-008
          83  4.913741351685089E-009
          84  5.310623804238724E-009
          85  3.634230863621512E-009
          86  3.932342444207225E-009
          87  2.523812532874873E-009
          88  6.187955096227473E-009
          89  2.757711363825129E-009
          90  5.291071807339668E-009
          91  3.652506612742592E-009
          92  2.994771657403749E-009
          93  2.481181731428669E-009
          94  5.831151642613557E-009
          95  3.022256839295239E-009
          96  3.660632783805366E-009
          97  1.583306166122015E-009
          98  1.429566736462979E-009
          99  1.576082426327574E-009
         100  1.382762221139852E-009
         101  1.029097996388779E-009
         102  1.853840638829278E-009
         103  1.765421822766805E-009
         104  1.735459182976434E-009
         105  1.845225633447741E-009
         106  2.325947917100175E-009
         107  1.787424493951278E-009
         108  6.013249080842898E-009
         109  2.655652389000201E-009
         110  7.158659045029151E-009
         111  5.120796840437559E-009
         112  6.753828752465435E-009
         113  3.396344103782669E-009
         114  2.665581899564805E-009
         115  1.380630639693395E-009
         116  1.435809381106867E-009
         117  1.316603325787879E-009
         118  1.423597973128591E-009
         119  5.135506906667253E-010
         120  7.301123857233835E-010
         121  5.983664708627463E-010
         122  7.527476695077073E-010
         123  7.022398755069801E-010
         124  1.915120485538044E-008
         125  8.995466535539107E-008
         126  7.183887857450914E-007
         127  3.615571443344938E-006
         128  2.916361474447822E-005
         129  1.409288278959779E-004
         130  3.345684818549586E-004
         131  1.121736266991771E-003
         132  1.056324427002574E-003
         133  3.393532088068511E-005
         134  8.492763819758998E-005
         135  8.616479284059809E-005
         136  2.323816483937290E-004
         137  1.258442286751820E-004
         138  8.602610917091724E-005
         139  1.488247569371675E-005
         140  3.382746944931194E-005
         141  2.547359258256692E-005
         142  9.684630363236533E-006
         143  1.696540057089612E-006
         144  7.840913763327641E-006
         145  4.027322044623186E-006
         146  1.376517517766665E-005
         147  7.774870164456126E-006
         148  5.250945664667537E-006
         149  3.862328286795948E-006
         150  2.332115197651665E-005
         151  1.498180224879675E-005
         152  3.953219475741911E-005
         153  1.692802323364398E-005
         154  6.265289205708976E-005
         155  3.298385288191338E-005
         156  4.164506038452618E-005
         157  2.069913495766884E-005
         158  6.451312978795597E-005
         159  4.977912643872176E-005
         160  7.389442059212101E-005
         161  2.505481553413875E-005
         162  4.476847704285193E-005
         163  2.190915846931621E-005
         164  5.053681409656622E-005
         165  2.433934831182593E-005
         166  6.709440156223871E-005
         167  2.741567474116976E-005
         168  6.866759317301326E-005
         169  3.396382197122506E-005
         170  5.528705073604596E-005
         171  3.630547400383953E-005
         172  4.428378145412004E-005
         173  2.481255209392976E-005
         174  5.423690734371905E-005
         175  2.354689722321646E-005
         176  1.552582610179805E-005
         177  7.048087096347684E-006
         178  2.204440063419841E-005
         179  8.393690774460591E-006
         180  1.287193480292164E-005
         181  6.279406196587437E-006
         182  1.401940911069068E-005
         183  7.323115417079223E-006
         184  1.326314764814245E-005
         185  4.207843614173970E-006
         186  1.584661151744777E-005
         187  4.682673999227507E-006
         188  1.577132940909505E-005
         189  1.368848945048575E-005
         190  2.845910470405409E-005
         191  3.073321048048655E-005
         192  1.087590239482269E-004
         193  1.408541909730076E-004
         194  3.443185634152009E-004
         195  2.356324772150228E-004
         196  4.430549482772029E-004
         197  2.286031002188399E-004
         198  1.634052079510562E-004
         199  1.323568915162142E-005
         200  2.325078015195366E-006
         201  8.435417349546022E-008
         202  1.030572908232662E-007
         203  2.622567210883704E-008
         204  9.153781784482162E-008
         205  8.120707989176250E-008
         206  2.341060832698715E-006
         207  1.568604264090221E-006
         208  2.578972489061971E-006
         209  1.608619606592968E-006
         226  5.946814574678643E-014
         227  4.663691588382668E-015
         230  2.802435364754231E-012
         231  7.001144040717682E-012
         232  5.425642847016368E-007
         234  9.124488844214881E-012
         235  1.504449209188921E-007
         236  1.492282263762316E-009
         238  1.660529011070015E-007
         240  2.895113944179927E-013
         244  3.534074427386248E-009
