           1  7.478748889826284E-005
           2  6.470609901488105E-012
           3  1.574717819390911E-008
           4  8.559515578485963E-005
           6  5.674563962362780E-015
           7  3.114017005274736E-012
           8  2.708281752318958E-013
           9  1.912633244112939E-009
          10  2.713051082138141E-014
          14  1.876181649355875E-015
          15  1.862529965408593E-012
          16  1.175208247563193E-009
          17  8.831840288370632E-011
          18  4.620806795874241E-010
          19  2.212750811748877E-010
          20  4.570201643352822E-009
          21  7.223012223010640E-010
          22  1.459525976389975E-009
          23  4.850419631761986E-009
          24  1.119089610292350E-008
          25  1.389083417711718E-008
          26  1.210440889661590E-008
          27  2.416521334425209E-009
          28  1.479086622970454E-009
          29  8.865348690382548E-010
          30  2.615377471526112E-009
          31  4.367328620670813E-010
          32  6.656814358674862E-010
          33  8.089715123706203E-010
          34  4.212626869162279E-009
          35  2.942602534483471E-010
          36  1.242741603897180E-009
          37  8.260547970626211E-010
          38  1.114229849744153E-009
          39  2.932235142090134E-010
          40  6.116930930442015E-010
          41  8.881940467403625E-010
          42  5.683711746901919E-009
          43  4.744102884846667E-010
          44  1.040708460670061E-009
          45  4.642148474089047E-009
          46  7.561188369375771E-009
          47  8.063639886245528E-009
          48  5.888457624549598E-009
          49  5.308375060394960E-010
          50  3.108412799534500E-009
          51  1.536357108644534E-009
          52  6.301591740360047E-009
          53  2.267100218749219E-010
          54  5.665424865046363E-010
          55  3.256574382108203E-010
          56  3.829700830479648E-010
          57  9.931420933994645E-011
          58  2.117181320153034E-010
          59  1.441734617430178E-010
          60  1.773708702575817E-010
          61  1.875629567409284E-010
          62  8.437001693574571E-010
          63  3.453462404538131E-010
          64  3.722996193108159E-010
          65  3.152992695644965E-010
          66  4.455354627795417E-010
          67  5.824368389747386E-010
          68  7.939886600185582E-010
          69  1.488427982280020E-010
          70  4.456424731512659E-010
          71  1.545518971235347E-010
          72  2.011739140026928E-010
          73  2.325993171423320E-010
          74  4.597802034887556E-010
          75  1.087281774783010E-009
          76  2.834661354243378E-009
          77  5.725812118681988E-009
          78  1.020384326987246E-008
          79  7.955128680575788E-009
          80  3.060281060044475E-008
          81  1.275474786827740E-008
          82  1.065471104759267E-008
          83  4.450487071342533E-009
          84  5.095143208210715E-009
          85  3.397623504792025E-009
          86  3.675865397581318E-009
          87  2.519902703879889E-009
          88  5.890664819801717E-009
          89  2.594948211715232E-009
          90  4.950810840638793E-009
          91  3.409254880938988E-009
          92  2.960988975869209E-009
          93  2.424758210596079E-009
          94  5.239301800148889E-009
          95  2.755714813803354E-009
          96  3.590548702241990E-009
          97  1.560598671916781E-009
          98  1.421085403313656E-009
          99  1.549191512546494E-009
         100  1.335310918472457E-009
         101  9.809620895997764E-010
         102  1.694891662892362E-009
         103  1.593430154168198E-009
         104  1.549565221826584E-009
         105  1.667568336819586E-009
         106  2.148916135939007E-009
         107  1.680119122673360E-009
         108  5.807462135745301E-009
         109  2.588271455736794E-009
         110  6.911302388467552E-009
         111  4.914446498856175E-009
         112  6.326690659098379E-009
         113  3.143949661564974E-009
         114  2.426187481852579E-009
         115  1.259260441950997E-009
         116  1.298759620863492E-009
         117  1.245784001938094E-009
         118  1.358261735847538E-009
         119  4.737444402529675E-010
         120  6.819816929151471E-010
         121  5.611485440319156E-010
         122  7.512068230373130E-010
         123  6.787577010228929E-010
         124  2.085369741088722E-008
         125  8.852051850050186E-008
         126  7.146225721764208E-007
         127  3.676870887858842E-006
         128  2.980384515700756E-005
         129  1.415017702821075E-004
         130  3.265826690477358E-004
         131  1.064679190580990E-003
         132  1.020781711535449E-003
         133  3.444658200350597E-005
         134  8.642039169794123E-005
         135  8.390093798541539E-005
         136  2.127198614700546E-004
         137  1.144837379306479E-004
         138  8.714361961106183E-005
         139  1.477772265623138E-005
         140  3.368039333337693E-005
         141  2.525606734188022E-005
         142  9.563966991319943E-006
         143  1.914991557819524E-006
         144  1.081360495585436E-005
         145  6.838305189371966E-006
         146  2.729933444116100E-005
         147  1.966930458303978E-005
         148  1.571522300696704E-005
         149  1.009171758641857E-005
         150  2.593915876404617E-005
         151  1.646196955497010E-005
         152  4.170461628965351E-005
         153  2.223038197200772E-005
         154  6.442289721972256E-005
         155  3.090565524462410E-005
         156  6.932208418384353E-005
         157  2.704473420210469E-005
         158  3.846382983938606E-005
         159  1.856708928819989E-005
         160  3.763752340895966E-005
         161  2.232236866846237E-005
         162  8.447729320341834E-005
         163  5.731749615371080E-005
         164  1.449765771564239E-004
         165  8.555453276964458E-005
         166  9.372237722048982E-005
         167  2.397819180970610E-005
         168  8.330838487664464E-005
         169  6.928708064363422E-005
         170  5.177174721427647E-005
         171  1.624830866171201E-005
         172  2.628243648405902E-005
         173  1.701051921981047E-005
         174  4.006276380862247E-005
         175  1.923817236629502E-005
         176  1.790487980513703E-005
         177  5.939201850134109E-006
         178  1.097864213310648E-005
         179  6.818185417819575E-006
         180  1.415709958868367E-005
         181  6.126393298977790E-006
         182  1.216065973908534E-005
         183  6.179649226677956E-006
         184  1.128079186769918E-005
         185  3.651242755283447E-006
         186  1.428439636775842E-005
         187  4.279009372334866E-006
         188  1.485907366479204E-005
         189  1.319007251558381E-005
         190  2.737835886360141E-005
         191  2.963965229980934E-005
         192  1.062410942453155E-004
         193  1.398114855254681E-004
         194  3.398324998548258E-004
         195  2.260970906109122E-004
         196  4.137753677153599E-004
         197  2.110247410779484E-004
         198  1.469566682793300E-004
         199  1.182258807666302E-005
         200  2.171685136660010E-006
         201  9.068967176746473E-008
         202  1.145473036217986E-007
         203  2.797922521401060E-008
         204  8.154311574979813E-008
         205  6.894479830687613E-008
         206  2.513079354371427E-006
         207  1.595027123417395E-006
         208  2.700661737556269E-006
         209  1.767111463954805E-006
         210  1.071385078071983E-015
         226  7.587446625404407E-014
         227  5.836360725040532E-015
         230  3.575582941791572E-012
         231  8.761557520523477E-012
         232  6.752809049729768E-007
         234  1.164179094878194E-011
         235  1.882737764907289E-007
         236  1.967608314489963E-009
         238  2.118642692354365E-007
         240  3.824186351911546E-013
         244  4.668195950981253E-009
