           1  7.414282432822642E-005
           2  6.470609901488105E-012
           3  1.574717819390911E-008
           4  8.151010928680385E-005
           6  5.674563962362780E-015
           7  3.114017005274736E-012
           8  2.708281752318958E-013
           9  1.912633244112939E-009
          10  2.713051082138141E-014
          14  2.268694968084441E-015
          15  2.182653758551520E-012
          16  1.220932479037746E-009
          17  9.112377223742009E-011
          18  4.579000802671860E-010
          19  2.108964834455093E-010
          20  4.592454035969625E-009
          21  7.483537556667248E-010
          22  1.549916678479232E-009
          23  4.853319184224834E-009
          24  1.123914097472701E-008
          25  1.373510927699934E-008
          26  1.236561251336401E-008
          27  2.641002146618297E-009
          28  1.563428543378468E-009
          29  8.376195518549853E-010
          30  2.642951314067763E-009
          31  4.617780440200638E-010
          32  6.345628253236560E-010
          33  7.828659258145754E-010
          34  4.338423103983227E-009
          35  2.966160760495725E-010
          36  1.197297189598820E-009
          37  8.791292391257450E-010
          38  1.192447490314277E-009
          39  3.172596959987677E-010
          40  6.058035214914216E-010
          41  8.470078656622199E-010
          42  5.839164002163413E-009
          43  5.004347694942303E-010
          44  9.771319384921172E-010
          45  4.376373055025262E-009
          46  7.481642802954519E-009
          47  8.162110396764324E-009
          48  6.013419145798486E-009
          49  5.517513985295951E-010
          50  3.137487022924352E-009
          51  1.536544839431999E-009
          52  6.348547457744903E-009
          53  2.323576305965364E-010
          54  5.825620920472362E-010
          55  3.628966037826663E-010
          56  3.987703876306479E-010
          57  1.048815655689786E-010
          58  2.053783605838519E-010
          59  1.429553980810164E-010
          60  1.683047610315278E-010
          61  1.745515524743507E-010
          62  8.258782145034258E-010
          63  3.386523023223169E-010
          64  3.557264344818990E-010
          65  3.029607350238671E-010
          66  4.340455162235407E-010
          67  5.754958262067010E-010
          68  8.397462678961395E-010
          69  1.570545802206483E-010
          70  4.673404525502329E-010
          71  1.614941028910392E-010
          72  2.016273616270740E-010
          73  2.132769443530017E-010
          74  4.317965047470769E-010
          75  1.015761029078098E-009
          76  2.752723552826235E-009
          77  5.547040699994592E-009
          78  1.017859283003840E-008
          79  7.903561685135186E-009
          80  3.160939359907086E-008
          81  1.282180679028148E-008
          82  1.111014951179834E-008
          83  4.729569223521559E-009
          84  5.049750044329161E-009
          85  3.393840969198849E-009
          86  3.689968640627137E-009
          87  2.535867838429851E-009
          88  6.168649397049947E-009
          89  2.771974370626981E-009
          90  5.230682286221744E-009
          91  3.508334891032694E-009
          92  2.911257267975473E-009
          93  2.433834563684690E-009
          94  5.736112957531635E-009
          95  2.969831598478259E-009
          96  3.618066812499436E-009
          97  1.577849622815136E-009
          98  1.447884571845047E-009
          99  1.608609059250803E-009
         100  1.422262382659284E-009
         101  1.049783445018554E-009
         102  1.803498013289017E-009
         103  1.687922073730722E-009
         104  1.631413224686411E-009
         105  1.719920784566274E-009
         106  2.195379340823620E-009
         107  1.697506634595581E-009
         108  5.755408837499396E-009
         109  2.565405079033373E-009
         110  7.134060940213189E-009
         111  5.127977020210093E-009
         112  6.833778178688826E-009
         113  3.461866094320384E-009
         114  2.739839278043409E-009
         115  1.434854151827475E-009
         116  1.495793883947658E-009
         117  1.351022242297015E-009
         118  1.453892593524889E-009
         119  5.317950060254412E-010
         120  7.508916446488365E-010
         121  6.151181981611557E-010
         122  7.736458762816934E-010
         123  6.977420542650381E-010
         124  1.754804153668594E-008
         125  7.948775418197191E-008
         126  6.453575771957520E-007
         127  3.286025479489066E-006
         128  2.701508812371118E-005
         129  1.340563146357930E-004
         130  3.295067866384554E-004
         131  1.091753253844717E-003
         132  1.059987360586933E-003
         133  3.417695212798130E-005
         134  8.686199543575255E-005
         135  9.282275781924494E-005
         136  2.286726717933039E-004
         137  1.210229867980320E-004
         138  8.432727437000975E-005
         139  1.469576650720418E-005
         140  3.422419459089732E-005
         141  2.529669970565993E-005
         142  9.828627855322547E-006
         143  1.598747887552243E-006
         144  5.651196404559819E-006
         145  2.181463672914961E-006
         146  8.366006341362642E-006
         147  1.001837212916603E-005
         148  2.147336361303870E-005
         149  1.463173435704692E-005
         150  2.575013185402758E-005
         151  1.709423648823048E-005
         152  3.282794844029578E-005
         153  1.631374195481749E-005
         154  3.147632539891581E-005
         155  1.540643417296544E-005
         156  3.018101843319376E-005
         157  1.872304729448819E-005
         158  5.344731519172696E-005
         159  3.670703033471711E-005
         160  4.347576532626308E-005
         161  2.304372776982573E-005
         162  1.631400502497013E-004
         163  5.966211590026336E-005
         164  6.804170558973977E-005
         165  4.444721129245284E-005
         166  7.097231050802303E-005
         167  2.741840724309657E-005
         168  1.105815362566121E-004
         169  5.908397602013008E-005
         170  4.125203452419607E-005
         171  1.817793513067297E-005
         172  3.016130780694062E-005
         173  1.885191613961571E-005
         174  3.555485640962124E-005
         175  1.882460701806595E-005
         176  1.909296619596439E-005
         177  8.681004474461768E-006
         178  2.684630858088354E-005
         179  8.770795233226946E-006
         180  1.222910771842198E-005
         181  5.816900526967717E-006
         182  1.264870038598752E-005
         183  6.540210835213861E-006
         184  1.180685907491259E-005
         185  3.752131166352560E-006
         186  1.419157031120810E-005
         187  4.138078246047456E-006
         188  1.362986263752795E-005
         189  1.186810553387716E-005
         190  2.509757242601469E-005
         191  2.841077611373465E-005
         192  1.018931885550082E-004
         193  1.334336776479854E-004
         194  3.302512781358929E-004
         195  2.295899794246663E-004
         196  4.371879021007473E-004
         197  2.287233038972203E-004
         198  1.654020304017293E-004
         199  1.338780671086295E-005
         200  2.338939994359112E-006
         201  8.501553334307729E-008
         202  1.009403826032377E-007
         203  2.442863760218928E-008
         204  7.565456320555784E-008
         205  6.576615849907884E-008
         206  2.209878409189530E-006
         207  1.432395513835870E-006
         208  2.411658671145793E-006
         209  1.552217902037559E-006
         226  6.130859383122311E-014
         227  4.784262968309706E-015
         230  2.889166449674569E-012
         231  7.182146060696886E-012
         232  5.597167326893583E-007
         234  9.406877807312936E-012
         235  1.543344044695176E-007
         236  1.504786956467499E-009
         238  1.711919842231762E-007
         240  2.916414846972718E-013
         244  3.560076504434572E-009
