           1  7.460756277432699E-005
           2  6.470609901488105E-012
           3  1.574717819390911E-008
           4  8.245200918481331E-005
           6  5.674563962362780E-015
           7  3.114017005274736E-012
           8  2.708281752318958E-013
           9  1.912633244112939E-009
          10  2.713051082138141E-014
          14  2.024456622961737E-015
          15  1.922898891202248E-012
          16  1.231582762985854E-009
          17  9.136507045557692E-011
          18  4.667919919695504E-010
          19  2.267930206514986E-010
          20  4.668412759722693E-009
          21  7.361300841201921E-010
          22  1.555468733617835E-009
          23  4.924385491825376E-009
          24  1.134827668093634E-008
          25  1.403588324930553E-008
          26  1.215703671813429E-008
          27  2.361498257365041E-009
          28  1.472117452241531E-009
          29  9.041762197438091E-010
          30  2.681282357295599E-009
          31  4.281100247962562E-010
          32  6.577506479404299E-010
          33  8.338999862636525E-010
          34  4.266074512983242E-009
          35  2.877867220001068E-010
          36  1.230362726790008E-009
          37  7.635884306414692E-010
          38  1.028417645283346E-009
          39  2.751056975843907E-010
          40  6.181570187379689E-010
          41  9.321401676397205E-010
          42  5.883424545842277E-009
          43  4.658303141842353E-010
          44  1.056410739189929E-009
          45  4.674032339644144E-009
          46  7.578692201015735E-009
          47  8.112899828104450E-009
          48  5.900763140062848E-009
          49  4.988993595741708E-010
          50  3.102657317686784E-009
          51  1.550068395292161E-009
          52  6.171362757103546E-009
          53  2.129266785603373E-010
          54  5.347088057267949E-010
          55  3.130545226653402E-010
          56  3.789565946239385E-010
          57  9.420009849604856E-011
          58  2.139582807584299E-010
          59  1.430775046415953E-010
          60  1.712591767573048E-010
          61  1.863652206444778E-010
          62  8.423730665517153E-010
          63  3.401463965968789E-010
          64  3.768495968950536E-010
          65  3.214740628607846E-010
          66  4.357342797409826E-010
          67  5.839790971520163E-010
          68  7.877592918405403E-010
          69  1.475056437982084E-010
          70  4.539401201599342E-010
          71  1.559040166944559E-010
          72  1.972362473205844E-010
          73  2.323964531579925E-010
          74  4.558844235591228E-010
          75  1.095342650372868E-009
          76  2.828334036294363E-009
          77  5.682781594872970E-009
          78  1.038013620655316E-008
          79  8.170704128995667E-009
          80  3.164667063919542E-008
          81  1.261989319932697E-008
          82  1.062436127504551E-008
          83  4.490896158758689E-009
          84  5.334797455329398E-009
          85  3.565151586219970E-009
          86  3.833192463303964E-009
          87  2.542614014524303E-009
          88  5.932964742348579E-009
          89  2.629508614760170E-009
          90  5.206388748724474E-009
          91  3.553166063181633E-009
          92  3.011037886753180E-009
          93  2.460449454372577E-009
          94  5.376687524884823E-009
          95  2.750005599618448E-009
          96  3.683723650334898E-009
          97  1.558806696861114E-009
          98  1.411726872714664E-009
          99  1.549068725989169E-009
         100  1.296525493374646E-009
         101  9.739479051909755E-010
         102  1.739247909902225E-009
         103  1.651772506431581E-009
         104  1.605395225183581E-009
         105  1.773787173321069E-009
         106  2.262760756146495E-009
         107  1.766406379036574E-009
         108  6.159276547577446E-009
         109  2.756432460305902E-009
         110  7.356987340288688E-009
         111  5.112156014231292E-009
         112  6.460855458813298E-009
         113  3.127183353601779E-009
         114  2.355114666789062E-009
         115  1.213277081267072E-009
         116  1.248665217279803E-009
         117  1.164201598801654E-009
         118  1.266404772785913E-009
         119  4.747466495278983E-010
         120  6.989294250019766E-010
         121  5.679161623539833E-010
         122  7.314246423348728E-010
         123  7.049014671854206E-010
         124  2.221397945986804E-008
         125  1.045267479432424E-007
         126  8.200961110651867E-007
         127  4.127325620828151E-006
         128  3.293250436428688E-005
         129  1.522724332859834E-004
         130  3.420252910140019E-004
         131  1.085208803931158E-003
         132  1.018965748743025E-003
         133  3.281816564160641E-005
         134  8.119710800586932E-005
         135  8.179353965446228E-005
         136  2.094680058564559E-004
         137  1.125674305570690E-004
         138  8.496500988277090E-005
         139  1.403663224571736E-005
         140  3.042144002645234E-005
         141  2.123862587383886E-005
         142  7.950849607752976E-006
         143  1.284002403494954E-006
         144  4.700803215176540E-006
         145  1.647240935504507E-006
         146  7.376923158970843E-006
         147  1.092654851809433E-005
         148  1.740038798578535E-005
         149  1.185578770668866E-005
         150  2.532505403254335E-005
         151  1.310334386780606E-005
         152  2.065332887268364E-005
         153  9.036701217956640E-006
         154  2.152904792170862E-005
         155  1.413197226231227E-005
         156  7.733545983313911E-005
         157  3.307563300560716E-005
         158  4.096308476893224E-005
         159  2.621833864854436E-005
         160  9.645444737934743E-005
         161  5.814188857413950E-005
         162  1.003238377114786E-004
         163  7.909446175589094E-005
         164  1.214297107870476E-004
         165  5.379600619140330E-005
         166  6.303365959239824E-005
         167  2.722216869877416E-005
         168  7.884885038950571E-005
         169  2.811109806337194E-005
         170  2.982849356111143E-005
         171  2.099796270586805E-005
         172  6.244759632585818E-005
         173  3.829216627689542E-005
         174  6.376522753717577E-005
         175  2.932079212922326E-005
         176  2.933725754769248E-005
         177  1.421193707490141E-005
         178  2.004801632069642E-005
         179  8.466486028109443E-006
         180  1.523146517856819E-005
         181  7.051639534073650E-006
         182  1.435383800041308E-005
         183  7.303648215741056E-006
         184  1.322547083312512E-005
         185  4.263390399197167E-006
         186  1.658451204300502E-005
         187  5.018354802736682E-006
         188  1.772697626031383E-005
         189  1.597451005995583E-005
         190  3.125052228722393E-005
         191  3.303310539096599E-005
         192  1.153019647820516E-004
         193  1.479150200587750E-004
         194  3.444836529036661E-004
         195  2.191847278727499E-004
         196  3.921019772031478E-004
         197  1.932454060174489E-004
         198  1.303240516910798E-004
         199  1.005154451890691E-005
         200  1.886689509501662E-006
         201  8.648404516981527E-008
         202  1.104868003824971E-007
         203  2.616991283352618E-008
         204  8.850225039784649E-008
         205  7.688685891181057E-008
         206  2.325650095798796E-006
         207  1.500630646615030E-006
         208  2.514295994057125E-006
         209  1.585199884630803E-006
         226  6.356740941182698E-014
         227  4.946840732308914E-015
         230  2.995613095791565E-012
         231  7.426208156572098E-012
         232  5.677704329490602E-007
         234  9.753458944281925E-012
         235  1.595789620017865E-007
         236  1.709541505523354E-009
         238  1.774992748829871E-007
         240  3.327016001294253E-013
         244  4.061298586646625E-009
