           1  7.430334445878041E-005
           2  6.470609901488105E-012
           3  1.574717819390911E-008
           4  8.210734636984164E-005
           6  5.674563962362780E-015
           7  3.114017005274736E-012
           8  2.708281752318958E-013
           9  1.912633244112939E-009
          10  2.713051082138141E-014
          14  2.343407638400744E-015
          15  2.095979212711762E-012
          16  1.283980068923032E-009
          17  9.458469417762080E-011
          18  4.486792181991218E-010
          19  1.979970727814821E-010
          20  4.742935860368183E-009
          21  7.867632693650023E-010
          22  1.595691334934053E-009
          23  4.967835402896254E-009
          24  1.147845441112095E-008
          25  1.386891410272787E-008
          26  1.218134491476516E-008
          27  2.695646427823527E-009
          28  1.588627152599799E-009
          29  7.884569145483722E-010
          30  2.594689801167437E-009
          31  4.647434510404110E-010
          32  5.919927900103384E-010
          33  7.904518314292439E-010
          34  4.405955415046239E-009
          35  2.911021348280560E-010
          36  1.127977216830933E-009
          37  8.481978440229290E-010
          38  1.148592461627154E-009
          39  3.145740285033054E-010
          40  5.959189392704292E-010
          41  8.293348502170175E-010
          42  6.068929616884025E-009
          43  5.275772028531065E-010
          44  9.653234891798566E-010
          45  4.346194816955803E-009
          46  7.461775584529021E-009
          47  8.143062131910776E-009
          48  5.997696851369172E-009
          49  5.485938608955163E-010
          50  3.129893087365141E-009
          51  1.535961771367922E-009
          52  6.198197605496424E-009
          53  2.306757024690475E-010
          54  5.793290362203735E-010
          55  3.805354303023052E-010
          56  4.122539891997176E-010
          57  1.098989904703283E-010
          58  1.987367886947197E-010
          59  1.398897258572200E-010
          60  1.641052922313644E-010
          61  1.727715639331566E-010
          62  8.412074031007446E-010
          63  3.420941198566470E-010
          64  3.431880815406415E-010
          65  2.882733674835720E-010
          66  4.201538377289527E-010
          67  5.719582155598984E-010
          68  8.725189961952532E-010
          69  1.614901772465463E-010
          70  4.803431182117489E-010
          71  1.661312302834209E-010
          72  2.040011472554018E-010
          73  2.063942394941260E-010
          74  4.355962820007941E-010
          75  1.038587842233619E-009
          76  2.799974195410802E-009
          77  5.397434273454810E-009
          78  1.022774226182834E-008
          79  8.027036662352479E-009
          80  3.275762647374847E-008
          81  1.270469286995770E-008
          82  1.098365448436468E-008
          83  4.719864625909856E-009
          84  5.091394057189678E-009
          85  3.429117339764900E-009
          86  3.747160351611762E-009
          87  2.590271221622664E-009
          88  6.284525929668979E-009
          89  2.831539588832997E-009
          90  5.391532725586237E-009
          91  3.647603476804109E-009
          92  2.922935503681262E-009
          93  2.433906704413189E-009
          94  5.932152978454947E-009
          95  3.041862110891420E-009
          96  3.395320797260191E-009
          97  1.485745750688172E-009
          98  1.380574101170391E-009
          99  1.545657465496722E-009
         100  1.387486394383429E-009
         101  1.041045242867942E-009
         102  1.830316279566586E-009
         103  1.740772427374446E-009
         104  1.686316416046630E-009
         105  1.767614040670711E-009
         106  2.290416357902949E-009
         107  1.771029484867008E-009
         108  5.923993321831160E-009
         109  2.621196765567926E-009
         110  7.220069132501271E-009
         111  5.189032357298529E-009
         112  6.956345298669965E-009
         113  3.557770588197582E-009
         114  2.845660742709145E-009
         115  1.494966712759859E-009
         116  1.547529970250475E-009
         117  1.350782174606913E-009
         118  1.443636465275368E-009
         119  5.373581582615497E-010
         120  7.481544052162431E-010
         121  6.097892118275793E-010
         122  7.827545768054196E-010
         123  7.038627295926788E-010
         124  1.851570447465024E-008
         125  8.102840633024284E-008
         126  6.612548755256627E-007
         127  3.350837037829982E-006
         128  2.743366368644392E-005
         129  1.369197315482213E-004
         130  3.392307970145868E-004
         131  1.117800415617572E-003
         132  1.049281553843551E-003
         133  3.168072716854912E-005
         134  7.965361481670680E-005
         135  9.191874881171786E-005
         136  2.202483449359953E-004
         137  1.154770070320575E-004
         138  8.042247584268226E-005
         139  1.467731101381793E-005
         140  3.395679601757256E-005
         141  2.472321572615834E-005
         142  9.816636167878995E-006
         143  1.637411931912035E-006
         144  6.361533204360219E-006
         145  2.836901941293023E-006
         146  9.854117677750563E-006
         147  7.505973571226889E-006
         148  1.216896117845816E-005
         149  8.251172967484883E-006
         150  1.483771760212525E-005
         151  8.730752346181483E-006
         152  2.238512653924275E-005
         153  9.006750415515856E-006
         154  3.829508174242312E-005
         155  2.353880598317920E-005
         156  3.888866764563268E-005
         157  1.729555464443374E-005
         158  2.685897281816789E-005
         159  1.212680296425207E-005
         160  3.635916520680984E-005
         161  2.529210539373822E-005
         162  5.511806100633933E-005
         163  3.934231681645957E-005
         164  1.584442745570921E-004
         165  1.136565198684582E-004
         166  1.563416615404732E-004
         167  3.318225992147587E-005
         168  7.312261049517744E-005
         169  5.821547111379185E-005
         170  4.542376065123494E-005
         171  1.529012366759015E-005
         172  3.214003226993434E-005
         173  2.076838741612604E-005
         174  5.602278087710367E-005
         175  2.797341299468317E-005
         176  3.206581335626245E-005
         177  1.516876041810222E-005
         178  2.338429341421085E-005
         179  7.107592486261467E-006
         180  1.002456569118572E-005
         181  5.190305540410095E-006
         182  1.254492318239590E-005
         183  6.863470785683397E-006
         184  1.300428678781558E-005
         185  4.209046558412182E-006
         186  1.635024637726603E-005
         187  4.682702594586087E-006
         188  1.491495172541251E-005
         189  1.270549774835016E-005
         190  2.681607301719219E-005
         191  2.973134330023715E-005
         192  1.034608967841695E-004
         193  1.322045475570464E-004
         194  3.240447166583377E-004
         195  2.217763992608437E-004
         196  4.160166718679148E-004
         197  2.181016719621207E-004
         198  1.581503896468415E-004
         199  1.285310958340645E-005
         200  2.288360510815232E-006
         201  8.497610094358951E-008
         202  1.006711956969817E-007
         203  2.421649971264149E-008
         204  8.425675198335104E-008
         205  7.491609240718818E-008
         206  2.258604817850048E-006
         207  1.490714586868779E-006
         208  2.499082026690573E-006
         209  1.574729307686974E-006
         226  6.545117103805793E-014
         227  5.006886810480452E-015
         230  3.084385330638014E-012
         231  7.516349460814069E-012
         232  5.752806111553193E-007
         234  1.004249371622339E-011
         235  1.615159741971275E-007
         236  1.652128085106849E-009
         238  1.827593024002667E-007
         240  3.208013674180600E-013
         244  3.916032082750543E-009
