           1  7.438434122257199E-005
           2  6.470609901488105E-012
           3  1.574717819390911E-008
           4  8.107392660076740E-005
           6  5.674563962362780E-015
           7  3.114017005274736E-012
           8  2.708281752318958E-013
           9  1.912633244112939E-009
          10  2.713051082138141E-014
          14  2.163752174636732E-015
          15  2.035444837920231E-012
          16  1.234214671086870E-009
          17  9.185731329246260E-011
          18  4.554597315348231E-010
          19  2.078632761817124E-010
          20  4.571431800176586E-009
          21  7.507889917920820E-010
          22  1.684077129854310E-009
          23  4.809717263831234E-009
          24  1.118917046842271E-008
          25  1.364318969166093E-008
          26  1.224832406158319E-008
          27  2.670729077752856E-009
          28  1.603268418147200E-009
          29  8.601216067358444E-010
          30  2.763241934452419E-009
          31  4.923275609247268E-010
          32  6.004020213760436E-010
          33  7.560062830270745E-010
          34  4.274436083662452E-009
          35  3.021375403217693E-010
          36  1.221008023673002E-009
          37  7.957989981057251E-010
          38  1.054513284475687E-009
          39  3.036214651017064E-010
          40  6.230244838378538E-010
          41  8.779189645237818E-010
          42  6.046391544285615E-009
          43  5.331154668744885E-010
          44  9.684758559363207E-010
          45  4.251656450885701E-009
          46  7.340391237461741E-009
          47  8.152096398657033E-009
          48  6.113481106912226E-009
          49  5.226498280495429E-010
          50  3.171476817508341E-009
          51  1.595608547818532E-009
          52  6.306959984122927E-009
          53  2.118131533834641E-010
          54  5.024758825661298E-010
          55  3.332828636240337E-010
          56  4.055808167314027E-010
          57  1.108462630845734E-010
          58  2.168868877777018E-010
          59  1.520712764944460E-010
          60  1.715537942293382E-010
          61  1.673993235953445E-010
          62  8.139863485151159E-010
          63  3.421199786420054E-010
          64  3.628070267133200E-010
          65  3.108454759345931E-010
          66  4.486721980122960E-010
          67  5.724233739817024E-010
          68  8.467876451741929E-010
          69  1.588597344024278E-010
          70  4.753498802651562E-010
          71  1.653967317785600E-010
          72  2.104538793956290E-010
          73  2.180347011771977E-010
          74  4.340081342989462E-010
          75  9.918382587827302E-010
          76  2.722065757684289E-009
          77  5.491087811170424E-009
          78  1.026841108901590E-008
          79  7.920773758663190E-009
          80  3.197789089304357E-008
          81  1.235893267203952E-008
          82  1.106706484242921E-008
          83  4.826867500235316E-009
          84  5.189540037796366E-009
          85  3.491488087893738E-009
          86  3.774967147802123E-009
          87  2.444479942475785E-009
          88  5.928817204472710E-009
          89  2.686960556609695E-009
          90  5.063053212313339E-009
          91  3.474728056574729E-009
          92  2.907698786759921E-009
          93  2.394071611640208E-009
          94  5.540421458329056E-009
          95  2.883130080247217E-009
          96  3.522079411661861E-009
          97  1.562526587989879E-009
          98  1.461757731881371E-009
          99  1.608910320729038E-009
         100  1.419281220899617E-009
         101  1.038456841362623E-009
         102  1.752607196982770E-009
         103  1.672494144707101E-009
         104  1.627168741967318E-009
         105  1.712837104725092E-009
         106  2.173838420537729E-009
         107  1.647498390381404E-009
         108  5.497286072179130E-009
         109  2.492633847300241E-009
         110  6.994144315090999E-009
         111  4.944288214180426E-009
         112  6.638470273044890E-009
         113  3.408460421035117E-009
         114  2.741603239916815E-009
         115  1.448992028811979E-009
         116  1.514171309597846E-009
         117  1.334940772017285E-009
         118  1.424636628942076E-009
         119  5.366060824457258E-010
         120  7.545437562069574E-010
         121  6.142772647076471E-010
         122  7.859865022468151E-010
         123  6.963445831702858E-010
         124  1.742831716971926E-008
         125  7.442641307581737E-008
         126  6.157564705540150E-007
         127  3.149288841677664E-006
         128  2.617110762049970E-005
         129  1.311741870161985E-004
         130  3.283239950252047E-004
         131  1.109693616096096E-003
         132  1.039469191959014E-003
         133  3.350555131884156E-005
         134  8.414513424286411E-005
         135  8.277020060016905E-005
         136  2.195860645386149E-004
         137  1.188131831165044E-004
         138  8.318786919611758E-005
         139  1.424404933664315E-005
         140  3.359818111586987E-005
         141  2.555878220430195E-005
         142  9.770451300408358E-006
         143  1.807094174517113E-006
         144  9.077665309779416E-006
         145  4.834291552520646E-006
         146  1.766104681129101E-005
         147  1.094920906086150E-005
         148  7.528901945220883E-006
         149  6.184694198617859E-006
         150  6.296470197921140E-005
         151  2.398733573951897E-005
         152  2.367303828112381E-005
         153  9.323105392100361E-006
         154  4.630792935662891E-005
         155  2.496643632418446E-005
         156  2.885980831160622E-005
         157  1.318311699377502E-005
         158  2.334329659233670E-005
         159  1.620750280363408E-005
         160  9.496321321939702E-005
         161  3.825083145768131E-005
         162  3.985911806926901E-005
         163  4.603724368019205E-005
         164  1.023518297061267E-004
         165  4.098443573554993E-005
         166  1.441748550438767E-004
         167  3.271683442021543E-005
         168  9.194719552032235E-005
         169  3.480254957713246E-005
         170  3.791125523911859E-005
         171  2.344086826464056E-005
         172  7.791413461097376E-005
         173  5.220195290901399E-005
         174  5.172700426000068E-005
         175  1.761501280828089E-005
         176  1.634586947743919E-005
         177  9.106949820245640E-006
         178  2.551674518505881E-005
         179  9.087953278719954E-006
         180  1.350040887643441E-005
         181  6.410153430913871E-006
         182  1.399529274248260E-005
         183  7.239416968780134E-006
         184  1.287670017857261E-005
         185  3.988699285722906E-006
         186  1.487593405225748E-005
         187  4.355017131678200E-006
         188  1.408385186283101E-005
         189  1.199529961389675E-005
         190  2.494273390100608E-005
         191  2.801741138410761E-005
         192  9.847074217943875E-005
         193  1.290549381645714E-004
         194  3.197953457342410E-004
         195  2.214393332437090E-004
         196  4.212840198715138E-004
         197  2.228871337558707E-004
         198  1.623840951158823E-004
         199  1.306969412821853E-005
         200  2.295115610408045E-006
         201  7.997664198247486E-008
         202  9.649195905287252E-008
         203  2.427685197654804E-008
         204  7.965522093034368E-008
         205  6.971499239476425E-008
         206  2.171616761292630E-006
         207  1.431404669525749E-006
         208  2.377381786933332E-006
         209  1.521538780267339E-006
         226  6.350041673544227E-014
         227  4.851079629192856E-015
         230  2.992456067047480E-012
         231  7.282451378554523E-012
         232  5.618238958360561E-007
         234  9.743179929850920E-012
         235  1.564898272868562E-007
         236  1.568866433366446E-009
         238  1.773122112352660E-007
         240  3.044008718457950E-013
         244  3.715830732765952E-009
