           1  7.455313796687396E-005
           2  6.470609901488105E-012
           3  1.574717819390911E-008
           4  8.201863472385719E-005
           6  5.674563962362780E-015
           7  3.114017005274736E-012
           8  2.708281752318958E-013
           9  1.912633244112939E-009
          10  2.713051082138141E-014
          14  1.993481530347592E-015
          15  1.962025037568337E-012
          16  1.197132549886242E-009
          17  8.970963181743301E-011
          18  4.639380985908918E-010
          19  2.209704888971890E-010
          20  4.501860748172066E-009
          21  7.316026210223224E-010
          22  1.611201039984934E-009
          23  4.775432203341831E-009
          24  1.109915947323944E-008
          25  1.360361842731785E-008
          26  1.241949406659797E-008
          27  2.621955426819477E-009
          28  1.543606756733954E-009
          29  8.514849116794354E-010
          30  2.660194143330139E-009
          31  4.587804253165534E-010
          32  6.299190556831622E-010
          33  7.618330319644190E-010
          34  4.415277794339399E-009
          35  2.981708026498517E-010
          36  1.205572231311311E-009
          37  8.347887631859587E-010
          38  1.119232005799372E-009
          39  2.882201207223423E-010
          40  5.910249856260839E-010
          41  8.598957852911494E-010
          42  5.799133203143136E-009
          43  4.917072090968942E-010
          44  9.713665258334710E-010
          45  4.306382592993642E-009
          46  7.488015463338749E-009
          47  8.280290785045364E-009
          48  6.114608856216309E-009
          49  5.280846791607175E-010
          50  3.109087261728418E-009
          51  1.538772578076813E-009
          52  6.265847868420755E-009
          53  2.290128482374183E-010
          54  5.800157624837601E-010
          55  3.505034790806028E-010
          56  3.791563923918746E-010
          57  9.875407894052869E-011
          58  2.024517598856166E-010
          59  1.399795947489882E-010
          60  1.622946169967880E-010
          61  1.651537498206692E-010
          62  7.833901801366350E-010
          63  3.269483896965183E-010
          64  3.577008763982578E-010
          65  3.088661303303281E-010
          66  4.370461256818214E-010
          67  5.761624739487735E-010
          68  8.326387382347816E-010
          69  1.570268742251893E-010
          70  4.719126065712974E-010
          71  1.627903860236843E-010
          72  2.042568405128044E-010
          73  2.178787437682714E-010
          74  4.284901911239144E-010
          75  9.946812899406906E-010
          76  2.720413874059278E-009
          77  5.566457045059863E-009
          78  1.034409846883425E-008
          79  7.921859073368316E-009
          80  3.130263211242019E-008
          81  1.270346259137195E-008
          82  1.080810164435748E-008
          83  4.539163261778590E-009
          84  5.030708262278749E-009
          85  3.389452155838323E-009
          86  3.661254285159447E-009
          87  2.455689267464065E-009
          88  5.942537720101959E-009
          89  2.721751012283531E-009
          90  5.199185463116382E-009
          91  3.447123759905630E-009
          92  2.830377796187614E-009
          93  2.340088533494629E-009
          94  5.421615754492748E-009
          95  2.789502465980764E-009
          96  3.564466567308420E-009
          97  1.554758506703998E-009
          98  1.441121478964813E-009
          99  1.592635809988740E-009
         100  1.383156935878662E-009
         101  1.025556999887010E-009
         102  1.738096275551544E-009
         103  1.635582803411174E-009
         104  1.573717648466990E-009
         105  1.665022099154421E-009
         106  2.099008741179329E-009
         107  1.614890693566791E-009
         108  5.490477567627378E-009
         109  2.496087050165562E-009
         110  7.066597840694241E-009
         111  5.004974436439072E-009
         112  6.631567189704232E-009
         113  3.340162529566444E-009
         114  2.635504495762669E-009
         115  1.385554219464428E-009
         116  1.445465937171888E-009
         117  1.298344714263706E-009
         118  1.402126294089337E-009
         119  5.283068378794312E-010
         120  7.557258625030658E-010
         121  6.154489465079232E-010
         122  7.828344049898006E-010
         123  6.946115920228268E-010
         124  1.794651629526171E-008
         125  7.783354310964556E-008
         126  6.340169816216587E-007
         127  3.262548029564143E-006
         128  2.711189711356537E-005
         129  1.341580109425839E-004
         130  3.314549200007027E-004
         131  1.078710748245365E-003
         132  1.040586588923554E-003
         133  3.298307097853385E-005
         134  8.320340209017738E-005
         135  8.739531802650772E-005
         136  2.142321361653225E-004
         137  1.142016064527904E-004
         138  8.764179816366049E-005
         139  1.479106732343562E-005
         140  3.432476372280393E-005
         141  2.468447621492662E-005
         142  9.891218014813627E-006
         143  1.644993351899792E-006
         144  5.804670074034324E-006
         145  2.007195058550700E-006
         146  8.600793701717799E-006
         147  1.312319190999526E-005
         148  3.001545718093058E-005
         149  1.955124959569349E-005
         150  2.856317500061964E-005
         151  1.155347261104999E-005
         152  3.449522576361762E-005
         153  2.451404028212109E-005
         154  4.061319356387161E-005
         155  1.456861636446617E-005
         156  2.929995551433222E-005
         157  2.142583881537225E-005
         158  7.970551619192752E-005
         159  5.486740898351452E-005
         160  7.392275100844032E-005
         161  3.813470250717933E-005
         162  1.161349547804912E-004
         163  7.173364913499432E-005
         164  4.845584218028336E-005
         165  1.755531130322000E-005
         166  1.143789104430662E-004
         167  5.597465874897565E-005
         168  1.102881316526027E-004
         169  3.325932021000340E-005
         170  3.885835006498595E-005
         171  2.607282225195060E-005
         172  3.349265871446407E-005
         173  1.907990192388116E-005
         174  3.825126271631566E-005
         175  1.761472610727973E-005
         176  1.913360348477235E-005
         177  8.544572774203331E-006
         178  1.769097129449972E-005
         179  8.149421545200318E-006
         180  1.412429413769880E-005
         181  6.274150528157209E-006
         182  1.276091233598304E-005
         183  6.486697201489306E-006
         184  1.150894150060003E-005
         185  3.614040702521625E-006
         186  1.369559975432633E-005
         187  4.050753041353834E-006
         188  1.351334628671753E-005
         189  1.189313532039526E-005
         190  2.460683451873872E-005
         191  2.825026730895713E-005
         192  1.008931487224650E-004
         193  1.326103172953088E-004
         194  3.247642465955682E-004
         195  2.248090522079904E-004
         196  4.297818193429670E-004
         197  2.233531261976916E-004
         198  1.599322093892642E-004
         199  1.267294395050935E-005
         200  2.305563293218914E-006
         201  9.265081781617878E-008
         202  1.137325208415325E-007
         203  2.694219615439007E-008
         204  8.117183227408542E-008
         205  6.930918719351892E-008
         206  2.261006779780175E-006
         207  1.454944074164299E-006
         208  2.446112630893350E-006
         209  1.583875501723687E-006
         226  6.469969977374195E-014
         227  5.027228069611051E-015
         230  3.048972259988682E-012
         231  7.546885803632629E-012
         232  5.827701733235940E-007
         234  9.927191799846258E-012
         235  1.621721580513337E-007
         236  1.616001165442412E-009
         238  1.806609692174977E-007
         240  3.136427113163044E-013
         244  3.828646149238231E-009
