           1  7.487443394507992E-005
           2  6.470609901488105E-012
           3  1.574717819390911E-008
           4  8.135550538119612E-005
           6  5.674563962362780E-015
           7  3.114017005274736E-012
           8  2.708281752318958E-013
           9  1.912633244112939E-009
          10  2.713051082138141E-014
          14  1.825928066299050E-015
          15  1.821007724327690E-012
          16  1.204374706366992E-009
          17  9.003678788027796E-011
          18  4.599627473861345E-010
          19  2.167060333636011E-010
          20  4.608890340981048E-009
          21  7.501516813461144E-010
          22  1.479759811630288E-009
          23  4.884737028507546E-009
          24  1.127911708740802E-008
          25  1.380363558055217E-008
          26  1.186515896425743E-008
          27  2.539445433082263E-009
          28  1.547901045607012E-009
          29  8.492781097583365E-010
          30  2.569376000899514E-009
          31  4.564519183899380E-010
          32  6.737766470962341E-010
          33  7.926272712462519E-010
          34  4.333435726504864E-009
          35  2.931437758158624E-010
          36  1.169302570067863E-009
          37  7.852437142742832E-010
          38  1.046959524005179E-009
          39  2.903065550664837E-010
          40  6.240682528119170E-010
          41  8.992783282563976E-010
          42  5.866608575560670E-009
          43  5.062006245798835E-010
          44  9.940343728399259E-010
          45  4.487085376126340E-009
          46  7.475886233247617E-009
          47  8.143610909106721E-009
          48  6.033780040093481E-009
          49  5.039783191915422E-010
          50  3.080770759159460E-009
          51  1.558332621095476E-009
          52  6.226059807489253E-009
          53  2.155818363849306E-010
          54  5.192180723811462E-010
          55  3.246930087503213E-010
          56  3.795153032741949E-010
          57  1.020780181324818E-010
          58  1.954824723688169E-010
          59  1.375137938364773E-010
          60  1.706101789071670E-010
          61  1.798621377095796E-010
          62  8.499541273939086E-010
          63  3.493066503786862E-010
          64  3.585696453289521E-010
          65  3.032468716026415E-010
          66  4.444674164060014E-010
          67  5.916018049651703E-010
          68  8.590991091354150E-010
          69  1.584984615024648E-010
          70  4.646588576285490E-010
          71  1.608505482722146E-010
          72  2.038026015180905E-010
          73  2.172562156138136E-010
          74  4.520482821744182E-010
          75  1.074536456801495E-009
          76  2.840863633097474E-009
          77  5.512873295855117E-009
          78  1.028844585847053E-008
          79  7.984789296769735E-009
          80  3.122379148615381E-008
          81  1.240946144078116E-008
          82  1.042089441647645E-008
          83  4.405003167470828E-009
          84  5.202109537597894E-009
          85  3.399411221397431E-009
          86  3.665598058138283E-009
          87  2.479051694355790E-009
          88  5.799224380175166E-009
          89  2.664656376759930E-009
          90  5.122148570827426E-009
          91  3.413812043909178E-009
          92  2.918049535752276E-009
          93  2.410974893590238E-009
          94  5.374378368661917E-009
          95  2.785182242847179E-009
          96  3.324368731540768E-009
          97  1.461955159195941E-009
          98  1.362767664547048E-009
          99  1.508215136912954E-009
         100  1.333355897882265E-009
         101  9.890416071836174E-010
         102  1.680537426219157E-009
         103  1.589601710661658E-009
         104  1.548980724315975E-009
         105  1.644873992649030E-009
         106  2.141318170614321E-009
         107  1.664260197359888E-009
         108  5.637067221058208E-009
         109  2.514376081718749E-009
         110  6.816324426810827E-009
         111  4.859516857542586E-009
         112  6.393624854372831E-009
         113  3.238938772253942E-009
         114  2.562367886666046E-009
         115  1.345063704652458E-009
         116  1.370575918305370E-009
         117  1.187125513848770E-009
         118  1.267523635068828E-009
         119  4.786804933223247E-010
         120  6.717429143430369E-010
         121  5.471032957282604E-010
         122  7.126946391203453E-010
         123  6.471897249841200E-010
         124  1.805879104336381E-008
         125  7.851539609526600E-008
         126  6.462216893588571E-007
         127  3.351543780155296E-006
         128  2.774321152313073E-005
         129  1.360485344524763E-004
         130  3.291374868612042E-004
         131  1.072592211638355E-003
         132  1.018857996633468E-003
         133  3.378890376501132E-005
         134  8.405291363110630E-005
         135  8.075787887961176E-005
         136  2.054142273704986E-004
         137  1.114820430609698E-004
         138  8.938000408789167E-005
         139  1.408005287837820E-005
         140  3.215839153234200E-005
         141  2.459997174042440E-005
         142  9.752402814001595E-006
         143  2.007640152467601E-006
         144  1.146390673213326E-005
         145  7.244923484269772E-006
         146  3.050959568798043E-005
         147  2.546142559673231E-005
         148  2.162627283033568E-005
         149  1.111263848356033E-005
         150  2.799156256347907E-005
         151  2.018727514344549E-005
         152  5.325919409288034E-005
         153  2.565971115017939E-005
         154  6.110405333248192E-005
         155  2.843782340105921E-005
         156  7.098021898442067E-005
         157  2.822842182997102E-005
         158  3.300909461966697E-005
         159  1.584742861037846E-005
         160  6.357433594943376E-005
         161  2.550988320750174E-005
         162  4.684972554246501E-005
         163  3.457451087084048E-005
         164  1.317538672744118E-004
         165  7.462459414709281E-005
         166  1.344577330963501E-004
         167  3.178511004383048E-005
         168  9.132962707669712E-005
         169  7.149381692037374E-005
         170  4.777252845515682E-005
         171  1.851610533501966E-005
         172  2.882230261098336E-005
         173  1.225299498161873E-005
         174  1.519112493730863E-005
         175  1.278433533009247E-005
         176  3.227753992634407E-005
         177  1.311505701244821E-005
         178  1.446545175308340E-005
         179  6.340467938436689E-006
         180  1.245048631046949E-005
         181  5.931806469626275E-006
         182  1.300690395946420E-005
         183  6.788236732371803E-006
         184  1.255469135977081E-005
         185  4.010975606500525E-006
         186  1.548649182805875E-005
         187  4.472938635415270E-006
         188  1.452821983149647E-005
         189  1.255872604116710E-005
         190  2.649104258630723E-005
         191  2.949588867493660E-005
         192  1.037763960362263E-004
         193  1.347765677077148E-004
         194  3.307856640835035E-004
         195  2.243120904954816E-004
         196  4.163534072927711E-004
         197  2.166339906463114E-004
         198  1.539712022976323E-004
         199  1.237042503239772E-005
         200  2.271806950025074E-006
         201  9.206365773435834E-008
         202  1.134597363570491E-007
         203  2.722698292025990E-008
         204  8.170149339072148E-008
         205  6.877672142226261E-008
         206  2.196406417058410E-006
         207  1.413463749337438E-006
         208  2.391925924811224E-006
         209  1.541484263538016E-006
         226  6.278558456282970E-014
         227  4.788945280996584E-015
         230  2.958769612976364E-012
         231  7.189175158771503E-012
         232  5.532425539351008E-007
         234  9.633499728751970E-012
         235  1.544854500840367E-007
         236  1.614637011567928E-009
         238  1.753161853868669E-007
         240  3.136393212113277E-013
         244  3.828604766123316E-009
