           1  7.424452182606570E-005
           2  6.470609901488105E-012
           3  1.574717819390911E-008
           4  8.263493565873350E-005
           6  5.674563962362780E-015
           7  3.114017005274736E-012
           8  2.708281752318958E-013
           9  1.912633244112939E-009
          10  2.713051082138141E-014
          14  2.054386224461356E-015
          15  2.108150630459064E-012
          16  1.198654509089972E-009
          17  8.991112213710728E-011
          18  4.596753946333261E-010
          19  2.136756541254982E-010
          20  4.515601817570910E-009
          21  7.440145099731660E-010
          22  1.548014709846705E-009
          23  4.795779622746897E-009
          24  1.113171128283078E-008
          25  1.356559962354429E-008
          26  1.240479202226227E-008
          27  2.711396997149009E-009
          28  1.576359078600413E-009
          29  8.152742887220036E-010
          30  2.603120072791646E-009
          31  4.622701846000416E-010
          32  6.334986525185378E-010
          33  7.593446566117694E-010
          34  4.459540077103863E-009
          35  2.982417326522319E-010
          36  1.174478254022564E-009
          37  8.894589366690879E-010
          38  1.203430004564538E-009
          39  3.103433868793561E-010
          40  5.902010851798423E-010
          41  8.297945899740364E-010
          42  5.778981378033214E-009
          43  4.973075673608422E-010
          44  9.468194033484803E-010
          45  4.267953919745406E-009
          46  7.481894363389815E-009
          47  8.278311386099132E-009
          48  6.119249835051310E-009
          49  5.496352329016060E-010
          50  3.113529614510576E-009
          51  1.523888318171971E-009
          52  6.334709832046121E-009
          53  2.383271997682743E-010
          54  6.073176296966608E-010
          55  3.758702168041977E-010
          56  3.901775708792190E-010
          57  1.022062565662289E-010
          58  1.941408523944241E-010
          59  1.360080411275186E-010
          60  1.609046701205797E-010
          61  1.670833509306299E-010
          62  8.007360110131773E-010
          63  3.302227584829844E-010
          64  3.474641537540874E-010
          65  2.970040145654270E-010
          66  4.285226827993306E-010
          67  5.790808363529423E-010
          68  8.610524150404543E-010
          69  1.611155257724154E-010
          70  4.757726467572630E-010
          71  1.643010338746585E-010
          72  2.027754148089232E-010
          73  2.091075203298662E-010
          74  4.248273688495809E-010
          75  9.917669243223143E-010
          76  2.730295972238793E-009
          77  5.492777000758822E-009
          78  1.021759914528023E-008
          79  7.834496270495616E-009
          80  3.130214069781970E-008
          81  1.279171296501372E-008
          82  1.093570073972323E-008
          83  4.596037081869488E-009
          84  4.931967281110782E-009
          85  3.312930242735192E-009
          86  3.594756189949029E-009
          87  2.469927201385237E-009
          88  6.077361706405452E-009
          89  2.804558467933324E-009
          90  5.290978046577051E-009
          91  3.432034396762187E-009
          92  2.801933580356734E-009
          93  2.360221924610536E-009
          94  5.673218568065293E-009
          95  2.921124301290358E-009
          96  3.521156042359584E-009
          97  1.536416934391007E-009
          98  1.416872086204233E-009
          99  1.582128228280273E-009
         100  1.407968231628006E-009
         101  1.050875547104120E-009
         102  1.787476219119300E-009
         103  1.660518016311282E-009
         104  1.588862139214707E-009
         105  1.652816946440419E-009
         106  2.099917756735402E-009
         107  1.628833450921407E-009
         108  5.486759522110853E-009
         109  2.459992567449450E-009
         110  6.974949695788274E-009
         111  5.040295190097029E-009
         112  6.766332301103686E-009
         113  3.437523466720491E-009
         114  2.741113269262598E-009
         115  1.447971108783993E-009
         116  1.517085569194741E-009
         117  1.374753694787402E-009
         118  1.481187481997471E-009
         119  5.390299493351713E-010
         120  7.580928217498898E-010
         121  6.200860510264482E-010
         122  7.816874921039836E-010
         123  6.874297031637148E-010
         124  1.663434560219622E-008
         125  7.222547392865100E-008
         126  5.906725722676148E-007
         127  3.055899088111511E-006
         128  2.557869307839835E-005
         129  1.292222283392098E-004
         130  3.274784224984538E-004
         131  1.077067996532687E-003
         132  1.060653601136328E-003
         133  3.372081154793081E-005
         134  8.600479626614716E-005
         135  9.373991591799507E-005
         136  2.238360601305547E-004
         137  1.182323921056812E-004
         138  8.818217965829812E-005
         139  1.483076696941566E-005
         140  3.492934258579755E-005
         141  2.565547705171934E-005
         142  1.045862272729201E-005
         143  1.947923480058613E-006
         144  9.197749994176657E-006
         145  4.914892759084209E-006
         146  1.868266375532336E-005
         147  1.386035867907278E-005
         148  1.218812542681612E-005
         149  8.267476053458698E-006
         150  5.363402089165326E-005
         151  1.955168130206317E-005
         152  4.059738484905768E-005
         153  2.959334599024361E-005
         154  3.272652947268048E-005
         155  1.195444436980082E-005
         156  3.141113221797706E-005
         157  1.479210949492993E-005
         158  3.386612560749960E-005
         159  2.694161587642762E-005
         160  4.917939775713231E-005
         161  2.964811412910966E-005
         162  1.057176133699447E-004
         163  4.314028901408602E-005
         164  8.322537374057593E-005
         165  3.985644176037340E-005
         166  8.553308101703421E-005
         167  2.994453622529127E-005
         168  1.041362294471371E-004
         169  3.291209989923697E-005
         170  3.447662168449210E-005
         171  2.448367697407005E-005
         172  4.803316662736358E-005
         173  3.345460618314242E-005
         174  7.969895380148005E-005
         175  4.017099104478334E-005
         176  2.753931126040301E-005
         177  1.251641994646016E-005
         178  2.564391939214838E-005
         179  1.121747707672258E-005
         180  1.905507981796827E-005
         181  8.245610873574217E-006
         182  1.576452866649027E-005
         183  7.493714239293535E-006
         184  1.253897422548723E-005
         185  3.804825720476324E-006
         186  1.360778922726201E-005
         187  3.860220995328629E-006
         188  1.215765646053230E-005
         189  1.042660551208984E-005
         190  2.212870764502345E-005
         191  2.579297001102031E-005
         192  9.305372936960901E-005
         193  1.223623475111259E-004
         194  3.061980434467353E-004
         195  2.213043163203024E-004
         196  4.357676908717680E-004
         197  2.305350059816463E-004
         198  1.697522405207573E-004
         199  1.379828449991028E-005
         200  2.501102687922046E-006
         201  9.671658777210910E-008
         202  1.160399658063140E-007
         203  2.749497276597513E-008
         204  7.995832517318260E-008
         205  6.816676716936121E-008
         206  2.310323003301324E-006
         207  1.486764628675714E-006
         208  2.512909836359079E-006
         209  1.631461216303504E-006
         226  6.418697533357599E-014
         227  5.017771824157769E-015
         230  3.024810129398415E-012
         231  7.532690067219069E-012
         232  5.875537294581443E-007
         234  9.848521977949157E-012
         235  1.618671112718784E-007
         236  1.543071324789645E-009
         238  1.792292887827228E-007
         240  2.989659781082643E-013
         244  3.649486819041998E-009
