           1  7.476951028812470E-005
           2  6.470609901488105E-012
           3  1.574717819390911E-008
           4  8.154081128980245E-005
           6  5.674563962362780E-015
           7  3.114017005274736E-012
           8  2.708281752318958E-013
           9  1.912633244112939E-009
          10  2.713051082138141E-014
          14  1.881533656821189E-015
          15  1.832258558406634E-012
          16  1.203775981670494E-009
          17  8.997038660805314E-011
          18  4.743665045711083E-010
          19  2.362284173951284E-010
          20  4.609117303287236E-009
          21  7.412882608985258E-010
          22  1.500551432472981E-009
          23  4.886547357747931E-009
          24  1.127041771178432E-008
          25  1.390755348046544E-008
          26  1.196658342950720E-008
          27  2.517829903159020E-009
          28  1.528725956036106E-009
          29  8.976938678152115E-010
          30  2.640194671347705E-009
          31  4.654148912989651E-010
          32  6.909660485237353E-010
          33  7.689421519677426E-010
          34  4.312621650303690E-009
          35  3.003927186910674E-010
          36  1.234177691044027E-009
          37  7.505312936074043E-010
          38  9.813334344415218E-010
          39  2.719528603842628E-010
          40  6.286628833669726E-010
          41  9.275752342118336E-010
          42  5.751662973082101E-009
          43  4.879787844115973E-010
          44  1.015698263943965E-009
          45  4.567480969025849E-009
          46  7.546571633805123E-009
          47  8.238538347197477E-009
          48  6.084679246117075E-009
          49  4.836319615565955E-010
          50  3.072934518172418E-009
          51  1.573314502338214E-009
          52  6.199929153376727E-009
          53  2.105582623063725E-010
          54  5.003148386956877E-010
          55  2.971194162184421E-010
          56  3.684013424089976E-010
          57  9.824946127522684E-011
          58  1.917463146501974E-010
          59  1.371521102618019E-010
          60  1.715584440963609E-010
          61  1.790494549699059E-010
          62  8.393447372586417E-010
          63  3.417465614959464E-010
          64  3.525785472592656E-010
          65  3.056534735338879E-010
          66  4.484643260157015E-010
          67  5.910752835829813E-010
          68  8.317106601225404E-010
          69  1.500449509924742E-010
          70  4.401912067939772E-010
          71  1.555382717300594E-010
          72  2.027862415461317E-010
          73  2.270758508938138E-010
          74  4.618131434399444E-010
          75  1.062538969127263E-009
          76  2.801303082006862E-009
          77  5.522904331918011E-009
          78  1.047187599478116E-008
          79  8.086876183323640E-009
          80  3.095787605627733E-008
          81  1.270162467259551E-008
          82  1.063877576070020E-008
          83  4.464945498257816E-009
          84  5.408800142686361E-009
          85  3.495177706529976E-009
          86  3.755028304397459E-009
          87  2.517373862534968E-009
          88  5.743707557861795E-009
          89  2.609397601613585E-009
          90  5.067249164802740E-009
          91  3.440351957480807E-009
          92  3.050024760607899E-009
          93  2.483202266533053E-009
          94  5.219203861835155E-009
          95  2.661667152373903E-009
          96  3.412123160572852E-009
          97  1.484691782497689E-009
          98  1.397552363004246E-009
          99  1.582471037755786E-009
         100  1.375198800239750E-009
         101  1.007217948272363E-009
         102  1.694759832475211E-009
         103  1.589951337649708E-009
         104  1.530285408888830E-009
         105  1.680432586573667E-009
         106  2.183432986004455E-009
         107  1.679983809414340E-009
         108  5.790523298089650E-009
         109  2.591338628880146E-009
         110  7.058363494732540E-009
         111  4.938949669970954E-009
         112  6.446544116048124E-009
         113  3.210314368185485E-009
         114  2.496144208910361E-009
         115  1.317310731239097E-009
         116  1.353691924975597E-009
         117  1.180346090559531E-009
         118  1.263978511582822E-009
         119  4.865866036917500E-010
         120  6.970665406259236E-010
         121  5.691396659122433E-010
         122  7.423660175963121E-010
         123  6.762250873936193E-010
         124  1.876936368230296E-008
         125  8.204131168822362E-008
         126  6.717005324018438E-007
         127  3.447527368800387E-006
         128  2.848164744841731E-005
         129  1.392465350258858E-004
         130  3.362203937031657E-004
         131  1.081179328366676E-003
         132  1.021712537655578E-003
         133  3.342960740272533E-005
         134  8.228577316246824E-005
         135  7.830577935569912E-005
         136  2.035389632693980E-004
         137  1.106670544388295E-004
         138  8.826101032227923E-005
         139  1.405187843311389E-005
         140  3.147678115547014E-005
         141  2.299935999800966E-005
         142  8.821489035538077E-006
         143  1.570221077873785E-006
         144  7.302156860607900E-006
         145  3.624547251388407E-006
         146  1.322399185105768E-005
         147  8.950933964813444E-006
         148  1.046704953305467E-005
         149  7.008720520679646E-006
         150  1.767205582737775E-005
         151  1.712453910879153E-005
         152  5.112090434285318E-005
         153  2.076558594370944E-005
         154  4.072094755496195E-005
         155  1.943458217270827E-005
         156  4.165318356471715E-005
         157  1.947907839568099E-005
         158  7.662542151910596E-005
         159  8.873627960771357E-005
         160  9.912024530307336E-005
         161  3.427269772841711E-005
         162  1.009984212296142E-004
         163  5.543783632013891E-005
         164  4.910080015168535E-005
         165  1.936812405020656E-005
         166  5.359748262640281E-005
         167  2.297407543875160E-005
         168  1.163447068514579E-004
         169  7.164468380844984E-005
         170  7.812017538670085E-005
         171  3.800493597383304E-005
         172  4.821326757468951E-005
         173  2.905605145779392E-005
         174  5.612121265890508E-005
         175  2.537900022669085E-005
         176  3.110680947995205E-005
         177  1.508832657702548E-005
         178  1.999900759110547E-005
         179  8.322543674848774E-006
         180  1.518949919507743E-005
         181  6.887172324153599E-006
         182  1.400034658954311E-005
         183  7.101348021184085E-006
         184  1.279764750884022E-005
         185  4.107798686832123E-006
         186  1.604422462496938E-005
         187  4.640087125332319E-006
         188  1.508717563923096E-005
         189  1.306737412258019E-005
         190  2.634556342992705E-005
         191  2.961772048289871E-005
         192  1.039505615545658E-004
         193  1.350084516701016E-004
         194  3.268602524124972E-004
         195  2.155347912113223E-004
         196  3.961951416837005E-004
         197  2.048348567796067E-004
         198  1.450893253088778E-004
         199  1.134794009916754E-005
         200  2.132466075545419E-006
         201  9.288169503344620E-008
         202  1.153452411290426E-007
         203  2.678393666686119E-008
         204  8.704945857922247E-008
         205  7.435770836883954E-008
         206  2.230463262427767E-006
         207  1.431791824825566E-006
         208  2.411484641002858E-006
         209  1.542624690092670E-006
         226  6.389336933139593E-014
         227  4.881012066033183E-015
         230  3.010973951500469E-012
         231  7.327386018385947E-012
         232  5.634292813390707E-007
         234  9.803472571113880E-012
         235  1.574554106681780E-007
         236  1.665551492166947E-009
         238  1.784094527540020E-007
         240  3.238443116786354E-013
         244  3.953177396208342E-009
