           1  7.432740307622811E-005
           2  6.470609901488105E-012
           3  1.574717819390911E-008
           4  8.173978808027737E-005
           6  5.674563962362780E-015
           7  3.114017005274736E-012
           8  2.708281752318958E-013
           9  1.912633244112939E-009
          10  2.713051082138141E-014
          14  2.063388713545114E-015
          15  2.077445481199071E-012
          16  1.232224926419938E-009
          17  9.164843351094018E-011
          18  4.553532288957915E-010
          19  2.084460968039045E-010
          20  4.639873839110260E-009
          21  7.576487103510016E-010
          22  1.522929018332766E-009
          23  4.902674470051303E-009
          24  1.132168933027243E-008
          25  1.380097504317866E-008
          26  1.204931283330959E-008
          27  2.552478481042350E-009
          28  1.556458261224017E-009
          29  8.371248133284101E-010
          30  2.637362573893291E-009
          31  4.512169175924863E-010
          32  6.474388567359454E-010
          33  8.151429829681935E-010
          34  4.412175466905287E-009
          35  2.875178615175122E-010
          36  1.151030311891489E-009
          37  8.137947132731298E-010
          38  1.103311161168205E-009
          39  3.011348709955429E-010
          40  6.125006233011405E-010
          41  8.789755310123536E-010
          42  5.994569066511984E-009
          43  4.933916689677068E-010
          44  9.863820369112082E-010
          45  4.456871367845757E-009
          46  7.465597276168340E-009
          47  8.124141472551099E-009
          48  5.971154474879897E-009
          49  5.215296940802400E-010
          50  3.098344175276666E-009
          51  1.535967231793351E-009
          52  6.328069753642318E-009
          53  2.265809193748560E-010
          54  5.726941179218945E-010
          55  3.614184387522689E-010
          56  3.985396753883009E-010
          57  1.015867531693915E-010
          58  2.014908429093563E-010
          59  1.395084347797563E-010
          60  1.661275485069285E-010
          61  1.813541378401979E-010
          62  8.528973165734827E-010
          63  3.425300713903660E-010
          64  3.571545813483891E-010
          65  3.032210414909070E-010
          66  4.259359361722250E-010
          67  5.888146652728213E-010
          68  8.552376153786318E-010
          69  1.588228199581393E-010
          70  4.758074273667831E-010
          71  1.633692316379334E-010
          72  1.985598070738073E-010
          73  2.127877282593856E-010
          74  4.401510080876677E-010
          75  1.058415047239835E-009
          76  2.819737457489460E-009
          77  5.518546503608200E-009
          78  1.019681789486829E-008
          79  7.964944898193928E-009
          80  3.189661315521904E-008
          81  1.235828993404437E-008
          82  1.067042010036475E-008
          83  4.562194990318939E-009
          84  5.139049945326015E-009
          85  3.441434248865286E-009
          86  3.717746757979452E-009
          87  2.510714854923556E-009
          88  6.080937005066601E-009
          89  2.780115272579845E-009
          90  5.372118448577945E-009
          91  3.486917669007233E-009
          92  2.882728230536039E-009
          93  2.430484894987366E-009
          94  5.756720560844415E-009
          95  2.897838052093751E-009
          96  3.490958364090110E-009
          97  1.492083754073983E-009
          98  1.361358794543683E-009
          99  1.525972150964020E-009
         100  1.333036373931555E-009
         101  1.012819773670438E-009
         102  1.787541623664954E-009
         103  1.672882654408713E-009
         104  1.607541899217375E-009
         105  1.712671505356784E-009
         106  2.197824954206103E-009
         107  1.726169541324353E-009
         108  5.874216785530614E-009
         109  2.602565327179306E-009
         110  7.126177873997297E-009
         111  5.080004927839254E-009
         112  6.641580047872244E-009
         113  3.296641979877546E-009
         114  2.563320384209325E-009
         115  1.336138490942224E-009
         116  1.382115487235889E-009
         117  1.253244348398513E-009
         118  1.350496956163368E-009
         119  4.955215296047000E-010
         120  7.081444879930295E-010
         121  5.762395992050045E-010
         122  7.306033071450469E-010
         123  6.731271742675098E-010
         124  1.864802396877242E-008
         125  8.555541702584777E-008
         126  6.840042074628033E-007
         127  3.493157446544935E-006
         128  2.856044586061517E-005
         129  1.387459389663063E-004
         130  3.334662102426985E-004
         131  1.082752680973958E-003
         132  1.043838788077700E-003
         133  3.360292369409714E-005
         134  8.460180614346010E-005
         135  8.834512393886322E-005
         136  2.195628586948139E-004
         137  1.175670268790915E-004
         138  8.911261105246845E-005
         139  1.458490570077282E-005
         140  3.329323279960293E-005
         141  2.467913834793688E-005
         142  9.783610941079837E-006
         143  1.677413632969666E-006
         144  6.962545842774453E-006
         145  3.405698928747940E-006
         146  1.205042214789119E-005
         147  8.058482409942662E-006
         148  1.235266691646464E-005
         149  8.905961804606392E-006
         150  3.390778876323336E-005
         151  3.811158417159788E-005
         152  4.778354512257037E-005
         153  1.415772465742377E-005
         154  2.942373117930598E-005
         155  1.628337868209904E-005
         156  2.723182603162727E-005
         157  1.591133841748555E-005
         158  4.751921111458137E-005
         159  2.903166208380174E-005
         160  7.976594116815961E-005
         161  4.739811469626945E-005
         162  1.711757270509301E-004
         163  5.930200343751990E-005
         164  7.772481310175783E-005
         165  5.752106636360394E-005
         166  7.308185097079492E-005
         167  1.918283662031723E-005
         168  5.808202415840819E-005
         169  2.185405848836174E-005
         170  3.463967890180908E-005
         171  2.296814249184387E-005
         172  2.929144006771196E-005
         173  2.195730303167045E-005
         174  5.586645272348896E-005
         175  2.254401456392378E-005
         176  1.928093539757627E-005
         177  1.018698881481669E-005
         178  3.051900693612261E-005
         179  1.026064958453268E-005
         180  1.388192890759273E-005
         181  6.444185811381886E-006
         182  1.349406846054713E-005
         183  6.883549135135509E-006
         184  1.238862420217339E-005
         185  3.980093857599331E-006
         186  1.535728707721412E-005
         187  4.439689733749757E-006
         188  1.464413084479646E-005
         189  1.299226588247474E-005
         190  2.700428616915422E-005
         191  3.064249164208098E-005
         192  1.082163838532666E-004
         193  1.385111236848288E-004
         194  3.330416544770490E-004
         195  2.273170130170412E-004
         196  4.287943343388643E-004
         197  2.190122798192067E-004
         198  1.547297382051969E-004
         199  1.223357162127204E-005
         200  2.212217511023781E-006
         201  8.985414789909995E-008
         202  1.108928099601077E-007
         203  2.661240008354069E-008
         204  8.228683305937716E-008
         205  7.066532196937920E-008
         206  2.256204562896561E-006
         207  1.465355383293832E-006
         208  2.474104422458957E-006
         209  1.569502609457792E-006
         226  6.066037375282741E-014
         227  4.735743872543929E-015
         230  2.858619089419301E-012
         231  7.109309087722997E-012
         232  5.448822903376295E-007
         234  9.307418226059099E-012
         235  1.527692384658905E-007
         236  1.545667621083583E-009
         238  1.693819593229256E-007
         240  3.001540045359615E-013
         244  3.663989093902801E-009
