           1  7.510827372931940E-005
           2  6.470609901488105E-012
           3  1.574717819390911E-008
           4  8.117326259536745E-005
           6  5.674563962362780E-015
           7  3.114017005274736E-012
           8  2.708281752318958E-013
           9  1.912633244112939E-009
          10  2.713051082138141E-014
          14  1.676389681366173E-015
          15  1.699323858144655E-012
          16  1.240106869720966E-009
          17  9.202507414045845E-011
          18  4.333867188593152E-010
          19  1.811035694222474E-010
          20  4.618586479447563E-009
          21  7.711827343143964E-010
          22  1.671468589302975E-009
          23  4.845419091556428E-009
          24  1.125930729591174E-008
          25  1.359808047887853E-008
          26  1.147902536447675E-008
          27  2.568963866455777E-009
          28  1.626495376927626E-009
          29  8.316476215541105E-010
          30  2.737365590813384E-009
          31  4.914469988309709E-010
          32  5.755710097251535E-010
          33  7.935559411874936E-010
          34  4.298012172723294E-009
          35  2.893134217911580E-010
          36  1.135602447578946E-009
          37  6.864385024311962E-010
          38  8.989921436224031E-010
          39  2.882843456307558E-010
          40  6.368609242898141E-010
          41  9.061231929208460E-010
          42  6.478044058569421E-009
          43  5.591882890719635E-010
          44  9.621287158709468E-010
          45  4.260521770404837E-009
          46  7.148201276428882E-009
          47  7.956506653296011E-009
          48  6.021982711590451E-009
          49  4.858971667951608E-010
          50  3.163758751691908E-009
          51  1.625911439354492E-009
          52  6.190411364807482E-009
          53  1.980402470400479E-010
          54  4.678569858119563E-010
          55  3.450203638180041E-010
          56  4.426069969710107E-010
          57  1.201953152315891E-010
          58  2.243939451889795E-010
          59  1.594517953459273E-010
          60  1.764489646239747E-010
          61  1.747904406136100E-010
          62  8.726526423838552E-010
          63  3.597392470135838E-010
          64  3.668977240211730E-010
          65  3.154524872430709E-010
          66  4.507661205056630E-010
          67  5.858135506183365E-010
          68  8.956339011444104E-010
          69  1.680460799175330E-010
          70  5.095788621453198E-010
          71  1.778786440390048E-010
          72  2.199672089365860E-010
          73  2.197287589300130E-010
          74  4.556202242473647E-010
          75  1.062750799831504E-009
          76  2.863358072798372E-009
          77  5.405465646182387E-009
          78  1.012189689475841E-008
          79  7.863241282798334E-009
          80  3.257730482621768E-008
          81  1.111919655423838E-008
          82  1.008610847321582E-008
          83  4.499412714368616E-009
          84  5.221181384987664E-009
          85  3.503010523723150E-009
          86  3.752064787309361E-009
          87  2.319886574021894E-009
          88  5.606718970542868E-009
          89  2.622967098021370E-009
          90  5.026982549252664E-009
          91  3.320842815789599E-009
          92  2.783021689012584E-009
          93  2.325978295951562E-009
          94  5.493155107271070E-009
          95  2.724012713802128E-009
          96  3.091784665098108E-009
          97  1.345638432120163E-009
          98  1.265736633783749E-009
          99  1.425803902878672E-009
         100  1.255524781572327E-009
         101  9.494773806692001E-010
         102  1.663804535819227E-009
         103  1.603032349134374E-009
         104  1.563922683155387E-009
         105  1.676943131471725E-009
         106  2.141885641748138E-009
         107  1.630703287729887E-009
         108  5.325029564314446E-009
         109  2.388683539991201E-009
         110  6.554707731834433E-009
         111  4.579382364590028E-009
         112  6.073858371615008E-009
         113  3.063697976026545E-009
         114  2.436466355213684E-009
         115  1.300309947041894E-009
         116  1.347294351607552E-009
         117  1.165567600559831E-009
         118  1.243341472629280E-009
         119  4.732794901813168E-010
         120  6.627432550496329E-010
         121  5.340230001767208E-010
         122  7.081191964598707E-010
         123  6.260769752821675E-010
         124  1.810159906495938E-008
         125  7.263072500819678E-008
         126  6.022229038248657E-007
         127  3.149580691401186E-006
         128  2.639378756221762E-005
         129  1.303674772709227E-004
         130  3.213604691733144E-004
         131  1.094107788541071E-003
         132  9.898555573344336E-004
         133  3.285138312593788E-005
         134  8.157265239471346E-005
         135  7.027916580597649E-005
         136  1.976720108495471E-004
         137  1.109042941006037E-004
         138  9.020829910535032E-005
         139  1.360638685485099E-005
         140  3.207188708644757E-005
         141  2.561368061008259E-005
         142  9.935444448501930E-006
         143  2.074709478573029E-006
         144  1.264215288430002E-005
         145  8.360465533612257E-006
         146  3.300629066156577E-005
         147  1.958501063829315E-005
         148  2.516275695155092E-005
         149  1.664556293725116E-005
         150  4.023653611760076E-005
         151  1.937618981382942E-005
         152  2.588128318333531E-005
         153  9.713397849587822E-006
         154  2.734021031183501E-005
         155  1.488065413220979E-005
         156  3.674731961031148E-005
         157  4.004450419242596E-005
         158  7.177001827449327E-005
         159  5.011230884940357E-005
         160  7.332256489807646E-005
         161  3.472126057281132E-005
         162  1.322719323138495E-004
         163  4.488063531659359E-005
         164  7.950533824360210E-005
         165  7.364045780095464E-005
         166  1.772881276929060E-004
         167  3.379358727574987E-005
         168  8.733066224374590E-005
         169  5.427530287980180E-005
         170  4.102885858068605E-005
         171  2.446404492046919E-005
         172  3.420973751134523E-005
         173  1.815500301502501E-005
         174  3.119911575728542E-005
         175  1.831683521618168E-005
         176  2.936961104748137E-005
         177  1.540626444565951E-005
         178  1.732147903170731E-005
         179  7.980750355660849E-006
         180  1.555513420528037E-005
         181  7.085562717236169E-006
         182  1.496859633917590E-005
         183  7.740470577566531E-006
         184  1.375464951710822E-005
         185  4.314437839873679E-006
         186  1.664630968106695E-005
         187  4.770409380877482E-006
         188  1.500770756807005E-005
         189  1.279173214832658E-005
         190  2.611928627757844E-005
         191  3.010303813308482E-005
         192  1.027188974802474E-004
         193  1.295842896477610E-004
         194  3.111214157589597E-004
         195  2.121119219035152E-004
         196  4.002504568388154E-004
         197  2.084415338641452E-004
         198  1.489976960614750E-004
         199  1.166355012109262E-005
         200  2.126403660540012E-006
         201  7.953659059661417E-008
         202  1.037750877623989E-007
         203  2.755359704398375E-008
         204  8.260282599022277E-008
         205  6.949329751159849E-008
         206  2.173443123650155E-006
         207  1.455729256570523E-006
         208  2.420135855965791E-006
         209  1.527929105326480E-006
         226  6.574543389122248E-014
         227  4.911187096150910E-015
         230  3.098252462627519E-012
         231  7.372684839777452E-012
         232  5.480728269568913E-007
         234  1.008764390692212E-011
         235  1.584288198085026E-007
         236  1.723070236130351E-009
         238  1.835809725539662E-007
         240  3.351578797978911E-013
         244  4.091282467523868E-009
