           1  7.436437795395797E-005
           2  6.470609901488105E-012
           3  1.574717819390911E-008
           4  8.061513439470789E-005
           6  5.674563962362780E-015
           7  3.114017005274736E-012
           8  2.708281752318958E-013
           9  1.912633244112939E-009
          10  2.713051082138141E-014
          14  1.942190282623400E-015
          15  2.037762629057098E-012
          16  1.223346025297727E-009
          17  9.123172002708838E-011
          18  4.602673500679573E-010
          19  2.146116681983760E-010
          20  4.688595991437046E-009
          21  7.616918397920707E-010
          22  1.423833058891855E-009
          23  4.951107063769420E-009
          24  1.139407289809083E-008
          25  1.396403789943382E-008
          26  1.166353343532111E-008
          27  2.529194226503561E-009
          28  1.568444784754079E-009
          29  8.589206529318046E-010
          30  2.586844828755369E-009
          31  4.718962263400828E-010
          32  6.845099662703085E-010
          33  8.093497289354724E-010
          34  4.361625913265378E-009
          35  2.977305739571149E-010
          36  1.172762545470492E-009
          37  7.871629069298565E-010
          38  1.044963598957705E-009
          39  2.977262994073157E-010
          40  6.332802716494579E-010
          41  8.974743578940131E-010
          42  5.927868064813813E-009
          43  5.248013451167145E-010
          44  1.016982898610815E-009
          45  4.607648493122886E-009
          46  7.520295537276162E-009
          47  8.067240085249413E-009
          48  5.944052042119039E-009
          49  5.102251470538612E-010
          50  3.063245263786441E-009
          51  1.553398952937315E-009
          52  6.286771780666489E-009
          53  2.254411096194317E-010
          54  5.399365606472357E-010
          55  3.341073091782502E-010
          56  3.934558404451086E-010
          57  1.086715779364999E-010
          58  1.946114671468614E-010
          59  1.395456896125113E-010
          60  1.779175061286092E-010
          61  1.856702088124494E-010
          62  8.783274299611878E-010
          63  3.594292981104486E-010
          64  3.525568504001131E-010
          65  2.961663137044926E-010
          66  4.487426761826217E-010
          67  5.888596842668595E-010
          68  8.627259904866253E-010
          69  1.570056150081989E-010
          70  4.526974357038062E-010
          71  1.586486714702822E-010
          72  2.061788064992306E-010
          73  2.189285833775089E-010
          74  4.646821263195384E-010
          75  1.095906939213419E-009
          76  2.855573983683549E-009
          77  5.446769670387076E-009
          78  1.018540401461338E-008
          79  8.007186470986612E-009
          80  3.133090583290110E-008
          81  1.258394816861809E-008
          82  1.057168399609531E-008
          83  4.484101750901566E-009
          84  5.289500782015771E-009
          85  3.435714607209218E-009
          86  3.732949376002736E-009
          87  2.602293183049020E-009
          88  5.951127414827965E-009
          89  2.687475291372295E-009
          90  5.131682331318568E-009
          91  3.529231665879119E-009
          92  3.065257766456683E-009
          93  2.503216155880249E-009
          94  5.447924889236822E-009
          95  2.832909958761724E-009
          96  3.279605399931802E-009
          97  1.457350294928237E-009
          98  1.380014756699106E-009
          99  1.542436525952598E-009
         100  1.387658317842722E-009
         101  1.014430472062989E-009
         102  1.715589282743253E-009
         103  1.630680883685272E-009
         104  1.597162383278174E-009
         105  1.707473335439404E-009
         106  2.257180428475415E-009
         107  1.733253228417868E-009
         108  5.842053279594893E-009
         109  2.581103942691858E-009
         110  6.898537732642680E-009
         111  4.897385654147742E-009
         112  6.482330537481259E-009
         113  3.318038452534030E-009
         114  2.644435960585203E-009
         115  1.390238677708326E-009
         116  1.423417179274179E-009
         117  1.222324692946532E-009
         118  1.290963554300368E-009
         119  4.812501235272265E-010
         120  6.642202859069072E-010
         121  5.426342962185516E-010
         122  7.025128764307625E-010
         123  6.463515988294499E-010
         124  1.715686259061607E-008
         125  7.723380244289790E-008
         126  6.435787143529855E-007
         127  3.316056279381261E-006
         128  2.744034850341255E-005
         129  1.356468542777700E-004
         130  3.285705786250429E-004
         131  1.083321328066816E-003
         132  1.040219460638201E-003
         133  3.450680251309688E-005
         134  8.572298956174013E-005
         135  8.387113485943354E-005
         136  2.151567304357661E-004
         137  1.167324032568088E-004
         138  9.143966658551781E-005
         139  1.455696464996961E-005
         140  3.285203651386598E-005
         141  2.468058011776251E-005
         142  9.653813171965570E-006
         143  1.587274880241079E-006
         144  5.789482865508124E-006
         145  2.533157853103103E-006
         146  9.597589058651872E-006
         147  9.442260337464748E-006
         148  1.338250680490620E-005
         149  8.224953469389972E-006
         150  1.597988148183885E-005
         151  1.643229885519169E-005
         152  4.749328516620636E-005
         153  1.912407788490281E-005
         154  3.929881776873692E-005
         155  1.988547188632517E-005
         156  4.040733105111648E-005
         157  1.936626017366591E-005
         158  2.932158624389995E-005
         159  1.654802609265740E-005
         160  4.894867859893779E-005
         161  2.912984788000906E-005
         162  1.275372303838529E-004
         163  8.793220329561073E-005
         164  8.583133759264392E-005
         165  3.724418843984093E-005
         166  9.290518166389665E-005
         167  3.902998564463813E-005
         168  1.710097917279070E-004
         169  1.076864025017409E-004
         170  6.240500485107729E-005
         171  1.558845110166811E-005
         172  2.207678295700293E-005
         173  1.413790945269167E-005
         174  2.953248802858360E-005
         175  1.333850853431914E-005
         176  1.625140545445286E-005
         177  9.581871522140668E-006
         178  2.314463886429938E-005
         179  7.323092568371532E-006
         180  1.021296233167393E-005
         181  4.906049165753386E-006
         182  1.106724764177355E-005
         183  5.968559220828204E-006
         184  1.133979083742251E-005
         185  3.701226583714282E-006
         186  1.453899775828516E-005
         187  4.189848439956792E-006
         188  1.349670058680481E-005
         189  1.154798911754577E-005
         190  2.457759624490361E-005
         191  2.743597235893334E-005
         192  9.771182404913734E-005
         193  1.293291569914732E-004
         194  3.256913111577544E-004
         195  2.217571224656840E-004
         196  4.126033991194015E-004
         197  2.194707894404800E-004
         198  1.600560925766529E-004
         199  1.311851567765775E-005
         200  2.420615125499147E-006
         201  9.543337316092008E-008
         202  1.154266336316791E-007
         203  2.763934572928014E-008
         204  8.481958580363895E-008
         205  7.203407090788873E-008
         206  2.189517775955524E-006
         207  1.424488999527207E-006
         208  2.398396432753055E-006
         209  1.530056159733515E-006
         226  5.831492210859302E-014
         227  4.439935415071080E-015
         230  2.748089720265755E-012
         231  6.665240782608480E-012
         232  5.211896831837158E-007
         234  8.947544093551464E-012
         235  1.432268235895510E-007
         236  1.469481609827831E-009
         238  1.628327547859342E-007
         240  2.851692032291005E-013
         244  3.481069167022195E-009
