           1  7.443669744784355E-005
           2  6.470609901488105E-012
           3  1.574717819390911E-008
           4  8.183958449616193E-005
           6  5.674563962362780E-015
           7  3.114017005274736E-012
           8  2.708281752318958E-013
           9  1.912633244112939E-009
          10  2.713051082138141E-014
          14  2.054429411997861E-015
          15  2.028192136768144E-012
          16  1.253294280538833E-009
          17  9.285344378812106E-011
          18  4.448814781788336E-010
          19  1.939516229299755E-010
          20  4.694700019522698E-009
          21  7.721276468375823E-010
          22  1.574060673930901E-009
          23  4.924521028695210E-009
          24  1.137994720187939E-008
          25  1.383564686268895E-008
          26  1.186222174371418E-008
          27  2.580392177975462E-009
          28  1.580320148097849E-009
          29  8.219558738181411E-010
          30  2.666718883352698E-009
          31  4.702527792123467E-010
          32  5.965516018263618E-010
          33  8.081819006225401E-010
          34  4.335442772881911E-009
          35  2.930143817242031E-010
          36  1.167630415799815E-009
          37  7.955734191973848E-010
          38  1.066198831710410E-009
          39  3.065808968340603E-010
          40  6.131979088870772E-010
          41  8.614232878975934E-010
          42  6.173595531883239E-009
          43  5.292865829690406E-010
          44  9.882725917730818E-010
          45  4.426664525369371E-009
          46  7.388095857465095E-009
          47  8.017881625605706E-009
          48  5.926152753850227E-009
          49  5.303695589414293E-010
          50  3.140168992067662E-009
          51  1.560460618308802E-009
          52  6.218228572160738E-009
          53  2.217618137397312E-010
          54  5.505170739244667E-010
          55  3.649138348063310E-010
          56  4.272219088376374E-010
          57  1.138512527718493E-010
          58  2.134096285251439E-010
          59  1.497471207956355E-010
          60  1.735327685012498E-010
          61  1.806877105903214E-010
          62  8.704991432453302E-010
          63  3.541012628865794E-010
          64  3.586974566554644E-010
          65  3.036511458188827E-010
          66  4.360390163146817E-010
          67  5.806740608927907E-010
          68  8.656940472574925E-010
          69  1.608006836969202E-010
          70  4.812915776859857E-010
          71  1.670103510393097E-010
          72  2.077793134554360E-010
          73  2.169668565191228E-010
          74  4.525017668918285E-010
          75  1.069604502030303E-009
          76  2.840475682827412E-009
          77  5.449899401879095E-009
          78  1.009884422812516E-008
          79  7.947519636903710E-009
          80  3.237879197744151E-008
          81  1.219416546102035E-008
          82  1.065284385092491E-008
          83  4.613655952500327E-009
          84  5.144963340248209E-009
          85  3.470333690777472E-009
          86  3.764028559349808E-009
          87  2.508238423790760E-009
          88  6.048837676148652E-009
          89  2.722931955224639E-009
          90  5.185657832671150E-009
          91  3.519594821986133E-009
          92  2.921831806377260E-009
          93  2.430334016506572E-009
          94  5.743687290853394E-009
          95  2.908166372289952E-009
          96  3.344816923675067E-009
          97  1.456884666009382E-009
          98  1.351982338379774E-009
          99  1.510240082575209E-009
         100  1.336368284073718E-009
         101  1.000425816013182E-009
         102  1.766816117410661E-009
         103  1.688519087310340E-009
         104  1.638088488694156E-009
         105  1.742987159949567E-009
         106  2.253353844506102E-009
         107  1.735160251790257E-009
         108  5.787459595401821E-009
         109  2.568158189986154E-009
         110  6.986666048268988E-009
         111  4.939880647021696E-009
         112  6.530340794224137E-009
         113  3.299013923079701E-009
         114  2.610600829911302E-009
         115  1.373645121258701E-009
         116  1.425793164481581E-009
         117  1.275139837692682E-009
         118  1.363740742868035E-009
         119  4.962961834971254E-010
         120  6.966869401452348E-010
         121  5.680616735517296E-010
         122  7.365534491412641E-010
         123  6.695135273398438E-010
         124  1.844314237452112E-008
         125  8.101736980604087E-008
         126  6.613727681047735E-007
         127  3.383156855671155E-006
         128  2.778719969526659E-005
         129  1.362786347654491E-004
         130  3.298214436843846E-004
         131  1.102062605791040E-003
         132  1.032581941604327E-003
         133  3.308094633487577E-005
         134  8.290320953155507E-005
         135  8.432035584746557E-005
         136  2.163826994893644E-004
         137  1.167174876171955E-004
         138  8.610124236829652E-005
         139  1.468125959258471E-005
         140  3.404514521529179E-005
         141  2.547111018324975E-005
         142  9.685215129348810E-006
         143  1.547828015866843E-006
         144  5.329852923597955E-006
         145  2.119407015155858E-006
         146  9.348347748188036E-006
         147  1.315557007090697E-005
         148  1.562768174784692E-005
         149  9.255864733866510E-006
         150  1.765214819190651E-005
         151  1.141906093764647E-005
         152  2.516535056413853E-005
         153  1.050434003285186E-005
         154  2.701666679902417E-005
         155  1.493042314673140E-005
         156  4.130516173416846E-005
         157  2.214030397632601E-005
         158  5.902291684986649E-005
         159  2.794630663118304E-005
         160  5.102742939530219E-005
         161  3.357111356713704E-005
         162  1.639252576225888E-004
         163  5.558581271945798E-005
         164  7.925779169710640E-005
         165  5.180133410345755E-005
         166  5.942094657302094E-005
         167  4.936065298638792E-005
         168  1.983594070318006E-004
         169  6.437520641990372E-005
         170  4.592777727135119E-005
         171  1.752587399970911E-005
         172  1.866991048903133E-005
         173  1.620395542652838E-005
         174  3.509304539858285E-005
         175  1.737205467109132E-005
         176  1.800102476813981E-005
         177  9.285155985021862E-006
         178  2.101227725453177E-005
         179  1.085133013114435E-005
         180  1.920745133029554E-005
         181  8.008065508402749E-006
         182  1.512823674801635E-005
         183  7.469880648392155E-006
         184  1.302895984241466E-005
         185  4.095105209780252E-006
         186  1.551433798379260E-005
         187  4.451711638562443E-006
         188  1.431401077174097E-005
         189  1.236106574360225E-005
         190  2.570208541988968E-005
         191  2.896012599628284E-005
         192  1.016538818376761E-004
         193  1.312880280415277E-004
         194  3.214155893959781E-004
         195  2.194988492336547E-004
         196  4.137914516122828E-004
         197  2.160116323559572E-004
         198  1.554322216093068E-004
         199  1.248834942380475E-005
         200  2.255678315793349E-006
         201  8.514184660023908E-008
         202  1.057104921127252E-007
         203  2.665946666777552E-008
         204  8.480090506029133E-008
         205  7.360448750936392E-008
         206  2.271650669103452E-006
         207  1.505915094541611E-006
         208  2.512265200399927E-006
         209  1.584536433118414E-006
         226  6.340907969812872E-014
         227  4.842592006088549E-015
         230  2.988151810705451E-012
         231  7.269709740135596E-012
         232  5.551204304922353E-007
         234  9.729165640897308E-012
         235  1.562160270660402E-007
         236  1.613216063174243E-009
         238  1.770571708294492E-007
         240  3.133547550304665E-013
         244  3.825131058068744E-009
