           1  7.445902662083603E-005
           2  6.470609901488105E-012
           3  1.574717819390911E-008
           4  8.034020131722502E-005
           6  5.674563962362780E-015
           7  3.114017005274736E-012
           8  2.708281752318958E-013
           9  1.912633244112939E-009
          10  2.713051082138141E-014
          14  1.867222544969942E-015
          15  2.008788444312480E-012
          16  1.239447856231400E-009
          17  9.212173164353527E-011
          18  4.341672832366901E-010
          19  1.797641357930587E-010
          20  4.708690706563256E-009
          21  7.791972532366623E-010
          22  1.472864435404033E-009
          23  4.947013918110541E-009
          24  1.140591393877729E-008
          25  1.382565062265593E-008
          26  1.134907405055555E-008
          27  2.522192269649796E-009
          28  1.620886347769623E-009
          29  8.180096321712028E-010
          30  2.658195030832012E-009
          31  4.801306269775446E-010
          32  6.162877485734709E-010
          33  8.440875473182858E-010
          34  4.366297325809674E-009
          35  2.848351513314722E-010
          36  1.098286780620631E-009
          37  7.585123858882169E-010
          38  1.021008727219431E-009
          39  3.167068944117307E-010
          40  6.416961571379258E-010
          41  8.818710350763270E-010
          42  6.335942742105651E-009
          43  5.462839705191843E-010
          44  9.901161635123073E-010
          45  4.491851937134125E-009
          46  7.285837170941379E-009
          47  7.845229219807695E-009
          48  5.828742538047817E-009
          49  5.180466590520554E-010
          50  3.109768721927185E-009
          51  1.567424072654546E-009
          52  6.407657335942577E-009
          53  2.262186008684128E-010
          54  5.568958854873847E-010
          55  3.835815768503240E-010
          56  4.437280516093643E-010
          57  1.201481488731254E-010
          58  2.131627898744276E-010
          59  1.525534446218584E-010
          60  1.809256716265359E-010
          61  1.883038327395203E-010
          62  9.151978385190661E-010
          63  3.706238103730572E-010
          64  3.582180205744817E-010
          65  3.029315303214828E-010
          66  4.435663771973720E-010
          67  5.849529591667850E-010
          68  8.954025272786113E-010
          69  1.661215203254426E-010
          70  4.922485409279706E-010
          71  1.712178563449000E-010
          72  2.128569133337068E-010
          73  2.136865427912940E-010
          74  4.626566454899590E-010
          75  1.111442259114225E-009
          76  2.918747765377585E-009
          77  5.431247395056879E-009
          78  9.915741969160098E-009
          79  7.833424618319770E-009
          80  3.219193583314327E-008
          81  1.155801589715830E-008
          82  1.033963018341042E-008
          83  4.556587259289040E-009
          84  5.118817303152791E-009
          85  3.431184075759472E-009
          86  3.723656089190302E-009
          87  2.504331026786178E-009
          88  6.011075385054033E-009
          89  2.726386238507261E-009
          90  5.165742070018559E-009
          91  3.449246139213633E-009
          92  2.893293086644918E-009
          93  2.424858891076014E-009
          94  5.775039781273460E-009
          95  2.862127507642775E-009
          96  3.121213328994935E-009
          97  1.361888473390940E-009
          98  1.296010647662982E-009
          99  1.464732416145881E-009
         100  1.306765944406467E-009
         101  9.865502332101939E-010
         102  1.729154915682383E-009
         103  1.661931397874123E-009
         104  1.611569866521125E-009
         105  1.722918267621053E-009
         106  2.253007905894172E-009
         107  1.725270883444009E-009
         108  5.677647889455099E-009
         109  2.512797808991742E-009
         110  6.774803821578382E-009
         111  4.738031924672987E-009
         112  6.241235444806826E-009
         113  3.153678750805938E-009
         114  2.504106889553362E-009
         115  1.321114176453030E-009
         116  1.365732481920693E-009
         117  1.182704110258918E-009
         118  1.242110654061457E-009
         119  4.645587828380200E-010
         120  6.430766787286663E-010
         121  5.180043042996032E-010
         122  6.690254868630189E-010
         123  6.164403565439392E-010
         124  1.675793892032937E-008
         125  7.513349287949629E-008
         126  6.231998310162348E-007
         127  3.218828791736737E-006
         128  2.675589291251144E-005
         129  1.317433116667026E-004
         130  3.192441542411866E-004
         131  1.086716545960055E-003
         132  1.026251170600966E-003
         133  3.438029312373459E-005
         134  8.660011059303049E-005
         135  8.199891708335966E-005
         136  2.175266546391127E-004
         137  1.196433723458852E-004
         138  9.289415840333061E-005
         139  1.374174723651934E-005
         140  3.128948081600690E-005
         141  2.393638820319514E-005
         142  9.257958709721251E-006
         143  1.778331720779579E-006
         144  9.250593735001971E-006
         145  6.104958874406282E-006
         146  2.674315015441138E-005
         147  2.369298768236924E-005
         148  2.368885464780444E-005
         149  1.392647149875216E-005
         150  4.302708891887746E-005
         151  1.474343095160640E-005
         152  2.452007256341567E-005
         153  1.528250200790723E-005
         154  2.637230450571911E-005
         155  1.602494686149050E-005
         156  4.905906413680700E-005
         157  3.201423297592153E-005
         158  5.394927104668974E-005
         159  2.377438978923739E-005
         160  1.045326133794967E-004
         161  5.048761323214978E-005
         162  9.339875646014937E-005
         163  7.354325376248140E-005
         164  7.995766362549216E-005
         165  5.885518652532388E-005
         166  1.118995170211466E-004
         167  2.282555126933916E-005
         168  4.626855133947830E-005
         169  2.978106403304516E-005
         170  4.094801692983625E-005
         171  2.341204096960668E-005
         172  6.532414806261389E-005
         173  2.786834998748856E-005
         174  3.618040098062496E-005
         175  1.395958522735494E-005
         176  2.077862818657418E-005
         177  1.149945501582173E-005
         178  1.756410294449226E-005
         179  6.294163794498038E-006
         180  1.033370664200903E-005
         181  5.246174326131359E-006
         182  1.242585244878259E-005
         183  6.885165709098504E-006
         184  1.298383059814333E-005
         185  4.210698219376561E-006
         186  1.664124449161930E-005
         187  4.743661109279422E-006
         188  1.487819322762516E-005
         189  1.275148904509396E-005
         190  2.640367967052326E-005
         191  3.026051578603704E-005
         192  1.047063441271632E-004
         193  1.343689619061173E-004
         194  3.281948577416286E-004
         195  2.229609383956767E-004
         196  4.194316128295511E-004
         197  2.209397709378271E-004
         198  1.601082536371116E-004
         199  1.279338278045925E-005
         200  2.288722804016919E-006
         201  8.282458525588064E-008
         202  1.043706065472298E-007
         203  2.710369455792583E-008
         204  7.718572523877917E-008
         205  6.457600975750187E-008
         206  2.125117946770921E-006
         207  1.416603532373996E-006
         208  2.386749521511224E-006
         209  1.494945146927257E-006
         226  5.667079340556034E-014
         227  4.301508489161118E-015
         230  2.670610182881066E-012
         231  6.457433977839578E-012
         232  4.966917747417277E-007
         234  8.695277374606627E-012
         235  1.387613422156439E-007
         236  1.404760600592581E-009
         238  1.582418542709870E-007
         240  2.727139487509694E-013
         244  3.329027495480248E-009
