           1  7.385811537047627E-005
           2  6.470609901488105E-012
           3  1.574717819390911E-008
           4  8.325276220868423E-005
           6  5.674563962362780E-015
           7  3.114017005274736E-012
           8  2.708281752318958E-013
           9  1.912633244112939E-009
          10  2.713051082138141E-014
          14  2.518008330968869E-015
          15  2.408879297977326E-012
          16  1.282763550424959E-009
          17  9.459097397867364E-011
          18  4.587920567491818E-010
          19  2.099947232777897E-010
          20  4.732820589205501E-009
          21  7.778819736287483E-010
          22  1.574130519691463E-009
          23  4.968191964696406E-009
          24  1.147144112356849E-008
          25  1.391414994699907E-008
          26  1.215170585577991E-008
          27  2.633213179061755E-009
          28  1.614554796216105E-009
          29  8.521042499930947E-010
          30  2.716233445231216E-009
          31  4.800538025618716E-010
          32  6.496174518040691E-010
          33  8.134561867338372E-010
          34  4.413617603709949E-009
          35  2.942299175066675E-010
          36  1.154997049642794E-009
          37  8.178499565299293E-010
          38  1.104409013254284E-009
          39  3.117574922362538E-010
          40  6.249243459187174E-010
          41  8.810966163975165E-010
          42  6.066778825469949E-009
          43  5.258942379664991E-010
          44  9.831901725554512E-010
          45  4.409058841759471E-009
          46  7.460965889140524E-009
          47  8.123936950294176E-009
          48  5.998264119391834E-009
          49  5.222655982958121E-010
          50  3.100121021890872E-009
          51  1.551914375713276E-009
          52  6.411483136382870E-009
          53  2.266669529289748E-010
          54  5.504523686207246E-010
          55  3.591321639340799E-010
          56  4.067200855792501E-010
          57  1.083268485335755E-010
          58  2.023463460260787E-010
          59  1.410514463553617E-010
          60  1.684573820035580E-010
          61  1.788358215778330E-010
          62  8.556805277149993E-010
          63  3.472948486004031E-010
          64  3.538923733358727E-010
          65  2.964425490802412E-010
          66  4.288518034851914E-010
          67  5.784160838086320E-010
          68  8.585704443790378E-010
          69  1.587455182336328E-010
          70  4.699738186465919E-010
          71  1.616266006567089E-010
          72  1.988573754687736E-010
          73  2.069388899777746E-010
          74  4.313180242657655E-010
          75  1.029285610737003E-009
          76  2.763640990592110E-009
          77  5.425814561329810E-009
          78  1.025567907458976E-008
          79  8.070940307953321E-009
          80  3.245967308838993E-008
          81  1.268819685452896E-008
          82  1.118963691224090E-008
          83  4.878302722544868E-009
          84  5.319415457396027E-009
          85  3.546129644415149E-009
          86  3.860147653651591E-009
          87  2.631908240749740E-009
          88  6.323946975182293E-009
          89  2.858448573155991E-009
          90  5.481566040949718E-009
          91  3.711575027161374E-009
          92  3.039974669375860E-009
          93  2.528625601490821E-009
          94  5.957249536149593E-009
          95  3.104018560163733E-009
          96  3.583493829360556E-009
          97  1.568804810970471E-009
          98  1.440657682301541E-009
          99  1.602023004668905E-009
         100  1.440927345835507E-009
         101  1.065766348966642E-009
         102  1.866238964177199E-009
         103  1.762165078248579E-009
         104  1.727027001713868E-009
         105  1.815968201682875E-009
         106  2.338175818713393E-009
         107  1.804101189149612E-009
         108  6.091252270512998E-009
         109  2.677246084933064E-009
         110  7.305428655995448E-009
         111  5.284493484018371E-009
         112  7.076104385583418E-009
         113  3.610815979158898E-009
         114  2.881718627556392E-009
         115  1.499476244457139E-009
         116  1.574206389973973E-009
         117  1.468461381870441E-009
         118  1.575463621420690E-009
         119  5.395851509916191E-010
         120  7.469919783087321E-010
         121  6.125095946530328E-010
         122  7.820464558088071E-010
         123  7.111057963756360E-010
         124  1.870145342455986E-008
         125  8.452515350219765E-008
         126  6.845197544584452E-007
         127  3.445760330184985E-006
         128  2.795953426124023E-005
         129  1.385570577493720E-004
         130  3.397196082318881E-004
         131  1.117770342239454E-003
         132  1.075877908472154E-003
         133  3.368769682777675E-005
         134  8.445572595966726E-005
         135  9.322866896816340E-005
         136  2.336527197923884E-004
         137  1.239215895642159E-004
         138  8.514575225146807E-005
         139  1.473841102219339E-005
         140  3.332968445478687E-005
         141  2.465884952561631E-005
         142  9.818467224247488E-006
         143  1.702970856721452E-006
         144  6.979613962135873E-006
         145  3.625709470556533E-006
         146  1.623396610840208E-005
         147  1.944374818401682E-005
         148  1.941699056514544E-005
         149  1.033743577348653E-005
         150  2.880760782551540E-005
         151  1.949375000461863E-005
         152  4.399409135763609E-005
         153  1.711706343080710E-005
         154  3.030554007723092E-005
         155  1.397105643869472E-005
         156  2.187182092634981E-005
         157  1.324375202026931E-005
         158  3.528516303441646E-005
         159  1.783753475031830E-005
         160  3.767200817126479E-005
         161  2.392190635580132E-005
         162  1.184005446414702E-004
         163  5.666379504647384E-005
         164  6.423966016841248E-005
         165  2.633061086455470E-005
         166  1.208543593208511E-004
         167  2.736366835639407E-005
         168  4.327983510810444E-005
         169  2.869201965783683E-005
         170  2.894078522912939E-005
         171  1.472614612951906E-005
         172  4.312136103536917E-005
         173  2.396157622378383E-005
         174  3.793296150398107E-005
         175  1.804944829932701E-005
         176  2.446448395597766E-005
         177  1.291574027483239E-005
         178  1.717556190100761E-005
         179  7.765910207293818E-006
         180  1.448699451337637E-005
         181  6.558237487767730E-006
         182  1.348309757836810E-005
         183  6.951688803549173E-006
         184  1.277257553985739E-005
         185  4.119165429905655E-006
         186  1.567428347176919E-005
         187  4.536558860461826E-006
         188  1.478251436352393E-005
         189  1.271266201302758E-005
         190  2.723535183890948E-005
         191  2.997355621986121E-005
         192  1.066142696921061E-004
         193  1.384839184330744E-004
         194  3.446450834358522E-004
         195  2.387779793682405E-004
         196  4.514022219532974E-004
         197  2.375152369995738E-004
         198  1.733700317379874E-004
         199  1.427337507065368E-005
         200  2.520713124718824E-006
         201  9.295819573187163E-008
         202  1.077011809140136E-007
         203  2.562082980538017E-008
         204  9.126467672983982E-008
         205  8.105963058743615E-008
         206  2.396795725385359E-006
         207  1.574159868208542E-006
         208  2.633842957422152E-006
         209  1.663379581380340E-006
         226  6.517542198633017E-014
         227  5.061640753445702E-015
         230  3.071390661228785E-012
         231  7.598546200077846E-012
         232  5.897835798089864E-007
         234  1.000018418874955E-011
         235  1.632822686579200E-007
         236  1.617428869467209E-009
         238  1.819893283336153E-007
         240  3.136751454345832E-013
         244  3.829042073509932E-009
