           1  7.471508256148833E-005
           2  6.470609901488105E-012
           3  1.574717819390911E-008
           4  8.136257962732942E-005
           6  5.674563962362780E-015
           7  3.114017005274736E-012
           8  2.708281752318958E-013
           9  1.912633244112939E-009
          10  2.713051082138141E-014
          14  1.957983107540443E-015
          15  1.883738471280572E-012
          16  1.267542403071283E-009
          17  9.353552576639341E-011
          18  4.434493207481515E-010
          19  1.933655174370571E-010
          20  4.725583974368404E-009
          21  7.772574105180848E-010
          22  1.593813850263652E-009
          23  4.951766669134202E-009
          24  1.144135993589136E-008
          25  1.387154303577217E-008
          26  1.166473563634661E-008
          27  2.531745880485708E-009
          28  1.586121493358936E-009
          29  8.340796070989415E-010
          30  2.665506939342522E-009
          31  4.696210205134699E-010
          32  6.112051671832636E-010
          33  8.248887699787839E-010
          34  4.361749030094351E-009
          35  2.844305633584201E-010
          36  1.114606462658292E-009
          37  7.362210728084529E-010
          38  9.838938722065215E-010
          39  2.923992666058605E-010
          40  6.265055521960001E-010
          41  8.979308768832827E-010
          42  6.297323435777004E-009
          43  5.344264551002358E-010
          44  9.937175463528893E-010
          45  4.440867561546007E-009
          46  7.340016431338107E-009
          47  7.998474744564012E-009
          48  5.936310977292192E-009
          49  5.011397568601068E-010
          50  3.112533543262513E-009
          51  1.576181366660793E-009
          52  6.219618935002907E-009
          53  2.130192645724170E-010
          54  5.195873155860601E-010
          55  3.531381911058112E-010
          56  4.184875758805115E-010
          57  1.113623157295910E-010
          58  2.119799712628299E-010
          59  1.502431693944020E-010
          60  1.737075594407895E-010
          61  1.797600409725489E-010
          62  8.748992514310549E-010
          63  3.545004260339012E-010
          64  3.585781736760959E-010
          65  3.080151981792790E-010
          66  4.411900085291510E-010
          67  5.825397226609668E-010
          68  8.748492103171764E-010
          69  1.621599191229782E-010
          70  4.894348891392657E-010
          71  1.700083861040001E-010
          72  2.102403221903396E-010
          73  2.158614566381225E-010
          74  4.529434574485268E-010
          75  1.083902046236799E-009
          76  2.864403526314872E-009
          77  5.439331687595976E-009
          78  1.020032279968117E-008
          79  8.024555089779743E-009
          80  3.266805125342029E-008
          81  1.180558585257393E-008
          82  1.035813043863936E-008
          83  4.528811968491791E-009
          84  5.258213408900432E-009
          85  3.512168209570893E-009
          86  3.795155441134637E-009
          87  2.506194866632211E-009
          88  5.957365081113231E-009
          89  2.715924087955904E-009
          90  5.266132168404173E-009
          91  3.541496042062838E-009
          92  2.920069992097066E-009
          93  2.417778825321535E-009
          94  5.655768463214440E-009
          95  2.804601013465147E-009
          96  3.231434325540721E-009
          97  1.398463491793790E-009
          98  1.318472749663334E-009
          99  1.497163474404616E-009
         100  1.313266450659104E-009
         101  9.848595938143785E-010
         102  1.734678467509424E-009
         103  1.663233284448454E-009
         104  1.621531263794371E-009
         105  1.762890290982144E-009
         106  2.271700086186741E-009
         107  1.732962836191638E-009
         108  5.784519002154140E-009
         109  2.567729607030199E-009
         110  6.983979026532235E-009
         111  4.885838331281583E-009
         112  6.431165225632130E-009
         113  3.214725055093163E-009
         114  2.519530743690259E-009
         115  1.332575832906566E-009
         116  1.379074261457155E-009
         117  1.201959083137821E-009
         118  1.278507260458039E-009
         119  4.811765178555671E-010
         120  6.738560321022918E-010
         121  5.447289805917091E-010
         122  7.124659179210585E-010
         123  6.539363127171774E-010
         124  1.903233741134887E-008
         125  8.304576679418197E-008
         126  6.786736003940213E-007
         127  3.469362826271800E-006
         128  2.849573872005164E-005
         129  1.387808444237841E-004
         130  3.330476098322248E-004
         131  1.102281298709682E-003
         132  1.014522733442860E-003
         133  3.237625322121824E-005
         134  8.032595159781552E-005
         135  7.948672897010753E-005
         136  2.075281035419613E-004
         137  1.130666201582569E-004
         138  8.768701880996238E-005
         139  1.420458594638018E-005
         140  3.250047689285761E-005
         141  2.465546594563081E-005
         142  9.640806274478969E-006
         143  1.529885051345670E-006
         144  5.191811047397628E-006
         145  1.889240323690495E-006
         146  7.299162929540133E-006
         147  8.911322715693000E-006
         148  1.191504990943651E-005
         149  7.845846505582878E-006
         150  3.173496365865049E-005
         151  1.985312879731130E-005
         152  6.634862683640823E-005
         153  3.751719619915339E-005
         154  5.293873232653885E-005
         155  1.628244376747228E-005
         156  3.709885113582912E-005
         157  2.012401326436257E-005
         158  6.255464773456151E-005
         159  4.301899062795738E-005
         160  5.263849715786400E-005
         161  2.154898292604440E-005
         162  1.067882614963782E-004
         163  4.495734797007225E-005
         164  5.062548066146506E-005
         165  3.056583860868848E-005
         166  1.056934286856538E-004
         167  3.314320149514823E-005
         168  7.220042402423564E-005
         169  4.437462481421228E-005
         170  6.011217313349101E-005
         171  3.873897709605327E-005
         172  1.172203732476653E-004
         173  5.150887689582103E-005
         174  5.067492335025439E-005
         175  2.476490768439032E-005
         176  1.748900769072179E-005
         177  6.421713152013099E-006
         178  1.399929773473332E-005
         179  6.705614502974985E-006
         180  1.306335781712077E-005
         181  6.401804697646438E-006
         182  1.441425274709134E-005
         183  7.755213634147078E-006
         184  1.434658279800270E-005
         185  4.594481544446514E-006
         186  1.783253779989270E-005
         187  5.131845187815151E-006
         188  1.650335966303897E-005
         189  1.420496108759717E-005
         190  2.859676230097286E-005
         191  3.181637841909026E-005
         192  1.086334535990930E-004
         193  1.371594971991756E-004
         194  3.275275576009771E-004
         195  2.155353787787570E-004
         196  3.962158494683844E-004
         197  2.048382832460663E-004
         198  1.453289874349438E-004
         199  1.139763210200249E-005
         200  2.086240064579889E-006
         201  8.206605365862684E-008
         202  1.035303888656434E-007
         203  2.592577539812629E-008
         204  8.489075191707324E-008
         205  7.352782420588607E-008
         206  2.218820784247405E-006
         207  1.469883410804236E-006
         208  2.463399772920506E-006
         209  1.538996670806866E-006
         226  6.314227555239693E-014
         227  4.796003327964795E-015
         230  2.975578669840330E-012
         231  7.199770714359632E-012
         232  5.439569417056610E-007
         234  9.688228574157646E-012
         235  1.547131339473135E-007
         236  1.650825379426035E-009
         238  1.763121736234696E-007
         240  3.210394406077717E-013
         244  3.918938249443213E-009
