           1  7.441991262673058E-005
           2  6.470609901488105E-012
           3  1.574717819390911E-008
           4  8.083161869454069E-005
           6  5.674563962362780E-015
           7  3.114017005274736E-012
           8  2.708281752318958E-013
           9  1.912633244112939E-009
          10  2.713051082138141E-014
          14  1.968165638882927E-015
          15  2.051131490718394E-012
          16  1.231310307096453E-009
          17  9.166996944420635E-011
          18  4.425378083615591E-010
          19  1.909210943217420E-010
          20  4.671676829281732E-009
          21  7.647893361485642E-010
          22  1.517736388985821E-009
          23  4.908501460819194E-009
          24  1.133643484597930E-008
          25  1.383044484440127E-008
          26  1.165907883209991E-008
          27  2.534097338833443E-009
          28  1.588570391934806E-009
          29  8.368362580175014E-010
          30  2.678105474980308E-009
          31  4.771100619168413E-010
          32  6.105313023974962E-010
          33  8.217840729246169E-010
          34  4.283542403149508E-009
          35  2.941073341329837E-010
          36  1.174893094398989E-009
          37  7.898461716835778E-010
          38  1.057730849162786E-009
          39  3.147425264343858E-010
          40  6.328685678687963E-010
          41  8.767551288094927E-010
          42  6.179142323188126E-009
          43  5.389799174923354E-010
          44  1.001685361498051E-009
          45  4.486049658078381E-009
          46  7.352196867171009E-009
          47  7.918458934691178E-009
          48  5.874953387969961E-009
          49  5.285106618555764E-010
          50  3.134602339493378E-009
          51  1.568671019560326E-009
          52  6.313539061762460E-009
          53  2.208863829191062E-010
          54  5.373259299989059E-010
          55  3.587304949257237E-010
          56  4.323710756900875E-010
          57  1.178725741840447E-010
          58  2.189071127993528E-010
          59  1.540497762277817E-010
          60  1.814429046099093E-010
          61  1.861346854138098E-010
          62  8.901730056572953E-010
          63  3.652246447173076E-010
          64  3.657875238481938E-010
          65  3.078213627894701E-010
          66  4.482198378672331E-010
          67  5.818380640990870E-010
          68  8.643526193040902E-010
          69  1.611349280747779E-010
          70  4.784768822316886E-010
          71  1.662920973935964E-010
          72  2.109934964776433E-010
          73  2.205852036200029E-010
          74  4.613633891657868E-010
          75  1.088929859260843E-009
          76  2.865212834842807E-009
          77  5.483405195844683E-009
          78  9.988584726524247E-009
          79  7.877642523939700E-009
          80  3.194089998939782E-008
          81  1.202992184071424E-008
          82  1.058915255985214E-008
          83  4.611267528969524E-009
          84  5.129119581606941E-009
          85  3.448475720813531E-009
          86  3.743538698372730E-009
          87  2.501620580097841E-009
          88  5.992156063805262E-009
          89  2.679296839104894E-009
          90  5.043991521425061E-009
          91  3.466539574874208E-009
          92  2.942395881182482E-009
          93  2.438395051817114E-009
          94  5.649096215507984E-009
          95  2.893606476827136E-009
          96  3.303835320397435E-009
          97  1.455617766848856E-009
          98  1.363932949324827E-009
          99  1.509358810130926E-009
         100  1.342057966541558E-009
         101  9.962311446127542E-010
         102  1.733819176458707E-009
         103  1.666026655660220E-009
         104  1.626711044373829E-009
         105  1.723370052608759E-009
         106  2.242203016802589E-009
         107  1.719312083019332E-009
         108  5.699278947075997E-009
         109  2.531743977170509E-009
         110  6.815165920830006E-009
         111  4.812073999966601E-009
         112  6.343887270544204E-009
         113  3.231143706113615E-009
         114  2.574004959155787E-009
         115  1.349363656495687E-009
         116  1.387148143851652E-009
         117  1.201398284556840E-009
         118  1.274519472856362E-009
         119  4.782770126778054E-010
         120  6.675315210795529E-010
         121  5.432362458808741E-010
         122  7.007716740454299E-010
         123  6.443225343031653E-010
         124  1.725837484508174E-008
         125  7.751568607245553E-008
         126  6.409076187967322E-007
         127  3.297824905501859E-006
         128  2.722462793759850E-005
         129  1.335091058786661E-004
         130  3.214032685789205E-004
         131  1.092128565394951E-003
         132  1.031141761260022E-003
         133  3.451337221614109E-005
         134  8.682321109948646E-005
         135  8.269619176155864E-005
         136  2.194474259820865E-004
         137  1.199141243258835E-004
         138  8.950650763288909E-005
         139  1.455337732905976E-005
         140  3.386227453071876E-005
         141  2.628262345502352E-005
         142  9.953665284338544E-006
         143  1.773388691386794E-006
         144  8.256714290863462E-006
         145  4.777742828453917E-006
         146  1.860535980365475E-005
         147  1.341970954012913E-005
         148  1.787437208753334E-005
         149  1.161159165912903E-005
         150  2.133633684748917E-005
         151  1.466650277127713E-005
         152  4.678256929490760E-005
         153  2.811697300953665E-005
         154  5.216315938193420E-005
         155  2.264867468454306E-005
         156  2.939972741149220E-005
         157  1.907756373448502E-005
         158  3.629947227671527E-005
         159  2.059853563490278E-005
         160  1.290266316645240E-004
         161  5.344432806176205E-005
         162  7.662265726212829E-005
         163  3.554030638628648E-005
         164  1.040941684763813E-004
         165  8.378491605954235E-005
         166  9.688154924332921E-005
         167  4.110493327324438E-005
         168  8.309532841444951E-005
         169  4.574763395316397E-005
         170  3.593651322742091E-005
         171  1.388362904909083E-005
         172  2.036102039814962E-005
         173  1.509260780100630E-005
         174  2.634721198344170E-005
         175  1.429081977567234E-005
         176  2.368140020255984E-005
         177  1.249113365384982E-005
         178  1.907169839755395E-005
         179  6.292303738769527E-006
         180  9.483951109937630E-006
         181  4.834540175313370E-006
         182  1.152148443870677E-005
         183  6.327240289305788E-006
         184  1.192104054591920E-005
         185  3.861237614771746E-006
         186  1.518683365569901E-005
         187  4.412327209281954E-006
         188  1.428288737804989E-005
         189  1.228989724479310E-005
         190  2.587541749866945E-005
         191  2.902996269551108E-005
         192  1.022790383104013E-004
         193  1.338542307946164E-004
         194  3.320427333177345E-004
         195  2.274518838344643E-004
         196  4.279485889546851E-004
         197  2.257356067950728E-004
         198  1.634046321004200E-004
         199  1.327241706660405E-005
         200  2.362756565195206E-006
         201  8.465669381086403E-008
         202  1.052370991531705E-007
         203  2.720560741269616E-008
         204  8.049168157587369E-008
         205  6.829945578336319E-008
         206  2.191629877908747E-006
         207  1.455460657693363E-006
         208  2.431489828491297E-006
         209  1.538357972264587E-006
         226  5.840450692199126E-014
         227  4.456207367085786E-015
         230  2.752311403085345E-012
         231  6.689668272660006E-012
         232  5.191432994501242E-007
         234  8.961289530208323E-012
         235  1.437517366305734E-007
         236  1.447085123574926E-009
         238  1.630829024569788E-007
         240  2.808593294224807E-013
         244  3.428458405929849E-009
