           1  7.406281114764143E-005
           2  6.470609901488105E-012
           3  1.574717819390911E-008
           4  7.992577774788366E-005
           6  5.674563962362780E-015
           7  3.114017005274736E-012
           8  2.708281752318958E-013
           9  1.912633244112939E-009
          10  2.713051082138141E-014
          14  2.205539566996182E-015
          15  2.231128401952180E-012
          16  1.243360200816820E-009
          17  9.236944191577968E-011
          18  4.648348931563814E-010
          19  2.193931214317347E-010
          20  4.604329687736910E-009
          21  7.525091812402262E-010
          22  1.620958107034827E-009
          23  4.859945472337426E-009
          24  1.126523942314314E-008
          25  1.373696947917679E-008
          26  1.219579967310221E-008
          27  2.594147652252703E-009
          28  1.597158503751134E-009
          29  8.857817745477545E-010
          30  2.774480100828691E-009
          31  4.791870344100492E-010
          32  6.592214100501782E-010
          33  7.914802906398524E-010
          34  4.381712140632127E-009
          35  2.976657466874134E-010
          36  1.205184264366446E-009
          37  7.793707630001151E-010
          38  1.038791027902739E-009
          39  2.921662438672379E-010
          40  6.272433629524891E-010
          41  9.106505581434183E-010
          42  6.034190853449462E-009
          43  5.097976062911771E-010
          44  9.805585571243930E-010
          45  4.358149356310330E-009
          46  7.425669783689153E-009
          47  8.205521033189494E-009
          48  6.101043264585280E-009
          49  4.982718957948218E-010
          50  3.113752992653429E-009
          51  1.577112977583074E-009
          52  6.368759983550494E-009
          53  2.120808249333671E-010
          54  5.089283949059661E-010
          55  3.297651764502265E-010
          56  3.944003572746131E-010
          57  1.032820610786120E-010
          58  2.081694237267491E-010
          59  1.437725813295634E-010
          60  1.676143657476967E-010
          61  1.754284616553548E-010
          62  8.345972736922059E-010
          63  3.421811736373508E-010
          64  3.653160842479323E-010
          65  3.110252315914057E-010
          66  4.380791550057977E-010
          67  5.860019310232284E-010
          68  8.469397260796389E-010
          69  1.577743031266715E-010
          70  4.722972840641802E-010
          71  1.623662092700421E-010
          72  2.002221695809570E-010
          73  2.141772389021686E-010
          74  4.305815131018913E-010
          75  1.009690112995378E-009
          76  2.734565216710324E-009
          77  5.481267888528523E-009
          78  1.032014641261077E-008
          79  8.014113191411387E-009
          80  3.196907435929361E-008
          81  1.241389066253410E-008
          82  1.094947027270430E-008
          83  4.750036812452509E-009
          84  5.356365889019750E-009
          85  3.566304881746258E-009
          86  3.834701465490039E-009
          87  2.487348152426990E-009
          88  6.000866641693705E-009
          89  2.764911863444529E-009
          90  5.345463658361464E-009
          91  3.540528193475665E-009
          92  2.965352746196621E-009
          93  2.471738848024033E-009
          94  5.685259781773525E-009
          95  2.930042846174100E-009
          96  3.627053113605575E-009
          97  1.573685823638866E-009
          98  1.436736810402802E-009
          99  1.590505563914944E-009
         100  1.394186242738278E-009
         101  1.036864867543370E-009
         102  1.795738526634938E-009
         103  1.689513984586956E-009
         104  1.643320840980359E-009
         105  1.743761166997225E-009
         106  2.209802924700232E-009
         107  1.708850056451826E-009
         108  5.801682221943877E-009
         109  2.593804183060522E-009
         110  7.170983221923490E-009
         111  5.113935359701968E-009
         112  6.769825668176675E-009
         113  3.407943836064055E-009
         114  2.687045493678835E-009
         115  1.398947901512573E-009
         116  1.454917003367608E-009
         117  1.304211110662880E-009
         118  1.404108636043510E-009
         119  5.224852000640769E-010
         120  7.437377204610544E-010
         121  6.066174728586294E-010
         122  7.515001563408547E-010
         123  6.930272033684800E-010
         124  1.753898763912491E-008
         125  8.304288974742363E-008
         126  6.680153354657044E-007
         127  3.394879713617584E-006
         128  2.787817065995967E-005
         129  1.370772040779703E-004
         130  3.356231856332053E-004
         131  1.099436058557335E-003
         132  1.058884980310270E-003
         133  3.427840998995707E-005
         134  8.572097606851944E-005
         135  8.577539936647951E-005
         136  2.245630962122625E-004
         137  1.214698402039144E-004
         138  8.928428231488563E-005
         139  1.454730900280921E-005
         140  3.314603928303785E-005
         141  2.486609064445820E-005
         142  9.753824864919463E-006
         143  1.805441357589644E-006
         144  8.783512887509869E-006
         145  4.703591110081938E-006
         146  1.867958052827132E-005
         147  1.616870822257498E-005
         148  1.894636049893620E-005
         149  1.133003988068507E-005
         150  2.658163586119383E-005
         151  1.044718287889346E-005
         152  1.739313767102561E-005
         153  9.429065271307633E-006
         154  2.078000529270730E-005
         155  1.063684479095385E-005
         156  1.889392318616424E-005
         157  1.321401868455088E-005
         158  6.320085881930786E-005
         159  3.337574318145369E-005
         160  6.019714359040264E-005
         161  3.318299178214998E-005
         162  1.648822076911493E-004
         163  6.403073954692799E-005
         164  5.726860997199079E-005
         165  2.507882254751058E-005
         166  5.107790078233871E-005
         167  4.254157387398406E-005
         168  8.017195132295673E-005
         169  3.150827397753672E-005
         170  4.856341024671707E-005
         171  3.427940461684177E-005
         172  8.047289208857765E-005
         173  3.449503689362584E-005
         174  5.266229556709854E-005
         175  2.837220797522548E-005
         176  2.055808021202955E-005
         177  7.672677527809618E-006
         178  1.452009301057288E-005
         179  4.858251990056391E-006
         180  8.551633093407793E-006
         181  4.729904182922565E-006
         182  1.144966030350959E-005
         183  6.144802488121131E-006
         184  1.141387385925500E-005
         185  3.684159410500798E-006
         186  1.421931835505714E-005
         187  4.179565004995901E-006
         188  1.392610363647553E-005
         189  1.225389233513526E-005
         190  2.573862843421052E-005
         191  2.913851723158363E-005
         192  1.040115984330027E-004
         193  1.353408433414296E-004
         194  3.312172306719214E-004
         195  2.289354932553062E-004
         196  4.352536584028925E-004
         197  2.252420998328588E-004
         198  1.611057261027226E-004
         199  1.284141567405552E-005
         200  2.273886238218987E-006
         201  8.685439362723577E-008
         202  1.044857972462199E-007
         203  2.512292712488425E-008
         204  8.403564750654525E-008
         205  7.306649113875222E-008
         206  2.127891598821245E-006
         207  1.392908511805691E-006
         208  2.323227572836321E-006
         209  1.469577007120875E-006
         226  5.450138894528935E-014
         227  4.291289009643597E-015
         230  2.568377034300886E-012
         231  6.442092472774888E-012
         232  5.011814967061843E-007
         234  8.362415023716828E-012
         235  1.384316744495173E-007
         236  1.351240855412537E-009
         238  1.521842262790814E-007
         240  2.620925198917716E-013
         244  3.199371389235954E-009
