           1  7.415988962548049E-005
           2  6.470609901488105E-012
           3  1.574717819390911E-008
           4  7.987062733190407E-005
           6  5.674563962362780E-015
           7  3.114017005274736E-012
           8  2.708281752318958E-013
           9  1.912633244112939E-009
          10  2.713051082138141E-014
          14  2.118023287660701E-015
          15  2.218990375946756E-012
          16  1.246816935406051E-009
          17  9.254973178471437E-011
          18  4.558423469249783E-010
          19  2.077785019462383E-010
          20  4.687722455789384E-009
          21  7.632116611763438E-010
          22  1.531136035625030E-009
          23  4.929747741215755E-009
          24  1.138115329698942E-008
          25  1.390548599503920E-008
          26  1.177422090356128E-008
          27  2.528095209259816E-009
          28  1.598350440115277E-009
          29  8.789639743240252E-010
          30  2.724506914105746E-009
          31  4.839658443861876E-010
          32  6.575824341558490E-010
          33  8.225801083995986E-010
          34  4.345474672186038E-009
          35  2.967351506221825E-010
          36  1.181788194424543E-009
          37  7.683221895689452E-010
          38  1.022982445136013E-009
          39  3.011944076980226E-010
          40  6.412929067713294E-010
          41  9.113644955481722E-010
          42  6.118726564531716E-009
          43  5.361825926192998E-010
          44  1.011212163459457E-009
          45  4.511322758325884E-009
          46  7.419777423408984E-009
          47  8.018017727233810E-009
          48  5.943753159300895E-009
          49  5.045384841091639E-010
          50  3.096012397766435E-009
          51  1.573915434198987E-009
          52  6.363918966054130E-009
          53  2.183686561401092E-010
          54  5.187803678554590E-010
          55  3.373394372079543E-010
          56  4.108028393011582E-010
          57  1.119895389479566E-010
          58  2.117853099145498E-010
          59  1.484915671148394E-010
          60  1.787977307910594E-010
          61  1.849987466161373E-010
          62  8.772328608323190E-010
          63  3.599280704026593E-010
          64  3.656540207496760E-010
          65  3.069396008733878E-010
          66  4.486734085307622E-010
          67  5.854576531940945E-010
          68  8.552422337175567E-010
          69  1.581485412544547E-010
          70  4.663321201333627E-010
          71  1.618406352333543E-010
          72  2.060555297910122E-010
          73  2.189960070961803E-010
          74  4.530629840449196E-010
          75  1.068099276073801E-009
          76  2.814423908386852E-009
          77  5.460742147414372E-009
          78  1.015797031055376E-008
          79  8.009092489519677E-009
          80  3.190698136582511E-008
          81  1.230741615463425E-008
          82  1.074795009344304E-008
          83  4.677600602837883E-009
          84  5.346495846850812E-009
          85  3.539224481925295E-009
          86  3.835263606888047E-009
          87  2.567697841888130E-009
          88  6.032774045777651E-009
          89  2.720732269724194E-009
          90  5.202675935725589E-009
          91  3.591806707739779E-009
          92  3.056560768086976E-009
          93  2.506018211462941E-009
          94  5.595618044481957E-009
          95  2.928480711996168E-009
          96  3.433653097545116E-009
          97  1.517637952848038E-009
          98  1.412064053902786E-009
          99  1.561000848571312E-009
         100  1.393582228833423E-009
         101  1.023614267672558E-009
         102  1.769442020696474E-009
         103  1.686700731712392E-009
         104  1.660353069035583E-009
         105  1.762916219634067E-009
         106  2.284321729713249E-009
         107  1.752975229164511E-009
         108  5.886720201489022E-009
         109  2.601957703830149E-009
         110  6.958527067059309E-009
         111  4.971097348641584E-009
         112  6.582828181934976E-009
         113  3.353676161646534E-009
         114  2.670562304382081E-009
         115  1.396917882409217E-009
         116  1.428649305606360E-009
         117  1.235253168445252E-009
         118  1.313571618956216E-009
         119  4.914427579595034E-010
         120  6.857376135397766E-010
         121  5.615768748263679E-010
         122  7.096109783258575E-010
         123  6.628955494255865E-010
         124  1.719926690493814E-008
         125  8.105635848712277E-008
         126  6.654267080985710E-007
         127  3.398994829385859E-006
         128  2.788763149685076E-005
         129  1.369218488315722E-004
         130  3.298695002571909E-004
         131  1.099192601132148E-003
         132  1.050913956671602E-003
         133  3.473657478032162E-005
         134  8.650587002988350E-005
         135  8.423206345420106E-005
         136  2.240321887881695E-004
         137  1.221027052520139E-004
         138  9.103457519936527E-005
         139  1.464735497822440E-005
         140  3.303895029338458E-005
         141  2.516727604911856E-005
         142  9.792315162355445E-006
         143  1.928379368445874E-006
         144  1.061233872828732E-005
         145  6.510423322411634E-006
         146  2.563191335324690E-005
         147  1.832224004334489E-005
         148  1.484265358500803E-005
         149  1.035621279215979E-005
         150  4.234368825710655E-005
         151  3.472002530769489E-005
         152  5.496861794929712E-005
         153  1.945189831853472E-005
         154  3.471473978571995E-005
         155  1.431094955188531E-005
         156  2.518080120103338E-005
         157  1.562058061561586E-005
         158  5.618990234718995E-005
         159  4.994178283897771E-005
         160  5.264460747156278E-005
         161  2.074096837162758E-005
         162  4.591934892872942E-005
         163  4.417018177492928E-005
         164  8.487368741110007E-005
         165  4.731644153979480E-005
         166  5.223299239854629E-005
         167  1.898532450620125E-005
         168  1.190646059685733E-004
         169  5.062611262606920E-005
         170  2.559633936691699E-005
         171  9.778852501530494E-006
         172  3.362707225604207E-005
         173  2.372730009513162E-005
         174  4.134830593667485E-005
         175  2.428872768306040E-005
         176  3.651430758728643E-005
         177  1.810392679658870E-005
         178  2.757714618137378E-005
         179  7.508709953973051E-006
         180  9.608801715497429E-006
         181  4.925666435937839E-006
         182  1.172427599190102E-005
         183  6.368756806205509E-006
         184  1.205700325687804E-005
         185  3.900456851712849E-006
         186  1.511917521433455E-005
         187  4.402074416162103E-006
         188  1.446061716818131E-005
         189  1.243310042975216E-005
         190  2.647015834312923E-005
         191  2.911985649217073E-005
         192  1.037489155435691E-004
         193  1.366381114025054E-004
         194  3.418907715404027E-004
         195  2.337047413687950E-004
         196  4.361720871383409E-004
         197  2.296809795898852E-004
         198  1.659266428765533E-004
         199  1.356510814467568E-005
         200  2.410212782663382E-006
         201  8.842846165980950E-008
         202  1.060622002726852E-007
         203  2.611101063541663E-008
         204  8.396073528825919E-008
         205  7.239667348065394E-008
         206  2.128516437465810E-006
         207  1.405392451793280E-006
         208  2.340524617984649E-006
         209  1.476819152113918E-006
         226  5.396892368035393E-014
         227  4.169216643197271E-015
         230  2.543284617676497E-012
         231  6.258837168541019E-012
         232  4.918016772251690E-007
         234  8.280716270395640E-012
         235  1.344937709307367E-007
         236  1.337080876705475E-009
         238  1.506974235400533E-007
         240  2.593693662213005E-013
         244  3.166129769271386E-009
