           1  7.450369814652406E-005
           2  6.470609901488105E-012
           3  1.574717819390911E-008
           4  8.128897862477178E-005
           6  5.674563962362780E-015
           7  3.114017005274736E-012
           8  2.708281752318958E-013
           9  1.912633244112939E-009
          10  2.713051082138141E-014
          14  2.080272352093439E-015
          15  2.027503080170001E-012
          16  1.287710564936124E-009
          17  9.468556419062129E-011
          18  4.357987088179991E-010
          19  1.821596276642722E-010
          20  4.767619116196057E-009
          21  7.831121606274852E-010
          22  1.627393371348277E-009
          23  4.970943625588249E-009
          24  1.148731174240060E-008
          25  1.392149330687783E-008
          26  1.165736227688016E-008
          27  2.517498852313929E-009
          28  1.592218646894374E-009
          29  8.295824576975997E-010
          30  2.720985233250996E-009
          31  4.733329837661952E-010
          32  5.771138053779015E-010
          33  8.467680120407738E-010
          34  4.330347274005838E-009
          35  2.844310105608761E-010
          36  1.123067898304648E-009
          37  7.473686005538399E-010
          38  1.005332278186300E-009
          39  3.047321445974905E-010
          40  6.285043500641008E-010
          41  8.883687100242610E-010
          42  6.441882308857676E-009
          43  5.471709481323734E-010
          44  1.003609896509042E-009
          45  4.451692840327277E-009
          46  7.296314177101964E-009
          47  7.888370822846566E-009
          48  5.845814523258821E-009
          49  5.160164489074084E-010
          50  3.136892897065817E-009
          51  1.573179843528435E-009
          52  6.244474717471552E-009
          53  2.159925403972767E-010
          54  5.322335472175325E-010
          55  3.708793093506397E-010
          56  4.404491419198681E-010
          57  1.165025984124047E-010
          58  2.248926618928144E-010
          59  1.577022562960477E-010
          60  1.772466149323169E-010
          61  1.836257382538151E-010
          62  8.880289224349347E-010
          63  3.581780569911627E-010
          64  3.633678660924743E-010
          65  3.090183439514073E-010
          66  4.372471037943877E-010
          67  5.775013782439036E-010
          68  8.686547363615868E-010
          69  1.624899116641807E-010
          70  4.959442387253262E-010
          71  1.721791023116168E-010
          72  2.119239731704332E-010
          73  2.189884448091698E-010
          74  4.560474186829481E-010
          75  1.090668622911924E-009
          76  2.870549606186221E-009
          77  5.442952860092212E-009
          78  1.007874884459830E-008
          79  8.014507403642860E-009
          80  3.311871584948354E-008
          81  1.171637442827143E-008
          82  1.048523392024903E-008
          83  4.645296608609446E-009
          84  5.212184385612683E-009
          85  3.544853034586002E-009
          86  3.846092536091539E-009
          87  2.530716563543663E-009
          88  6.108757287749987E-009
          89  2.730717950582963E-009
          90  5.248546525146217E-009
          91  3.601612880993146E-009
          92  2.940747690454068E-009
          93  2.435095244379952E-009
          94  5.788663598256862E-009
          95  2.898456140366548E-009
          96  3.293503906102820E-009
          97  1.421214997013559E-009
          98  1.320319812304907E-009
          99  1.491943821737196E-009
         100  1.315560179723182E-009
         101  9.910925671254721E-010
         102  1.794532053860842E-009
         103  1.721669692707438E-009
         104  1.680214909861687E-009
         105  1.811811855859819E-009
         106  2.326686921661989E-009
         107  1.782332711560789E-009
         108  5.924433767471261E-009
         109  2.604838570535211E-009
         110  6.976828419479329E-009
         111  4.922633217519159E-009
         112  6.481510498921668E-009
         113  3.246350663817485E-009
         114  2.545942820935137E-009
         115  1.336129907876799E-009
         116  1.382018487603908E-009
         117  1.230243944922906E-009
         118  1.313448961935563E-009
         119  4.826579641584937E-010
         120  6.791491893090684E-010
         121  5.516247505054838E-010
         122  7.158269641753036E-010
         123  6.648537761711726E-010
         124  1.932359828529602E-008
         125  8.646101256076127E-008
         126  7.006319608848844E-007
         127  3.559809833706114E-006
         128  2.895353222044202E-005
         129  1.401473540010670E-004
         130  3.324639832986873E-004
         131  1.114112332892445E-003
         132  1.022674670044207E-003
         133  3.248682979842618E-005
         134  8.092649092054093E-005
         135  8.184175059474412E-005
         136  2.156344371731214E-004
         137  1.171304448927026E-004
         138  8.617239387253433E-005
         139  1.441040476218169E-005
         140  3.286422018930586E-005
         141  2.479467666427790E-005
         142  9.487729138409979E-006
         143  1.494538977286002E-006
         144  5.099665537078869E-006
         145  1.918542394691786E-006
         146  7.572749692402825E-006
         147  9.464069871178463E-006
         148  1.563886825943749E-005
         149  1.534187941347007E-005
         150  5.524389139477441E-005
         151  3.125602693225559E-005
         152  5.619584047378990E-005
         153  2.073411233017202E-005
         154  3.128487109090147E-005
         155  1.391335074339985E-005
         156  5.768737545328350E-005
         157  2.622533961981640E-005
         158  3.272569388826073E-005
         159  1.686926335652806E-005
         160  3.854758786809190E-005
         161  2.499679612260065E-005
         162  1.236028542368154E-004
         163  4.622209120597862E-005
         164  7.884819015609755E-005
         165  6.357846006610584E-005
         166  1.166613043257038E-004
         167  2.423971115882091E-005
         168  3.659655105384530E-005
         169  1.756114313120488E-005
         170  5.017414253851066E-005
         171  3.277561846628568E-005
         172  4.417535508547411E-005
         173  2.760428935458653E-005
         174  6.893191364815326E-005
         175  3.445547924740517E-005
         176  2.657317475709300E-005
         177  9.415824991015104E-006
         178  1.831544569123328E-005
         179  8.751194952277283E-006
         180  1.555649654429112E-005
         181  7.041714338994518E-006
         182  1.478677309945865E-005
         183  7.710623750500234E-006
         184  1.396398721018498E-005
         185  4.456865430257045E-006
         186  1.721052913740936E-005
         187  4.993094259231040E-006
         188  1.632802009780034E-005
         189  1.411360342285788E-005
         190  2.889645164602904E-005
         191  3.186422093625940E-005
         192  1.102023813265972E-004
         193  1.400981876146957E-004
         194  3.372878167767650E-004
         195  2.240192501204581E-004
         196  4.127585928088083E-004
         197  2.128364066056888E-004
         198  1.510023008930447E-004
         199  1.198906983634824E-005
         200  2.139750760915183E-006
         201  7.962750325261144E-008
         202  9.987508819189931E-008
         203  2.565965678065264E-008
         204  8.554998187668100E-008
         205  7.496753372791738E-008
         206  2.228751466558254E-006
         207  1.496880594574326E-006
         208  2.482619175199090E-006
         209  1.542101846154945E-006
         226  6.179792720477105E-014
         227  4.707106991699825E-015
         230  2.912226276645201E-012
         231  7.066319339394470E-012
         232  5.343930845747537E-007
         234  9.481958623302252E-012
         235  1.518454481181996E-007
         236  1.610384859588359E-009
         238  1.725583497835234E-007
         240  3.130654809498980E-013
         244  3.821599880538761E-009
