           1  7.467882320733839E-005
           2  6.470609901488105E-012
           3  1.574717819390911E-008
           4  8.262645753081024E-005
           6  5.674563962362780E-015
           7  3.114017005274736E-012
           8  2.708281752318958E-013
           9  1.912633244112939E-009
          10  2.713051082138141E-014
          14  1.976744120377028E-015
          15  1.900066558050298E-012
          16  1.268253208974540E-009
          17  9.358796382091627E-011
          18  4.446040918436502E-010
          19  1.945742226782571E-010
          20  4.679337284897270E-009
          21  7.739854798287492E-010
          22  1.659357735614058E-009
          23  4.907815852506324E-009
          24  1.137093532091624E-008
          25  1.375134581741465E-008
          26  1.189758176337201E-008
          27  2.577588332103953E-009
          28  1.583952429194424E-009
          29  8.232882245137392E-010
          30  2.689516107321972E-009
          31  4.654113462010295E-010
          32  5.924729971404339E-010
          33  8.076001631721008E-010
          34  4.397233285890637E-009
          35  2.870982334408680E-010
          36  1.135664129191799E-009
          37  7.485137627871876E-010
          38  1.000108978787950E-009
          39  2.881036213829920E-010
          40  6.095280124085106E-010
          41  8.827935255438453E-010
          42  6.295680626342307E-009
          43  5.253333703749618E-010
          44  9.724786697478383E-010
          45  4.331816233318477E-009
          46  7.340634469522574E-009
          47  8.089581688802078E-009
          48  6.005502347713345E-009
          49  5.054295864739407E-010
          50  3.134702598889877E-009
          51  1.573719302305988E-009
          52  6.145892528556318E-009
          53  2.117004251325651E-010
          54  5.271010232561437E-010
          55  3.591137693423201E-010
          56  4.192798992700449E-010
          57  1.090126868531170E-010
          58  2.127136401832468E-010
          59  1.480670651655684E-010
          60  1.665020775907238E-010
          61  1.745787386186172E-010
          62  8.524488900031048E-010
          63  3.459957126577936E-010
          64  3.606391878159734E-010
          65  3.088082963598707E-010
          66  4.316534275519244E-010
          67  5.843726789868459E-010
          68  8.746093779152454E-010
          69  1.634734539228601E-010
          70  4.985638713610533E-010
          71  1.716154583141768E-010
          72  2.073616743706613E-010
          73  2.139971370147997E-010
          74  4.418586371565357E-010
          75  1.053998155288191E-009
          76  2.826295793937673E-009
          77  5.430053972407757E-009
          78  1.023420474757722E-008
          79  8.007043262963298E-009
          80  3.284391827322834E-008
          81  1.186248934599423E-008
          82  1.041546036929435E-008
          83  4.539390031503035E-009
          84  5.217663250318083E-009
          85  3.520635613700262E-009
          86  3.789818140464409E-009
          87  2.441679261132330E-009
          88  5.925806708712444E-009
          89  2.738172099955621E-009
          90  5.328076927406919E-009
          91  3.508456066576094E-009
          92  2.842555023569588E-009
          93  2.379195552445536E-009
          94  5.722888031408776E-009
          95  2.837438303207307E-009
          96  3.311247336655407E-009
          97  1.421664214696718E-009
          98  1.313287474411862E-009
          99  1.478059376104363E-009
         100  1.289152184711939E-009
         101  9.811901468547663E-010
         102  1.751888818013941E-009
         103  1.674009784293769E-009
         104  1.625887504299075E-009
         105  1.747088804265472E-009
         106  2.224895630240058E-009
         107  1.714689573002409E-009
         108  5.721258961228331E-009
         109  2.552105178309945E-009
         110  7.030674486330598E-009
         111  4.946274235184724E-009
         112  6.513073889787675E-009
         113  3.247702923234220E-009
         114  2.542184499891280E-009
         115  1.341166456583806E-009
         116  1.396885969627986E-009
         117  1.254170373210824E-009
         118  1.347363491583579E-009
         119  4.973949105413068E-010
         120  7.047757322276279E-010
         121  5.710368658543024E-010
         122  7.443558922438022E-010
         123  6.727978643048176E-010
         124  1.958402872711157E-008
         125  8.394323807599122E-008
         126  6.775918192413171E-007
         127  3.468446412971841E-006
         128  2.846807554468690E-005
         129  1.386395283540058E-004
         130  3.355458458677920E-004
         131  1.103072282206888E-003
         132  1.018193171656599E-003
         133  3.193562231729651E-005
         134  7.939991407313502E-005
         135  8.037333042916764E-005
         136  2.068746310027621E-004
         137  1.121674917319697E-004
         138  8.676427095964776E-005
         139  1.442383711139742E-005
         140  3.324278918901975E-005
         141  2.476353567868160E-005
         142  9.673483887288593E-006
         143  1.640615358616445E-006
         144  6.680602929588934E-006
         145  3.093993577907341E-006
         146  1.255138449957455E-005
         147  1.289210743970305E-005
         148  1.385903179574665E-005
         149  8.659124491828924E-006
         150  2.947846576418688E-005
         151  1.433831032332047E-005
         152  2.105894609335816E-005
         153  8.443977021674426E-006
         154  3.585165603082679E-005
         155  2.351942419676902E-005
         156  9.247808826877653E-005
         157  4.240898252890372E-005
         158  5.182021017792137E-005
         159  2.348015891993592E-005
         160  5.692879789294990E-005
         161  3.547373370698809E-005
         162  1.288602257752172E-004
         163  4.582114717187255E-005
         164  6.919158088630780E-005
         165  3.619375560524756E-005
         166  7.366248913374498E-005
         167  5.089354414861371E-005
         168  1.105704611674005E-004
         169  4.450407269444895E-005
         170  6.173033648935960E-005
         171  4.033626844632887E-005
         172  6.131166820828671E-005
         173  2.600707419460738E-005
         174  4.698576580571565E-005
         175  2.806291260962373E-005
         176  2.029345456585700E-005
         177  7.635585607550457E-006
         178  1.384890678866130E-005
         179  8.202908121431317E-006
         180  1.679291284921900E-005
         181  7.415547688360242E-006
         182  1.478636883083156E-005
         183  7.469968769712966E-006
         184  1.320502936335182E-005
         185  4.176011740790080E-006
         186  1.600187435921625E-005
         187  4.618909440583177E-006
         188  1.504593857499044E-005
         189  1.318331175836481E-005
         190  2.688111029065949E-005
         191  3.056632490059073E-005
         192  1.058704999768728E-004
         193  1.341438882259026E-004
         194  3.207221861254829E-004
         195  2.172156337838957E-004
         196  4.096658424741330E-004
         197  2.104481752621113E-004
         198  1.493238268771342E-004
         199  1.171101545608678E-005
         200  2.165444737182425E-006
         201  8.743890414470977E-008
         202  1.109655643815444E-007
         203  2.771650797091588E-008
         204  9.163083440560590E-008
         205  7.954857499828332E-008
         206  2.345737664794675E-006
         207  1.554637447742101E-006
         208  2.592720096147439E-006
         209  1.623551818203391E-006
         226  6.662546075029425E-014
         227  5.100325217330292E-015
         230  3.139723713510259E-012
         231  7.656619402102741E-012
         232  5.743977107089262E-007
         234  1.022267073779726E-011
         235  1.645301816040514E-007
         236  1.750778890927457E-009
         238  1.860382715190826E-007
         240  3.404633085133071E-013
         244  4.156045997771667E-009
