           1  7.464644639857005E-005
           2  6.470609901488105E-012
           3  1.574717819390911E-008
           4  8.086453823460434E-005
           6  5.674563962362780E-015
           7  3.114017005274736E-012
           8  2.708281752318958E-013
           9  1.912633244112939E-009
          10  2.713051082138141E-014
          14  1.736339755179235E-015
          15  1.895584783560572E-012
          16  1.235627192497807E-009
          17  9.188268542276191E-011
          18  4.300062603250273E-010
          19  1.747326778274089E-010
          20  4.649696073231688E-009
          21  7.760164975078112E-010
          22  1.524931075404815E-009
          23  4.897360269837075E-009
          24  1.133124083597171E-008
          25  1.364565317037118E-008
          26  1.152080683327486E-008
          27  2.560758844349802E-009
          28  1.597071478985234E-009
          29  7.742617793983275E-010
          30  2.580730367837155E-009
          31  4.580469991391450E-010
          32  5.905922437161731E-010
          33  8.416484135114723E-010
          34  4.469873342839726E-009
          35  2.788456452757125E-010
          36  1.054182129991263E-009
          37  7.866384483056805E-010
          38  1.070427577135366E-009
          39  3.096146581157512E-010
          40  6.125761250950361E-010
          41  8.560440156016156E-010
          42  6.372975559110109E-009
          43  5.380669681403023E-010
          44  9.608859324633162E-010
          45  4.355838618246394E-009
          46  7.280220727529238E-009
          47  7.941868414968935E-009
          48  5.893974259532992E-009
          49  5.270145937970247E-010
          50  3.103807023185298E-009
          51  1.540259233622763E-009
          52  6.253629911959044E-009
          53  2.266147885014567E-010
          54  5.792938251889311E-010
          55  4.029258013194373E-010
          56  4.309038368475641E-010
          57  1.132642347181745E-010
          58  2.110753448470519E-010
          59  1.490682020555374E-010
          60  1.715676280226479E-010
          61  1.801860036820940E-010
          62  8.831535771988690E-010
          63  3.589369276192932E-010
          64  3.592491881055537E-010
          65  3.055863629714166E-010
          66  4.359615402493775E-010
          67  5.889306864999658E-010
          68  9.144491629522449E-010
          69  1.726147562489336E-010
          70  5.199304865822777E-010
          71  1.784177650966741E-010
          72  2.140216554404391E-010
          73  2.085632785258086E-010
          74  4.468238864956168E-010
          75  1.090794357392874E-009
          76  2.904949707006907E-009
          77  5.412530647447754E-009
          78  9.939402821157298E-009
          79  7.807425243242867E-009
          80  3.251144857673931E-008
          81  1.146019853714174E-008
          82  9.992120949361808E-009
          83  4.337445565522863E-009
          84  4.925694370978627E-009
          85  3.349660296870211E-009
          86  3.626188318838738E-009
          87  2.425615773502043E-009
          88  5.962241850792848E-009
          89  2.775380172238022E-009
          90  5.309541243477278E-009
          91  3.406179676984022E-009
          92  2.723934196899598E-009
          93  2.318647792608782E-009
          94  5.824217008613315E-009
          95  2.844972390023722E-009
          96  3.079769429704221E-009
          97  1.331982020490354E-009
          98  1.257255065167092E-009
          99  1.416802481199471E-009
         100  1.255052289365268E-009
         101  9.661968190664296E-010
         102  1.712833852418870E-009
         103  1.646431318151325E-009
         104  1.590096351766780E-009
         105  1.683254729983833E-009
         106  2.172985545080692E-009
         107  1.675950789880383E-009
         108  5.490694357844463E-009
         109  2.445706556188321E-009
         110  6.733509780290554E-009
         111  4.716811232952606E-009
         112  6.214791843147525E-009
         113  3.131231931162613E-009
         114  2.476186921858273E-009
         115  1.307771741366524E-009
         116  1.355255908958913E-009
         117  1.162889721494053E-009
         118  1.231190246413886E-009
         119  4.703035790107543E-010
         120  6.537530298032119E-010
         121  5.253559076321734E-010
         122  6.764008067858349E-010
         123  6.135567356650122E-010
         124  1.707771480871082E-008
         125  7.488204056252204E-008
         126  6.155213290173571E-007
         127  3.208913153108495E-006
         128  2.678516096254469E-005
         129  1.314441810914043E-004
         130  3.201937898850449E-004
         131  1.073138044610734E-003
         132  1.017074502572128E-003
         133  3.319741210245231E-005
         134  8.416155047683340E-005
         135  8.351996585694588E-005
         136  2.095451037665143E-004
         137  1.143362421318161E-004
         138  9.447582956983071E-005
         139  1.441587319979708E-005
         140  3.382029799174403E-005
         141  2.607943362862252E-005
         142  1.057687167795231E-005
         143  1.802765130735398E-006
         144  7.034654115859990E-006
         145  3.677046111570228E-006
         146  1.444170953691671E-005
         147  1.178538255848880E-005
         148  1.031299751960017E-005
         149  6.544522872627717E-006
         150  4.554474683994628E-005
         151  1.970359452442449E-005
         152  1.605748021519098E-005
         153  5.783155795963809E-006
         154  4.289871733752289E-005
         155  2.785121991698065E-005
         156  4.062158149884550E-005
         157  1.916561186561924E-005
         158  7.625770116419891E-005
         159  5.594893611737668E-005
         160  1.211818079201132E-004
         161  5.640186385895882E-005
         162  1.372897938079916E-004
         163  5.071947748115309E-005
         164  6.824963505177156E-005
         165  3.763717156135085E-005
         166  8.014153398622320E-005
         167  7.723273343197129E-005
         168  1.571840237268083E-004
         169  4.323969283999283E-005
         170  2.297032774591634E-005
         171  8.850340675855852E-006
         172  2.432737522258212E-005
         173  1.755546832877143E-005
         174  3.783572852812383E-005
         175  1.914443957018409E-005
         176  2.082890157227042E-005
         177  9.647141234758529E-006
         178  1.098483821503386E-005
         179  5.502700392199649E-006
         180  1.150597530924128E-005
         181  5.375768410650315E-006
         182  1.165612468633050E-005
         183  6.230125197771678E-006
         184  1.135168236630170E-005
         185  3.638267057265260E-006
         186  1.422308329647952E-005
         187  4.088644342221341E-006
         188  1.316734317889004E-005
         189  1.165305995473266E-005
         190  2.441513648640428E-005
         191  2.901806129060357E-005
         192  1.012713935097558E-004
         193  1.295634594045501E-004
         194  3.143665191918607E-004
         195  2.180565763587918E-004
         196  4.188904125079974E-004
         197  2.187468355784475E-004
         198  1.574625032413304E-004
         199  1.248373407926206E-005
         200  2.305578079799642E-006
         201  8.974680088790445E-008
         202  1.161003104564329E-007
         203  3.005548594736299E-008
         204  8.182574403895058E-008
         205  6.728850962033246E-008
         206  2.201777920509832E-006
         207  1.460118413667090E-006
         208  2.464406787965132E-006
         209  1.551849719833441E-006
         226  5.855533301177380E-014
         227  4.464114458498534E-015
         230  2.759419080021061E-012
         231  6.701538415630365E-012
         232  5.086226981676392E-007
         234  8.984431515826931E-012
         235  1.440068096172289E-007
         236  1.481928690024763E-009
         238  1.635040541417422E-007
         240  2.877768677167526E-013
         244  3.512901007007424E-009
