           1  7.424724646297016E-005
           2  6.470609901488105E-012
           3  1.574717819390911E-008
           4  8.221707159724548E-005
           6  5.674563962362780E-015
           7  3.114017005274736E-012
           8  2.708281752318958E-013
           9  1.912633244112939E-009
          10  2.713051082138141E-014
          14  2.140769089771672E-015
          15  2.149429599054748E-012
          16  1.233862627086554E-009
          17  9.175415152088444E-011
          18  4.509989690401644E-010
          19  2.025125769510813E-010
          20  4.624800820743727E-009
          21  7.543670813612368E-010
          22  1.573831704887113E-009
          23  4.874978914641609E-009
          24  1.128321504741219E-008
          25  1.376343860814092E-008
          26  1.212117757320403E-008
          27  2.564766548546049E-009
          28  1.572750588897229E-009
          29  8.478326233436002E-010
          30  2.716743714735373E-009
          31  4.640401230559993E-010
          32  6.231273648404589E-010
          33  8.128680170905568E-010
          34  4.378780218483973E-009
          35  2.917198423066294E-010
          36  1.176566530729501E-009
          37  8.169452916632160E-010
          38  1.105008360404385E-009
          39  3.048017617096030E-010
          40  6.077367044097321E-010
          41  8.648038572263181E-010
          42  6.039431874006658E-009
          43  5.054611777445156E-010
          44  9.864193150826961E-010
          45  4.406436025971809E-009
          46  7.424315216750058E-009
          47  8.073602153098294E-009
          48  5.943386035843625E-009
          49  5.327757355109293E-010
          50  3.130865092878843E-009
          51  1.546915728019733E-009
          52  6.379546916180656E-009
          53  2.315589539874059E-010
          54  5.880228126422660E-010
          55  3.740099982133455E-010
          56  4.167885618717832E-010
          57  1.076002904740507E-010
          58  2.144921511211427E-010
          59  1.471293718948979E-010
          60  1.695839570699499E-010
          61  1.793775992037554E-010
          62  8.459195694675066E-010
          63  3.442118474578680E-010
          64  3.637873819883918E-010
          65  3.080967997133232E-010
          66  4.309138579297262E-010
          67  5.806747547045779E-010
          68  8.441889376460154E-010
          69  1.585861837602562E-010
          70  4.782019264602142E-010
          71  1.639665777268282E-010
          72  2.011185992471112E-010
          73  2.149205264159227E-010
          74  4.365960433758931E-010
          75  1.038990237289407E-009
          76  2.788834333756681E-009
          77  5.546504258011860E-009
          78  1.013289783667821E-008
          79  7.917238036212527E-009
          80  3.195542268946567E-008
          81  1.233912671106998E-008
          82  1.085173372015274E-008
          83  4.687054871735081E-009
          84  5.116667183623172E-009
          85  3.472382799044359E-009
          86  3.760669940619627E-009
          87  2.511942720637212E-009
          88  6.129820974078613E-009
          89  2.768841873480774E-009
          90  5.291883410078270E-009
          91  3.521859879969661E-009
          92  2.889266747386223E-009
          93  2.418640281225757E-009
          94  5.751236074267011E-009
          95  2.938132310869006E-009
          96  3.547195585440780E-009
          97  1.530071870636347E-009
          98  1.393716349308991E-009
          99  1.543215010363151E-009
         100  1.351373098271276E-009
         101  1.018366736816912E-009
         102  1.799010255013941E-009
         103  1.696687493452894E-009
         104  1.642928887045692E-009
         105  1.737461231256766E-009
         106  2.210009025102076E-009
         107  1.718854450046694E-009
         108  5.797786359427724E-009
         109  2.580043361948689E-009
         110  7.076723235235715E-009
         111  5.058876988437181E-009
         112  6.652324342311476E-009
         113  3.326719676701832E-009
         114  2.610177359416423E-009
         115  1.361617081094138E-009
         116  1.414084435986535E-009
         117  1.299925265389994E-009
         118  1.405467359275547E-009
         119  5.072635431543158E-010
         120  7.234768205106433E-010
         121  5.907031221093272E-010
         122  7.503974313486517E-010
         123  6.849919674259951E-010
         124  1.853515557634007E-008
         125  8.395434118785986E-008
         126  6.746660222035972E-007
         127  3.439115400808015E-006
         128  2.810820991867163E-005
         129  1.370818173822534E-004
         130  3.302971029110981E-004
         131  1.092797117542939E-003
         132  1.050068242072585E-003
         133  3.382410822057658E-005
         134  8.543276334186280E-005
         135  8.895960475466072E-005
         136  2.249139911337790E-004
         137  1.205386310141038E-004
         138  8.763138159368218E-005
         139  1.482167938494213E-005
         140  3.399787188864873E-005
         141  2.494710954131036E-005
         142  9.704174736180190E-006
         143  1.726032100642624E-006
         144  7.580738451121182E-006
         145  4.216901244565274E-006
         146  1.888871316969249E-005
         147  2.080689630489586E-005
         148  2.999816155315391E-005
         149  1.792119948010796E-005
         150  3.402378524000328E-005
         151  1.452108745035010E-005
         152  1.885211930504773E-005
         153  7.590329005265286E-006
         154  3.816007422972305E-005
         155  2.268203550394592E-005
         156  3.727823804567907E-005
         157  2.362060144017604E-005
         158  5.183484142006345E-005
         159  2.379824533255769E-005
         160  4.749130251865980E-005
         161  2.862959493790647E-005
         162  5.611075886799799E-005
         163  5.609003573880867E-005
         164  1.429340238622898E-004
         165  7.165416596971703E-005
         166  6.548591241579366E-005
         167  2.098519510826566E-005
         168  1.036205347849787E-004
         169  3.514430082621925E-005
         170  3.368873614505803E-005
         171  2.050741452132192E-005
         172  5.462123154854681E-005
         173  2.244724002715837E-005
         174  3.132645239459662E-005
         175  1.841391047370671E-005
         176  2.257275543799346E-005
         177  1.119851464118544E-005
         178  1.798173709290988E-005
         179  6.392313904922672E-006
         180  1.026652014842923E-005
         181  5.225455005186629E-006
         182  1.210141523798605E-005
         183  6.445747447687218E-006
         184  1.191782186310526E-005
         185  3.849410246302626E-006
         186  1.495449744932424E-005
         187  4.386411578215686E-006
         188  1.466730279270861E-005
         189  1.294977838518918E-005
         190  2.712571837927819E-005
         191  3.043310506828586E-005
         192  1.076935540772011E-004
         193  1.388054680441067E-004
         194  3.365057731979244E-004
         195  2.305065596333720E-004
         196  4.347846354599713E-004
         197  2.236641987267950E-004
         198  1.589319599982968E-004
         199  1.271638913553129E-005
         200  2.243261372235431E-006
         201  8.445742416544448E-008
         202  1.033044708333045E-007
         203  2.543797552825871E-008
         204  7.885902068884551E-008
         205  6.832105772779005E-008
         206  2.265804788684992E-006
         207  1.480693117109671E-006
         208  2.486635234590096E-006
         209  1.582632011943366E-006
         226  6.285658743660882E-014
         227  4.903449724357969E-015
         230  2.962115622204986E-012
         231  7.361069480272568E-012
         232  5.678164208721940E-007
         234  9.644394047408941E-012
         235  1.581792217668120E-007
         236  1.566041421065864E-009
         238  1.755144467086201E-007
         240  3.038975239823051E-013
         244  3.709686350034436E-009
