           1  7.456041075693636E-005
           2  6.470609901488105E-012
           3  1.574717819390911E-008
           4  8.149753574813759E-005
           6  5.674563962362780E-015
           7  3.114017005274736E-012
           8  2.708281752318958E-013
           9  1.912633244112939E-009
          10  2.713051082138141E-014
          14  1.911086531398197E-015
          15  1.960427719088552E-012
          16  1.228797465319862E-009
          17  9.136920205218788E-011
          18  4.412669799216705E-010
          19  1.911743268519072E-010
          20  4.650227588686764E-009
          21  7.503297336942315E-010
          22  1.566725029554342E-009
          23  4.885178470378638E-009
          24  1.129794371320555E-008
          25  1.383847125555245E-008
          26  1.178122462846992E-008
          27  2.439461396545518E-009
          28  1.538671332174109E-009
          29  8.489297017386157E-010
          30  2.699833464819895E-009
          31  4.537103302689384E-010
          32  5.954298567216978E-010
          33  8.473753982168633E-010
          34  4.304914355580698E-009
          35  2.855739024861491E-010
          36  1.161304484638182E-009
          37  7.765860524737112E-010
          38  1.051191209774349E-009
          39  3.012028660413726E-010
          40  6.199794846046765E-010
          41  8.866143885918283E-010
          42  6.202899899164681E-009
          43  5.177684800203423E-010
          44  1.022479582079139E-009
          45  4.523917136709162E-009
          46  7.371197297469567E-009
          47  7.903560424993350E-009
          48  5.814827664810867E-009
          49  5.269642288541450E-010
          50  3.131369798579520E-009
          51  1.552886556608085E-009
          52  6.288532002924630E-009
          53  2.251764328847780E-010
          54  5.705296687078276E-010
          55  3.664981372414078E-010
          56  4.241622732972637E-010
          57  1.100643581557048E-010
          58  2.290045274964857E-010
          59  1.565605414454819E-010
          60  1.778292271363979E-010
          61  1.854144908489897E-010
          62  8.679267538935891E-010
          63  3.539631310821325E-010
          64  3.759118160628062E-010
          65  3.194335705106658E-010
          66  4.431312839729527E-010
          67  5.801984613677382E-010
          68  8.363690300041738E-010
          69  1.588053268834532E-010
          70  4.854607403875148E-010
          71  1.671120438074970E-010
          72  2.087137168079751E-010
          73  2.264780243475814E-010
          74  4.568695049918568E-010
          75  1.093681208390015E-009
          76  2.862719294664319E-009
          77  5.596580406956657E-009
          78  1.002588426046090E-008
          79  7.925342639310544E-009
          80  3.206405560537653E-008
          81  1.190255580381634E-008
          82  1.042025739852861E-008
          83  4.521221779359097E-009
          84  5.064216389762212E-009
          85  3.467536289409965E-009
          86  3.755829630054694E-009
          87  2.487904293618053E-009
          88  6.003274739430493E-009
          89  2.669320188671220E-009
          90  5.104937473640775E-009
          91  3.488391175693904E-009
          92  2.875896949360362E-009
          93  2.377806013857713E-009
          94  5.541538870207332E-009
          95  2.818879866518289E-009
          96  3.414212400888796E-009
          97  1.473105416046249E-009
          98  1.351762431805827E-009
          99  1.493846151747980E-009
         100  1.295795412085800E-009
         101  9.743129441223214E-010
         102  1.744800009949570E-009
         103  1.666465028284745E-009
         104  1.623696916639372E-009
         105  1.741704991214658E-009
         106  2.221867087974136E-009
         107  1.717761185553306E-009
         108  5.778568451081546E-009
         109  2.565622247261433E-009
         110  6.876536630824524E-009
         111  4.853953420533137E-009
         112  6.297684364377266E-009
         113  3.133345701106554E-009
         114  2.431658241571773E-009
         115  1.266148671203458E-009
         116  1.299160382673645E-009
         117  1.162131526278477E-009
         118  1.250560743684281E-009
         119  4.674413133436081E-010
         120  6.684608902349302E-010
         121  5.446545804877632E-010
         122  7.007052155140087E-010
         123  6.555931625729120E-010
         124  1.913032031808310E-008
         125  8.748216394941559E-008
         126  7.050525345913850E-007
         127  3.614671890036454E-006
         128  2.941708108657028E-005
         129  1.400897055923349E-004
         130  3.251733812975423E-004
         131  1.084609949613650E-003
         132  1.018190692717093E-003
         133  3.356010788931232E-005
         134  8.435870789566978E-005
         135  8.243201165850031E-005
         136  2.152059314597992E-004
         137  1.171529455896235E-004
         138  8.927471168675835E-005
         139  1.440888155814461E-005
         140  3.254576338558330E-005
         141  2.406793876299670E-005
         142  9.189817192973121E-006
         143  1.791716132658923E-006
         144  9.866092448312140E-006
         145  6.317331789815137E-006
         146  2.443425192394706E-005
         147  1.526685784370541E-005
         148  1.176018851472761E-005
         149  7.229697538470865E-006
         150  3.989225196589026E-005
         151  2.074542863619839E-005
         152  2.765682363752020E-005
         153  1.258285674572790E-005
         154  7.882358921447906E-005
         155  4.641215301518751E-005
         156  5.609467842727743E-005
         157  2.517322946209369E-005
         158  4.173233785660050E-005
         159  2.141142772057670E-005
         160  9.395672560609690E-005
         161  4.321389509207694E-005
         162  6.832957340453447E-005
         163  3.077511411434698E-005
         164  7.731542351140265E-005
         165  6.674168761554992E-005
         166  7.701067488703475E-005
         167  2.556627619330744E-005
         168  1.096046423760739E-004
         169  4.535490112237922E-005
         170  5.006530022842895E-005
         171  1.855809728185998E-005
         172  3.180809701121899E-005
         173  2.296674543988018E-005
         174  4.699996035694809E-005
         175  1.989231515514334E-005
         176  2.632140942153361E-005
         177  1.288345472846429E-005
         178  1.474809322418524E-005
         179  7.013303968401514E-006
         180  1.392016871551273E-005
         181  6.365139817927283E-006
         182  1.343986493863472E-005
         183  7.011779239292131E-006
         184  1.273040416263932E-005
         185  4.069960620984505E-006
         186  1.577571182608485E-005
         187  4.682320944349492E-006
         188  1.589436993335812E-005
         189  1.399628962650057E-005
         190  2.867595689555974E-005
         191  3.130528644644413E-005
         192  1.095797843329815E-004
         193  1.410466247384854E-004
         194  3.385624859341595E-004
         195  2.249866023379894E-004
         196  4.139323209227731E-004
         197  2.110595735466505E-004
         198  1.472209702069793E-004
         199  1.170570756987937E-005
         200  2.106372952277213E-006
         201  8.174837359377633E-008
         202  1.049468304467125E-007
         203  2.699045549957215E-008
         204  7.927709334420580E-008
         205  6.726318324914869E-008
         206  2.222411105140129E-006
         207  1.466608893121575E-006
         208  2.448646702535710E-006
         209  1.550175587448825E-006
         226  6.038271531998744E-014
         227  4.654588880846989E-015
         230  2.845534440457381E-012
         231  6.987479036201394E-012
         232  5.359461948815647E-007
         234  9.264815732890099E-012
         235  1.501512788352766E-007
         236  1.549484713289316E-009
         238  1.686066536914666E-007
         240  3.010293399141218E-013
         244  3.674674339578749E-009
