           1  7.398449923490007E-005
           2  6.470609901488105E-012
           3  1.574717819390911E-008
           4  8.046096406993880E-005
           6  5.674563962362780E-015
           7  3.114017005274736E-012
           8  2.708281752318958E-013
           9  1.912633244112939E-009
          10  2.713051082138141E-014
          14  2.153995979860375E-015
          15  2.262223243792452E-012
          16  1.245705858759877E-009
          17  9.255991944075964E-011
          18  4.506271108019650E-010
          19  1.997886340797741E-010
          20  4.692060129746565E-009
          21  7.736279048575089E-010
          22  1.464775556584338E-009
          23  4.948063884553240E-009
          24  1.140623497332416E-008
          25  1.384144643837278E-008
          26  1.184276717234095E-008
          27  2.602708199340566E-009
          28  1.598975478701737E-009
          29  8.175477993516935E-010
          30  2.605360327002545E-009
          31  4.668349476173859E-010
          32  6.562510694566427E-010
          33  8.269030476843125E-010
          34  4.455841167477788E-009
          35  2.885583638440317E-010
          36  1.113516183585345E-009
          37  8.365670429728281E-010
          38  1.137019733701725E-009
          39  3.188318387813556E-010
          40  6.227159183510572E-010
          41  8.648768177841460E-010
          42  6.073022363375460E-009
          43  5.200210097554399E-010
          44  9.805737657398996E-010
          45  4.469112351615231E-009
          46  7.445579954412562E-009
          47  8.057747543278921E-009
          48  5.934050586039756E-009
          49  5.320837484620452E-010
          50  3.080867255914438E-009
          51  1.529698805508643E-009
          52  6.405220081274918E-009
          53  2.336438403882125E-010
          54  5.822278385509839E-010
          55  3.782258804078266E-010
          56  4.094327583196090E-010
          57  1.084735571400826E-010
          58  1.980131791476142E-010
          59  1.407253757159227E-010
          60  1.717214532795874E-010
          61  1.842925901520645E-010
          62  8.792668569781209E-010
          63  3.539683631792237E-010
          64  3.492757439379739E-010
          65  2.943418293206135E-010
          66  4.308409132837744E-010
          67  5.868938615021114E-010
          68  8.837780922545439E-010
          69  1.627683390129210E-010
          70  4.773145061793016E-010
          71  1.651296173775473E-010
          72  2.030368619730987E-010
          73  2.068017145913385E-010
          74  4.425471543310286E-010
          75  1.066778236037263E-009
          76  2.836528138090282E-009
          77  5.425285407979418E-009
          78  1.006908552539487E-008
          79  7.919125219572802E-009
          80  3.204452998066818E-008
          81  1.236564615813010E-008
          82  1.072094166431300E-008
          83  4.610109086988681E-009
          84  5.124770996520702E-009
          85  3.408013795052056E-009
          86  3.709662082732027E-009
          87  2.589186133109540E-009
          88  6.229749647386991E-009
          89  2.837244633037626E-009
          90  5.408392876469162E-009
          91  3.558038965191246E-009
          92  2.944491874640445E-009
          93  2.478548430934978E-009
          94  5.921627492394602E-009
          95  2.995709813108871E-009
          96  3.369570882286970E-009
          97  1.465058589436539E-009
          98  1.368108456168252E-009
          99  1.543315379507340E-009
         100  1.382483450084043E-009
         101  1.040393147898571E-009
         102  1.809139195092227E-009
         103  1.704035249437770E-009
         104  1.644114256872347E-009
         105  1.736123310608151E-009
         106  2.262141987244381E-009
         107  1.759043397849963E-009
         108  5.901806263134199E-009
         109  2.598441064190742E-009
         110  7.083017619827472E-009
         111  5.067527323039724E-009
         112  6.720076027932102E-009
         113  3.403073689928566E-009
         114  2.700454413287269E-009
         115  1.411691414515397E-009
         116  1.454778594368873E-009
         117  1.258740470427949E-009
         118  1.332199137255605E-009
         119  5.022277294643403E-010
         120  6.995185966907327E-010
         121  5.668618084673777E-010
         122  7.073187808547721E-010
         123  6.552643678208917E-010
         124  1.657192683953247E-008
         125  7.852054087369206E-008
         126  6.408810166428349E-007
         127  3.271018401075565E-006
         128  2.698501875820237E-005
         129  1.339604680177331E-004
         130  3.287332402373623E-004
         131  1.088452108821122E-003
         132  1.062303825762378E-003
         133  3.441878322051051E-005
         134  8.718395967411411E-005
         135  9.239550808052462E-005
         136  2.286687869600236E-004
         137  1.223200822071849E-004
         138  9.112155639985964E-005
         139  1.437439273556985E-005
         140  3.272181345408260E-005
         141  2.450597282493225E-005
         142  9.757386341765796E-006
         143  1.646460898565944E-006
         144  6.552574727980103E-006
         145  3.104685967484638E-006
         146  1.050994910333379E-005
         147  6.194957190525347E-006
         148  7.305986656048765E-006
         149  9.054582559716048E-006
         150  4.464566027515796E-005
         151  2.073509608386424E-005
         152  4.762052068439651E-005
         153  2.408816264151110E-005
         154  3.013929724122631E-005
         155  1.237643927850089E-005
         156  3.237693388589730E-005
         157  1.432544071732873E-005
         158  4.204957750605156E-005
         159  4.979596423557355E-005
         160  7.384946728725729E-005
         161  3.065327682719704E-005
         162  4.957559120499850E-005
         163  3.290633216438119E-005
         164  1.258834996006425E-004
         165  7.978380862755775E-005
         166  1.170101829154894E-004
         167  2.896994963526126E-005
         168  7.228032588564175E-005
         169  2.386582350796247E-005
         170  3.020814691352467E-005
         171  2.406572080213658E-005
         172  4.696688960566667E-005
         173  1.898868190187556E-005
         174  2.374150017474059E-005
         175  1.482404875016339E-005
         176  2.619992175697309E-005
         177  1.352259980658912E-005
         178  1.939960424894308E-005
         179  6.582742226311901E-006
         180  1.011757823106173E-005
         181  5.028952117300959E-006
         182  1.153640563461132E-005
         183  6.234496815716020E-006
         184  1.175202415551162E-005
         185  3.825336799034742E-006
         186  1.497284143189216E-005
         187  4.286991181235927E-006
         188  1.371662466026604E-005
         189  1.191518424899877E-005
         190  2.537101835216109E-005
         191  2.917591413609490E-005
         192  1.035289413221841E-004
         193  1.343112450552366E-004
         194  3.320752034378267E-004
         195  2.306841934035347E-004
         196  4.399769912753361E-004
         197  2.314652933158229E-004
         198  1.688674720807475E-004
         199  1.367298068892153E-005
         200  2.439986239429279E-006
         201  9.111803492096507E-008
         202  1.092226912308735E-007
         203  2.643287693163538E-008
         204  8.026157851046489E-008
         205  6.879792765740098E-008
         206  2.175310270699746E-006
         207  1.426600858365369E-006
         208  2.414971066851912E-006
         209  1.519340777024979E-006
         226  5.386532527303121E-014
         227  4.211867773672280E-015
         230  2.538402544479704E-012
         231  6.322865139151001E-012
         232  4.969267209672587E-007
         234  8.264820659392067E-012
         235  1.358696436336826E-007
         236  1.306269296687648E-009
         238  1.504081457112261E-007
         240  2.530493657073995E-013
         244  3.088981330115317E-009
