           1  7.417229175762656E-005
           2  6.470609901488105E-012
           3  1.574717819390911E-008
           4  8.270487997598455E-005
           6  5.674563962362780E-015
           7  3.114017005274736E-012
           8  2.708281752318958E-013
           9  1.912633244112939E-009
          10  2.713051082138141E-014
          14  2.252883341825693E-015
          15  2.177620097335538E-012
          16  1.248583790297863E-009
          17  9.273017446677437E-011
          18  4.529336142091416E-010
          19  2.030725216242732E-010
          20  4.629652858970620E-009
          21  7.700303527395985E-010
          22  1.600845051215427E-009
          23  4.875126391079750E-009
          24  1.130276766715149E-008
          25  1.368288365412218E-008
          26  1.216021344589798E-008
          27  2.721761422793408E-009
          28  1.629472089512490E-009
          29  8.253591431617367E-010
          30  2.689449494493526E-009
          31  4.886098896716834E-010
          32  6.202577582509119E-010
          33  7.689907022426415E-010
          34  4.382095765428634E-009
          35  2.991443137519320E-010
          36  1.170412332837014E-009
          37  8.300679588662718E-010
          38  1.111319358600839E-009
          39  3.146393485595171E-010
          40  6.141580766867245E-010
          41  8.509773038880973E-010
          42  6.041445601056032E-009
          43  5.319579357040047E-010
          44  9.500761148929786E-010
          45  4.263264584645097E-009
          46  7.378440820274420E-009
          47  8.163046995619308E-009
          48  6.086684333566073E-009
          49  5.337154394670424E-010
          50  3.141694409262021E-009
          51  1.567077918313337E-009
          52  6.354776047973860E-009
          53  2.243055972261163E-010
          54  5.452918038028191E-010
          55  3.640302246935891E-010
          56  4.143238143584893E-010
          57  1.121185798676681E-010
          58  2.030197806928178E-010
          59  1.437552445755047E-010
          60  1.675949226904360E-010
          61  1.709852064620648E-010
          62  8.381354695440620E-010
          63  3.447502429161628E-010
          64  3.498766589565452E-010
          65  2.963541813133645E-010
          66  4.335406574550006E-010
          67  5.766309704142975E-010
          68  8.757570156649726E-010
          69  1.625306178205645E-010
          70  4.789400848307668E-010
          71  1.663223535079713E-010
          72  2.061098354541322E-010
          73  2.072983109229484E-010
          74  4.302702762924429E-010
          75  1.003421826121970E-009
          76  2.751187034081519E-009
          77  5.406957947798206E-009
          78  1.019514387663619E-008
          79  7.904782773850937E-009
          80  3.214775158846970E-008
          81  1.247513865908479E-008
          82  1.106538071467045E-008
          83  4.806008863885764E-009
          84  5.160978572620321E-009
          85  3.446750151806024E-009
          86  3.740664580486354E-009
          87  2.503212824060575E-009
          88  6.107193703916137E-009
          89  2.799671859971152E-009
          90  5.281823769217000E-009
          91  3.522348483346156E-009
          92  2.908509104083203E-009
          93  2.437218053310040E-009
          94  5.830936577646269E-009
          95  3.008051233475478E-009
          96  3.449235376441624E-009
          97  1.517032080202085E-009
          98  1.407565521595036E-009
          99  1.574168164577950E-009
         100  1.417389781685943E-009
         101  1.050832377263554E-009
         102  1.803461439476521E-009
         103  1.699871100920821E-009
         104  1.647654602990146E-009
         105  1.721725845922791E-009
         106  2.208162969167148E-009
         107  1.695333852851836E-009
         108  5.645355665712536E-009
         109  2.513019639196613E-009
         110  7.014664185639169E-009
         111  5.051209334266069E-009
         112  6.831188489057813E-009
         113  3.508635673762948E-009
         114  2.828477156737151E-009
         115  1.497449541126634E-009
         116  1.572991792934302E-009
         117  1.421185362971936E-009
         118  1.521648188001580E-009
         119  5.441143170707292E-010
         120  7.527304397990728E-010
         121  6.147617504464195E-010
         122  7.889256304847572E-010
         123  6.933267677261241E-010
         124  1.738491527072232E-008
         125  7.323799421240827E-008
         126  6.035226805018621E-007
         127  3.091288400702505E-006
         128  2.565911641263238E-005
         129  1.300165187444617E-004
         130  3.298452420450690E-004
         131  1.107540696364724E-003
         132  1.059264452655324E-003
         133  3.370547519885007E-005
         134  8.502250464097614E-005
         135  8.914693271316133E-005
         136  2.256387199153025E-004
         137  1.206208094371459E-004
         138  8.481883130902716E-005
         139  1.439977281039076E-005
         140  3.380638089624728E-005
         141  2.539895383734216E-005
         142  9.938717322904323E-006
         143  1.581766740441555E-006
         144  5.239627151778435E-006
         145  1.820837975607123E-006
         146  6.294765685384830E-006
         147  7.373573946787774E-006
         148  1.958375913665628E-005
         149  1.463040614011052E-005
         150  4.085539757448108E-005
         151  2.860324815650019E-005
         152  4.958976929104346E-005
         153  2.363787475306639E-005
         154  2.992480594524676E-005
         155  1.309775093613855E-005
         156  1.838231893878951E-005
         157  1.082863822030449E-005
         158  4.120100299742329E-005
         159  3.313892236914919E-005
         160  4.277230388508953E-005
         161  1.933137869281518E-005
         162  1.289566377270024E-004
         163  4.789119272683155E-005
         164  6.416884262157577E-005
         165  2.802116290982600E-005
         166  1.473949440635694E-004
         167  3.680298758734412E-005
         168  1.019012616525661E-004
         169  3.399605316052395E-005
         170  3.047815241413164E-005
         171  1.743449160353051E-005
         172  3.203235573236734E-005
         173  2.404909268220324E-005
         174  6.635596116545774E-005
         175  2.839662750500942E-005
         176  2.055577360343808E-005
         177  8.230798949583218E-006
         178  1.014334886519679E-005
         179  5.426447518105666E-006
         180  1.194543873216787E-005
         181  5.690542398618016E-006
         182  1.239543848907268E-005
         183  6.457855473716828E-006
         184  1.177133840027284E-005
         185  3.760784904854793E-006
         186  1.437326304263817E-005
         187  4.124869979842618E-006
         188  1.308616570671918E-005
         189  1.115603418726701E-005
         190  2.391414892314141E-005
         191  2.760715690215348E-005
         192  9.827008407607629E-005
         193  1.279977607071848E-004
         194  3.205368461473830E-004
         195  2.279187019907630E-004
         196  4.417026937046840E-004
         197  2.354132668742762E-004
         198  1.743746426912526E-004
         199  1.425998240351280E-005
         200  2.522644926092622E-006
         201  8.917644526242487E-008
         202  1.051039749111326E-007
         203  2.581902449811137E-008
         204  8.414496021901850E-008
         205  7.371409855339895E-008
         206  2.328160708524497E-006
         207  1.529572588186399E-006
         208  2.561858607313422E-006
         209  1.638008392681178E-006
         226  6.721132820443849E-014
         227  5.157074344438208E-015
         230  3.167332707399917E-012
         231  7.741811316177250E-012
         232  5.964445844606813E-007
         234  1.031256325054333E-011
         235  1.663608382369286E-007
         236  1.653191888388126E-009
         238  1.876741891890074E-007
         240  3.204792176263963E-013
         244  3.912099590411872E-009
