           1  7.442736860035811E-005
           2  6.470609901488105E-012
           3  1.574717819390911E-008
           4  8.284690351726814E-005
           6  5.674563962362780E-015
           7  3.114017005274736E-012
           8  2.708281752318958E-013
           9  1.912633244112939E-009
          10  2.713051082138141E-014
          14  2.139583619022948E-015
          15  2.005316461709643E-012
          16  1.273633316939686E-009
          17  9.389223727465333E-011
          18  4.412070847060295E-010
          19  1.895434362347329E-010
          20  4.732536012207379E-009
          21  7.756790946285599E-010
          22  1.607436099241079E-009
          23  4.952412634818845E-009
          24  1.144073855329273E-008
          25  1.388411230564205E-008
          26  1.193165762436965E-008
          27  2.540056163103151E-009
          28  1.564728398169509E-009
          29  8.170920970951996E-010
          30  2.675514693223618E-009
          31  4.558136909934493E-010
          32  5.827199002982593E-010
          33  8.324892758111864E-010
          34  4.323190834703766E-009
          35  2.837481725977627E-010
          36  1.137244679744138E-009
          37  7.889005603900452E-010
          38  1.070813319864711E-009
          39  3.089188813484521E-010
          40  6.161787173543449E-010
          41  8.718867305852010E-010
          42  6.254666727498426E-009
          43  5.194581031587445E-010
          44  9.946434865175390E-010
          45  4.440907324252692E-009
          46  7.370673729149845E-009
          47  7.979456242233737E-009
          48  5.885007293850562E-009
          49  5.300649927230545E-010
          50  3.147931063941831E-009
          51  1.555907755410702E-009
          52  6.236262602574439E-009
          53  2.198733684585578E-010
          54  5.536860166054803E-010
          55  3.717634644020096E-010
          56  4.262991516419943E-010
          57  1.100162020129042E-010
          58  2.175586005469168E-010
          59  1.499416881521889E-010
          60  1.701489910920793E-010
          61  1.822417439279824E-010
          62  8.701184252434286E-010
          63  3.500248532778769E-010
          64  3.622457774459734E-010
          65  3.063552671213309E-010
          66  4.262849934795958E-010
          67  5.787000700663951E-010
          68  8.566673909073848E-010
          69  1.605827308075312E-010
          70  4.906161251939843E-010
          71  1.684745070562897E-010
          72  2.044551563380555E-010
          73  2.158859871971313E-010
          74  4.477176764344948E-010
          75  1.079743365364656E-009
          76  2.855539849063786E-009
          77  5.496179947011465E-009
          78  1.011622735948099E-008
          79  8.002740752384955E-009
          80  3.283157259176569E-008
          81  1.203217158642084E-008
          82  1.066021649457929E-008
          83  4.660491015366663E-009
          84  5.126974608894877E-009
          85  3.498303924671957E-009
          86  3.792792305013869E-009
          87  2.511578288269220E-009
          88  6.140453617186388E-009
          89  2.749971034796916E-009
          90  5.292143254074172E-009
          91  3.557348533399344E-009
          92  2.882995792757265E-009
          93  2.415095419501233E-009
          94  5.856724072789607E-009
          95  2.935912726088522E-009
          96  3.411359216756438E-009
          97  1.461888025874584E-009
          98  1.338781105003726E-009
          99  1.496971387566277E-009
         100  1.307486421324154E-009
         101  9.958469502033190E-010
         102  1.802606635716649E-009
         103  1.718762513258897E-009
         104  1.664163431919308E-009
         105  1.777419134981013E-009
         106  2.280728176356992E-009
         107  1.772644500157949E-009
         108  5.947192526254259E-009
         109  2.629653572880288E-009
         110  7.117523367966355E-009
         111  5.042802793572710E-009
         112  6.589315049217168E-009
         113  3.281415074257787E-009
         114  2.556779067644296E-009
         115  1.336016857218091E-009
         116  1.379673131486468E-009
         117  1.240327833496044E-009
         118  1.335355032432229E-009
         119  4.918012857536315E-010
         120  7.003965584275266E-010
         121  5.699614459472463E-010
         122  7.426697298378890E-010
         123  6.834051738595278E-010
         124  2.024203073444282E-008
         125  8.936893662146828E-008
         126  7.157185068078560E-007
         127  3.628445158672007E-006
         128  2.935997968733812E-005
         129  1.413365855612347E-004
         130  3.345687601431930E-004
         131  1.107249937843873E-003
         132  1.026007030272923E-003
         133  3.233157705271815E-005
         134  8.108366342756974E-005
         135  8.512795741703106E-005
         136  2.167767971309246E-004
         137  1.162444521768252E-004
         138  8.324170521950967E-005
         139  1.405611462230850E-005
         140  3.189633146761728E-005
         141  2.339347958661721E-005
         142  8.937626818310755E-006
         143  1.421965113299598E-006
         144  5.008655423431356E-006
         145  1.949264797249625E-006
         146  7.409161147024087E-006
         147  8.301946132606898E-006
         148  1.301330972769169E-005
         149  8.265702335533095E-006
         150  1.062597197170700E-005
         151  8.511787128871563E-006
         152  1.555530359679458E-005
         153  9.458635566116337E-006
         154  1.261907007763532E-004
         155  5.474450141408877E-005
         156  6.614927233289036E-005
         157  2.572203542414869E-005
         158  3.563352298867215E-005
         159  1.415693213072185E-005
         160  2.945295259869788E-005
         161  1.913189199056482E-005
         162  4.790978401541528E-005
         163  2.805096305965437E-005
         164  8.041173369033357E-005
         165  6.532335793921331E-005
         166  9.636847458502015E-005
         167  3.773311185493329E-005
         168  1.330593119652326E-004
         169  4.799766717629453E-005
         170  6.291185676576801E-005
         171  4.073384212625275E-005
         172  5.521290792478285E-005
         173  2.808095232892606E-005
         174  4.353473716147071E-005
         175  2.754333071580424E-005
         176  3.202867873614044E-005
         177  1.468712609663746E-005
         178  1.770356087371007E-005
         179  8.563686242722764E-006
         180  1.695731755179919E-005
         181  7.638594401091704E-006
         182  1.552270626350284E-005
         183  7.881038435045034E-006
         184  1.404694943967571E-005
         185  4.456783828085366E-006
         186  1.706700469954237E-005
         187  4.933605793211193E-006
         188  1.617971661596652E-005
         189  1.411695707318270E-005
         190  2.882127524810419E-005
         191  3.159559503158161E-005
         192  1.089723001467293E-004
         193  1.375880901452085E-004
         194  3.275842378066324E-004
         195  2.187159375263035E-004
         196  4.053314308094782E-004
         197  2.067717061982975E-004
         198  1.455855379478226E-004
         199  1.154803906208318E-005
         200  2.080568179301309E-006
         201  8.074900603937957E-008
         202  1.015645283999010E-007
         203  2.560452338323071E-008
         204  8.479109961827397E-008
         205  7.453606824906352E-008
         206  2.334873611459429E-006
         207  1.547718112486648E-006
         208  2.586737081447016E-006
         209  1.619994046865869E-006
         226  6.687655728798021E-014
         227  5.129514898440143E-015
         230  3.151556633611294E-012
         231  7.700439015402587E-012
         232  5.803652763915292E-007
         234  1.026119770930722E-011
         235  1.654718046044141E-007
         236  1.746140068062007E-009
         238  1.867394083717132E-007
         240  3.394561737062858E-013
         244  4.143751872445167E-009
