           1  7.437460994728858E-005
           2  6.470609901488105E-012
           3  1.574717819390911E-008
           4  8.192410348917149E-005
           6  5.674563962362780E-015
           7  3.114017005274736E-012
           8  2.708281752318958E-013
           9  1.912633244112939E-009
          10  2.713051082138141E-014
          14  2.294613292875685E-015
          15  2.052165824425424E-012
          16  1.257001188616891E-009
          17  9.304437177627934E-011
          18  4.539783918527025E-010
          19  2.060859151447661E-010
          20  4.667233061597330E-009
          21  7.638029457239536E-010
          22  1.628289420572246E-009
          23  4.899831894925928E-009
          24  1.134590866440570E-008
          25  1.382143211165684E-008
          26  1.240107573549873E-008
          27  2.664386388275177E-009
          28  1.551835712398035E-009
          29  8.128699917705900E-010
          30  2.624645071471432E-009
          31  4.578480089097908E-010
          32  5.881354711026707E-010
          33  7.761751400936211E-010
          34  4.346732357415993E-009
          35  2.953413225855571E-010
          36  1.187177647639498E-009
          37  8.637467516059844E-010
          38  1.166792561225704E-009
          39  3.078146329024139E-010
          40  5.868719901910892E-010
          41  8.286343974549488E-010
          42  5.942785308024495E-009
          43  5.090045745713070E-010
          44  9.772843466325745E-010
          45  4.352331052550933E-009
          46  7.495549622763771E-009
          47  8.184039475066025E-009
          48  6.009943735164693E-009
          49  5.543836874837868E-010
          50  3.150593772375335E-009
          51  1.535267799091912E-009
          52  6.154321029606164E-009
          53  2.295538984130302E-010
          54  5.827709934504929E-010
          55  3.677868624855632E-010
          56  4.047151093869834E-010
          57  1.063194915922484E-010
          58  2.064466043822616E-010
          59  1.437474271357957E-010
          60  1.649902009775174E-010
          61  1.706685425274706E-010
          62  8.168030731931160E-010
          63  3.342621010884775E-010
          64  3.499294380836883E-010
          65  2.978733594585879E-010
          66  4.254283903184051E-010
          67  5.694865419235554E-010
          68  8.409616145919934E-010
          69  1.567634548800495E-010
          70  4.716229510170698E-010
          71  1.635256799619506E-010
          72  2.036111323779370E-010
          73  2.145698183907192E-010
          74  4.356697024548712E-010
          75  1.022248106326270E-009
          76  2.763777168541678E-009
          77  5.493501771655194E-009
          78  1.026100629287337E-008
          79  8.005057834828195E-009
          80  3.233857763732093E-008
          81  1.288475038373837E-008
          82  1.105980867102173E-008
          83  4.699245160055867E-009
          84  5.049508451957445E-009
          85  3.423132241532403E-009
          86  3.730553672261376E-009
          87  2.554412318626147E-009
          88  6.205890776286725E-009
          89  2.766104589984903E-009
          90  5.253975257546819E-009
          91  3.590527083084853E-009
          92  2.913750999082796E-009
          93  2.410868141856339E-009
          94  5.744558275947218E-009
          95  2.954581561704479E-009
          96  3.538778758304818E-009
          97  1.540187313051169E-009
          98  1.419063405975633E-009
          99  1.582390562807482E-009
         100  1.394302386807300E-009
         101  1.038438078964997E-009
         102  1.815071235933553E-009
         103  1.715007061812576E-009
         104  1.655110493711440E-009
         105  1.751230094806918E-009
         106  2.240918000118094E-009
         107  1.731566686986153E-009
         108  5.850688277614062E-009
         109  2.610172954308300E-009
         110  7.237503258268897E-009
         111  5.178671134527439E-009
         112  6.896715379365679E-009
         113  3.485795444148896E-009
         114  2.757903774846257E-009
         115  1.449501537760724E-009
         116  1.502533473386196E-009
         117  1.335336091642059E-009
         118  1.437974408824284E-009
         119  5.373621113699561E-010
         120  7.636115117940490E-010
         121  6.242919263603415E-010
         122  7.968103858804082E-010
         123  7.175945119355548E-010
         124  1.885773984735505E-008
         125  8.315537399169750E-008
         126  6.736562336033474E-007
         127  3.411732572862063E-006
         128  2.789878220196052E-005
         129  1.379698227314906E-004
         130  3.379532520566265E-004
         131  1.110873861434182E-003
         132  1.045164374128956E-003
         133  3.191071271788188E-005
         134  8.040686666027767E-005
         135  9.098058311370660E-005
         136  2.190288871631346E-004
         137  1.147680527079030E-004
         138  7.940653629406033E-005
         139  1.477970468883252E-005
         140  3.423089063710965E-005
         141  2.448142565197007E-005
         142  9.438742872511971E-006
         143  1.517583362363005E-006
         144  5.357154608275755E-006
         145  1.875127543722042E-006
         146  6.980510562528621E-006
         147  8.760891804601025E-006
         148  1.053158040837058E-005
         149  5.885103417918903E-006
         150  1.338011304598494E-005
         151  7.222601373884960E-006
         152  3.681611496139284E-005
         153  2.796563994060723E-005
         154  3.540857679251856E-005
         155  1.377915486725061E-005
         156  2.298014364735525E-005
         157  1.418921319276043E-005
         158  3.819055417467780E-005
         159  2.127043244178392E-005
         160  5.831296096214874E-005
         161  4.047686906405254E-005
         162  1.877135517751820E-004
         163  6.850167960116973E-005
         164  7.024255480096944E-005
         165  4.733789132277757E-005
         166  7.036416512655488E-005
         167  2.113469268620475E-005
         168  7.654697293489535E-005
         169  4.350614532605947E-005
         170  5.910898945692471E-005
         171  3.927564545491689E-005
         172  5.037944690626162E-005
         173  2.613807688766413E-005
         174  6.172844808838991E-005
         175  4.061408684610516E-005
         176  4.122510405104375E-005
         177  1.139414055246359E-005
         178  9.190019218013423E-006
         179  4.787790145686591E-006
         180  1.089024760609716E-005
         181  5.551045498757567E-006
         182  1.280510065542944E-005
         183  6.807194702416702E-006
         184  1.257801403879643E-005
         185  4.035887405153585E-006
         186  1.559988996454310E-005
         187  4.544249239882064E-006
         188  1.491172351964809E-005
         189  1.288774407026769E-005
         190  2.679348804316801E-005
         191  2.974601010474155E-005
         192  1.043906758602551E-004
         193  1.344190330667997E-004
         194  3.273631704378344E-004
         195  2.222043227529995E-004
         196  4.153714395747355E-004
         197  2.153462811454968E-004
         198  1.540642148082192E-004
         199  1.234787083222244E-005
         200  2.185975446944891E-006
         201  8.220362029528369E-008
         202  9.889668202994950E-008
         203  2.387173409585865E-008
         204  8.091228793714731E-008
         205  7.174122579594178E-008
         206  2.235666898228530E-006
         207  1.465185175333263E-006
         208  2.448718494234692E-006
         209  1.556688022881743E-006
         226  6.527387748198391E-014
         227  5.032596819781137E-015
         230  3.076030374799968E-012
         231  7.554945383162508E-012
         232  5.794257510559173E-007
         234  1.001529069762859E-011
         235  1.623453472898296E-007
         236  1.653047840523645E-009
         238  1.822642456103842E-007
         240  3.210235870343154E-013
         244  3.918744724388189E-009
