           1  7.446440163540868E-005
           2  6.470609901488105E-012
           3  1.574717819390911E-008
           4  8.164253014414376E-005
           6  5.674563962362780E-015
           7  3.114017005274736E-012
           8  2.708281752318958E-013
           9  1.912633244112939E-009
          10  2.713051082138141E-014
          14  2.109723188878886E-015
          15  2.022241036024550E-012
          16  1.251040407518195E-009
          17  9.267763006264594E-011
          18  4.531613536776864E-010
          19  2.056670585640925E-010
          20  4.679612558445579E-009
          21  7.675461438127326E-010
          22  1.568396652353742E-009
          23  4.923665830530449E-009
          24  1.137758618084051E-008
          25  1.384330503387224E-008
          26  1.198583297267595E-008
          27  2.588973584087876E-009
          28  1.582015767931453E-009
          29  8.414494110410059E-010
          30  2.666535899132522E-009
          31  4.685342358824200E-010
          32  6.323134370494382E-010
          33  8.016408794750289E-010
          34  4.349666909831747E-009
          35  2.898909238970801E-010
          36  1.152317730979359E-009
          37  7.904910893457996E-010
          38  1.062125761243549E-009
          39  3.025337341313237E-010
          40  6.224648186932895E-010
          41  8.839765491680090E-010
          42  6.067886195957337E-009
          43  5.154893225231290E-010
          44  9.849087322741507E-010
          45  4.420681455231535E-009
          46  7.411706666127598E-009
          47  8.096326977900298E-009
          48  5.996920189416794E-009
          49  5.158616451782255E-010
          50  3.115802381577530E-009
          51  1.562405718327364E-009
          52  6.317327324718560E-009
          53  2.182120125873065E-010
          54  5.318348358019692E-010
          55  3.477267564987930E-010
          56  4.043970840979083E-010
          57  1.068595143798122E-010
          58  2.048443812387843E-010
          59  1.440776266300039E-010
          60  1.699215927458145E-010
          61  1.788967464130173E-010
          62  8.568779939865824E-010
          63  3.474899027672294E-010
          64  3.552773555917275E-010
          65  3.024905061034898E-010
          66  4.338780941409482E-010
          67  5.818896446971568E-010
          68  8.593310931498384E-010
          69  1.587506959109857E-010
          70  4.737336549130381E-010
          71  1.642134301415199E-010
          72  2.034891474268911E-010
          73  2.134735437757142E-010
          74  4.435664185730123E-010
          75  1.052934584145705E-009
          76  2.814511308285876E-009
          77  5.478382034862436E-009
          78  1.024487480160813E-008
          79  7.999581133874523E-009
          80  3.215580532454214E-008
          81  1.228922085620805E-008
          82  1.077248284100947E-008
          83  4.665169771890209E-009
          84  5.218003631459904E-009
          85  3.478192792550813E-009
          86  3.764451600039829E-009
          87  2.521545971616096E-009
          88  6.059222220262616E-009
          89  2.748321069850210E-009
          90  5.276927239788719E-009
          91  3.528283692663026E-009
          92  2.935579466374236E-009
          93  2.444727101018206E-009
          94  5.713752189263180E-009
          95  2.895355336948402E-009
          96  3.422221483430178E-009
          97  1.484690016373027E-009
          98  1.378285604665252E-009
          99  1.547955093665984E-009
         100  1.363782125688181E-009
         101  1.019202394370304E-009
         102  1.774310972114993E-009
         103  1.678200501365610E-009
         104  1.622571542623001E-009
         105  1.732374029065550E-009
         106  2.232224713761798E-009
         107  1.724980472124991E-009
         108  5.822240912307382E-009
         109  2.586163045070695E-009
         110  7.085827919179465E-009
         111  5.027586389251710E-009
         112  6.638713748923806E-009
         113  3.340822962330897E-009
         114  2.630768496584232E-009
         115  1.379577154869977E-009
         116  1.429746615884695E-009
         117  1.269507188232858E-009
         118  1.358297346870930E-009
         119  5.036504811746132E-010
         120  7.098751260146099E-010
         121  5.770470349684485E-010
         122  7.424766495056109E-010
         123  6.762929857461943E-010
         124  1.854233081375252E-008
         125  8.224951189446723E-008
         126  6.683265133582123E-007
         127  3.406019620695666E-006
         128  2.794743564845262E-005
         129  1.373502349252954E-004
         130  3.340778135319777E-004
         131  1.101015821704493E-003
         132  1.036828776951970E-003
         133  3.309975458690104E-005
         134  8.281597691968490E-005
         135  8.523389279272744E-005
         136  2.172924468026030E-004
         137  1.167340823575492E-004
         138  8.545048350140073E-005
         139  1.419593172042344E-005
         140  3.257088045786170E-005
         141  2.453289316912245E-005
         142  9.553155068445765E-006
         143  1.601860984424712E-006
         144  6.358117501405012E-006
         145  2.991107108409411E-006
         146  1.149611980857412E-005
         147  1.044098152228022E-005
         148  1.082209042412634E-005
         149  8.824272112122989E-006
         150  4.133979275173050E-005
         151  2.439033350210432E-005
         152  3.822125548752510E-005
         153  1.506383610714466E-005
         154  4.582838291380561E-005
         155  2.540254007390856E-005
         156  2.744895002064399E-005
         157  1.268955485832929E-005
         158  4.458967447191497E-005
         159  4.465740527966186E-005
         160  5.742273601963052E-005
         161  2.957750964984239E-005
         162  1.260804052345262E-004
         163  5.098780963226528E-005
         164  8.306887441724209E-005
         165  5.416365611978274E-005
         166  1.538965738861922E-004
         167  3.981085051618585E-005
         168  4.152697031148525E-005
         169  1.695243580316942E-005
         170  2.816982852343102E-005
         171  1.454862895043017E-005
         172  2.965075455222289E-005
         173  2.243678892541972E-005
         174  4.779864712497865E-005
         175  2.774852872840322E-005
         176  4.637776492819221E-005
         177  1.988056614019786E-005
         178  1.989822899415490E-005
         179  8.449831785064310E-006
         180  1.587299034907472E-005
         181  7.291068371318018E-006
         182  1.512067068840434E-005
         183  7.746252978961845E-006
         184  1.394889723529682E-005
         185  4.430363275207888E-006
         186  1.693762322145147E-005
         187  4.868858382984990E-006
         188  1.564824358747525E-005
         189  1.348376908761926E-005
         190  2.776900491730309E-005
         191  3.095214937357474E-005
         192  1.075463987066213E-004
         193  1.373066591484072E-004
         194  3.317644382610562E-004
         195  2.235415336984483E-004
         196  4.166215138222627E-004
         197  2.157311378038648E-004
         198  1.539803526034703E-004
         199  1.222878074144426E-005
         200  2.180568773133231E-006
         201  8.312379820646716E-008
         202  1.014011893303663E-007
         203  2.475973580386782E-008
         204  8.179450071013863E-008
         205  7.139083416350882E-008
         206  2.225076137805919E-006
         207  1.456841147318257E-006
         208  2.449890872036834E-006
         209  1.549150336783592E-006
         226  6.315349793578189E-014
         227  4.859458189197134E-015
         230  2.976107524467962E-012
         231  7.295029291208498E-012
         232  5.576551651707858E-007
         234  9.689950479401467E-012
         235  1.567601092669935E-007
         236  1.606399455354044E-009
         238  1.763435098841685E-007
         240  3.119960895249148E-013
         244  3.808545786776762E-009
