           1  7.398469354901542E-005
           2  6.470609901488105E-012
           3  1.574717819390911E-008
           4  8.248317504485574E-005
           6  5.674563962362780E-015
           7  3.114017005274736E-012
           8  2.708281752318958E-013
           9  1.912633244112939E-009
          10  2.713051082138141E-014
          14  2.374756817468705E-015
          15  2.320721272753245E-012
          16  1.230876275820132E-009
          17  9.165455288812889E-011
          18  4.648773024207612E-010
          19  2.199754682366767E-010
          20  4.641503833591538E-009
          21  7.483667611250673E-010
          22  1.515654020876323E-009
          23  4.902656619431156E-009
          24  1.131907619302948E-008
          25  1.388910357542645E-008
          26  1.230497078734442E-008
          27  2.568540105728031E-009
          28  1.559463990004133E-009
          29  8.767921480594570E-010
          30  2.689805122168042E-009
          31  4.646655463804663E-010
          32  6.697824417872346E-010
          33  8.037848811371142E-010
          34  4.298506481214383E-009
          35  2.987469842693597E-010
          36  1.227479028101783E-009
          37  8.545178275016791E-010
          38  1.154871266979187E-009
          39  3.129101444555645E-010
          40  6.218970185019087E-010
          41  8.795511524316317E-010
          42  5.815731715196725E-009
          43  4.969299780083975E-010
          44  1.005509384444980E-009
          45  4.498942430981501E-009
          46  7.531861083014673E-009
          47  8.132591422147557E-009
          48  5.974330992082069E-009
          49  5.358345562711359E-010
          50  3.118773999947242E-009
          51  1.545259384776065E-009
          52  6.405488067288301E-009
          53  2.274741988969624E-010
          54  5.573490798911305E-010
          55  3.417880294998439E-010
          56  3.944365368829057E-010
          57  1.044213265659764E-010
          58  2.064085492517939E-010
          59  1.424706218672163E-010
          60  1.728615562893959E-010
          61  1.817313238765262E-010
          62  8.447970526329200E-010
          63  3.459746241074567E-010
          64  3.622754310894260E-010
          65  3.056635468314677E-010
          66  4.390964625652328E-010
          67  5.784233620672589E-010
          68  8.237464752527501E-010
          69  1.531051798424699E-010
          70  4.538677485054962E-010
          71  1.562450908945991E-010
          72  1.977614061489767E-010
          73  2.161195195953059E-010
          74  4.378972990354534E-010
          75  1.036039708193080E-009
          76  2.759681135035038E-009
          77  5.570250223802824E-009
          78  1.021831149753804E-008
          79  7.995505584416095E-009
          80  3.149061357813840E-008
          81  1.296182584452061E-008
          82  1.122126243370726E-008
          83  4.795240977167592E-009
          84  5.238189514562973E-009
          85  3.485755129117912E-009
          86  3.787255975999572E-009
          87  2.603469781827871E-009
          88  6.196031196133795E-009
          89  2.753810070399289E-009
          90  5.241776988453585E-009
          91  3.587682703170449E-009
          92  3.042324221666048E-009
          93  2.518424760841946E-009
          94  5.723306341510565E-009
          95  3.001049562350631E-009
          96  3.702444032880998E-009
          97  1.623926411647060E-009
          98  1.491562988592502E-009
          99  1.633240173276555E-009
         100  1.437425333177128E-009
         101  1.053436266462080E-009
         102  1.806095764111496E-009
         103  1.705370017692974E-009
         104  1.665751247693162E-009
         105  1.765698741807274E-009
         106  2.270986979818363E-009
         107  1.754178201201321E-009
         108  5.982416753579413E-009
         109  2.663959441942442E-009
         110  7.278879350769387E-009
         111  5.202486705749195E-009
         112  6.857282129591876E-009
         113  3.474326271872314E-009
         114  2.743745166930967E-009
         115  1.419132210784068E-009
         116  1.479486272383532E-009
         117  1.375026545486360E-009
         118  1.474939282781943E-009
         119  5.230895912383731E-010
         120  7.390997893764372E-010
         121  6.046991298358968E-010
         122  7.691408166071664E-010
         123  7.053623700705795E-010
         124  1.854637507177401E-008
         125  8.523820073717273E-008
         126  6.909516353572372E-007
         127  3.484768583841376E-006
         128  2.830670463692144E-005
         129  1.385188519979579E-004
         130  3.330169164040389E-004
         131  1.097420895185460E-003
         132  1.069614858114405E-003
         133  3.495054910138002E-005
         134  8.821458527819118E-005
         135  9.243062346559163E-005
         136  2.333703260600369E-004
         137  1.240567449656215E-004
         138  8.519165103176141E-005
         139  1.495470672142474E-005
         140  3.424398507671195E-005
         141  2.556504828404515E-005
         142  9.804903844103355E-006
         143  1.666530770073242E-006
         144  6.901245069412785E-006
         145  3.314491839435478E-006
         146  1.210837819607312E-005
         147  9.770646449261617E-006
         148  2.955453427229847E-005
         149  2.251357872536136E-005
         150  2.772159758732973E-005
         151  1.396342572626806E-005
         152  2.608849504007303E-005
         153  1.205295333351791E-005
         154  3.789118203027460E-005
         155  2.189731648378338E-005
         156  4.630382337368292E-005
         157  2.248071161272698E-005
         158  3.247202805879844E-005
         159  1.763758541228479E-005
         160  6.019328235296053E-005
         161  3.293333878581997E-005
         162  6.334269871346787E-005
         163  3.597396803962194E-005
         164  9.422799070687220E-005
         165  6.064846482729007E-005
         166  9.845940225013012E-005
         167  2.520387182039793E-005
         168  5.362597930951436E-005
         169  3.287722113899411E-005
         170  5.582564481090220E-005
         171  3.226040787285440E-005
         172  5.042136139136915E-005
         173  2.076113833475578E-005
         174  2.498905356112797E-005
         175  1.261441703430583E-005
         176  2.118053068519948E-005
         177  1.110559020067924E-005
         178  1.623031109869870E-005
         179  6.975906276476039E-006
         180  1.252227031029316E-005
         181  5.776817841252590E-006
         182  1.201612947517012E-005
         183  6.176867677199473E-006
         184  1.127175578326417E-005
         185  3.614663025780937E-006
         186  1.384955320632710E-005
         187  4.103419370761543E-006
         188  1.389414594079086E-005
         189  1.225362860405963E-005
         190  2.606864511623210E-005
         191  2.892745325807542E-005
         192  1.045889816425077E-004
         193  1.390387130780184E-004
         194  3.461971989720346E-004
         195  2.372209569158654E-004
         196  4.458663952860056E-004
         197  2.328965000439144E-004
         198  1.677257359010755E-004
         199  1.365153170937185E-005
         200  2.388326234586270E-006
         201  8.814923500848617E-008
         202  1.038690745526142E-007
         203  2.479242086321768E-008
         204  8.138510885586123E-008
         205  7.139396400285891E-008
         206  2.307605521632481E-006
         207  1.494175678217901E-006
         208  2.514504497319546E-006
         209  1.609209010562314E-006
         226  6.292247514580389E-014
         227  4.911146337789405E-015
         230  2.965220579388906E-012
         231  7.372623653235769E-012
         232  5.784445852017216E-007
         234  9.654503521312521E-012
         235  1.584275049941850E-007
         236  1.545429628875268E-009
         238  1.756984249564996E-007
         240  2.997164631970014E-013
         244  3.658648013424598E-009
