           1  7.430861961466172E-005
           2  6.470609901488105E-012
           3  1.574717819390911E-008
           4  8.241634597074261E-005
           6  5.674563962362780E-015
           7  3.114017005274736E-012
           8  2.708281752318958E-013
           9  1.912633244112939E-009
          10  2.713051082138141E-014
          14  2.179001604739719E-015
          15  2.090555348147164E-012
          16  1.249416646264684E-009
          17  9.277074517436661E-011
          18  4.498905875360713E-010
          19  1.993705854044119E-010
          20  4.625994023026836E-009
          21  7.690229443546058E-010
          22  1.615097243724586E-009
          23  4.867669394327545E-009
          24  1.130265716899728E-008
          25  1.366331979716490E-008
          26  1.216687475706890E-008
          27  2.730556140766717E-009
          28  1.622286122464883E-009
          29  8.103214465577549E-010
          30  2.635395824950183E-009
          31  4.849746594724671E-010
          32  6.084002452644299E-010
          33  7.707398713360990E-010
          34  4.396169558702414E-009
          35  2.983901025484765E-010
          36  1.148114099531475E-009
          37  8.429532594591773E-010
          38  1.130935746002008E-009
          39  3.135706395521111E-010
          40  6.052326601878185E-010
          41  8.379410896261988E-010
          42  6.045198937157617E-009
          43  5.466658076317398E-010
          44  9.505393214348771E-010
          45  4.234729229182190E-009
          46  7.390921769777054E-009
          47  8.164045777678663E-009
          48  6.085544908860298E-009
          49  5.422304667905624E-010
          50  3.134077944735885E-009
          51  1.559224126796588E-009
          52  6.279192392963819E-009
          53  2.276712158277591E-010
          54  5.560000817975934E-010
          55  3.706020729873621E-010
          56  4.080687541396504E-010
          57  1.130700260789830E-010
          58  2.038280494807943E-010
          59  1.441645531383776E-010
          60  1.679884134719536E-010
          61  1.658717227362066E-010
          62  8.194050538424090E-010
          63  3.441001717632448E-010
          64  3.512878421677565E-010
          65  2.964671371682354E-010
          66  4.410461481759431E-010
          67  5.710540575995842E-010
          68  8.791177332271739E-010
          69  1.650958148314256E-010
          70  4.872619884886774E-010
          71  1.684862449345082E-010
          72  2.113442846633377E-010
          73  2.066040824098921E-010
          74  4.269716219030626E-010
          75  1.001379476022655E-009
          76  2.746055116831115E-009
          77  5.406594106049587E-009
          78  1.019990803878616E-008
          79  7.911443506902044E-009
          80  3.219252770435136E-008
          81  1.254442682129590E-008
          82  1.091865415518947E-008
          83  4.706305977330253E-009
          84  5.070513695380693E-009
          85  3.395743430164474E-009
          86  3.702638145139614E-009
          87  2.522547666865937E-009
          88  6.097648552158825E-009
          89  2.790254628741592E-009
          90  5.244341395355020E-009
          91  3.565436574628941E-009
          92  2.888751047713039E-009
          93  2.388183427404378E-009
          94  5.716537778716184E-009
          95  2.994838983235996E-009
          96  3.367169388212970E-009
          97  1.506650539684959E-009
          98  1.422030225141876E-009
          99  1.571980786055975E-009
         100  1.421864250014812E-009
         101  1.044617810810448E-009
         102  1.763663984943023E-009
         103  1.686479876409430E-009
         104  1.653731822118553E-009
         105  1.717590207992223E-009
         106  2.206401119160557E-009
         107  1.673600707826276E-009
         108  5.513702389384871E-009
         109  2.475145007419999E-009
         110  6.933391394486051E-009
         111  4.979058342426044E-009
         112  6.782649838859718E-009
         113  3.530976398101670E-009
         114  2.880628760442856E-009
         115  1.535072943970343E-009
         116  1.598454795313943E-009
         117  1.392613467892834E-009
         118  1.482528491732643E-009
         119  5.456401844377737E-010
         120  7.460975316225739E-010
         121  6.077866441200342E-010
         122  7.848031306065784E-010
         123  6.856392368839864E-010
         124  1.712006531465453E-008
         125  7.055295717942338E-008
         126  5.913989646677569E-007
         127  3.041834985579457E-006
         128  2.537059080312511E-005
         129  1.291999215825506E-004
         130  3.283984268669765E-004
         131  1.106769927949712E-003
         132  1.052025999391150E-003
         133  3.311082088235494E-005
         134  8.356945234229186E-005
         135  8.920847191712080E-005
         136  2.213092753737410E-004
         137  1.177098719422444E-004
         138  8.288768419420683E-005
         139  1.284213780897192E-005
         140  2.873166522779166E-005
         141  2.017872690596275E-005
         142  7.934478304349512E-006
         143  1.296349889624031E-006
         144  4.464133468863104E-006
         145  1.842627283043883E-006
         146  8.077286904755330E-006
         147  1.136751717886008E-005
         148  1.919997220446727E-005
         149  1.397432957797315E-005
         150  5.028918936169417E-005
         151  2.201898217774059E-005
         152  5.255780589792044E-005
         153  3.501689860318369E-005
         154  3.858471928285989E-005
         155  1.309773591008167E-005
         156  2.416892770512616E-005
         157  1.445944651071444E-005
         158  3.170657556009316E-005
         159  1.910220152969043E-005
         160  5.657750237090943E-005
         161  2.805390817892560E-005
         162  1.555328721137135E-004
         163  9.304029341365536E-005
         164  7.591360795639995E-005
         165  2.114289787397032E-005
         166  3.143442116363425E-005
         167  2.088774562137568E-005
         168  1.526053022952706E-004
         169  8.563609260568396E-005
         170  4.859808283408949E-005
         171  1.622352413423217E-005
         172  2.312962205943790E-005
         173  2.058085083251013E-005
         174  4.145399648026580E-005
         175  1.778468660880847E-005
         176  1.001189163922300E-005
         177  3.993523384479016E-006
         178  1.230023462755737E-005
         179  5.734085598461085E-006
         180  1.051676432292267E-005
         181  5.107199680042300E-006
         182  1.181573339343764E-005
         183  6.390800667439967E-006
         184  1.197842881486713E-005
         185  3.805250357346360E-006
         186  1.445069813592135E-005
         187  4.180885259564919E-006
         188  1.337367650366012E-005
         189  1.130348215013856E-005
         190  2.432442681488875E-005
         191  2.748211943433317E-005
         192  9.709271682665192E-005
         193  1.275015634343044E-004
         194  3.225930164191763E-004
         195  2.276740943662769E-004
         196  4.364886962960634E-004
         197  2.351967373962624E-004
         198  1.749683479483208E-004
         199  1.446866771345835E-005
         200  2.576726299332524E-006
         201  8.974458221745945E-008
         202  1.051505500418393E-007
         203  2.582319894898352E-008
         204  8.289128604093118E-008
         205  7.238814039050793E-008
         206  2.294939822063528E-006
         207  1.508329174419743E-006
         208  2.527634263107227E-006
         209  1.622018416960198E-006
         226  6.773885483435643E-014
         227  5.138874750187456E-015
         230  3.192192390932449E-012
         231  7.714490045373340E-012
         232  5.986809264056540E-007
         234  1.039350424490706E-011
         235  1.657737418421690E-007
         236  1.655924022812032E-009
         238  1.891472017776637E-007
         240  3.209835466106176E-013
         244  3.918255949714100E-009
