           1  7.422318832677203E-005
           2  6.470609901488105E-012
           3  1.574717819390911E-008
           4  8.266393047220290E-005
           6  5.674563962362780E-015
           7  3.114017005274736E-012
           8  2.708281752318958E-013
           9  1.912633244112939E-009
          10  2.713051082138141E-014
          14  2.148568536224869E-015
          15  2.162610141810578E-012
          16  1.246403370480319E-009
          17  9.246217878490531E-011
          18  4.454427936096582E-010
          19  1.945892718034481E-010
          20  4.673373635927754E-009
          21  7.659625920885602E-010
          22  1.546059044675973E-009
          23  4.916864387455863E-009
          24  1.135709172395064E-008
          25  1.380980576201597E-008
          26  1.204109170212282E-008
          27  2.570204355296370E-009
          28  1.569841649034392E-009
          29  8.192060330935588E-010
          30  2.663435998889837E-009
          31  4.560746661739932E-010
          32  6.092723021108180E-010
          33  8.243662617112035E-010
          34  4.354825159649693E-009
          35  2.883948213542440E-010
          36  1.160073515872358E-009
          37  8.358063866471335E-010
          38  1.138121891341618E-009
          39  3.169866437627736E-010
          40  6.102574768814259E-010
          41  8.547624269318996E-010
          42  6.101708876098479E-009
          43  5.064060748064750E-010
          44  9.846236368716163E-010
          45  4.434528758773619E-009
          46  7.414857220278433E-009
          47  8.026460949626148E-009
          48  5.901482248535679E-009
          49  5.429166042100332E-010
          50  3.141110509981936E-009
          51  1.539293043872777E-009
          52  6.310802357592938E-009
          53  2.285335206704256E-010
          54  5.821755189520848E-010
          55  3.803539814735923E-010
          56  4.243591370333383E-010
          57  1.090506043061081E-010
          58  2.129941958211170E-010
          59  1.470267107159777E-010
          60  1.701878607738908E-010
          61  1.836359821408832E-010
          62  8.700372716276964E-010
          63  3.493254505644414E-010
          64  3.607391890780320E-010
          65  3.051472412975251E-010
          66  4.267143096719333E-010
          67  5.826984060764735E-010
          68  8.576936158422491E-010
          69  1.604726928230826E-010
          70  4.843579599450565E-010
          71  1.660945758967946E-010
          72  2.012360120111426E-010
          73  2.129799758769326E-010
          74  4.422346827248671E-010
          75  1.063906673505051E-009
          76  2.831565146382505E-009
          77  5.511684400602184E-009
          78  1.005140648902176E-008
          79  7.911710870172888E-009
          80  3.227187422625355E-008
          81  1.227945507230760E-008
          82  1.078803598059608E-008
          83  4.661687207715914E-009
          84  5.064194412291924E-009
          85  3.443860482664932E-009
          86  3.735910543950785E-009
          87  2.515223078381488E-009
          88  6.178925769816331E-009
          89  2.780285319048841E-009
          90  5.308519358037278E-009
          91  3.509232060390681E-009
          92  2.876654475625151E-009
          93  2.435387186023182E-009
          94  5.929468033849514E-009
          95  2.979610935373649E-009
          96  3.486956447736811E-009
          97  1.492391862996004E-009
          98  1.359275193456259E-009
          99  1.520321267478943E-009
         100  1.334173262266462E-009
         101  1.013573441421802E-009
         102  1.812754575629521E-009
         103  1.707855628886382E-009
         104  1.647842629026540E-009
         105  1.749700267409835E-009
         106  2.243795201481446E-009
         107  1.751913346209929E-009
         108  5.885224775547192E-009
         109  2.598668855581819E-009
         110  7.096648142582878E-009
         111  5.068217088761116E-009
         112  6.644111395742270E-009
         113  3.310208810539868E-009
         114  2.584187044020215E-009
         115  1.347957672824510E-009
         116  1.400829952154100E-009
         117  1.281571131846196E-009
         118  1.382390779542271E-009
         119  4.992545135425579E-010
         120  7.095844893391223E-010
         121  5.783170865001890E-010
         122  7.397942350446868E-010
         123  6.779536487719875E-010
         124  1.889766783356777E-008
         125  8.522353096787837E-008
         126  6.829949474283404E-007
         127  3.476425436597254E-006
         128  2.832082244878201E-005
         129  1.376521681910249E-004
         130  3.298743393733743E-004
         131  1.094592232120426E-003
         132  1.047513366576390E-003
         133  3.373738394145523E-005
         134  8.549265275986092E-005
         135  8.993852777813777E-005
         136  2.253773688977022E-004
         137  1.204169646153317E-004
         138  8.633160964737104E-005
         139  1.474826292986448E-005
         140  3.409276577291245E-005
         141  2.537630888938568E-005
         142  9.747825458443432E-006
         143  1.568360660643746E-006
         144  5.706005329454541E-006
         145  2.376512581187459E-006
         146  7.776950069677806E-006
         147  5.414286396198226E-006
         148  1.278124864344899E-005
         149  1.004893703951968E-005
         150  2.640770639676353E-005
         151  1.216668852181408E-005
         152  3.396319575825164E-005
         153  1.960064870238756E-005
         154  2.113444248734662E-005
         155  1.023919815996073E-005
         156  3.032254935928277E-005
         157  2.222728523762502E-005
         158  7.859845430452482E-005
         159  5.255406120094642E-005
         160  6.758195663401264E-005
         161  3.288209742674615E-005
         162  5.968239275841835E-005
         163  3.521747709668562E-005
         164  1.168815811077114E-004
         165  7.837851869032825E-005
         166  1.227716497769173E-004
         167  3.691947038608249E-005
         168  1.137143409385799E-004
         169  4.433053843730680E-005
         170  3.259731721713394E-005
         171  1.361939818392687E-005
         172  3.112894476952026E-005
         173  1.601361941025129E-005
         174  3.044119278440750E-005
         175  1.331229191612878E-005
         176  2.068153068818940E-005
         177  1.225277167949682E-005
         178  2.456716696187159E-005
         179  7.224835327551262E-006
         180  1.067814325482103E-005
         181  5.536452018221933E-006
         182  1.276356605387610E-005
         183  6.733195116420949E-006
         184  1.229276500879841E-005
         185  3.943551375827188E-006
         186  1.515382812911081E-005
         187  4.368474487618372E-006
         188  1.430560586687158E-005
         189  1.259929420802953E-005
         190  2.629063285479748E-005
         191  2.980061298094244E-005
         192  1.055422243732564E-004
         193  1.357276973296250E-004
         194  3.293432106176452E-004
         195  2.267541534220235E-004
         196  4.307924263835827E-004
         197  2.217485591146789E-004
         198  1.582149650229247E-004
         199  1.265106012672438E-005
         200  2.250791995293162E-006
         201  8.543630312798711E-008
         202  1.057577192182608E-007
         203  2.641045852892871E-008
         204  8.189079837060619E-008
         205  7.104716387779576E-008
         206  2.331160986726166E-006
         207  1.532001027174299E-006
         208  2.573957482507063E-006
         209  1.627586088419514E-006
         226  6.378834910084410E-014
         227  4.957116586978969E-015
         230  3.006024874907998E-012
         231  7.441634292139411E-012
         232  5.692063750394835E-007
         234  9.787358802808960E-012
         235  1.599104483605889E-007
         236  1.608135645567126E-009
         238  1.781162047682265E-007
         240  3.122486868545935E-013
         244  3.811629250089279E-009
