           1  7.434719744231265E-005
           2  6.470609901488105E-012
           3  1.574717819390911E-008
           4  8.106523137299221E-005
           6  5.674563962362780E-015
           7  3.114017005274736E-012
           8  2.708281752318958E-013
           9  1.912633244112939E-009
          10  2.713051082138141E-014
          14  2.070498047812013E-015
          15  2.065486616986247E-012
          16  1.213321701774471E-009
          17  9.070100001730506E-011
          18  4.688910656760935E-010
          19  2.258920602985607E-010
          20  4.490858350070586E-009
          21  7.395606443404777E-010
          22  1.668484681559077E-009
          23  4.763652228177558E-009
          24  1.109330802915371E-008
          25  1.351893422085241E-008
          26  1.232944466118206E-008
          27  2.669421422637289E-009
          28  1.615138332134192E-009
          29  8.863549281149007E-010
          30  2.797018786028547E-009
          31  4.903418232937507E-010
          32  6.573976576769267E-010
          33  7.511610059542420E-010
          34  4.435080995364423E-009
          35  3.012845556131971E-010
          36  1.205188179131329E-009
          37  7.687054374952191E-010
          38  1.014300291361245E-009
          39  2.801519342113536E-010
          40  6.156398175563107E-010
          41  9.018972514370834E-010
          42  5.934018345791923E-009
          43  5.079874961303912E-010
          44  9.491019013995418E-010
          45  4.199903941939732E-009
          46  7.384435856947907E-009
          47  8.326030657738411E-009
          48  6.245773500016203E-009
          49  4.902620707794703E-010
          50  3.109024578958090E-009
          51  1.585785437851568E-009
          52  6.414797881176134E-009
          53  2.139735866772649E-010
          54  5.134379184308913E-010
          55  3.290785057917877E-010
          56  3.820720694662844E-010
          57  1.007368488591736E-010
          58  2.026903318828715E-010
          59  1.406717779705589E-010
          60  1.617482291493348E-010
          61  1.644759633996077E-010
          62  7.926962125248686E-010
          63  3.308335103478486E-010
          64  3.604074564229955E-010
          65  3.100587813448795E-010
          66  4.385303098718068E-010
          67  5.835673707910370E-010
          68  8.528507856538820E-010
          69  1.596319095822016E-010
          70  4.758540170617156E-010
          71  1.637925873436886E-010
          72  2.022104489614832E-010
          73  2.119184281925585E-010
          74  4.190466539808446E-010
          75  9.629818182210438E-010
          76  2.678786082302210E-009
          77  5.478622342703892E-009
          78  1.042980946306311E-008
          79  7.942522701985821E-009
          80  3.151467756222757E-008
          81  1.236230024936340E-008
          82  1.092582016999205E-008
          83  4.716654723068766E-009
          84  5.291940137463357E-009
          85  3.522242404039800E-009
          86  3.773751464642911E-009
          87  2.407102802584887E-009
          88  5.847286173013782E-009
          89  2.754679786420240E-009
          90  5.299978416730079E-009
          91  3.446086489168100E-009
          92  2.860995840778737E-009
          93  2.384461453363720E-009
          94  5.501113628852909E-009
          95  2.843704265076647E-009
          96  3.585396572220637E-009
          97  1.565719598459642E-009
          98  1.440671986137412E-009
          99  1.596556281815722E-009
         100  1.400360553008988E-009
         101  1.041366602772249E-009
         102  1.762147088934729E-009
         103  1.649406122539128E-009
         104  1.592704574379437E-009
         105  1.672037774264692E-009
         106  2.093352732622186E-009
         107  1.610020117602377E-009
         108  5.438917566563753E-009
         109  2.467892499564213E-009
         110  7.008015453893466E-009
         111  5.016674708127435E-009
         112  6.707670961503906E-009
         113  3.392876471366274E-009
         114  2.699230489582716E-009
         115  1.426845110114189E-009
         116  1.485985833396893E-009
         117  1.310499856562603E-009
         118  1.422865172928395E-009
         119  5.400335899607964E-010
         120  7.681883152059157E-010
         121  6.278667834414327E-010
         122  7.906663363444165E-010
         123  6.987833797472217E-010
         124  1.726402229114619E-008
         125  7.477461815263823E-008
         126  6.084068566296232E-007
         127  3.134114659172831E-006
         128  2.617074408069807E-005
         129  1.313167098930505E-004
         130  3.328271848717303E-004
         131  1.090075234610947E-003
         132  1.051942109083852E-003
         133  3.381946037418938E-005
         134  8.464479021944694E-005
         135  8.361216166448223E-005
         136  2.175659061373037E-004
         137  1.180974470217559E-004
         138  9.061125998725886E-005
         139  1.432277250335652E-005
         140  3.307478273390138E-005
         141  2.448897741440099E-005
         142  9.896475650814342E-006
         143  1.623147937938374E-006
         144  5.652694287909490E-006
         145  1.779858160331506E-006
         146  5.386812395890690E-006
         147  5.438212685098430E-006
         148  1.712459976535793E-005
         149  1.356325418633122E-005
         150  2.051302639604769E-005
         151  1.764414881414241E-005
         152  4.187273281175673E-005
         153  1.856430533137268E-005
         154  9.202521443783076E-005
         155  3.607929346815405E-005
         156  5.133784075226754E-005
         157  2.133712292868289E-005
         158  2.870060462349148E-005
         159  1.299348683048181E-005
         160  4.377981067069167E-005
         161  2.812234795690960E-005
         162  9.066800467649497E-005
         163  3.772942810996722E-005
         164  1.198400278384760E-004
         165  7.456899441985857E-005
         166  7.480525450374078E-005
         167  2.178278498349448E-005
         168  8.756742417821296E-005
         169  5.359869825457460E-005
         170  6.000740783687246E-005
         171  3.148335875241803E-005
         172  4.724401090923295E-005
         173  2.044150276042607E-005
         174  2.581086313087887E-005
         175  1.674966110954391E-005
         176  2.000057871588699E-005
         177  1.069415558101378E-005
         178  2.247619942407132E-005
         179  9.966726683115133E-006
         180  1.632676150189956E-005
         181  7.071251865288439E-006
         182  1.392921860780475E-005
         183  6.900156772534418E-006
         184  1.206689870385313E-005
         185  3.777470394147897E-006
         186  1.419471058990561E-005
         187  4.136903190081870E-006
         188  1.351073748636281E-005
         189  1.173985330466950E-005
         190  2.460270349692129E-005
         191  2.838744973483209E-005
         192  1.007026443597200E-004
         193  1.305129909685531E-004
         194  3.197522211549291E-004
         195  2.251678746700796E-004
         196  4.347482741494951E-004
         197  2.268188188396219E-004
         198  1.636663071699175E-004
         199  1.300134771106846E-005
         200  2.325028320493679E-006
         201  8.942735411673310E-008
         202  1.077706110253438E-007
         203  2.560761290243131E-008
         204  8.226876819938413E-008
         205  7.076381397750010E-008
         206  2.188597428141378E-006
         207  1.414787521092993E-006
         208  2.369176828212684E-006
         209  1.528995195203869E-006
         226  6.255269659752266E-014
         227  4.876840324454171E-015
         230  2.947794771541403E-012
         231  7.321123390778226E-012
         232  5.637003558360763E-007
         234  9.597766587677684E-012
         235  1.573208354459417E-007
         236  1.550431420780679E-009
         238  1.746658923301975E-007
         240  3.007154608418891E-013
         244  3.670842808164591E-009
