           1  7.428312056263996E-005
           2  6.470609901488105E-012
           3  1.574717819390911E-008
           4  8.161087018179241E-005
           6  5.674563962362780E-015
           7  3.114017005274736E-012
           8  2.708281752318958E-013
           9  1.912633244112939E-009
          10  2.713051082138141E-014
          14  2.066972093549685E-015
          15  2.105799669581439E-012
          16  1.255697162302107E-009
          17  9.295488849126250E-011
          18  4.539711610653533E-010
          19  2.061240190852602E-010
          20  4.666061323556348E-009
          21  7.640312425076450E-010
          22  1.592466869479822E-009
          23  4.911099976001550E-009
          24  1.136005539402469E-008
          25  1.381115373555045E-008
          26  1.196418604649484E-008
          27  2.547645017350826E-009
          28  1.583430235863217E-009
          29  8.556805264730187E-010
          30  2.706678796665244E-009
          31  4.660319476744830E-010
          32  6.396000573399016E-010
          33  8.197157772077993E-010
          34  4.393252099088995E-009
          35  2.894763448836120E-010
          36  1.154977314015623E-009
          37  7.703167917710796E-010
          38  1.034793516684312E-009
          39  2.947000722936072E-010
          40  6.247041431360299E-010
          41  9.032083768359076E-010
          42  6.157966774921668E-009
          43  5.165912843950901E-010
          44  9.891993354840230E-010
          45  4.417838769075175E-009
          46  7.406446410324705E-009
          47  8.101827818507653E-009
          48  6.000795316252930E-009
          49  5.032331971078680E-010
          50  3.108731068888024E-009
          51  1.565882356618709E-009
          52  6.286462559403963E-009
          53  2.146628961239902E-010
          54  5.257917586794670E-010
          55  3.465778259136074E-010
          56  4.049606242962607E-010
          57  1.054940351428415E-010
          58  2.097725801435388E-010
          59  1.449858448897456E-010
          60  1.691235054506526E-010
          61  1.802004231375562E-010
          62  8.589333659052339E-010
          63  3.485931464772040E-010
          64  3.651958986057952E-010
          65  3.094522931026683E-010
          66  4.351748809023211E-010
          67  5.886600899311839E-010
          68  8.611527512977924E-010
          69  1.605632372295848E-010
          70  4.836329253174287E-010
          71  1.658966658305256E-010
          72  2.024694726264342E-010
          73  2.142294631139016E-010
          74  4.399443102643736E-010
          75  1.052664474160086E-009
          76  2.804990703903020E-009
          77  5.467034513974941E-009
          78  1.023020928679249E-008
          79  8.022885333285720E-009
          80  3.232447022638924E-008
          81  1.214952215265398E-008
          82  1.061840220416564E-008
          83  4.611006924054059E-009
          84  5.276280324100420E-009
          85  3.528361604376457E-009
          86  3.803503797605014E-009
          87  2.497216967765746E-009
          88  6.012709336387633E-009
          89  2.761442970385350E-009
          90  5.362216927226300E-009
          91  3.549534862900700E-009
          92  2.928466869925728E-009
          93  2.444694775655921E-009
          94  5.718331437593158E-009
          95  2.912620070412063E-009
          96  3.470334611229153E-009
          97  1.498316708478356E-009
          98  1.371188810045367E-009
          99  1.526012444021990E-009
         100  1.338845764181284E-009
         101  1.007649104262500E-009
         102  1.778887594835646E-009
         103  1.684645107879094E-009
         104  1.642312718199913E-009
         105  1.749598337131279E-009
         106  2.234227980658588E-009
         107  1.733946528943548E-009
         108  5.850777355536546E-009
         109  2.593733867924732E-009
         110  7.054444717429899E-009
         111  5.030081214127672E-009
         112  6.610261840762374E-009
         113  3.311634803199175E-009
         114  2.595085284629400E-009
         115  1.353142750883120E-009
         116  1.396737548714389E-009
         117  1.247656364455512E-009
         118  1.341600538387018E-009
         119  4.960141679058528E-010
         120  7.026803545096863E-010
         121  5.722464985329945E-010
         122  7.268344390756618E-010
         123  6.723782907116177E-010
         124  1.862281913692693E-008
         125  8.541717022648100E-008
         126  6.869948814716176E-007
         127  3.506467366824877E-006
         128  2.866445142136430E-005
         129  1.393655931995293E-004
         130  3.350020456502350E-004
         131  1.096397149917287E-003
         132  1.041688292623171E-003
         133  3.353595392229575E-005
         134  8.366428867659141E-005
         135  8.446231925132339E-005
         136  2.182679605869226E-004
         137  1.181350801445422E-004
         138  8.944108072347426E-005
         139  1.465678721332501E-005
         140  3.338259056568947E-005
         141  2.515796508530118E-005
         142  9.926754137657013E-006
         143  1.644693189450224E-006
         144  6.153939347831737E-006
         145  2.732895265256940E-006
         146  1.099857238459178E-005
         147  1.206551815957925E-005
         148  2.106672548866641E-005
         149  1.325636700180631E-005
         150  1.786308725860235E-005
         151  7.742729513316219E-006
         152  2.508466618860874E-005
         153  1.852449541105841E-005
         154  5.402131203557672E-005
         155  2.755383211551262E-005
         156  3.420675341452847E-005
         157  1.725117350396269E-005
         158  4.039586897004952E-005
         159  1.954916005300363E-005
         160  6.952267915995064E-005
         161  3.812828327348271E-005
         162  8.359900720333547E-005
         163  3.673811952411460E-005
         164  8.775654578136718E-005
         165  5.622058154434532E-005
         166  1.510030907797470E-004
         167  3.277233250120429E-005
         168  5.516235343307724E-005
         169  2.829814641501822E-005
         170  3.708108346720586E-005
         171  2.196324747801692E-005
         172  4.381853951793153E-005
         173  3.567348854934791E-005
         174  6.952288368971841E-005
         175  3.182348182770435E-005
         176  4.256616597103578E-005
         177  2.092427608716371E-005
         178  2.515576667100876E-005
         179  9.268062669182252E-006
         180  1.471870718557258E-005
         181  6.814059933123560E-006
         182  1.420292624077260E-005
         183  7.202433345656406E-006
         184  1.285829777978297E-005
         185  4.048290522808147E-006
         186  1.521732805267788E-005
         187  4.393266269886114E-006
         188  1.437819861966069E-005
         189  1.254775214642298E-005
         190  2.611185735754592E-005
         191  2.911813819953148E-005
         192  1.028418566553001E-004
         193  1.326953531457180E-004
         194  3.230304344625851E-004
         195  2.215216280102722E-004
         196  4.187479407631029E-004
         197  2.160138556106048E-004
         198  1.540493182368744E-004
         199  1.232159776458245E-005
         200  2.254837701233557E-006
         201  9.059520087274129E-008
         202  1.121326207562503E-007
         203  2.736074337909951E-008
         204  8.954955149018819E-008
         205  7.746617663360815E-008
         206  2.286796770965520E-006
         207  1.502948650238992E-006
         208  2.513068152005851E-006
         209  1.580927050004000E-006
         226  5.981537036511139E-014
         227  4.662828347363654E-015
         230  2.818798319033157E-012
         231  6.999848141406709E-012
         232  5.387085064903706E-007
         234  9.177765217919773E-012
         235  1.504170738315841E-007
         236  1.522108876456778E-009
         238  1.670224563955441E-007
         240  2.955028118990862E-013
         244  3.607211843432665E-009
