           1  7.423683543912436E-005
           2  6.470609901488105E-012
           3  1.574717819390911E-008
           4  8.236645205946717E-005
           6  5.674563962362780E-015
           7  3.114017005274736E-012
           8  2.708281752318958E-013
           9  1.912633244112939E-009
          10  2.713051082138141E-014
          14  2.126122078437056E-015
          15  2.128912110946290E-012
          16  1.223439638440051E-009
          17  9.121527296595405E-011
          18  4.569144803995583E-010
          19  2.100494628384809E-010
          20  4.665223464717753E-009
          21  7.562664721293899E-010
          22  1.446966799437327E-009
          23  4.929966888216515E-009
          24  1.135582589904810E-008
          25  1.390098504680585E-008
          26  1.200574946548140E-008
          27  2.545704161344475E-009
          28  1.538779717980954E-009
          29  8.291865133489932E-010
          30  2.566363022300486E-009
          31  4.489725209807706E-010
          32  6.586539041932419E-010
          33  8.218200371984379E-010
          34  4.418696802433435E-009
          35  2.900211154246572E-010
          36  1.150757119575329E-009
          37  8.563385679625691E-010
          38  1.163785192737269E-009
          39  3.077773358595278E-010
          40  6.041437394421797E-010
          41  8.551579239443605E-010
          42  5.867221734122857E-009
          43  4.966513506263552E-010
          44  1.004227565527048E-009
          45  4.552306372586904E-009
          46  7.547671877861995E-009
          47  8.091065149862214E-009
          48  5.898088017922183E-009
          49  5.414189816952929E-010
          50  3.072118871211623E-009
          51  1.509012122674946E-009
          52  6.324058241859168E-009
          53  2.403522542524770E-010
          54  6.124291541626513E-010
          55  3.702114663566403E-010
          56  3.944317979837717E-010
          57  1.035731510221503E-010
          58  1.973202135817086E-010
          59  1.385856249108837E-010
          60  1.715239785343658E-010
          61  1.835673763506690E-010
          62  8.548727799971461E-010
          63  3.467326573856038E-010
          64  3.512120969477649E-010
          65  2.973815367771997E-010
          66  4.330939891090396E-010
          67  5.839094242170944E-010
          68  8.500650894053049E-010
          69  1.568718913459914E-010
          70  4.626486738990092E-010
          71  1.598446184725320E-010
          72  2.008971348254046E-010
          73  2.141168016572482E-010
          74  4.479145285298308E-010
          75  1.076081050940970E-009
          76  2.830814378616687E-009
          77  5.528098567258166E-009
          78  1.014287454230631E-008
          79  7.962076103184536E-009
          80  3.156133287010413E-008
          81  1.275736915166634E-008
          82  1.071467072988655E-008
          83  4.498974560128107E-009
          84  5.064033086343161E-009
          85  3.377346295839995E-009
          86  3.683612851696138E-009
          87  2.623070119093034E-009
          88  6.202909218418103E-009
          89  2.778250512494042E-009
          90  5.310483954075423E-009
          91  3.559685656663191E-009
          92  2.961761949266229E-009
          93  2.458387719555400E-009
          94  5.712626524475359E-009
          95  2.905751867057425E-009
          96  3.441136770908730E-009
          97  1.502380514828365E-009
          98  1.407798451499781E-009
          99  1.566534349130897E-009
         100  1.379954133893302E-009
         101  1.029974507362831E-009
         102  1.774444436574065E-009
         103  1.683534054518289E-009
         104  1.622227631483983E-009
         105  1.725520258007833E-009
         106  2.251477741222873E-009
         107  1.746642427278362E-009
         108  5.926605932228407E-009
         109  2.637587899646547E-009
         110  7.204783560432522E-009
         111  5.084904830053607E-009
         112  6.660816490661887E-009
         113  3.359021772339446E-009
         114  2.640541804063837E-009
         115  1.375024935063796E-009
         116  1.423576917681622E-009
         117  1.279572465510715E-009
         118  1.358891800734218E-009
         119  4.974551698955414E-010
         120  7.005080947291016E-010
         121  5.689748298399624E-010
         122  7.326508774564176E-010
         123  6.727734800542592E-010
         124  1.833096982346718E-008
         125  8.320237182721742E-008
         126  6.785939266962349E-007
         127  3.452537270820314E-006
         128  2.825547277038144E-005
         129  1.380016622924608E-004
         130  3.310206386972023E-004
         131  1.079343880026638E-003
         132  1.052072306541502E-003
         133  3.381815805025534E-005
         134  8.558743235738048E-005
         135  9.244367828495499E-005
         136  2.227881702993739E-004
         137  1.181596766951089E-004
         138  8.933008338571455E-005
         139  1.482590140285297E-005
         140  3.372111710465266E-005
         141  2.461446128919894E-005
         142  9.752971910377754E-006
         143  1.600724718846704E-006
         144  5.884591727356994E-006
         145  2.371809334631149E-006
         146  7.364426171251573E-006
         147  4.306611973190032E-006
         148  9.678379837873044E-006
         149  7.467896648687669E-006
         150  1.625874283566471E-005
         151  1.465974497932608E-005
         152  2.462071228108694E-005
         153  8.371447788741162E-006
         154  3.284444527047912E-005
         155  2.412573343578693E-005
         156  4.348010676291235E-005
         157  2.585666912011688E-005
         158  8.387219173293206E-005
         159  5.198026626686234E-005
         160  1.384577170767143E-004
         161  5.951684734535513E-005
         162  8.996790251554839E-005
         163  3.312436447901293E-005
         164  5.427931175387995E-005
         165  4.862257550396903E-005
         166  7.231695918683488E-005
         167  4.381159136293713E-005
         168  1.196870446495328E-004
         169  4.306516184599436E-005
         170  3.057672647379387E-005
         171  1.321002471257854E-005
         172  3.107677487671207E-005
         173  3.387497206477778E-005
         174  4.228834452659370E-005
         175  1.188012825622594E-005
         176  1.355364286997603E-005
         177  5.893638028450755E-006
         178  7.385702724165598E-006
         179  4.633165120101029E-006
         180  1.116707643881737E-005
         181  5.348052754139403E-006
         182  1.164592045844128E-005
         183  6.214616772839382E-006
         184  1.162231989691046E-005
         185  3.775744385826565E-006
         186  1.481047982036298E-005
         187  4.318400541705265E-006
         188  1.426641803835272E-005
         189  1.259813969078231E-005
         190  2.633528194620760E-005
         191  2.969648739858127E-005
         192  1.053518549401463E-004
         193  1.379598101864518E-004
         194  3.382482788600008E-004
         195  2.287102076320096E-004
         196  4.280045866254402E-004
         197  2.230222663228173E-004
         198  1.599680242292387E-004
         199  1.285497549131321E-005
         200  2.338222121522486E-006
         201  9.343664658242030E-008
         202  1.137664501051057E-007
         203  2.697066290368364E-008
         204  8.092135120906727E-008
         205  6.929898358469325E-008
         206  2.299659081830957E-006
         207  1.486458319795883E-006
         208  2.524623569869484E-006
         209  1.609798547094856E-006
         226  6.259647778117490E-014
         227  4.836441779946523E-015
         230  2.949857959082180E-012
         231  7.260477007162733E-012
         232  5.649025122382898E-007
         234  9.604484149101619E-012
         235  1.560176283794985E-007
         236  1.556967519734030E-009
         238  1.747881425276445E-007
         240  3.022681164842997E-013
         244  3.689796122977679E-009
