           1  7.413583352784047E-005
           2  6.470609901488105E-012
           3  1.574717819390911E-008
           4  8.232615439918544E-005
           6  5.674563962362780E-015
           7  3.114017005274736E-012
           8  2.708281752318958E-013
           9  1.912633244112939E-009
          10  2.713051082138141E-014
          14  2.321245188979469E-015
          15  2.180644637384975E-012
          16  1.249638332914965E-009
          17  9.266338057466275E-011
          18  4.607851422480166E-010
          19  2.146511869926538E-010
          20  4.666292410292538E-009
          21  7.590063676688086E-010
          22  1.579039334251241E-009
          23  4.911005095294297E-009
          24  1.134935443880390E-008
          25  1.387128286307534E-008
          26  1.225194907729950E-008
          27  2.598998334357189E-009
          28  1.565297929827964E-009
          29  8.571862659196148E-010
          30  2.697672575961645E-009
          31  4.673851686475131E-010
          32  6.342759029049066E-010
          33  7.914747399434071E-010
          34  4.331804269410641E-009
          35  2.968949551202740E-010
          36  1.208243359566518E-009
          37  8.246127776682583E-010
          38  1.107780897269557E-009
          39  3.037266784758713E-010
          40  6.116716100799580E-010
          41  8.712579672313746E-010
          42  5.940119343580584E-009
          43  5.036192986948031E-010
          44  9.935681540058975E-010
          45  4.439866661240537E-009
          46  7.493079428859915E-009
          47  8.154517164419490E-009
          48  5.999844273773555E-009
          49  5.298175721962950E-010
          50  3.128834285734108E-009
          51  1.552307289645201E-009
          52  6.307897153266022E-009
          53  2.242533342918296E-010
          54  5.541613718590648E-010
          55  3.477132233286447E-010
          56  4.019125708167133E-010
          57  1.053650313886891E-010
          58  2.061751758007602E-010
          59  1.434245238605957E-010
          60  1.688198069687656E-010
          61  1.774687715302604E-010
          62  8.391239661079675E-010
          63  3.409678326907375E-010
          64  3.558614590091912E-010
          65  3.027964700625481E-010
          66  4.316630310482753E-010
          67  5.771348752587252E-010
          68  8.347084955376845E-010
          69  1.543834780689984E-010
          70  4.612998884700356E-010
          71  1.598544506116967E-010
          72  1.997983742391287E-010
          73  2.160245384057580E-010
          74  4.395565225005526E-010
          75  1.032686310656318E-009
          76  2.767421209306884E-009
          77  5.512376884311957E-009
          78  1.026633664286051E-008
          79  8.024627393417572E-009
          80  3.200730848795964E-008
          81  1.276230057279926E-008
          82  1.111137315811627E-008
          83  4.769677051278525E-009
          84  5.236542289636037E-009
          85  3.505533916041669E-009
          86  3.801809067509990E-009
          87  2.565901139113374E-009
          88  6.157686340454445E-009
          89  2.755374551733119E-009
          90  5.273065719802468E-009
          91  3.582346213032665E-009
          92  2.994620694496183E-009
          93  2.482523867230886E-009
          94  5.734030756665465E-009
          95  2.951092486195406E-009
          96  3.606662324188925E-009
          97  1.564231697491802E-009
          98  1.435113461226624E-009
          99  1.599711076479518E-009
         100  1.405836609613313E-009
         101  1.042166926261531E-009
         102  1.815191900264396E-009
         103  1.707873790032433E-009
         104  1.654203776504900E-009
         105  1.765336685584262E-009
         106  2.263865794591477E-009
         107  1.751733561724671E-009
         108  5.962885610163165E-009
         109  2.649169084235835E-009
         110  7.275479688126081E-009
         111  5.193664333479624E-009
         112  6.863007858191465E-009
         113  3.451951780300921E-009
         114  2.713516809274652E-009
         115  1.414823965795767E-009
         116  1.476034249327247E-009
         117  1.356805139491723E-009
         118  1.459560357115126E-009
         119  5.261615831516128E-010
         120  7.475886762557158E-010
         121  6.111062852419361E-010
         122  7.808277315333395E-010
         123  7.108782211308341E-010
         124  1.904443898318443E-008
         125  8.550293607042102E-008
         126  6.896419460155072E-007
         127  3.482157002821095E-006
         128  2.834028495123063E-005
         129  1.390435527516084E-004
         130  3.370143794459080E-004
         131  1.106090703840874E-003
         132  1.055104972196742E-003
         133  3.342781685958226E-005
         134  8.386776969576404E-005
         135  8.930237767968568E-005
         136  2.247400055141405E-004
         137  1.194887136230302E-004
         138  8.357618755565803E-005
         139  1.482323601780251E-005
         140  3.397318169349836E-005
         141  2.488100599325836E-005
         142  9.531054460073316E-006
         143  1.520207062983807E-006
         144  5.310348743382031E-006
         145  1.867176116324125E-006
         146  6.653210906058571E-006
         147  7.772933051508721E-006
         148  1.444548304956896E-005
         149  9.588936486417294E-006
         150  2.244992021117443E-005
         151  9.860082759723520E-006
         152  2.785376876595786E-005
         153  1.919605241528077E-005
         154  2.603558499801698E-005
         155  1.197417540776168E-005
         156  4.157714114869946E-005
         157  1.856071021567436E-005
         158  3.250769593028015E-005
         159  1.868352408340253E-005
         160  4.734846721619399E-005
         161  2.694163161871236E-005
         162  1.347489784202446E-004
         163  4.995197368500902E-005
         164  9.112347702570626E-005
         165  5.237147681878512E-005
         166  1.446276334399941E-004
         167  3.367909121370756E-005
         168  6.696367861616594E-005
         169  3.084487695759560E-005
         170  4.776125071058439E-005
         171  3.187716511676725E-005
         172  4.501268365807607E-005
         173  2.494872198936243E-005
         174  3.941675439076858E-005
         175  2.088798415184048E-005
         176  3.180371595732132E-005
         177  1.564646786290091E-005
         178  2.656566574952493E-005
         179  9.088858542205722E-006
         180  1.347195414367074E-005
         181  6.415933938427226E-006
         182  1.377624215168922E-005
         183  7.093193707011068E-006
         184  1.283382241246952E-005
         185  4.100467952348948E-006
         186  1.568414400507124E-005
         187  4.565067666660002E-006
         188  1.497778867480509E-005
         189  1.298496104016303E-005
         190  2.693553773891631E-005
         191  2.980504955952100E-005
         192  1.052159198275469E-004
         193  1.361172023920017E-004
         194  3.318700391878260E-004
         195  2.253455366991137E-004
         196  4.220076195842062E-004
         197  2.186162040361144E-004
         198  1.566543265827089E-004
         199  1.256192222600605E-005
         200  2.232357664166861E-006
         201  8.543565188814597E-008
         202  1.028700876449184E-007
         203  2.474525481470572E-008
         204  8.410977881986121E-008
         205  7.418534836571873E-008
         206  2.293601785353157E-006
         207  1.497232632995318E-006
         208  2.505980808479959E-006
         209  1.592351459941565E-006
         226  6.463899926141179E-014
         227  5.013608780272938E-015
         230  3.046111749369484E-012
         231  7.526440496608929E-012
         232  5.794938959454664E-007
         234  9.917878222961708E-012
         235  1.617328166264959E-007
         236  1.635349034076183E-009
         238  1.804914751792272E-007
         240  3.174982983312591E-013
         244  3.875711417600142E-009
