           1  7.455301888252940E-005
           2  6.470609901488105E-012
           3  1.574717819390911E-008
           4  8.275822774560767E-005
           6  5.674563962362780E-015
           7  3.114017005274736E-012
           8  2.708281752318958E-013
           9  1.912633244112939E-009
          10  2.713051082138141E-014
          14  1.990267090421713E-015
          15  1.964450834679824E-012
          16  1.214106925199244E-009
          17  9.051039533958748E-011
          18  4.622675367299097E-010
          19  2.200410839130287E-010
          20  4.652427133188764E-009
          21  7.367071492544371E-010
          22  1.511921046076838E-009
          23  4.905844614513336E-009
          24  1.131001764079036E-008
          25  1.400844007882025E-008
          26  1.194830770051963E-008
          27  2.404565709316566E-009
          28  1.507800296797838E-009
          29  9.084824567508315E-010
          30  2.696894205210152E-009
          31  4.543818118039240E-010
          32  6.570736717417098E-010
          33  8.207390619886408E-010
          34  4.214709867447528E-009
          35  2.959989810240686E-010
          36  1.244934555239818E-009
          37  7.732949267007246E-010
          38  1.031302037353551E-009
          39  2.880364923516869E-010
          40  6.285279466509816E-010
          41  9.169267828916132E-010
          42  5.875865410737489E-009
          43  4.962062757773049E-010
          44  1.054891397077034E-009
          45  4.669547177042745E-009
          46  7.524038941908567E-009
          47  8.018956473730737E-009
          48  5.877213409696486E-009
          49  5.104153701041883E-010
          50  3.111059204454952E-009
          51  1.564220567599394E-009
          52  6.272959055269544E-009
          53  2.174597755697499E-010
          54  5.282797929593413E-010
          55  3.145915100653932E-010
          56  3.944396931642495E-010
          57  1.042378680066184E-010
          58  2.179566881854880E-010
          59  1.496047169465161E-010
          60  1.811999294145363E-010
          61  1.888927360786162E-010
          62  8.605115674133054E-010
          63  3.524671008219613E-010
          64  3.746789829683221E-010
          65  3.173522758872457E-010
          66  4.516265606132406E-010
          67  5.815302298357876E-010
          68  7.986884638912285E-010
          69  1.484293662964939E-010
          70  4.459625016347913E-010
          71  1.556176356233055E-010
          72  2.041452899998028E-010
          73  2.350416230466892E-010
          74  4.659943882393923E-010
          75  1.093542189746324E-009
          76  2.831454133165549E-009
          77  5.646568512194200E-009
          78  1.023727275470032E-008
          79  8.059079988248085E-009
          80  3.122576848751155E-008
          81  1.261105727332683E-008
          82  1.071459155526324E-008
          83  4.559461550821879E-009
          84  5.301228032037968E-009
          85  3.524585943734458E-009
          86  3.811304620854166E-009
          87  2.559389974734398E-009
          88  5.915630363889773E-009
          89  2.593811224790565E-009
          90  4.992713628309525E-009
          91  3.530628248127906E-009
          92  3.072201341872729E-009
          93  2.482933034025821E-009
          94  5.274159066294521E-009
          95  2.775343302419882E-009
          96  3.565999298178666E-009
          97  1.559138787746467E-009
          98  1.434756984589885E-009
          99  1.567145604012663E-009
         100  1.353877171328330E-009
         101  9.907839703804037E-010
         102  1.719841349376416E-009
         103  1.637683580586609E-009
         104  1.604656815584154E-009
         105  1.741659937262643E-009
         106  2.250192795091247E-009
         107  1.738437531784362E-009
         108  5.967674398083202E-009
         109  2.657531254763740E-009
         110  7.025075609216885E-009
         111  4.946405469856709E-009
         112  6.377454702823029E-009
         113  3.184294514760522E-009
         114  2.469578279661297E-009
         115  1.278109109191782E-009
         116  1.311361903658586E-009
         117  1.218817716399987E-009
         118  1.313747416053771E-009
         119  4.745437324598402E-010
         120  6.827020818212611E-010
         121  5.589820651142149E-010
         122  7.328581235509190E-010
         123  6.835279260114917E-010
         124  2.032201060288437E-008
         125  9.136517622421635E-008
         126  7.395853580957411E-007
         127  3.762178284423520E-006
         128  3.038591392733435E-005
         129  1.441870855095343E-004
         130  3.315986647593626E-004
         131  1.086599341060635E-003
         132  1.024793533908633E-003
         133  3.413474954268188E-005
         134  8.470968677833606E-005
         135  8.110466702115034E-005
         136  2.142684621906797E-004
         137  1.162936689783155E-004
         138  8.676618790207754E-005
         139  1.442167153358412E-005
         140  3.202598627772217E-005
         141  2.344778077347972E-005
         142  8.682353322543472E-006
         143  1.469979908531427E-006
         144  6.215606478245635E-006
         145  3.006848591209615E-006
         146  1.130903866235342E-005
         147  9.469766639192860E-006
         148  2.359919213796352E-005
         149  1.835439230421252E-005
         150  5.828021444392847E-005
         151  2.026306936343596E-005
         152  2.771827743383028E-005
         153  1.761595565445813E-005
         154  2.624410121088547E-005
         155  9.751819175706965E-006
         156  5.598523943893335E-005
         157  2.349480347327365E-005
         158  4.363836385425313E-005
         159  2.506105635856998E-005
         160  6.516979623783702E-005
         161  3.736270081627672E-005
         162  9.091469557955880E-005
         163  4.963633138070133E-005
         164  1.046033798917583E-004
         165  4.766440195488878E-005
         166  1.065695474800113E-004
         167  2.709535204222378E-005
         168  1.031193070486765E-004
         169  5.120596649798570E-005
         170  5.553402414303181E-005
         171  2.816152690643798E-005
         172  3.266299620909505E-005
         173  1.603171406481565E-005
         174  4.226172312260436E-005
         175  2.870617990321216E-005
         176  3.742419966670390E-005
         177  1.138473941924576E-005
         178  1.177146887428369E-005
         179  6.179108649070558E-006
         180  1.347413887806027E-005
         181  6.353568163694815E-006
         182  1.356421354221174E-005
         183  6.998546379513426E-006
         184  1.280610473763627E-005
         185  4.096787615557955E-006
         186  1.586920452862635E-005
         187  4.741514057289680E-006
         188  1.623692955761018E-005
         189  1.418575873810141E-005
         190  2.903129071856738E-005
         191  3.067278949769607E-005
         192  1.081763006270146E-004
         193  1.418162547677106E-004
         194  3.438298332142719E-004
         195  2.244709419993929E-004
         196  4.044471564174667E-004
         197  2.066717977689035E-004
         198  1.440382031489778E-004
         199  1.154818273467254E-005
         200  2.107678159455271E-006
         201  8.583127305559266E-008
         202  1.076065965246081E-007
         203  2.638016738105391E-008
         204  8.427274750894982E-008
         205  7.273455931982094E-008
         206  2.330637823514779E-006
         207  1.509412730450332E-006
         208  2.526729010179440E-006
         209  1.616437079695869E-006
         226  6.609030314746461E-014
         227  5.075095240300394E-015
         230  3.114504420508040E-012
         231  7.618744105251995E-012
         232  5.903846289862020E-007
         234  1.014055888588738E-011
         235  1.637162937585292E-007
         236  1.715721127501554E-009
         238  1.845439509650551E-007
         240  3.334356874869110E-013
         244  4.070259613423387E-009
