           1  7.418061611290883E-005
           2  6.470609901488105E-012
           3  1.574717819390911E-008
           4  8.098403655709028E-005
           6  5.674563962362780E-015
           7  3.114017005274736E-012
           8  2.708281752318958E-013
           9  1.912633244112939E-009
          10  2.713051082138141E-014
          14  2.225379903260302E-015
          15  2.152948303834322E-012
          16  1.269646242490098E-009
          17  9.383504356332543E-011
          18  4.586272727248314E-010
          19  2.108888129393643E-010
          20  4.638658642636052E-009
          21  7.662716907940739E-010
          22  1.688332144938755E-009
          23  4.874014412700409E-009
          24  1.131966761728665E-008
          25  1.371866627709723E-008
          26  1.218684038779504E-008
          27  2.667645524273062E-009
          28  1.616565351838283E-009
          29  8.551728960406746E-010
          30  2.748333198856560E-009
          31  4.884548948990977E-010
          32  6.230302842029872E-010
          33  7.797642575967207E-010
          34  4.449752560150102E-009
          35  2.961051105202005E-010
          36  1.158565724433962E-009
          37  7.764231273097886E-010
          38  1.032361334039130E-009
          39  2.895928695796516E-010
          40  6.128303662732965E-010
          41  8.850204997840612E-010
          42  6.149946482949311E-009
          43  5.332434005580951E-010
          44  9.648316373010481E-010
          45  4.262481674602068E-009
          46  7.392993614667726E-009
          47  8.222027575094465E-009
          48  6.125110181820986E-009
          49  5.052801902070217E-010
          50  3.110829813326932E-009
          51  1.573646950797950E-009
          52  6.293789710405463E-009
          53  2.166140088075961E-010
          54  5.241280479557428E-010
          55  3.469279496494175E-010
          56  3.993599309690463E-010
          57  1.071098948511654E-010
          58  2.061930571191402E-010
          59  1.449739601395926E-010
          60  1.657253351016008E-010
          61  1.668076518041924E-010
          62  8.169459059708333E-010
          63  3.386351557810362E-010
          64  3.552153655394056E-010
          65  3.048727860712051E-010
          66  4.386066942637263E-010
          67  5.768978161144269E-010
          68  8.649185674335841E-010
          69  1.610958035171830E-010
          70  4.831747093519423E-010
          71  1.671183430121997E-010
          72  2.070887626816086E-010
          73  2.103186541689727E-010
          74  4.260799029381290E-010
          75  9.940292811353389E-010
          76  2.720262910838047E-009
          77  5.406555392752834E-009
          78  1.037001521482094E-008
          79  8.038387982387685E-009
          80  3.253158250001223E-008
          81  1.237042014069280E-008
          82  1.089344811696040E-008
          83  4.733354296633473E-009
          84  5.292713438214366E-009
          85  3.542267981218704E-009
          86  3.830485151432477E-009
          87  2.520819469077116E-009
          88  6.064842628680497E-009
          89  2.796468242265799E-009
          90  5.394048508907436E-009
          91  3.625442808527261E-009
          92  2.942405538108331E-009
          93  2.426066274429821E-009
          94  5.701753466323037E-009
          95  2.913431021739164E-009
          96  3.473544601188579E-009
          97  1.525107071942366E-009
          98  1.431181530098417E-009
          99  1.597981143313349E-009
         100  1.410991750818377E-009
         101  1.045552360124864E-009
         102  1.790542720022047E-009
         103  1.707856393942319E-009
         104  1.663445049767492E-009
         105  1.766018429727347E-009
         106  2.241042617383292E-009
         107  1.702122952543479E-009
         108  5.695408484826849E-009
         109  2.565225900699344E-009
         110  7.204232873952453E-009
         111  5.095276067596055E-009
         112  6.835415602893258E-009
         113  3.480745713723968E-009
         114  2.781688570278844E-009
         115  1.467619077547009E-009
         116  1.534449746318485E-009
         117  1.345944606657005E-009
         118  1.433633104843044E-009
         119  5.416551848194837E-010
         120  7.593517720822157E-010
         121  6.153222888649750E-010
         122  7.779913736501915E-010
         123  6.994093640180463E-010
         124  1.767602482638560E-008
         125  7.838903919575471E-008
         126  6.422958287374106E-007
         127  3.263353182315840E-006
         128  2.701018812862225E-005
         129  1.350835371320432E-004
         130  3.379907252254895E-004
         131  1.114079490230052E-003
         132  1.053674401686771E-003
         133  3.257868212609447E-005
         134  8.130174135980471E-005
         135  8.625289025479931E-005
         136  2.197406668454959E-004
         137  1.178555745933136E-004
         138  8.608140679284197E-005
         139  1.378855935534417E-005
         140  3.097641847518377E-005
         141  2.225639361399011E-005
         142  8.851976292477619E-006
         143  1.695621852854317E-006
         144  8.925921718999329E-006
         145  4.839173031630780E-006
         146  1.784178047390465E-005
         147  1.129891838236991E-005
         148  7.678930777907024E-006
         149  4.419722259096561E-006
         150  1.830628723250936E-005
         151  8.364520269712642E-006
         152  1.403761475828392E-005
         153  8.294902052608325E-006
         154  1.744592535169519E-005
         155  9.709501050978131E-006
         156  5.397031852191763E-005
         157  2.186697458072495E-005
         158  3.635743517134966E-005
         159  2.103346392073259E-005
         160  1.312079046288683E-004
         161  5.517410369874186E-005
         162  7.821914827530129E-005
         163  5.436834910321332E-005
         164  8.635703398795130E-005
         165  4.384603607022343E-005
         166  1.048097645737563E-004
         167  2.530224671557617E-005
         168  5.612581485962812E-005
         169  3.338535604377404E-005
         170  5.758255824783811E-005
         171  3.027674111645237E-005
         172  9.119629784103436E-005
         173  3.488927806201697E-005
         174  5.118744446741939E-005
         175  2.728621369990459E-005
         176  1.936627847692053E-005
         177  8.557787938528083E-006
         178  1.849981540774057E-005
         179  6.290573366342534E-006
         180  1.042857053601861E-005
         181  5.497128565018960E-006
         182  1.293860278679935E-005
         183  6.912258204593750E-006
         184  1.266406163290196E-005
         185  3.995146654888503E-006
         186  1.515430200786427E-005
         187  4.418449046691381E-006
         188  1.433709456908209E-005
         189  1.235089058307143E-005
         190  2.559386882730534E-005
         191  2.901048265752033E-005
         192  1.016964016937705E-004
         193  1.319530778129683E-004
         194  3.241520718688619E-004
         195  2.227561707222431E-004
         196  4.232440816426559E-004
         197  2.226557970966797E-004
         198  1.619896013525606E-004
         199  1.292607627387562E-005
         200  2.321949597196817E-006
         201  8.747130861145714E-008
         202  1.050432746050280E-007
         203  2.527294929159151E-008
         204  8.839955652468526E-008
         205  7.761383580486108E-008
         206  2.201665145969461E-006
         207  1.453169608886020E-006
         208  2.420573338810775E-006
         209  1.522598662037758E-006
         226  6.050890787113392E-014
         227  4.672973731199092E-015
         230  2.851481262300578E-012
         231  7.015078413870954E-012
         232  5.409932583698494E-007
         234  9.284178074034244E-012
         235  1.507443513626748E-007
         236  1.508448647184464E-009
         238  1.689590211472336E-007
         240  2.927477530477826E-013
         244  3.573580755951948E-009
