           1  7.464178345344305E-005
           2  6.470609901488105E-012
           3  1.574717819390911E-008
           4  8.357451237143544E-005
           6  5.674563962362780E-015
           7  3.114017005274736E-012
           8  2.708281752318958E-013
           9  1.912633244112939E-009
          10  2.713051082138141E-014
          14  2.008001364804400E-015
          15  1.916671470287887E-012
          16  1.211701876936817E-009
          17  9.055130714139788E-011
          18  4.502974702209336E-010
          19  2.025111945530398E-010
          20  4.565089084268128E-009
          21  7.489171528378445E-010
          22  1.602949112755447E-009
          23  4.814957244587174E-009
          24  1.118277193808335E-008
          25  1.365005672206412E-008
          26  1.209786506047783E-008
          27  2.649104916171421E-009
          28  1.589364585409859E-009
          29  8.409475716200102E-010
          30  2.683818651472279E-009
          31  4.829566892535503E-010
          32  6.056274460263298E-010
          33  7.642140746947403E-010
          34  4.276393665253934E-009
          35  2.975569211097068E-010
          36  1.186808293114293E-009
          37  8.137508589674500E-010
          38  1.086566323427756E-009
          39  3.098644732610619E-010
          40  6.200229681138464E-010
          41  8.623063385748399E-010
          42  5.973903093277803E-009
          43  5.290766350988211E-010
          44  9.708113710193715E-010
          45  4.303691324058026E-009
          46  7.345422589773812E-009
          47  8.089645461349638E-009
          48  6.048309367799621E-009
          49  5.343524144003735E-010
          50  3.154732603802728E-009
          51  1.577009257822296E-009
          52  6.352227423335661E-009
          53  2.209131691716913E-010
          54  5.323473166159212E-010
          55  3.471147975558448E-010
          56  4.062356823860702E-010
          57  1.112804819313496E-010
          58  2.129956578001104E-010
          59  1.506857715038044E-010
          60  1.738234051676400E-010
          61  1.707923573205434E-010
          62  8.265735063396078E-010
          63  3.457071205805075E-010
          64  3.595548968436313E-010
          65  3.077366773376088E-010
          66  4.497851442325208E-010
          67  5.737974792334669E-010
          68  8.535010335660968E-010
          69  1.599047069640158E-010
          70  4.746687980059047E-010
          71  1.656943504499839E-010
          72  2.118541193235856E-010
          73  2.178950580268260E-010
          74  4.405773505950240E-010
          75  1.015894960601034E-009
          76  2.767949290128006E-009
          77  5.525978976718248E-009
          78  1.019282500844265E-008
          79  7.855461804825811E-009
          80  3.157147245504140E-008
          81  1.229095476295201E-008
          82  1.087257157105679E-008
          83  4.704024432760533E-009
          84  5.055688246457746E-009
          85  3.396372152968325E-009
          86  3.684449062728122E-009
          87  2.452099190942521E-009
          88  5.929843450231587E-009
          89  2.679035209637222E-009
          90  5.008642014314961E-009
          91  3.418208563501310E-009
          92  2.866906603962624E-009
          93  2.366641119391886E-009
          94  5.485496367583419E-009
          95  2.845979087053564E-009
          96  3.409973010475798E-009
          97  1.512119003069570E-009
          98  1.422100236497490E-009
          99  1.578001662478170E-009
         100  1.401598804385170E-009
         101  1.026879087809405E-009
         102  1.727141910389500E-009
         103  1.638688430236275E-009
         104  1.588573746116492E-009
         105  1.671487563542781E-009
         106  2.138484163069490E-009
         107  1.626723097287690E-009
         108  5.421802668597962E-009
         109  2.443260453059284E-009
         110  6.809569750152262E-009
         111  4.837616449411342E-009
         112  6.489147166796649E-009
         113  3.329777737914793E-009
         114  2.675145520342079E-009
         115  1.420421899368566E-009
         116  1.485414185834912E-009
         117  1.339014274522660E-009
         118  1.431210117039800E-009
         119  5.188568141217499E-010
         120  7.225664250623477E-010
         121  5.886505464350211E-010
         122  7.777416018830241E-010
         123  6.747696141207347E-010
         124  1.808957962001304E-008
         125  7.190206412759412E-008
         126  5.997758695689684E-007
         127  3.097523682085867E-006
         128  2.579372917233072E-005
         129  1.293878783687121E-004
         130  3.228843957482120E-004
         131  1.094705937412704E-003
         132  1.029145445586308E-003
         133  3.364767972861812E-005
         134  8.487989224960849E-005
         135  8.331379226441543E-005
         136  2.165771229536161E-004
         137  1.170715216947983E-004
         138  8.438238359366514E-005
         139  1.409401590335780E-005
         140  3.334541817523449E-005
         141  2.551661084473507E-005
         142  9.877906748236372E-006
         143  1.655632237604779E-006
         144  6.388717554699393E-006
         145  2.744105464091073E-006
         146  1.037228774436847E-005
         147  1.026873437818543E-005
         148  2.987075869828665E-005
         149  2.263161610980107E-005
         150  5.471223609592662E-005
         151  2.037883091226026E-005
         152  3.963922241158582E-005
         153  2.518176847641574E-005
         154  4.952511637565993E-005
         155  2.184523843139840E-005
         156  3.424920765861993E-005
         157  1.792378289876649E-005
         158  6.129702497744327E-005
         159  4.974900924791798E-005
         160  6.860257886535499E-005
         161  2.521531176866567E-005
         162  6.286746908562987E-005
         163  3.202315904434337E-005
         164  8.049908225965291E-005
         165  4.801779383077237E-005
         166  1.562231931043248E-004
         167  4.219893046770091E-005
         168  7.466462023155889E-005
         169  4.417278456233288E-005
         170  3.102779425367874E-005
         171  1.387465839689784E-005
         172  4.467588443378568E-005
         173  2.628551673315704E-005
         174  5.080444355038105E-005
         175  2.836584885504164E-005
         176  2.816032216830832E-005
         177  1.059017507392317E-005
         178  1.671411478173641E-005
         179  5.704909366659217E-006
         180  9.674223714637040E-006
         181  5.122719157256754E-006
         182  1.246604234612332E-005
         183  6.780333350198946E-006
         184  1.257222867048834E-005
         185  3.983294173451372E-006
         186  1.524608280558430E-005
         187  4.443276000845741E-006
         188  1.427373587924352E-005
         189  1.210118668686392E-005
         190  2.528755738770520E-005
         191  2.846831924450899E-005
         192  9.974763066174321E-005
         193  1.300856901268295E-004
         194  3.223761215609248E-004
         195  2.228840418640928E-004
         196  4.219523327553481E-004
         197  2.238573311468772E-004
         198  1.634868741234142E-004
         199  1.324411959205316E-005
         200  2.352417735461856E-006
         201  8.335385878954925E-008
         202  1.017136930673836E-007
         203  2.572028112348025E-008
         204  7.813220495643460E-008
         205  6.727463068173774E-008
         206  2.344377521485686E-006
         207  1.527820021188204E-006
         208  2.564979606711090E-006
         209  1.664311144681964E-006
         210  1.040271804001153E-015
         226  7.367105395007183E-014
         227  5.571807943614191E-015
         230  3.471747174150876E-012
         231  8.364410304838779E-012
         232  6.415617210393512E-007
         234  1.130371060788134E-011
         235  1.797396310554469E-007
         236  1.830674514705034E-009
         238  2.057116811428570E-007
         240  3.551738933670880E-013
         244  4.335618556040592E-009
