           1  7.512069421782233E-005
           2  6.470609901488105E-012
           3  1.574717819390911E-008
           4  8.420252366363702E-005
           6  5.674563962362780E-015
           7  3.114017005274736E-012
           8  2.708281752318958E-013
           9  1.912633244112939E-009
          10  2.713051082138141E-014
          14  1.696482777535773E-015
          15  1.689045808306948E-012
          16  1.195582637529979E-009
          17  8.947461446129736E-011
          18  4.499477903113968E-010
          19  2.047959941947777E-010
          20  4.467658032263095E-009
          21  7.311113122079896E-010
          22  1.718979952508705E-009
          23  4.724186187758540E-009
          24  1.102384119570340E-008
          25  1.346727424015154E-008
          26  1.204530398377330E-008
          27  2.553298320153294E-009
          28  1.566328677760057E-009
          29  8.681655383566496E-010
          30  2.779012684218300E-009
          31  4.719414469619297E-010
          32  5.927327823085093E-010
          33  7.673098749497849E-010
          34  4.331881518343336E-009
          35  2.910800018280266E-010
          36  1.184338569210665E-009
          37  7.213373170010008E-010
          38  9.526170005482084E-010
          39  2.737823540551967E-010
          40  6.149505704966480E-010
          41  9.069644835565841E-010
          42  6.140497935551564E-009
          43  5.110084892228429E-010
          44  9.674028803005941E-010
          45  4.223321953148378E-009
          46  7.258887781351563E-009
          47  8.143818351724613E-009
          48  6.117592519199944E-009
          49  4.892245643697206E-010
          50  3.153051870440181E-009
          51  1.601529337221567E-009
          52  6.249931376319984E-009
          53  2.045484290412143E-010
          54  5.007387632284513E-010
          55  3.303222224757172E-010
          56  3.996553229422625E-010
          57  1.035128698382601E-010
          58  2.243815806625372E-010
          59  1.545473884878224E-010
          60  1.676758384211181E-010
          61  1.668539678407775E-010
          62  8.044503685518940E-010
          63  3.361573050789247E-010
          64  3.753807700878811E-010
          65  3.275772672734033E-010
          66  4.478562058908633E-010
          67  5.837401945259205E-010
          68  8.460045208171235E-010
          69  1.611936454236492E-010
          70  4.949282527295199E-010
          71  1.710240784163528E-010
          72  2.114511485089062E-010
          73  2.245403322867165E-010
          74  4.361870194554150E-010
          75  1.006398722242455E-009
          76  2.761474350196021E-009
          77  5.577577045565782E-009
          78  1.031476893406843E-008
          79  7.868536584909597E-009
          80  3.172286613109710E-008
          81  1.159632331392359E-008
          82  1.033640674258263E-008
          83  4.495381299311760E-009
          84  5.119690400925107E-009
          85  3.476912517759631E-009
          86  3.709446783150644E-009
          87  2.283164216231481E-009
          88  5.594790926673518E-009
          89  2.615639422590366E-009
          90  5.039589762416324E-009
          91  3.287604417017098E-009
          92  2.720930976283884E-009
          93  2.263270071225244E-009
          94  5.261902132927809E-009
          95  2.641941501473785E-009
          96  3.412014392898436E-009
          97  1.463585825857975E-009
          98  1.348276364949456E-009
          99  1.503968902580670E-009
         100  1.284708779205157E-009
         101  9.688297177966024E-010
         102  1.672838870472066E-009
         103  1.578756446154474E-009
         104  1.524369323978631E-009
         105  1.636249255333911E-009
         106  2.029949014118451E-009
         107  1.559264328549113E-009
         108  5.238119670347002E-009
         109  2.390732699097410E-009
         110  6.725786754554279E-009
         111  4.714209991195968E-009
         112  6.195895188103754E-009
         113  3.063949719478361E-009
         114  2.393037076175753E-009
         115  1.272351515981760E-009
         116  1.327582004085547E-009
         117  1.211629494963927E-009
         118  1.321917273325742E-009
         119  4.939364928138804E-010
         120  7.130937142734508E-010
         121  5.771853424696538E-010
         122  7.643417138271140E-010
         123  6.633811119158711E-010
         124  1.966640952755255E-008
         125  7.714149495544854E-008
         126  6.267093941424600E-007
         127  3.269864642429484E-006
         128  2.723625199609776E-005
         129  1.328797057152301E-004
         130  3.248715769362904E-004
         131  1.077761759296493E-003
         132  9.969180367792919E-004
         133  3.268789008465967E-005
         134  8.168613336747031E-005
         135  7.375811630063483E-005
         136  1.991528909457175E-004
         137  1.102248691311310E-004
         138  8.974072070477412E-005
         139  1.394486110657640E-005
         140  3.263706794795564E-005
         141  2.469740081351228E-005
         142  9.733517391486616E-006
         143  1.884006119893301E-006
         144  9.955214643611364E-006
         145  5.819434075935830E-006
         146  2.255071645432742E-005
         147  1.467023545328693E-005
         148  1.890101471410430E-005
         149  1.624515978203082E-005
         150  3.223786064946928E-005
         151  4.206714566257457E-005
         152  7.993770186854290E-005
         153  3.018904480929574E-005
         154  3.288254866019818E-005
         155  1.272401742355225E-005
         156  1.961241442120407E-005
         157  1.439006905037162E-005
         158  8.232472878201333E-005
         159  7.756499732116655E-005
         160  1.120158418266607E-004
         161  3.871904089788052E-005
         162  5.994563341681241E-005
         163  3.825293055100558E-005
         164  1.232401625954915E-004
         165  7.439857971902985E-005
         166  1.331268972253333E-004
         167  3.233219850112547E-005
         168  6.219256105892767E-005
         169  1.830679919824594E-005
         170  2.195167243753653E-005
         171  1.607499294537934E-005
         172  6.761939944453266E-005
         173  2.654547277766563E-005
         174  2.969047392016800E-005
         175  1.916444997836506E-005
         176  2.220135765193918E-005
         177  1.098701011679880E-005
         178  2.230074582237555E-005
         179  1.146942525229220E-005
         180  2.010215380442560E-005
         181  8.414985070879735E-006
         182  1.596880501265988E-005
         183  7.794799210111272E-006
         184  1.324601549187945E-005
         185  4.054676749225590E-006
         186  1.516898529627792E-005
         187  4.463093685902402E-006
         188  1.472843013929473E-005
         189  1.289802758580630E-005
         190  2.583904772886627E-005
         191  2.975837899575638E-005
         192  1.034952618192239E-004
         193  1.322375419611501E-004
         194  3.144944600292952E-004
         195  2.155765576648242E-004
         196  4.112040851673836E-004
         197  2.101974615488537E-004
         198  1.480569442645167E-004
         199  1.143110516156124E-005
         200  2.127203137769736E-006
         201  8.669421270336345E-008
         202  1.140580766579733E-007
         203  2.923293855893217E-008
         204  8.585212898449048E-008
         205  7.201174875165714E-008
         206  2.422062972269628E-006
         207  1.576558821894639E-006
         208  2.634860639813214E-006
         209  1.699025562502363E-006
         210  1.058157735969633E-015
         226  7.493771854078460E-014
         227  5.734666369681891E-015
         230  3.531438721612438E-012
         231  8.608893731226748E-012
         232  6.443899423299080E-007
         234  1.149806115946122E-011
         235  1.849932423988221E-007
         236  1.961538074681617E-009
         238  2.092485886313291E-007
         240  3.813559525057346E-013
         244  4.655223751007850E-009
