           1  7.416297478031393E-005
           2  6.470609901488105E-012
           3  1.574717819390911E-008
           4  8.257539057276153E-005
           6  5.674563962362780E-015
           7  3.114017005274736E-012
           8  2.708281752318958E-013
           9  1.912633244112939E-009
          10  2.713051082138141E-014
          14  2.321273271477451E-015
          15  2.183361392251622E-012
          16  1.246198490521956E-009
          17  9.260056922181579E-011
          18  4.454233965873286E-010
          19  1.930718481032905E-010
          20  4.623928446512888E-009
          21  7.663064537860772E-010
          22  1.605338904108659E-009
          23  4.863253180676483E-009
          24  1.128635166753581E-008
          25  1.366129212554733E-008
          26  1.237902008226317E-008
          27  2.741276119831308E-009
          28  1.593338133251406E-009
          29  7.833648025001513E-010
          30  2.601319983089058E-009
          31  4.665550135401726E-010
          32  5.782583969909785E-010
          33  7.768442668022123E-010
          34  4.401785539739869E-009
          35  2.953788701341086E-010
          36  1.150238973184017E-009
          37  9.093551632146609E-010
          38  1.238792191245132E-009
          39  3.281367676527657E-010
          40  5.865749287539268E-010
          41  8.010512787268446E-010
          42  5.982789159199250E-009
          43  5.269483870481381E-010
          44  9.492250305555709E-010
          45  4.243498624952560E-009
          46  7.432651802756199E-009
          47  8.147831366529973E-009
          48  6.010593211866196E-009
          49  5.754653281794617E-010
          50  3.159220687091818E-009
          51  1.526768838525411E-009
          52  6.240737502448004E-009
          53  2.411127807078108E-010
          54  6.195202632363792E-010
          55  4.029066058363089E-010
          56  4.192336844984206E-010
          57  1.124953961182577E-010
          58  2.072175578404676E-010
          59  1.448248115356929E-010
          60  1.656546639026378E-010
          61  1.670382801899824E-010
          62  8.135549098257621E-010
          63  3.381301364219520E-010
          64  3.484772848577010E-010
          65  2.942844893993026E-010
          66  4.277691484422365E-010
          67  5.653603911489231E-010
          68  8.651879133674707E-010
          69  1.635525516132375E-010
          70  4.884208419903774E-010
          71  1.681845545930512E-010
          72  2.079206281031772E-010
          73  2.065588430220508E-010
          74  4.245875445056892E-010
          75  1.002021204560305E-009
          76  2.748625395769247E-009
          77  5.458482526414101E-009
          78  1.009411469980475E-008
          79  7.855023548194610E-009
          80  3.229414401492589E-008
          81  1.277431827357190E-008
          82  1.108696151899006E-008
          83  4.733106098597479E-009
          84  4.883699594623248E-009
          85  3.334638436526116E-009
          86  3.652191315125668E-009
          87  2.539081282572063E-009
          88  6.283545488494623E-009
          89  2.830059174618828E-009
          90  5.281628571648134E-009
          91  3.566859495843763E-009
          92  2.836398316186604E-009
          93  2.371049888598676E-009
          94  5.898352739709685E-009
          95  3.048991512440134E-009
          96  3.461117052342412E-009
          97  1.530529444254368E-009
          98  1.428058733509409E-009
          99  1.576465197716841E-009
         100  1.414073779100092E-009
         101  1.051756655568214E-009
         102  1.813815799591954E-009
         103  1.730232650224584E-009
         104  1.677982114770188E-009
         105  1.736251806353597E-009
         106  2.219753277776413E-009
         107  1.698342747917501E-009
         108  5.620078668276296E-009
         109  2.521420061730050E-009
         110  7.106513879885655E-009
         111  5.096926151910078E-009
         112  6.894034148328424E-009
         113  3.555014320323124E-009
         114  2.877011651171783E-009
         115  1.520046156326905E-009
         116  1.594648873466524E-009
         117  1.428600182593820E-009
         118  1.524381794502970E-009
         119  5.540762147847480E-010
         120  7.692551154630999E-010
         121  6.275171041317037E-010
         122  7.996319478843004E-010
         123  7.042387200318080E-010
         124  1.725555332075631E-008
         125  7.407662920900779E-008
         126  6.112904955188804E-007
         127  3.120472376635864E-006
         128  2.584440059543742E-005
         129  1.304860698698572E-004
         130  3.282666954777572E-004
         131  1.104593241204960E-003
         132  1.061285462175893E-003
         133  3.281953883402553E-005
         134  8.402102945186933E-005
         135  9.597085893244835E-005
         136  2.279840681505435E-004
         137  1.193005266485016E-004
         138  8.175875644978768E-005
         139  1.484750944260870E-005
         140  3.517367620505571E-005
         141  2.561600869078786E-005
         142  1.016635445054896E-005
         143  1.768900322345240E-006
         144  7.423125925827694E-006
         145  3.762702754594329E-006
         146  1.414542090297019E-005
         147  1.106839356526759E-005
         148  1.027444165921770E-005
         149  8.354789158924997E-006
         150  5.507675008682872E-005
         151  2.298892215341880E-005
         152  3.367191586915336E-005
         153  1.251183227133159E-005
         154  1.741594399434136E-005
         155  7.396284296839926E-006
         156  2.390909123305920E-005
         157  2.140829838088425E-005
         158  4.583584003797272E-005
         159  2.301375919512394E-005
         160  6.218880404366002E-005
         161  3.815878182505630E-005
         162  1.264028173895008E-004
         163  9.767637740421875E-005
         164  8.501964923004621E-005
         165  2.502853178786931E-005
         166  9.740669792784432E-005
         167  2.712125114860114E-005
         168  8.540341218586218E-005
         169  3.606172498931844E-005
         170  3.154947256244585E-005
         171  1.883872211700594E-005
         172  3.000296304154781E-005
         173  1.856151380126350E-005
         174  3.967618524418667E-005
         175  2.684457220362244E-005
         176  2.820075747110952E-005
         177  1.125773475630265E-005
         178  1.198775300049887E-005
         179  6.084381186331051E-006
         180  1.293676781223380E-005
         181  6.011346835707081E-006
         182  1.283905351598466E-005
         183  6.665040555265757E-006
         184  1.199085807730660E-005
         185  3.757510372099993E-006
         186  1.404608928761557E-005
         187  4.063234921536766E-006
         188  1.306914798800362E-005
         189  1.121797619389230E-005
         190  2.399771595192638E-005
         191  2.741527332327480E-005
         192  9.770730701920131E-005
         193  1.285911986976221E-004
         194  3.232284991791618E-004
         195  2.295506847400589E-004
         196  4.451508914769776E-004
         197  2.376499552221065E-004
         198  1.757928285177460E-004
         199  1.446144286577884E-005
         200  2.540934543087202E-006
         201  8.783021167666000E-008
         202  1.031305672299381E-007
         203  2.537322267795983E-008
         204  7.852209932370650E-008
         205  6.889228050858382E-008
         206  2.293441073302150E-006
         207  1.510371260926388E-006
         208  2.532536291902966E-006
         209  1.620815780737838E-006
         226  6.583481024020056E-014
         227  5.059102205622628E-015
         230  3.102464321564828E-012
         231  7.594735326518394E-012
         232  5.898008482668551E-007
         234  1.010135735786205E-011
         235  1.632003782457317E-007
         236  1.589906993819749E-009
         238  1.838305381298187E-007
         240  3.082096953646866E-013
         244  3.762325157704226E-009
