           1  7.419763203798982E-005
           2  6.470609901488105E-012
           3  1.574717819390911E-008
           4  8.162319480654404E-005
           6  5.674563962362780E-015
           7  3.114017005274736E-012
           8  2.708281752318958E-013
           9  1.912633244112939E-009
          10  2.713051082138141E-014
          14  2.335513425270392E-015
          15  2.149238104140945E-012
          16  1.249534822617203E-009
          17  9.265789783761338E-011
          18  4.626101576009417E-010
          19  2.172566766629820E-010
          20  4.618254657695956E-009
          21  7.508241587601739E-010
          22  1.667453777556155E-009
          23  4.856343828958730E-009
          24  1.126963299399012E-008
          25  1.378081092168425E-008
          26  1.252697347577279E-008
          27  2.649694752909258E-009
          28  1.555529003454049E-009
          29  8.504695986832656E-010
          30  2.700561615127449E-009
          31  4.666923137609957E-010
          32  6.041710170578550E-010
          33  7.685428034045336E-010
          34  4.348817271385730E-009
          35  3.013528397133327E-010
          36  1.226745666296090E-009
          37  8.464427952366004E-010
          38  1.135381494067419E-009
          39  2.983372693518077E-010
          40  5.932640725072079E-010
          41  8.522707094239237E-010
          42  5.902573199454072E-009
          43  5.096709693384810E-010
          44  9.836786773309117E-010
          45  4.331836990120157E-009
          46  7.509920820471524E-009
          47  8.240491481694975E-009
          48  6.070397629469886E-009
          49  5.404469325365029E-010
          50  3.144132262137389E-009
          51  1.548134822848324E-009
          52  6.193535199054347E-009
          53  2.253545157399556E-010
          54  5.623705383253785E-010
          55  3.487969740172414E-010
          56  3.934685465666380E-010
          57  1.037965395133215E-010
          58  2.096248419145405E-010
          59  1.442588690701084E-010
          60  1.647861012140421E-010
          61  1.677326750317417E-010
          62  7.976983780948939E-010
          63  3.307000518981156E-010
          64  3.578659800660692E-010
          65  3.046870484961203E-010
          66  4.326514844495442E-010
          67  5.694403412378272E-010
          68  8.251178714108629E-010
          69  1.547961552025221E-010
          70  4.663187807817638E-010
          71  1.612660619331615E-010
          72  2.028728704885206E-010
          73  2.178357618638244E-010
          74  4.300289117470047E-010
          75  9.968802409806137E-010
          76  2.711790508611239E-009
          77  5.513924534605882E-009
          78  1.033922524587538E-008
          79  8.037135051077003E-009
          80  3.208985346353926E-008
          81  1.300027799728877E-008
          82  1.118536490228103E-008
          83  4.761481018291485E-009
          84  5.146509625497713E-009
          85  3.483099045727537E-009
          86  3.784455414249125E-009
          87  2.542444138388722E-009
          88  6.140356723212378E-009
          89  2.748357078712653E-009
          90  5.235799980206065E-009
          91  3.613076600492052E-009
          92  2.949841732496333E-009
          93  2.419593972950423E-009
          94  5.608723216703613E-009
          95  2.952044754220740E-009
          96  3.672326945949533E-009
          97  1.608783962658152E-009
          98  1.470681274648395E-009
          99  1.619997729962805E-009
         100  1.426334059607112E-009
         101  1.049291154054460E-009
         102  1.816457986621238E-009
         103  1.712762854230946E-009
         104  1.667595429568890E-009
         105  1.758881970168656E-009
         106  2.226902194268896E-009
         107  1.713509062466775E-009
         108  5.820219273394262E-009
         109  2.605837445560085E-009
         110  7.236676126580321E-009
         111  5.208171099142017E-009
         112  6.953810171449944E-009
         113  3.535395066209071E-009
         114  2.802279018939608E-009
         115  1.464930672957997E-009
         116  1.521080878435757E-009
         117  1.361270295179225E-009
         118  1.472011165114083E-009
         119  5.494859843070728E-010
         120  7.819974958938975E-010
         121  6.419911852243929E-010
         122  8.099361668280672E-010
         123  7.305316705149380E-010
         124  1.863764549431606E-008
         125  8.362072459396876E-008
         126  6.763035105509306E-007
         127  3.423637503132408E-006
         128  2.797944288867051E-005
         129  1.383411002581756E-004
         130  3.391431909523809E-004
         131  1.111358141372122E-003
         132  1.054777582472606E-003
         133  3.249251326317677E-005
         134  8.154224845555847E-005
         135  9.017387413361595E-005
         136  2.221813855104363E-004
         137  1.170366977729314E-004
         138  8.053236613807043E-005
         139  1.437373601302566E-005
         140  3.250640026632643E-005
         141  2.262446568205163E-005
         142  8.721010492661173E-006
         143  1.420611594535332E-006
         144  5.085128698449981E-006
         145  1.838668791205647E-006
         146  7.668721991750956E-006
         147  1.113950041599839E-005
         148  1.871480622785131E-005
         149  1.141620811896652E-005
         150  2.189417604367096E-005
         151  9.223245128008677E-006
         152  1.946427209451797E-005
         153  1.154729559400532E-005
         154  3.721832889093960E-005
         155  1.849528410917795E-005
         156  2.675121790990763E-005
         157  1.922049913990042E-005
         158  4.304326675132653E-005
         159  2.167767285755014E-005
         160  5.063840044437493E-005
         161  3.191856033240596E-005
         162  1.186560327590194E-004
         163  4.509981349362824E-005
         164  7.192637259970432E-005
         165  4.620807205696035E-005
         166  1.067362575481136E-004
         167  4.044876552468098E-005
         168  1.315184578799650E-004
         169  6.549896279003504E-005
         170  3.420925751565802E-005
         171  1.324567395734996E-005
         172  3.926114625079238E-005
         173  2.327152821055931E-005
         174  5.363886183869015E-005
         175  2.604285046479306E-005
         176  5.683102748667157E-005
         177  1.850941529980183E-005
         178  1.322406187244952E-005
         179  5.633155145816703E-006
         180  1.144510826319490E-005
         181  5.659380009364728E-006
         182  1.269028445449398E-005
         183  6.606939423461637E-006
         184  1.202944129308062E-005
         185  3.807374387126880E-006
         186  1.436504112266064E-005
         187  4.237119074662852E-006
         188  1.414837594027149E-005
         189  1.221696311738860E-005
         190  2.565223246917035E-005
         191  2.819128063770605E-005
         192  1.006116139400528E-004
         193  1.318465821502523E-004
         194  3.259735551740907E-004
         195  2.245754856213488E-004
         196  4.235558325577894E-004
         197  2.206339767034050E-004
         198  1.586904622998827E-004
         199  1.286170467391349E-005
         200  2.285450131368111E-006
         201  8.650942929654568E-008
         202  1.031499986236713E-007
         203  2.465098201208787E-008
         204  8.508324452197547E-008
         205  7.531062925319093E-008
         206  2.244156083542099E-006
         207  1.468162003404419E-006
         208  2.435182911942148E-006
         209  1.556733221470869E-006
         226  6.327167580381922E-014
         227  4.916628911145576E-015
         230  2.981676654504894E-012
         231  7.380854104382232E-012
         232  5.717961708478125E-007
         234  9.708083088464664E-012
         235  1.586043660278468E-007
         236  1.590900507389715E-009
         238  1.766734979405947E-007
         240  3.087563053623291E-013
         244  3.768997642627678E-009
