           1  7.460020945439629E-005
           2  6.470609901488105E-012
           3  1.574717819390911E-008
           4  8.184331154955800E-005
           6  5.674563962362780E-015
           7  3.114017005274736E-012
           8  2.708281752318958E-013
           9  1.912633244112939E-009
          10  2.713051082138141E-014
          14  1.899109539333743E-015
          15  1.949555985644446E-012
          16  1.215420937421272E-009
          17  9.051405883976358E-011
          18  4.557064776576795E-010
          19  2.117155353465085E-010
          20  4.624868960459345E-009
          21  7.294084043189871E-010
          22  1.557359386995100E-009
          23  4.878010270400807E-009
          24  1.126385272825907E-008
          25  1.392428519988293E-008
          26  1.181257918884186E-008
          27  2.283384911528790E-009
          28  1.506167109398411E-009
          29  9.291179493868612E-010
          30  2.770244310089344E-009
          31  4.360574787998423E-010
          32  6.562075729681580E-010
          33  8.701818095054725E-010
          34  4.207197612262052E-009
          35  2.821249845445304E-010
          36  1.206282548659591E-009
          37  7.171495157528853E-010
          38  9.701849280221918E-010
          39  2.857064741136576E-010
          40  6.556404032642133E-010
          41  9.775960219814347E-010
          42  6.111643987719329E-009
          43  4.832772586239738E-010
          44  1.062482507510438E-009
          45  4.666524873618300E-009
          46  7.393647511108645E-009
          47  7.921514108350619E-009
          48  5.840798409694697E-009
          49  4.796417746287606E-010
          50  3.117847008221539E-009
          51  1.583234005873362E-009
          52  6.322027534924914E-009
          53  2.015180107801194E-010
          54  4.914782924464456E-010
          55  3.091767276609946E-010
          56  3.987552385586974E-010
          57  9.900412246203880E-011
          58  2.346714413314380E-010
          59  1.543085397645231E-010
          60  1.795861516087201E-010
          61  1.948162126358206E-010
          62  8.778338665025135E-010
          63  3.550913757226342E-010
          64  3.989073084119594E-010
          65  3.372602561788823E-010
          66  4.462020804742613E-010
          67  5.890341959312473E-010
          68  7.945621292293629E-010
          69  1.521425007116231E-010
          70  4.711209664106285E-010
          71  1.605969937562847E-010
          72  2.014791967216845E-010
          73  2.364100616958273E-010
          74  4.604077341626529E-010
          75  1.114820505223066E-009
          76  2.864710843945795E-009
          77  5.719929581399114E-009
          78  1.017192528595512E-008
          79  8.056071305607432E-009
          80  3.164030643460361E-008
          81  1.181126991364881E-008
          82  1.038823780798708E-008
          83  4.529096731864856E-009
          84  5.333180886520644E-009
          85  3.592236220207006E-009
          86  3.838156266670956E-009
          87  2.429538655818243E-009
          88  5.810358657695168E-009
          89  2.600441017422581E-009
          90  5.114404445532723E-009
          91  3.446708368945598E-009
          92  2.955865539860298E-009
          93  2.442167705045699E-009
          94  5.351497133593813E-009
          95  2.752971294721571E-009
          96  3.670796125563221E-009
          97  1.547552246920369E-009
          98  1.378652080858831E-009
          99  1.502761101502768E-009
         100  1.262116366748181E-009
         101  9.519768069610810E-010
         102  1.726581909886169E-009
         103  1.633516195691811E-009
         104  1.602142025652519E-009
         105  1.756795550368739E-009
         106  2.215401927560111E-009
         107  1.736539860434309E-009
         108  6.014292609968900E-009
         109  2.669007336123295E-009
         110  6.987858422274553E-009
         111  4.901687698553879E-009
         112  6.176699628942896E-009
         113  2.981478426981399E-009
         114  2.238948269472142E-009
         115  1.150701242495630E-009
         116  1.181557162550544E-009
         117  1.120634200928834E-009
         118  1.225907751265394E-009
         119  4.469820094602168E-010
         120  6.548856054188164E-010
         121  5.339237427403974E-010
         122  6.821885555317642E-010
         123  6.686304463497903E-010
         124  2.150217594736291E-008
         125  1.030965482447872E-007
         126  8.052685499494579E-007
         127  4.098453871788237E-006
         128  3.267956648964472E-005
         129  1.492497734610810E-004
         130  3.300412798903214E-004
         131  1.072555694281175E-003
         132  1.009543095928928E-003
         133  3.474672354520903E-005
         134  8.632318298626330E-005
         135  7.668364602639355E-005
         136  2.128207662963589E-004
         137  1.178739217132837E-004
         138  9.226409902112729E-005
         139  1.454708242099467E-005
         140  3.248931853805606E-005
         141  2.505146422332988E-005
         142  9.568533237107692E-006
         143  1.550287057790211E-006
         144  5.415169013431439E-006
         145  1.993769959267727E-006
         146  9.794633822272126E-006
         147  1.559200864442079E-005
         148  1.710010927765186E-005
         149  1.144705979971754E-005
         150  4.283892409937194E-005
         151  3.741179852066112E-005
         152  4.884925009618959E-005
         153  1.630532790486880E-005
         154  3.529219403296887E-005
         155  1.784789382209218E-005
         156  6.988951608134970E-005
         157  3.770159376789699E-005
         158  7.738956706017666E-005
         159  3.675347606438030E-005
         160  6.426597609888765E-005
         161  3.383186714543382E-005
         162  1.340413018576990E-004
         163  4.616259598961977E-005
         164  4.286433173083479E-005
         165  1.890422431530272E-005
         166  5.567385547447323E-005
         167  2.692890276544973E-005
         168  1.174162923356886E-004
         169  4.634055306289387E-005
         170  5.623941761162047E-005
         171  3.357217065352085E-005
         172  3.662838845287856E-005
         173  2.017235335034526E-005
         174  4.069184541417570E-005
         175  2.070434913390200E-005
         176  2.129206900809462E-005
         177  1.055824006856902E-005
         178  1.659002575203817E-005
         179  8.568880876555121E-006
         180  1.580912102866752E-005
         181  6.792638683444759E-006
         182  1.325337461834393E-005
         183  6.702770676098472E-006
         184  1.209954224068380E-005
         185  3.917900256773665E-006
         186  1.525900794467042E-005
         187  4.666600478380872E-006
         188  1.682984101307630E-005
         189  1.525929221341050E-005
         190  3.051287139062080E-005
         191  3.241084356071456E-005
         192  1.148189021721491E-004
         193  1.479622243454292E-004
         194  3.476499210780570E-004
         195  2.266026688322441E-004
         196  4.107146206358109E-004
         197  2.021801805254342E-004
         198  1.361161071437346E-004
         199  1.062001078960894E-005
         200  1.973778615927273E-006
         201  8.626808921143993E-008
         202  1.133545725816591E-007
         203  2.856630230457447E-008
         204  8.632133769221682E-008
         205  7.278696972015118E-008
         206  2.312622258908302E-006
         207  1.504898989241284E-006
         208  2.510063760410459E-006
         209  1.588748701316372E-006
         226  5.932701995889386E-014
         227  4.651273715313693E-015
         230  2.795784814381382E-012
         231  6.982502302432109E-012
         232  5.336145776116347E-007
         234  9.102835223421998E-012
         235  1.500443356965553E-007
         236  1.582781915986606E-009
         238  1.656588355748364E-007
         240  3.078205345846068E-013
         244  3.757574660184822E-009
