           1  7.479512244646581E-005
           2  6.470609901488105E-012
           3  1.574717819390911E-008
           4  8.130467809096073E-005
           6  5.674563962362780E-015
           7  3.114017005274736E-012
           8  2.708281752318958E-013
           9  1.912633244112939E-009
          10  2.713051082138141E-014
          14  1.751847988855075E-015
          15  1.833442467144152E-012
          16  1.215222195820770E-009
          17  9.068231029806852E-011
          18  4.595069780969519E-010
          19  2.152424321163782E-010
          20  4.533434038700404E-009
          21  7.503919773817280E-010
          22  1.641548358294773E-009
          23  4.801956207892090E-009
          24  1.115531716365806E-008
          25  1.356204139311025E-008
          26  1.189705257867071E-008
          27  2.597578924243924E-009
          28  1.607858222060678E-009
          29  8.750756373908714E-010
          30  2.757010606449643E-009
          31  4.835414091889471E-010
          32  6.503047271925819E-010
          33  7.656074991603808E-010
          34  4.396288379731966E-009
          35  2.944136794279478E-010
          36  1.177863411759557E-009
          37  7.048468704507025E-010
          38  9.209264598442771E-010
          39  2.719771212419405E-010
          40  6.317664820280422E-010
          41  9.309165197580413E-010
          42  6.123804906775734E-009
          43  5.102253906450835E-010
          44  9.559781553033021E-010
          45  4.268805672068197E-009
          46  7.306508416194113E-009
          47  8.232355853777447E-009
          48  6.198053964893204E-009
          49  4.661492917536032E-010
          50  3.118527688321357E-009
          51  1.610752277153250E-009
          52  6.249530946510600E-009
          53  1.981694631088207E-010
          54  4.687697564097311E-010
          55  3.150485532870941E-010
          56  3.953241915492194E-010
          57  1.034382476165879E-010
          58  2.052886915093787E-010
          59  1.446333506136035E-010
          60  1.661438070137308E-010
          61  1.722891267551431E-010
          62  8.388402239899390E-010
          63  3.433918811790490E-010
          64  3.634366369691700E-010
          65  3.153007889845417E-010
          66  4.431945055844328E-010
          67  5.976787073316301E-010
          68  8.776858939532733E-010
          69  1.621527998753043E-010
          70  4.849222923664800E-010
          71  1.682110705530571E-010
          72  2.058160287534914E-010
          73  2.158340677888883E-010
          74  4.386981546947034E-010
          75  1.016803313445918E-009
          76  2.773335958363502E-009
          77  5.435635026768749E-009
          78  1.037924190029319E-008
          79  7.941090188794433E-009
          80  3.178147875225118E-008
          81  1.173385828255038E-008
          82  1.037827912369493E-008
          83  4.511299794331667E-009
          84  5.365166618994104E-009
          85  3.535797046541905E-009
          86  3.758152314670865E-009
          87  2.327638967557421E-009
          88  5.600333232618936E-009
          89  2.674504054170590E-009
          90  5.219865746698678E-009
          91  3.323376245418931E-009
          92  2.823160430856529E-009
          93  2.373453745988252E-009
          94  5.460806338640241E-009
          95  2.705922135423896E-009
          96  3.345565471099920E-009
          97  1.434439839122865E-009
          98  1.329825185613834E-009
          99  1.502878412610000E-009
         100  1.302749518641433E-009
         101  9.874194657389941E-010
         102  1.696742390001692E-009
         103  1.593466303953298E-009
         104  1.531176093922591E-009
         105  1.645989368985310E-009
         106  2.082530903176714E-009
         107  1.609559057901521E-009
         108  5.405851027028040E-009
         109  2.440855027845820E-009
         110  6.837542424401407E-009
         111  4.791671079072131E-009
         112  6.311515092689774E-009
         113  3.133034345127614E-009
         114  2.459234368225769E-009
         115  1.304079843418844E-009
         116  1.363047102407020E-009
         117  1.221667424979386E-009
         118  1.315120965669634E-009
         119  4.938115125767660E-010
         120  7.057146580470345E-010
         121  5.694712652262518E-010
         122  7.344312378739205E-010
         123  6.533375791151231E-010
         124  1.796295855474549E-008
         125  7.580275347329325E-008
         126  6.160836338909289E-007
         127  3.204426143129606E-006
         128  2.684742259649299E-005
         129  1.326391717791835E-004
         130  3.302127383881191E-004
         131  1.081780930599387E-003
         132  1.018238624827294E-003
         133  3.354221642200777E-005
         134  8.312522420720869E-005
         135  7.450616903932803E-005
         136  2.025654928509761E-004
         137  1.124446339450893E-004
         138  9.290529868512875E-005
         139  1.377639197009782E-005
         140  3.178399285808701E-005
         141  2.414221443966913E-005
         142  9.530721684935247E-006
         143  1.577485959128962E-006
         144  5.541119244725363E-006
         145  2.166368838936565E-006
         146  1.123575591923190E-005
         147  1.890605712397128E-005
         148  3.728863376799597E-005
         149  2.240442463166430E-005
         150  3.102912843344718E-005
         151  1.503327062528331E-005
         152  3.044288444538716E-005
         153  1.279753528710258E-005
         154  2.061110411084708E-005
         155  1.083488330523716E-005
         156  7.727473178173252E-005
         157  2.977336950834774E-005
         158  3.681932575428173E-005
         159  1.724621633327465E-005
         160  4.806151717490266E-005
         161  3.065237670173647E-005
         162  1.720215617755185E-004
         163  6.068598683404816E-005
         164  8.331425433867859E-005
         165  6.062659320597335E-005
         166  1.532589712611929E-004
         167  3.500238433431446E-005
         168  4.844147688975205E-005
         169  2.847368913145153E-005
         170  8.895290150639994E-005
         171  5.307071133331646E-005
         172  5.251995208106107E-005
         173  2.253808641085227E-005
         174  2.838425749494528E-005
         175  1.820826162671892E-005
         176  2.086178616401565E-005
         177  1.145269889331374E-005
         178  2.944557143832177E-005
         179  1.139337522909337E-005
         180  1.672882025702085E-005
         181  7.328287210561489E-006
         182  1.436916441617049E-005
         183  7.067418622652521E-006
         184  1.217538115050463E-005
         185  3.807903828469387E-006
         186  1.452606734076658E-005
         187  4.169490785836451E-006
         188  1.334650769624195E-005
         189  1.172538057381239E-005
         190  2.396328988187612E-005
         191  2.857626719289044E-005
         192  1.001769934471288E-004
         193  1.281842907060123E-004
         194  3.079685074673394E-004
         195  2.138425749215414E-004
         196  4.123468798355398E-004
         197  2.124360406537897E-004
         198  1.514886045061605E-004
         199  1.169685636640945E-005
         200  2.187910777564677E-006
         201  9.103744794897863E-008
         202  1.161197071028920E-007
         203  2.853570581255504E-008
         204  8.861674991483211E-008
         205  7.471794493488238E-008
         206  2.236298656745352E-006
         207  1.458014682990873E-006
         208  2.444026857502312E-006
         209  1.554552817206641E-006
         226  6.359699785971811E-014
         227  4.887720267825224E-015
         230  2.997007450899111E-012
         231  7.337456385628342E-012
         232  5.522923470875340E-007
         234  9.757998844749814E-012
         235  1.576718089588852E-007
         236  1.644454550153307E-009
         238  1.775818947049081E-007
         240  3.196070869388167E-013
         244  3.901453464491648E-009
