           1  7.433694766427823E-005
           2  6.470609901488105E-012
           3  1.574717819390911E-008
           4  8.165353592342959E-005
           6  5.674563962362780E-015
           7  3.114017005274736E-012
           8  2.708281752318958E-013
           9  1.912633244112939E-009
          10  2.713051082138141E-014
          14  2.040078313853700E-015
          15  2.063496868186292E-012
          16  1.228802925231905E-009
          17  9.159113731450717E-011
          18  4.549051282045187E-010
          19  2.066977730137369E-010
          20  4.654030591752617E-009
          21  7.628828365824117E-010
          22  1.501877085282314E-009
          23  4.906413322356945E-009
          24  1.133304686077846E-008
          25  1.382702204127855E-008
          26  1.186936549585478E-008
          27  2.611443655084736E-009
          28  1.581067551839982E-009
          29  8.306425375293786E-010
          30  2.606514465967596E-009
          31  4.760816302487310E-010
          32  6.390146335587156E-010
          33  7.932846890454837E-010
          34  4.411668778497614E-009
          35  2.967024118354501E-010
          36  1.153883475391948E-009
          37  8.180950215315435E-010
          38  1.093515646560127E-009
          39  3.046136934430330E-010
          40  6.150088928211417E-010
          41  8.619526056517342E-010
          42  5.976861542294086E-009
          43  5.293547618516905E-010
          44  9.890797910093861E-010
          45  4.451994313609155E-009
          46  7.464472715692005E-009
          47  8.096610256172999E-009
          48  5.977059825798353E-009
          49  5.295550988546770E-010
          50  3.083514656764456E-009
          51  1.541906362008981E-009
          52  6.301765437273620E-009
          53  2.316973527060291E-010
          54  5.688422490931485E-010
          55  3.580415010268144E-010
          56  4.002527469613597E-010
          57  1.101375226539416E-010
          58  1.986028183372163E-010
          59  1.421972072599886E-010
          60  1.737404809868631E-010
          61  1.765316064834478E-010
          62  8.497195065660297E-010
          63  3.519324433718761E-010
          64  3.502803024588779E-010
          65  2.967130963784397E-010
          66  4.454350556670204E-010
          67  5.803684852869516E-010
          68  8.695267186422524E-010
          69  1.601799567853279E-010
          70  4.669686818831026E-010
          71  1.630944122439033E-010
          72  2.096278403824752E-010
          73  2.148550813672557E-010
          74  4.504973590779584E-010
          75  1.055701702364444E-009
          76  2.810340344935516E-009
          77  5.441542925930476E-009
          78  1.017377651810145E-008
          79  7.940183894313483E-009
          80  3.167168827273690E-008
          81  1.254868742666271E-008
          82  1.070005224735105E-008
          83  4.549913298977390E-009
          84  5.123036597566349E-009
          85  3.398030260831472E-009
          86  3.703569655435545E-009
          87  2.577310590931343E-009
          88  6.063642080226934E-009
          89  2.739750042943158E-009
          90  5.186084930672271E-009
          91  3.544984232494479E-009
          92  2.971007276435419E-009
          93  2.435787753693794E-009
          94  5.581848295450759E-009
          95  2.867430381780579E-009
          96  3.301277609999536E-009
          97  1.470502369262779E-009
          98  1.409725261806438E-009
          99  1.568189953676739E-009
         100  1.403447059676121E-009
         101  1.034115033718254E-009
         102  1.738897847625242E-009
         103  1.666555602671671E-009
         104  1.617059818474713E-009
         105  1.707236817109210E-009
         106  2.233661255399760E-009
         107  1.702604520316757E-009
         108  5.682977692591690E-009
         109  2.549141799544266E-009
         110  7.017936176454353E-009
         111  4.932367219258572E-009
         112  6.569304618438574E-009
         113  3.384118927429973E-009
         114  2.725189914836846E-009
         115  1.431454356507699E-009
         116  1.487775199725403E-009
         117  1.296375341670857E-009
         118  1.358717023695969E-009
         119  5.084818577155019E-010
         120  7.030138919520577E-010
         121  5.676094634443596E-010
         122  7.376806325785262E-010
         123  6.619925788151266E-010
         124  1.714403263376875E-008
         125  7.404883052500175E-008
         126  6.204296761558721E-007
         127  3.183058396806614E-006
         128  2.648270502392143E-005
         129  1.324573854725530E-004
         130  3.276935216721300E-004
         131  1.090599487684278E-003
         132  1.045079083994002E-003
         133  3.357659589513226E-005
         134  8.437842899107500E-005
         135  8.728688486022213E-005
         136  2.182901910362562E-004
         137  1.172436108995726E-004
         138  8.903489952599315E-005
         139  1.422372737860329E-005
         140  3.238459135441677E-005
         141  2.370062874279229E-005
         142  9.351522965841561E-006
         143  1.650790888412417E-006
         144  7.275647718458833E-006
         145  3.649103424625561E-006
         146  1.319340463780962E-005
         147  8.690710801607655E-006
         148  7.191695760412960E-006
         149  4.776791878242889E-006
         150  1.422429886528778E-005
         151  9.649438141395866E-006
         152  2.693442605063781E-005
         153  1.333674725655527E-005
         154  7.213978696138092E-005
         155  3.085968239204635E-005
         156  4.108489471902902E-005
         157  1.690028023265620E-005
         158  3.352849094623151E-005
         159  1.955034503542045E-005
         160  1.283299818341737E-004
         161  5.217534843500535E-005
         162  5.038235131277278E-005
         163  2.463581152057115E-005
         164  7.528292048232532E-005
         165  5.504377748920406E-005
         166  2.594351652425381E-004
         167  4.895117842055378E-005
         168  2.984997685057849E-005
         169  1.248397306631987E-005
         170  5.196475458746877E-005
         171  2.741497147488189E-005
         172  4.179693156391303E-005
         173  2.312401913461675E-005
         174  4.388285603060787E-005
         175  2.553520467023512E-005
         176  2.755174964058912E-005
         177  9.007296746199359E-006
         178  1.825566461784910E-005
         179  6.202347958692669E-006
         180  9.800767607254670E-006
         181  4.863728252847342E-006
         182  1.109635186201470E-005
         183  5.979318020282785E-006
         184  1.110928938955629E-005
         185  3.546807564440311E-006
         186  1.376755103407584E-005
         187  4.001709130450925E-006
         188  1.283253849413090E-005
         189  1.104209582076634E-005
         190  2.339835120452702E-005
         191  2.691960265847119E-005
         192  9.582101497731332E-005
         193  1.277720869194012E-004
         194  3.219223089288948E-004
         195  2.223076464803964E-004
         196  4.220955578816264E-004
         197  2.259395915035762E-004
         198  1.665032329258685E-004
         199  1.353549568261977E-005
         200  2.470303268906867E-006
         201  9.315503195954575E-008
         202  1.126166949671776E-007
         203  2.727897775005749E-008
         204  8.329759862305251E-008
         205  7.135590369434074E-008
         206  2.246390828062812E-006
         207  1.470272296743620E-006
         208  2.476732278592708E-006
         209  1.578749063193142E-006
         226  6.289515028639589E-014
         227  4.768491283519916E-015
         230  2.963932895850429E-012
         231  7.158469572900572E-012
         232  5.569963062462491E-007
         234  9.650310934311410E-012
         235  1.538256294302616E-007
         236  1.551981878357134E-009
         238  1.756221257526137E-007
         240  3.010904465327922E-013
         244  3.675420269937798E-009
