           1  7.410772159253068E-005
           2  6.470609901488105E-012
           3  1.574717819390911E-008
           4  8.042895876923791E-005
           6  5.674563962362780E-015
           7  3.114017005274736E-012
           8  2.708281752318958E-013
           9  1.912633244112939E-009
          10  2.713051082138141E-014
          14  2.314237902229121E-015
          15  2.255207081772491E-012
          16  1.276101379417855E-009
          17  9.412166002904591E-011
          18  4.515251883789353E-010
          19  2.018099209021633E-010
          20  4.702012173092267E-009
          21  7.700472194459094E-010
          22  1.625750489032183E-009
          23  4.931062274725321E-009
          24  1.140783817510697E-008
          25  1.385186571399817E-008
          26  1.210872385725684E-008
          27  2.576974265019303E-009
          28  1.589939961663430E-009
          29  8.493602333780778E-010
          30  2.739738227600339E-009
          31  4.699015410374075E-010
          32  6.164004624724480E-010
          33  8.217416570413259E-010
          34  4.375790403229924E-009
          35  2.908307338993229E-010
          36  1.165088579506137E-009
          37  7.951200804162468E-010
          38  1.073792792508693E-009
          39  3.055688635978294E-010
          40  6.211516077786775E-010
          41  8.862568579410866E-010
          42  6.188763501694700E-009
          43  5.214962212597027E-010
          44  9.890512510416470E-010
          45  4.397580879311471E-009
          46  7.407484317298302E-009
          47  8.073896997176742E-009
          48  5.962632394620090E-009
          49  5.202406595045146E-010
          50  3.129401533850366E-009
          51  1.560274331371773E-009
          52  6.315550140953678E-009
          53  2.201606035454534E-010
          54  5.447770531358457E-010
          55  3.607800963424677E-010
          56  4.155709054112414E-010
          57  1.082258864427349E-010
          58  2.140244569151884E-010
          59  1.471634412215528E-010
          60  1.685208374851384E-010
          61  1.784060994277479E-010
          62  8.525854971572446E-010
          63  3.459837099735586E-010
          64  3.631091931627151E-010
          65  3.069198043173343E-010
          66  4.300447729962545E-010
          67  5.789062787570380E-010
          68  8.510780828971783E-010
          69  1.593762742677596E-010
          70  4.832216646154475E-010
          71  1.655615550721148E-010
          72  2.016707674052119E-010
          73  2.128795623652481E-010
          74  4.353483435557436E-010
          75  1.040720725533573E-009
          76  2.784964564305291E-009
          77  5.475475141230035E-009
          78  1.020025639765210E-008
          79  8.034616850616251E-009
          80  3.266525752054860E-008
          81  1.231556990934268E-008
          82  1.093433361192213E-008
          83  4.782666139184499E-009
          84  5.250034987283369E-009
          85  3.552052285594818E-009
          86  3.848183420829213E-009
          87  2.544487944687690E-009
          88  6.186548953077896E-009
          89  2.795277871597940E-009
          90  5.390935657042910E-009
          91  3.627957337122470E-009
          92  2.951662239402886E-009
          93  2.463181376298366E-009
          94  5.874187359988459E-009
          95  3.007728501259785E-009
          96  3.559580201677990E-009
          97  1.537583899141594E-009
          98  1.401485207803399E-009
          99  1.557022811416586E-009
         100  1.370208857355464E-009
         101  1.028867420489853E-009
         102  1.832051597672318E-009
         103  1.737857806097204E-009
         104  1.697452302243020E-009
         105  1.802468364486213E-009
         106  2.295882744945122E-009
         107  1.776494980132267E-009
         108  5.984825536534520E-009
         109  2.649243947587848E-009
         110  7.225498752230047E-009
         111  5.174373034977407E-009
         112  6.834053457449441E-009
         113  3.431005064705191E-009
         114  2.697343843554555E-009
         115  1.402336358282004E-009
         116  1.445851093636991E-009
         117  1.273408071575101E-009
         118  1.371988545406190E-009
         119  5.162381147197585E-010
         120  7.327597928535312E-010
         121  5.979094786982409E-010
         122  7.457228138703160E-010
         123  6.960613398177909E-010
         124  1.846604104492048E-008
         125  8.763989345366001E-008
         126  7.020056353464012E-007
         127  3.542726876894885E-006
         128  2.877127572461147E-005
         129  1.402360241077969E-004
         130  3.372841503917832E-004
         131  1.112160374912706E-003
         132  1.054613319468426E-003
         133  3.328114079073094E-005
         134  8.343531060755311E-005
         135  8.851096172711145E-005
         136  2.264608939194677E-004
         137  1.212200284885792E-004
         138  8.536724804445201E-005
         139  1.458216952600232E-005
         140  3.302441414109600E-005
         141  2.439048218882557E-005
         142  9.519897022769806E-006
         143  1.856889044907675E-006
         144  1.026556167292643E-005
         145  6.159294966367397E-006
         146  2.254610114728456E-005
         147  1.269276040752669E-005
         148  7.925987083024666E-006
         149  5.840370233741099E-006
         150  1.901367906043490E-005
         151  1.713863381647343E-005
         152  5.502343932396260E-005
         153  2.477924841935118E-005
         154  8.162627204177151E-005
         155  2.885330697909358E-005
         156  3.553343635733748E-005
         157  2.056176947218034E-005
         158  6.123300002259078E-005
         159  3.359094893943948E-005
         160  5.280415619153801E-005
         161  2.879021867844433E-005
         162  6.005175246783505E-005
         163  2.714126233314934E-005
         164  7.953755252711801E-005
         165  4.334632477499342E-005
         166  4.156864852874747E-005
         167  1.305662343102003E-005
         168  5.505995813344964E-005
         169  2.247188355300046E-005
         170  3.360421646867474E-005
         171  2.942184309687484E-005
         172  6.298441562947122E-005
         173  2.941264335478618E-005
         174  3.682475568071245E-005
         175  1.977544820715699E-005
         176  3.248223053289113E-005
         177  1.715359297063229E-005
         178  1.926512509216716E-005
         179  8.748784718586208E-006
         180  1.675897078671074E-005
         181  7.563648656402793E-006
         182  1.525110961029317E-005
         183  7.663504106371188E-006
         184  1.363452020163570E-005
         185  4.310046186601382E-006
         186  1.624899854997029E-005
         187  4.726644202393666E-006
         188  1.564231479337970E-005
         189  1.364366482928241E-005
         190  2.848294838567895E-005
         191  3.137710076800919E-005
         192  1.105087757120758E-004
         193  1.421130702351813E-004
         194  3.456397212259432E-004
         195  2.353110969797108E-004
         196  4.409012822292537E-004
         197  2.270309480127188E-004
         198  1.614036931764804E-004
         199  1.291617762932262E-005
         200  2.255945236420503E-006
         201  8.331310421006017E-008
         202  1.003085117610706E-007
         203  2.462253645789745E-008
         204  8.434606914287198E-008
         205  7.432229663824668E-008
         206  2.160689199265065E-006
         207  1.432731842405640E-006
         208  2.381652979461226E-006
         209  1.489302999758462E-006
         226  5.591993583439869E-014
         227  4.372378226608716E-015
         230  2.635226032511276E-012
         231  6.563823783124826E-012
         232  5.067582908421491E-007
         234  8.580069620175695E-012
         235  1.410475122686564E-007
         236  1.412367049731276E-009
         238  1.561452347035899E-007
         240  2.741021898687944E-013
         244  3.345973797173880E-009
