           1  7.370817418206762E-005
           2  6.470609901488105E-012
           3  1.574717819390911E-008
           4  8.312825142985343E-005
           6  5.674563962362780E-015
           7  3.114017005274736E-012
           8  2.708281752318958E-013
           9  1.912633244112939E-009
          10  2.713051082138141E-014
          14  2.502956691963180E-015
          15  2.455459584254406E-012
          16  1.253574338926153E-009
          17  9.297870557906292E-011
          18  4.624987962736047E-010
          19  2.153815443886362E-010
          20  4.649872650279111E-009
          21  7.517679918236353E-010
          22  1.617132712330313E-009
          23  4.885620339882537E-009
          24  1.131133941807378E-008
          25  1.386813871249376E-008
          26  1.236485257688579E-008
          27  2.597960253523475E-009
          28  1.577036018912655E-009
          29  8.834216470326776E-010
          30  2.785477061697472E-009
          31  4.803862396225819E-010
          32  6.307956704390105E-010
          33  7.995367740998589E-010
          34  4.346552483415801E-009
          35  3.012122817632110E-010
          36  1.231644931343393E-009
          37  8.399501971813833E-010
          38  1.130091457989011E-009
          39  3.094124431838045E-010
          40  6.171077772160098E-010
          41  8.754217807513604E-010
          42  5.970525305059962E-009
          43  5.131000345288015E-010
          44  1.003886417672395E-009
          45  4.428319892994485E-009
          46  7.483955059463083E-009
          47  8.125863550247410E-009
          48  5.978459426627823E-009
          49  5.361969638589845E-010
          50  3.131561142906542E-009
          51  1.551645709435976E-009
          52  6.403868155651782E-009
          53  2.286271516164885E-010
          54  5.630924403648842E-010
          55  3.505089773427785E-010
          56  4.073030475348721E-010
          57  1.079185998272450E-010
          58  2.173193567334872E-010
          59  1.501916893221109E-010
          60  1.738843905213088E-010
          61  1.776231804322074E-010
          62  8.336328423379844E-010
          63  3.431710717034008E-010
          64  3.639162151159250E-010
          65  3.091081017519355E-010
          66  4.400730314403995E-010
          67  5.729723340139133E-010
          68  8.219185045813017E-010
          69  1.532279813945865E-010
          70  4.591616891419583E-010
          71  1.592273108260565E-010
          72  2.022800703100674E-010
          73  2.192662183825228E-010
          74  4.350038537719355E-010
          75  1.009431453502951E-009
          76  2.718293822464448E-009
          77  5.529629516828749E-009
          78  1.022451597902636E-008
          79  8.010154386609689E-009
          80  3.201468923570987E-008
          81  1.287308697628592E-008
          82  1.135971001925281E-008
          83  4.908071768039949E-009
          84  5.246394767994543E-009
          85  3.548064251790218E-009
          86  3.861649634694287E-009
          87  2.614745054702712E-009
          88  6.298970939144783E-009
          89  2.778141004155511E-009
          90  5.272097420512722E-009
          91  3.678518530439736E-009
          92  3.061025040053721E-009
          93  2.510201650821765E-009
          94  5.757020853280205E-009
          95  3.013363279304266E-009
          96  3.755831121285206E-009
          97  1.647181192784456E-009
          98  1.518034255684395E-009
          99  1.669915231406492E-009
         100  1.467221849647152E-009
         101  1.074682627825858E-009
         102  1.858458644741301E-009
         103  1.760554116986813E-009
         104  1.712145363360810E-009
         105  1.814216305723123E-009
         106  2.309358127780647E-009
         107  1.769107214028187E-009
         108  6.009025646814898E-009
         109  2.685139999578177E-009
         110  7.383646366804761E-009
         111  5.252643638621139E-009
         112  6.965318930533094E-009
         113  3.531993613576842E-009
         114  2.800374853032866E-009
         115  1.453211904023239E-009
         116  1.526162492782128E-009
         117  1.433604611196896E-009
         118  1.542808627502491E-009
         119  5.437417177064747E-010
         120  7.723302307610795E-010
         121  6.315599567584687E-010
         122  8.034636482242345E-010
         123  7.287896617460880E-010
         124  1.885915418104126E-008
         125  8.524198659682051E-008
         126  6.905258348150963E-007
         127  3.461029059124532E-006
         128  2.808135997538468E-005
         129  1.381316009164164E-004
         130  3.351325044503995E-004
         131  1.114289434740881E-003
         132  1.078429210254544E-003
         133  3.419133595893917E-005
         134  8.632853046529492E-005
         135  9.333489263969215E-005
         136  2.377916054894518E-004
         137  1.262431994240233E-004
         138  8.398753913686995E-005
         139  1.436311190375495E-005
         140  3.206591719130272E-005
         141  2.254981968350155E-005
         142  8.527597396789111E-006
         143  1.360440340456099E-006
         144  4.890246868737155E-006
         145  1.655119430409716E-006
         146  4.813177988914571E-006
         147  3.856800918202502E-006
         148  1.316055202161506E-005
         149  1.041870651508897E-005
         150  1.873643874215383E-005
         151  9.818240733768177E-006
         152  1.760873261104767E-005
         153  6.701318701871916E-006
         154  2.012957290330377E-005
         155  1.137954487632524E-005
         156  2.378662500707914E-005
         157  1.463586794780798E-005
         158  3.257751867621449E-005
         159  2.413844579909285E-005
         160  8.118222310524608E-005
         161  5.058697618351731E-005
         162  1.362557921647163E-004
         163  8.540098951200806E-005
         164  1.111186086346205E-004
         165  5.074217747393088E-005
         166  6.145581257343086E-005
         167  1.854489019708312E-005
         168  7.712421532019111E-005
         169  2.409157508764317E-005
         170  3.837541813997543E-005
         171  2.261835133918689E-005
         172  3.805876329555101E-005
         173  2.721288759659955E-005
         174  2.820617422493601E-005
         175  1.146842022868424E-005
         176  2.240041163572000E-005
         177  1.151811535051627E-005
         178  1.936076059889282E-005
         179  5.881495997790936E-006
         180  9.148820561359130E-006
         181  4.828854086548863E-006
         182  1.134385805647511E-005
         183  6.058955984341759E-006
         184  1.117778968469259E-005
         185  3.581444302959774E-006
         186  1.374551972702524E-005
         187  4.099177339579277E-006
         188  1.386099962171930E-005
         189  1.212900229652226E-005
         190  2.548187177145397E-005
         191  2.835385444491743E-005
         192  1.025368843760895E-004
         193  1.367801745754364E-004
         194  3.413441906333937E-004
         195  2.354468751557486E-004
         196  4.471839709460049E-004
         197  2.346688618148369E-004
         198  1.707929532934818E-004
         199  1.389222308653766E-005
         200  2.435003992842373E-006
         201  8.790350882583932E-008
         202  1.038316132274982E-007
         203  2.517442972081702E-008
         204  8.667524742276376E-008
         205  7.703188602871988E-008
         206  2.382353095711138E-006
         207  1.563181323342619E-006
         208  2.602051137593296E-006
         209  1.652528052454157E-006
         226  6.529496429898920E-014
         227  5.088069265545555E-015
         230  3.077024090695488E-012
         231  7.638220740404189E-012
         232  5.970033005727159E-007
         234  1.001852615123335E-011
         235  1.641348197620218E-007
         236  1.602027100929977E-009
         238  1.823231263287063E-007
         240  3.107366890153091E-013
         244  3.793172246319806E-009
