           1  7.498873561295502E-005
           2  6.470609901488105E-012
           3  1.574717819390911E-008
           4  8.064312284607677E-005
           6  5.674563962362780E-015
           7  3.114017005274736E-012
           8  2.708281752318958E-013
           9  1.912633244112939E-009
          10  2.713051082138141E-014
          14  1.682211078533084E-015
          15  1.753339232431757E-012
          16  1.171516443112090E-009
          17  8.817652460687625E-011
          18  4.650634856446197E-010
          19  2.247030545632618E-010
          20  4.377047196603714E-009
          21  7.121271582599677E-010
          22  1.728876688914408E-009
          23  4.659387157279462E-009
          24  1.089433921418050E-008
          25  1.336806823767060E-008
          26  1.230949095786045E-008
          27  2.554266881674503E-009
          28  1.559476087801079E-009
          29  9.036242919539197E-010
          30  2.827284047663036E-009
          31  4.697338488990424E-010
          32  6.314539263044278E-010
          33  7.484573459908104E-010
          34  4.343930755594235E-009
          35  2.975651146874247E-010
          36  1.239152806093091E-009
          37  7.198197949357997E-010
          38  9.449544786020846E-010
          39  2.634117086145814E-010
          40  6.195120722232024E-010
          41  9.350977042089957E-010
          42  5.966554897944224E-009
          43  4.891765656707873E-010
          44  9.620484720635007E-010
          45  4.187817544007812E-009
          46  7.313905240866538E-009
          47  8.300287142178028E-009
          48  6.252776220021015E-009
          49  4.705992269864823E-010
          50  3.144786165485326E-009
          51  1.610134456365240E-009
          52  6.261599095825999E-009
          53  1.971900325422472E-010
          54  4.753926769316465E-010
          55  3.035530308813038E-010
          56  3.732516432436253E-010
          57  9.482175427839785E-011
          58  2.190583420899563E-010
          59  1.477426843746226E-010
          60  1.619516308344303E-010
          61  1.638360843581213E-010
          62  7.777894779097746E-010
          63  3.282002187644795E-010
          64  3.826216992977389E-010
          65  3.323883769170979E-010
          66  4.456111005940164E-010
          67  5.889942973630706E-010
          68  8.305644463216509E-010
          69  1.593602977231422E-010
          70  4.875717322448914E-010
          71  1.669075104152054E-010
          72  2.053564267079199E-010
          73  2.251026063310207E-010
          74  4.253565004806563E-010
          75  9.733862746358252E-010
          76  2.700792920611904E-009
          77  5.607030565638921E-009
          78  1.044810224414562E-008
          79  7.887756135586239E-009
          80  3.116100508711240E-008
          81  1.184323512328943E-008
          82  1.047338848933129E-008
          83  4.512436940027183E-009
          84  5.213779241867218E-009
          85  3.512152316365326E-009
          86  3.717481765316212E-009
          87  2.228963451223889E-009
          88  5.471834235088448E-009
          89  2.603662534884333E-009
          90  5.055222321043123E-009
          91  3.233730863751373E-009
          92  2.715613822099093E-009
          93  2.268449273004704E-009
          94  5.155703457064591E-009
          95  2.633276264491640E-009
          96  3.602172577281635E-009
          97  1.537076331680132E-009
          98  1.387366622422062E-009
          99  1.527846868503149E-009
         100  1.294866052717644E-009
         101  9.752521384131011E-010
         102  1.670940902290802E-009
         103  1.557790493987918E-009
         104  1.503689662923269E-009
         105  1.602895351280613E-009
         106  1.961930813125432E-009
         107  1.520836326697059E-009
         108  5.182781162945795E-009
         109  2.382981846583516E-009
         110  6.756638826573573E-009
         111  4.767803673035994E-009
         112  6.247557717944116E-009
         113  3.077320492409631E-009
         114  2.391085893231161E-009
         115  1.262598280558743E-009
         116  1.315127766621456E-009
         117  1.185612664356073E-009
         118  1.303159951814700E-009
         119  5.041027097230386E-010
         120  7.379016466437849E-010
         121  6.004826363861667E-010
         122  7.548167596517046E-010
         123  6.707573268117906E-010
         124  1.803044059338738E-008
         125  7.793915204970167E-008
         126  6.242592661499135E-007
         127  3.267833485252285E-006
         128  2.734741873605899E-005
         129  1.332119272470849E-004
         130  3.274471901740614E-004
         131  1.067183492281087E-003
         132  1.009166605022151E-003
         133  3.358359662726990E-005
         134  8.381804558177554E-005
         135  7.356111111190715E-005
         136  2.008032617950696E-004
         137  1.115214939569753E-004
         138  9.228217180478185E-005
         139  1.416746385876848E-005
         140  3.304122695437942E-005
         141  2.491282939482366E-005
         142  9.974191901745493E-006
         143  2.071592449318684E-006
         144  1.188323310210028E-005
         145  6.915034467642350E-006
         146  2.808585994796270E-005
         147  2.218768145674199E-005
         148  1.859395177633755E-005
         149  1.045008834523833E-005
         150  4.927869027998533E-005
         151  2.724944807722649E-005
         152  5.964648209237168E-005
         153  2.833157461768586E-005
         154  2.801427352249373E-005
         155  1.002780078390504E-005
         156  5.152751324091921E-005
         157  3.103382263303920E-005
         158  7.347591139792106E-005
         159  3.175395050952630E-005
         160  4.915283162867197E-005
         161  2.813186827947338E-005
         162  1.605405564062029E-004
         163  5.792674124414302E-005
         164  9.304617266692167E-005
         165  5.660685287130103E-005
         166  1.403823423287222E-004
         167  3.831899664804398E-005
         168  3.545265030505405E-005
         169  1.553951276072895E-005
         170  2.164503402230237E-005
         171  1.706272913260797E-005
         172  4.719871910075823E-005
         173  3.806911447413851E-005
         174  6.221368211541685E-005
         175  2.264958860508652E-005
         176  2.852276142873345E-005
         177  1.404079024303987E-005
         178  1.579393914768804E-005
         179  7.320961604067289E-006
         180  1.431489408205470E-005
         181  6.732352314691048E-006
         182  1.402383149572996E-005
         183  7.005270641469814E-006
         184  1.211746966770152E-005
         185  3.752108927575686E-006
         186  1.402389822626936E-005
         187  4.171740439903654E-006
         188  1.404486332643395E-005
         189  1.244581187884809E-005
         190  2.511484024956702E-005
         191  2.899978967243984E-005
         192  1.026556674551603E-004
         193  1.321711678502798E-004
         194  3.147645175583227E-004
         195  2.191167522072265E-004
         196  4.218006262992539E-004
         197  2.133690304631795E-004
         198  1.485204096922495E-004
         199  1.139808814923038E-005
         200  2.096429426412954E-006
         201  8.755107469239458E-008
         202  1.132055844714554E-007
         203  2.807096883051625E-008
         204  8.216637564890399E-008
         205  6.820254440153310E-008
         206  2.154723020186880E-006
         207  1.387755734852482E-006
         208  2.311978769638056E-006
         209  1.501094117669962E-006
         226  6.098209271929327E-014
         227  4.775569384469668E-015
         230  2.873780090284791E-012
         231  7.169095233569771E-012
         232  5.433826355864766E-007
         234  9.356781142686588E-012
         235  1.540539602101729E-007
         236  1.578921422133649E-009
         238  1.702802951807522E-007
         240  3.067391542156141E-013
         244  3.744374217017404E-009
