           1  7.495782394620549E-005
           2  6.470609901488105E-012
           3  1.574717819390911E-008
           4  8.195370769591826E-005
           6  5.674563962362780E-015
           7  3.114017005274736E-012
           8  2.708281752318958E-013
           9  1.912633244112939E-009
          10  2.713051082138141E-014
          14  1.721428527563149E-015
          15  1.770121922183068E-012
          16  1.191991565356664E-009
          17  8.931820413585378E-011
          18  4.467284545879934E-010
          19  1.997448991291216E-010
          20  4.560369750560674E-009
          21  7.459204068472371E-010
          22  1.523825166857856E-009
          23  4.830392462371730E-009
          24  1.118070734679452E-008
          25  1.365469095334811E-008
          26  1.175446135442569E-008
          27  2.504637840592695E-009
          28  1.563442028637899E-009
          29  8.468795861466059E-010
          30  2.658753152245769E-009
          31  4.580824308569161E-010
          32  6.336503068684132E-010
          33  8.024857167685490E-010
          34  4.262428380429016E-009
          35  2.881865662761780E-010
          36  1.171434990537233E-009
          37  7.600018393696479E-010
          38  1.018089536730895E-009
          39  2.989804717867986E-010
          40  6.329958041116256E-010
          41  9.025361866512028E-010
          42  6.053825889487925E-009
          43  5.046624761206141E-010
          44  9.830629055508991E-010
          45  4.421797826397383E-009
          46  7.320561324552800E-009
          47  8.015994311044054E-009
          48  5.982956594555469E-009
          49  5.046179360960937E-010
          50  3.137364176185962E-009
          51  1.581838260591099E-009
          52  6.314509197360598E-009
          53  2.090107850919434E-010
          54  5.079883978636700E-010
          55  3.367302875169405E-010
          56  4.096044692291652E-010
          57  1.068698173355988E-010
          58  2.135500278175834E-010
          59  1.477641699873895E-010
          60  1.728891328867562E-010
          61  1.835836320374004E-010
          62  8.704455090551922E-010
          63  3.543548222707118E-010
          64  3.716598519818608E-010
          65  3.160152536583553E-010
          66  4.425647693615811E-010
          67  5.931898729501139E-010
          68  8.597040661387335E-010
          69  1.612105858182029E-010
          70  4.833024794522936E-010
          71  1.663354444101681E-010
          72  2.048034780108324E-010
          73  2.198478259379153E-010
          74  4.525136929826405E-010
          75  1.077740298683041E-009
          76  2.867712654450758E-009
          77  5.569784865705876E-009
          78  1.011899892550783E-008
          79  7.844830829358775E-009
          80  3.140347697863524E-008
          81  1.173194872880915E-008
          82  1.032158262449499E-008
          83  4.472732824806620E-009
          84  5.114402266154686E-009
          85  3.417033992517877E-009
          86  3.660450829252797E-009
          87  2.346950208974358E-009
          88  5.704315658548292E-009
          89  2.635963554132600E-009
          90  5.044003768307818E-009
          91  3.269185606555854E-009
          92  2.788565678903484E-009
          93  2.357488615508821E-009
          94  5.480486033182860E-009
          95  2.770485735800878E-009
          96  3.341431922206366E-009
          97  1.436508204277922E-009
          98  1.310295954942118E-009
          99  1.456618866367065E-009
         100  1.268846563848539E-009
         101  9.609696098696185E-010
         102  1.679242710259022E-009
         103  1.578092227363939E-009
         104  1.527333930859673E-009
         105  1.627217453302284E-009
         106  2.082958730520736E-009
         107  1.631877106381392E-009
         108  5.489390226526200E-009
         109  2.446582871759900E-009
         110  6.650591061297944E-009
         111  4.732564063929729E-009
         112  6.167347544766122E-009
         113  3.066520725666294E-009
         114  2.389646934638496E-009
         115  1.256782382803648E-009
         116  1.289500796923576E-009
         117  1.155257443034944E-009
         118  1.249758814235203E-009
         119  4.624663917105708E-010
         120  6.587547250635013E-010
         121  5.362084388646653E-010
         122  7.023099106796326E-010
         123  6.331856964192832E-010
         124  1.862344399208118E-008
         125  7.912176474955425E-008
         126  6.413416117678854E-007
         127  3.348209935235025E-006
         128  2.767045660399172E-005
         129  1.339199549983673E-004
         130  3.207967136818620E-004
         131  1.066832045930450E-003
         132  1.004617524395752E-003
         133  3.444629843479543E-005
         134  8.645583589618330E-005
         135  7.695221554367570E-005
         136  2.061351813840671E-004
         137  1.138311022720295E-004
         138  9.082038808817577E-005
         139  1.398142125297102E-005
         140  3.273477445866775E-005
         141  2.587631959235864E-005
         142  1.003195379171412E-005
         143  1.725125729244220E-006
         144  7.212274640571458E-006
         145  3.804902210128783E-006
         146  1.430163889298097E-005
         147  1.026314516913001E-005
         148  2.831530956717104E-005
         149  2.491227795771548E-005
         150  7.136583595911120E-005
         151  3.234571713637558E-005
         152  6.086607360534721E-005
         153  2.731422845190192E-005
         154  4.040841385061075E-005
         155  1.789854616116758E-005
         156  5.330753536260719E-005
         157  2.448514844111531E-005
         158  4.284262864702283E-005
         159  2.428912086800994E-005
         160  4.288924433375816E-005
         161  2.280796118182284E-005
         162  6.339874781726055E-005
         163  3.811415293057299E-005
         164  1.281931343297047E-004
         165  1.003535117869577E-004
         166  1.187692830390554E-004
         167  3.448934979250323E-005
         168  1.272161998194988E-004
         169  7.068706029736711E-005
         170  4.090144557870435E-005
         171  1.756492031802233E-005
         172  3.262663870800723E-005
         173  1.730735500446317E-005
         174  2.274626001742421E-005
         175  1.407281754998264E-005
         176  1.905879309082801E-005
         177  9.014598887535564E-006
         178  1.581440682901939E-005
         179  9.094592324360294E-006
         180  1.777867100231616E-005
         181  7.531364053260152E-006
         182  1.450815418748629E-005
         183  7.160991387111764E-006
         184  1.259633408503591E-005
         185  3.988575427036799E-006
         186  1.533754206539347E-005
         187  4.425477582554610E-006
         188  1.445230657626334E-005
         189  1.268336887309438E-005
         190  2.639236534496175E-005
         191  2.999269945133414E-005
         192  1.049298547848220E-004
         193  1.335557732793254E-004
         194  3.202550028399532E-004
         195  2.189461167118289E-004
         196  4.118626084134393E-004
         197  2.105757156392338E-004
         198  1.477040247780625E-004
         199  1.165758357848308E-005
         200  2.114849494162311E-006
         201  8.359666435434339E-008
         202  1.082129012962847E-007
         203  2.783827994634465E-008
         204  7.766841420080819E-008
         205  6.401549230920888E-008
         206  2.237501536299185E-006
         207  1.450119357500480E-006
         208  2.449821654100889E-006
         209  1.579784910051790E-006
         226  6.576401867156988E-014
         227  5.032185261371575E-015
         230  3.099128270087760E-012
         231  7.554327550775457E-012
         232  5.704327694519133E-007
         234  1.009049546078885E-011
         235  1.623320709246998E-007
         236  1.706937572873708E-009
         238  1.836328668354234E-007
         240  3.317172054383264E-013
         244  4.049282050609204E-009
