           1  7.438031678988000E-005
           2  6.470609901488105E-012
           3  1.574717819390911E-008
           4  8.075643736682953E-005
           6  5.674563962362780E-015
           7  3.114017005274736E-012
           8  2.708281752318958E-013
           9  1.912633244112939E-009
          10  2.713051082138141E-014
          14  2.027405147892436E-015
          15  2.071203092946161E-012
          16  1.264063297268314E-009
          17  9.347823544276422E-011
          18  4.326629529479713E-010
          19  1.769770730955840E-010
          20  4.757637943768611E-009
          21  7.924494461120185E-010
          22  1.476320924925654E-009
          23  4.993277751775227E-009
          24  1.149414633063678E-008
          25  1.385115553088040E-008
          26  1.151514124330918E-008
          27  2.551430648964913E-009
          28  1.613831218030262E-009
          29  7.896293749502596E-010
          30  2.618029044152155E-009
          31  4.624802632790120E-010
          32  6.117312825784799E-010
          33  8.532900630676443E-010
          34  4.364710561017674E-009
          35  2.809127974577580E-010
          36  1.091184491695167E-009
          37  7.915941735967733E-010
          38  1.078238818959803E-009
          39  3.250979818172605E-010
          40  6.295015885960273E-010
          41  8.634490751571261E-010
          42  6.344433674212326E-009
          43  5.296936915300407E-010
          44  9.747343961111360E-010
          45  4.468466234889517E-009
          46  7.309718564058501E-009
          47  7.883197012380555E-009
          48  5.831778483133955E-009
          49  5.289220201272636E-010
          50  3.127578756028176E-009
          51  1.552570082731783E-009
          52  6.333294395916069E-009
          53  2.231365575459245E-010
          54  5.597453956154629E-010
          55  3.954008339337543E-010
          56  4.471802546805609E-010
          57  1.165228756753203E-010
          58  2.095422938380786E-010
          59  1.479537593014194E-010
          60  1.742817514766124E-010
          61  1.919068201430751E-010
          62  9.276794374323351E-010
          63  3.662335781142308E-010
          64  3.545559270941720E-010
          65  2.974007483238745E-010
          66  4.238914664418465E-010
          67  5.877881925985270E-010
          68  9.015125328589925E-010
          69  1.672384854544455E-010
          70  5.001386569287379E-010
          71  1.722523129370472E-010
          72  2.053977165097902E-010
          73  2.069764294973958E-010
          74  4.541119246998114E-010
          75  1.114440009983029E-009
          76  2.933824755921254E-009
          77  5.405193054090534E-009
          78  9.906686305050163E-009
          79  7.874194366402318E-009
          80  3.272914495374543E-008
          81  1.167289790833865E-008
          82  1.041719662327165E-008
          83  4.584943808637496E-009
          84  5.110589065401032E-009
          85  3.439361132154152E-009
          86  3.726749366543859E-009
          87  2.499385724674528E-009
          88  6.132930248358917E-009
          89  2.796652342354899E-009
          90  5.343876445885897E-009
          91  3.466137457742235E-009
          92  2.865735858301240E-009
          93  2.458400972090906E-009
          94  6.093026192354324E-009
          95  2.989191135062418E-009
          96  3.199605041824721E-009
          97  1.365027372887385E-009
          98  1.258361524941661E-009
          99  1.433089665994158E-009
         100  1.277810522690428E-009
         101  9.850722980395508E-010
         102  1.790307188878830E-009
         103  1.696030601417804E-009
         104  1.636883713842964E-009
         105  1.744200932935893E-009
         106  2.277602472438459E-009
         107  1.782926677707499E-009
         108  5.903894792473533E-009
         109  2.572321003129450E-009
         110  6.902636244938507E-009
         111  4.914322321701962E-009
         112  6.451020146981079E-009
         113  3.219381394365787E-009
         114  2.522257045070332E-009
         115  1.324910175400531E-009
         116  1.366730521519465E-009
         117  1.201025667930768E-009
         118  1.280761249349466E-009
         119  4.716055757984666E-010
         120  6.590992326609663E-010
         121  5.347209713685577E-010
         122  6.842019238434012E-010
         123  6.360836806997568E-010
         124  1.791728715754008E-008
         125  8.191076018975018E-008
         126  6.611399646872745E-007
         127  3.388939695352905E-006
         128  2.776265859494750E-005
         129  1.354065213126983E-004
         130  3.255879998936647E-004
         131  1.092533623881313E-003
         132  1.032873457642180E-003
         133  3.400648923792705E-005
         134  8.582531521231979E-005
         135  8.564239383640624E-005
         136  2.201027218769258E-004
         137  1.194411496994138E-004
         138  8.963909646727944E-005
         139  1.427863543106613E-005
         140  3.319653460153883E-005
         141  2.590222762532158E-005
         142  9.967934996994936E-006
         143  1.637878577273208E-006
         144  6.253907684070171E-006
         145  3.320911353944440E-006
         146  1.328841962292578E-005
         147  1.176195853081910E-005
         148  1.549576784037122E-005
         149  1.167973904848892E-005
         150  6.005462585324972E-005
         151  2.340733117747626E-005
         152  3.061166216592075E-005
         153  1.748112201881718E-005
         154  4.008757502172468E-005
         155  2.107312305074065E-005
         156  3.928238767519367E-005
         157  2.133580002218570E-005
         158  4.844509988112322E-005
         159  2.408742126276719E-005
         160  5.774038897422060E-005
         161  3.772831678866397E-005
         162  1.211451756782898E-004
         163  4.556689015844688E-005
         164  7.831695911881538E-005
         165  5.630239802459132E-005
         166  6.548347658535085E-005
         167  2.608599479313907E-005
         168  1.542773398628730E-004
         169  5.559384822382970E-005
         170  3.287184763394374E-005
         171  1.249756402283221E-005
         172  2.554519423071662E-005
         173  1.940808769297831E-005
         174  3.755766959470365E-005
         175  1.593648836499227E-005
         176  2.452196308329359E-005
         177  1.334725106053596E-005
         178  1.973581124885821E-005
         179  6.359965268498103E-006
         180  9.401813910546028E-006
         181  4.944867980130193E-006
         182  1.203083100726445E-005
         183  6.692071159220716E-006
         184  1.277997229410078E-005
         185  4.240203430823626E-006
         186  1.696650180414079E-005
         187  4.795115284883827E-006
         188  1.518368822587805E-005
         189  1.323303989605512E-005
         190  2.773418243377574E-005
         191  3.181335227785096E-005
         192  1.100779675990139E-004
         193  1.377071612422569E-004
         194  3.302153813767504E-004
         195  2.252688911736106E-004
         196  4.242455526671508E-004
         197  2.188628488049470E-004
         198  1.561694277537079E-004
         199  1.243566623836823E-005
         200  2.202736376481740E-006
         201  8.130596628817568E-008
         202  1.017354334916332E-007
         203  2.617048127477022E-008
         204  7.834520651459034E-008
         205  6.687016178734602E-008
         206  2.171500201992307E-006
         207  1.444080927732334E-006
         208  2.436094631492019E-006
         209  1.521014004928010E-006
         226  5.780402059006642E-014
         227  4.439769767414642E-015
         230  2.724013494826979E-012
         231  6.664992111983342E-012
         232  5.048833744211132E-007
         234  8.869153971449157E-012
         235  1.432214800010865E-007
         236  1.477864723359604E-009
         238  1.614061644951836E-007
         240  2.869526101736076E-013
         244  3.502839270022374E-009
