           1  7.427534597323437E-005
           2  6.470609901488105E-012
           3  1.574717819390911E-008
           4  8.252831160888033E-005
           6  5.674563962362780E-015
           7  3.114017005274736E-012
           8  2.708281752318958E-013
           9  1.912633244112939E-009
          10  2.713051082138141E-014
          14  2.195453871782940E-015
          15  2.100205593780726E-012
          16  1.225281102670175E-009
          17  9.140641955599000E-011
          18  4.493249652258764E-010
          19  1.990200760546643E-010
          20  4.605969848317889E-009
          21  7.639879205292210E-010
          22  1.535196377513107E-009
          23  4.866000064872065E-009
          24  1.126252844618027E-008
          25  1.365865248436897E-008
          26  1.227021325157617E-008
          27  2.719650728926243E-009
          28  1.586410523546420E-009
          29  7.881793071295777E-010
          30  2.579818164271247E-009
          31  4.604992187566750E-010
          32  6.082184100502816E-010
          33  7.715347901968167E-010
          34  4.372925544064345E-009
          35  2.927809371380088E-010
          36  1.156210482048582E-009
          37  8.960781179071038E-010
          38  1.219115742716157E-009
          39  3.277390607603651E-010
          40  5.973001651818822E-010
          41  8.165823059341772E-010
          42  5.907377215287743E-009
          43  5.024260009626151E-010
          44  9.460000989183065E-010
          45  4.298359485040092E-009
          46  7.427024654404394E-009
          47  8.162308509277738E-009
          48  6.031273274342909E-009
          49  5.626327158663414E-010
          50  3.152857721510378E-009
          51  1.531507648962234E-009
          52  6.298904207312606E-009
          53  2.333869198582259E-010
          54  5.944887512432483E-010
          55  3.854699676930776E-010
          56  4.125750304297569E-010
          57  1.083248709522848E-010
          58  1.988854081348522E-010
          59  1.406692515854385E-010
          60  1.649833501971636E-010
          61  1.730493100430923E-010
          62  8.375883177390559E-010
          63  3.408007925014687E-010
          64  3.447518369963037E-010
          65  2.940279006830501E-010
          66  4.241708546326349E-010
          67  5.760476583840648E-010
          68  8.713240567033302E-010
          69  1.618857317552950E-010
          70  4.797587031810167E-010
          71  1.660955672679760E-010
          72  2.033758656029436E-010
          73  2.061336172014931E-010
          74  4.314936050461007E-010
          75  1.020241070050797E-009
          76  2.785761077937180E-009
          77  5.472418907338565E-009
          78  1.010690789180402E-008
          79  7.822111687591448E-009
          80  3.191217660016805E-008
          81  1.261115131620855E-008
          82  1.099909615618416E-008
          83  4.682977332229807E-009
          84  4.935326630765154E-009
          85  3.325381629478115E-009
          86  3.615531437417244E-009
          87  2.487257733430575E-009
          88  6.172113086398799E-009
          89  2.808462329840889E-009
          90  5.279612121072358E-009
          91  3.435233985946281E-009
          92  2.817778186145734E-009
          93  2.398939459211370E-009
          94  5.945366600727931E-009
          95  2.975973706471020E-009
          96  3.443282912077588E-009
          97  1.493627321995224E-009
          98  1.391332176806517E-009
          99  1.562721233668687E-009
         100  1.383091877244188E-009
         101  1.044799971655261E-009
         102  1.797578583205914E-009
         103  1.690967241014767E-009
         104  1.609350855387202E-009
         105  1.687860889997801E-009
         106  2.173367130247009E-009
         107  1.685725635468419E-009
         108  5.631541202856829E-009
         109  2.524502438321498E-009
         110  7.136124595351565E-009
         111  5.068533148787767E-009
         112  6.752621421584985E-009
         113  3.421087032165127E-009
         114  2.721726536965025E-009
         115  1.434250883490954E-009
         116  1.503397611887117E-009
         117  1.338138755990338E-009
         118  1.428297328939989E-009
         119  5.332902024844916E-010
         120  7.509703927024261E-010
         121  6.077699938426686E-010
         122  7.781195549868293E-010
         123  6.865520974834583E-010
         124  1.748007306896425E-008
         125  7.462318234044164E-008
         126  6.103749171973439E-007
         127  3.121300830163512E-006
         128  2.590597764503421E-005
         129  1.300857821801775E-004
         130  3.268575003770499E-004
         131  1.090968025847155E-003
         132  1.053901525998042E-003
         133  3.353202888035365E-005
         134  8.589471294225176E-005
         135  9.333934317002150E-005
         136  2.251039720671376E-004
         137  1.187666738385839E-004
         138  8.364567913293400E-005
         139  1.439887149765169E-005
         140  3.434114014565276E-005
         141  2.565113806381273E-005
         142  9.989199590204006E-006
         143  1.591790776444220E-006
         144  5.352057531083618E-006
         145  1.849292646681820E-006
         146  6.054359387204405E-006
         147  5.889774019098731E-006
         148  1.077276174372622E-005
         149  7.928349805774940E-006
         150  2.580127523066713E-005
         151  1.136054686727125E-005
         152  1.534963738048965E-005
         153  6.252428052961174E-006
         154  4.713254921380071E-005
         155  3.076528160789616E-005
         156  3.822583332208323E-005
         157  1.788541860422770E-005
         158  5.383467125679363E-005
         159  5.786519113252315E-005
         160  1.209708743282124E-004
         161  4.396368020938423E-005
         162  8.549985625564212E-005
         163  3.752421604992453E-005
         164  9.341977997657922E-005
         165  6.368733912289635E-005
         166  9.236943218622863E-005
         167  4.470232802370081E-005
         168  6.873815747195315E-005
         169  2.924916340933654E-005
         170  5.195870652033228E-005
         171  3.683478437086018E-005
         172  5.969781083836629E-005
         173  2.580454261292438E-005
         174  2.934221787480345E-005
         175  1.144725916417786E-005
         176  1.862533807153309E-005
         177  1.060661475720966E-005
         178  1.782106959026124E-005
         179  5.814243157225481E-006
         180  8.971331301417281E-006
         181  4.699324187738418E-006
         182  1.108953100879982E-005
         183  6.008803999287157E-006
         184  1.113691359735332E-005
         185  3.605921399586753E-006
         186  1.417293557109155E-005
         187  4.071904170617732E-006
         188  1.296801061097472E-005
         189  1.133082652296280E-005
         190  2.384381044673821E-005
         191  2.828718589784689E-005
         192  1.000773711565371E-004
         193  1.296198391968874E-004
         194  3.181782360495479E-004
         195  2.242513583251633E-004
         196  4.355814110432178E-004
         197  2.289718189028129E-004
         198  1.674376575875833E-004
         199  1.337389428308770E-005
         200  2.356936272421363E-006
         201  8.512316107173198E-008
         202  1.029312704842707E-007
         203  2.529742627763150E-008
         204  7.590463455879395E-008
         205  6.565936024039722E-008
         206  2.277197794141680E-006
         207  1.482824864910078E-006
         208  2.513833785556354E-006
         209  1.609779851162499E-006
         226  6.639639824498349E-014
         227  5.113278791027275E-015
         230  3.128929146813065E-012
         231  7.676065335345954E-012
         232  5.877052285626133E-007
         234  1.018752455578520E-011
         235  1.649480478659015E-007
         236  1.632396368967693E-009
         238  1.853986602942150E-007
         240  3.166032332143151E-013
         244  3.864785330400721E-009
