           1  7.431362016286588E-005
           2  6.470609901488105E-012
           3  1.574717819390911E-008
           4  8.134160503166060E-005
           6  5.674563962362780E-015
           7  3.114017005274736E-012
           8  2.708281752318958E-013
           9  1.912633244112939E-009
          10  2.713051082138141E-014
          14  2.054394485998607E-015
          15  2.094091462662309E-012
          16  1.244669267511705E-009
          17  9.230890017556618E-011
          18  4.537655789216847E-010
          19  2.064609198713720E-010
          20  4.692399036652033E-009
          21  7.596609660908574E-010
          22  1.519048333723275E-009
          23  4.940618007924510E-009
          24  1.139385600432487E-008
          25  1.392700135127631E-008
          26  1.188098724595391E-008
          27  2.484013697431839E-009
          28  1.551450186739049E-009
          29  8.565340182587231E-010
          30  2.656036021038713E-009
          31  4.540416556698304E-010
          32  6.491841064020024E-010
          33  8.391126608846705E-010
          34  4.360867009969777E-009
          35  2.875113004610798E-010
          36  1.155985906955016E-009
          37  7.889408122401819E-010
          38  1.066674149943610E-009
          39  2.991280227638812E-010
          40  6.247204386186887E-010
          41  8.993158919500845E-010
          42  6.074664584542414E-009
          43  5.082764460466831E-010
          44  1.016029330999018E-009
          45  4.553839734662650E-009
          46  7.464213142871644E-009
          47  8.030881621917965E-009
          48  5.899718337856823E-009
          49  5.145215024798375E-010
          50  3.093650895534770E-009
          51  1.546360538224284E-009
          52  6.300590974799258E-009
          53  2.223708753920587E-010
          54  5.511683323274469E-010
          55  3.495087970017059E-010
          56  4.023985153724276E-010
          57  1.046010437701811E-010
          58  2.097424308832247E-010
          59  1.451096285974389E-010
          60  1.736723795083631E-010
          61  1.868282750024467E-010
          62  8.720091556046080E-010
          63  3.515601925132986E-010
          64  3.649488464765700E-010
          65  3.084822464353282E-010
          66  4.368253772686021E-010
          67  5.877155057319589E-010
          68  8.467281640561066E-010
          69  1.574540289624172E-010
          70  4.723288555202732E-010
          71  1.626224381373780E-010
          72  2.016363125446910E-010
          73  2.184393192528595E-010
          74  4.507321306192413E-010
          75  1.086334657559178E-009
          76  2.843316006137772E-009
          77  5.524552872796430E-009
          78  1.016861667050887E-008
          79  8.030098276198316E-009
          80  3.201546888398144E-008
          81  1.230800666112672E-008
          82  1.057951769095734E-008
          83  4.548955310667059E-009
          84  5.224987700872689E-009
          85  3.491449431495846E-009
          86  3.780546300834085E-009
          87  2.559952530505607E-009
          88  6.075207446183556E-009
          89  2.737572439582727E-009
          90  5.298683416072153E-009
          91  3.563356768792041E-009
          92  2.972519364200425E-009
          93  2.465735324491090E-009
          94  5.657210945221077E-009
          95  2.894199292838028E-009
          96  3.469560853592183E-009
          97  1.497343580600507E-009
          98  1.372027798325225E-009
          99  1.527675563428719E-009
         100  1.340529574315622E-009
         101  1.003174953902315E-009
         102  1.775139165356100E-009
         103  1.677722996697001E-009
         104  1.635819584226892E-009
         105  1.755021167350957E-009
         106  2.262902010755011E-009
         107  1.760904741573262E-009
         108  5.981172933104355E-009
         109  2.632807561465273E-009
         110  7.050486067230924E-009
         111  5.020502295258772E-009
         112  6.553859026196232E-009
         113  3.272744425369627E-009
         114  2.547777778659163E-009
         115  1.321147220950643E-009
         116  1.362217463497593E-009
         117  1.239797617169446E-009
         118  1.328054708793452E-009
         119  4.806391793634486E-010
         120  6.812086210123241E-010
         121  5.555537514390707E-010
         122  7.068170106965900E-010
         123  6.659316538509113E-010
         124  1.887168892451124E-008
         125  8.875541951407724E-008
         126  7.130378006649231E-007
         127  3.631481660155687E-006
         128  2.949284847434706E-005
         129  1.417838770989608E-004
         130  3.334174279815928E-004
         131  1.088839271554524E-003
         132  1.039028458876878E-003
         133  3.381234987960425E-005
         134  8.448491177985165E-005
         135  8.594468577016936E-005
         136  2.192100980594170E-004
         137  1.182181004828415E-004
         138  8.961576856060259E-005
         139  1.483690543535014E-005
         140  3.353310654343678E-005
         141  2.529832464958169E-005
         142  9.949008309596777E-006
         143  1.940889727356223E-006
         144  1.041770403619409E-005
         145  6.402409975311252E-006
         146  2.560376440561270E-005
         147  1.957117905515976E-005
         148  2.487641933696027E-005
         149  1.522557607091478E-005
         150  2.360960620146292E-005
         151  8.968946689320304E-006
         152  1.686888299254393E-005
         153  9.622126111874391E-006
         154  1.179198163756890E-005
         155  5.959944946783756E-006
         156  2.259303198906166E-005
         157  1.448100818741167E-005
         158  2.989557923615608E-005
         159  2.068392713687902E-005
         160  6.551749510105955E-005
         161  3.891928591976168E-005
         162  1.425870402643118E-004
         163  5.752862557461268E-005
         164  7.511994650053033E-005
         165  3.806310680959956E-005
         166  1.388678425584505E-004
         167  3.379050286374594E-005
         168  1.076241804859835E-004
         169  4.204577881871293E-005
         170  4.411680081948854E-005
         171  2.344813940088983E-005
         172  4.729031190712880E-005
         173  3.395019299171176E-005
         174  6.395864439299711E-005
         175  2.488607522207926E-005
         176  4.028918589838345E-005
         177  1.296785566479814E-005
         178  1.085953540384430E-005
         179  5.436170683183049E-006
         180  1.167136075239370E-005
         181  5.501560731399543E-006
         182  1.173060216705725E-005
         183  6.121016669881837E-006
         184  1.130532634373248E-005
         185  3.670312750457909E-006
         186  1.430231487346395E-005
         187  4.205083120551750E-006
         188  1.423250242169474E-005
         189  1.263360059453614E-005
         190  2.651435771275903E-005
         191  2.941648772091517E-005
         192  1.047886387988027E-004
         193  1.361143530168869E-004
         194  3.316169249046921E-004
         195  2.235494816113407E-004
         196  4.151977738363582E-004
         197  2.132059548188937E-004
         198  1.507020312703586E-004
         199  1.208512256438947E-005
         200  2.199695635515054E-006
         201  8.883505963114794E-008
         202  1.098016719866178E-007
         203  2.671461504325918E-008
         204  8.464795505408357E-008
         205  7.288635380561374E-008
         206  2.236266775068792E-006
         207  1.462717916259203E-006
         208  2.454398850079494E-006
         209  1.549136293664350E-006
         226  5.812300846510736E-014
         227  4.523070321386089E-015
         230  2.739045793055159E-012
         231  6.790043086297001E-012
         232  5.252135109089100E-007
         234  8.918097843343941E-012
         235  1.459086528162770E-007
         236  1.483356373091123E-009
         238  1.622968743265285E-007
         240  2.880850926583810E-013
         244  3.516663518276736E-009
