           1  7.365862839217948E-005
           2  6.470609901488105E-012
           3  1.574717819390911E-008
           4  8.089315831428403E-005
           6  5.674563962362780E-015
           7  3.114017005274736E-012
           8  2.708281752318958E-013
           9  1.912633244112939E-009
          10  2.713051082138141E-014
          14  2.393467750656538E-015
          15  2.516308174131818E-012
          16  1.304419069747083E-009
          17  9.596465038868812E-011
          18  4.480606325699910E-010
          19  1.935087731656957E-010
          20  4.697124506633500E-009
          21  7.879814529965361E-010
          22  1.724799332139799E-009
          23  4.903506740414934E-009
          24  1.139647885595852E-008
          25  1.371095846062938E-008
          26  1.192546538675769E-008
          27  2.709600454627041E-009
          28  1.700956625786711E-009
          29  8.596565913164367E-010
          30  2.879602287852922E-009
          31  5.278735169622475E-010
          32  6.018968585790907E-010
          33  7.958896022911124E-010
          34  4.467138224202819E-009
          35  3.015058439767156E-010
          36  1.150151481201395E-009
          37  7.508224714687878E-010
          38  9.919848057734589E-010
          39  3.053159163423753E-010
          40  6.369338908786040E-010
          41  8.926940585503561E-010
          42  6.466379694989542E-009
          43  5.839261958947050E-010
          44  9.551038702828466E-010
          45  4.199324905180030E-009
          46  7.255431454926757E-009
          47  8.076311098049292E-009
          48  6.080537115023976E-009
          49  5.026918285941375E-010
          50  3.131104211386867E-009
          51  1.601940044074542E-009
          52  6.426718021345338E-009
          53  2.161819206052579E-010
          54  5.063545412420215E-010
          55  3.643823376250109E-010
          56  4.402849159814698E-010
          57  1.218645028264868E-010
          58  2.189925871180937E-010
          59  1.544463000786160E-010
          60  1.737391268664224E-010
          61  1.718458756750772E-010
          62  8.556466829705239E-010
          63  3.547475270115801E-010
          64  3.601003535814878E-010
          65  3.018337489985068E-010
          66  4.414269064661857E-010
          67  5.779126979442870E-010
          68  8.926614915506766E-010
          69  1.667387947575259E-010
          70  4.955165850362006E-010
          71  1.720315319917060E-010
          72  2.127119738550279E-010
          73  2.083867478559096E-010
          74  4.285380776775602E-010
          75  9.887942119366482E-010
          76  2.717695967220519E-009
          77  5.281138680445378E-009
          78  1.016960410816098E-008
          79  7.980477234623439E-009
          80  3.315922427329008E-008
          81  1.199896259013546E-008
          82  1.105848194409695E-008
          83  4.976684975515416E-009
          84  5.396599926094207E-009
          85  3.635099178524997E-009
          86  3.943682042848681E-009
          87  2.537775107068393E-009
          88  6.179664612701877E-009
          89  2.854566386176185E-009
          90  5.423773042516923E-009
          91  3.703412658816489E-009
          92  3.008528959217507E-009
          93  2.488627911307206E-009
          94  5.933470302885498E-009
          95  3.110040140198451E-009
          96  3.447091259871116E-009
          97  1.530053528755115E-009
          98  1.421122100932903E-009
          99  1.579060963986639E-009
         100  1.442226866309464E-009
         101  1.067274351677322E-009
         102  1.866925887626487E-009
         103  1.783943652672286E-009
         104  1.760187157734610E-009
         105  1.825773786854659E-009
         106  2.322344897617718E-009
         107  1.761409227728989E-009
         108  5.765965899764046E-009
         109  2.547520908763169E-009
         110  7.002876440209423E-009
         111  5.063719892853024E-009
         112  6.913672311605721E-009
         113  3.595208923836862E-009
         114  2.940162290553966E-009
         115  1.549816284442679E-009
         116  1.625024467401945E-009
         117  1.434063227439103E-009
         118  1.528683186305259E-009
         119  5.540650478122306E-010
         120  7.592592205402315E-010
         121  6.205223091621433E-010
         122  7.747342804090972E-010
         123  6.968647506302227E-010
         124  1.623117973511440E-008
         125  7.349375263049008E-008
         126  6.065880801751667E-007
         127  3.088351828307321E-006
         128  2.560582541038342E-005
         129  1.303873114757704E-004
         130  3.327418280531749E-004
         131  1.134792275800228E-003
         132  1.079203224981909E-003
         133  3.382957853525010E-005
         134  8.440966731873919E-005
         135  8.726034440379997E-005
         136  2.348390876689987E-004
         137  1.275698690507959E-004
         138  8.913234254084404E-005
         139  1.412316109347743E-005
         140  3.182914650579217E-005
         141  2.341330033657241E-005
         142  9.199018283110224E-006
         143  1.469462671468363E-006
         144  4.902420133126128E-006
         145  1.824868933539736E-006
         146  6.991567050133315E-006
         147  9.311981557012640E-006
         148  2.907385175587074E-005
         149  2.177142318371628E-005
         150  2.946643851745284E-005
         151  1.438533127612377E-005
         152  2.277783281305736E-005
         153  8.801965602668400E-006
         154  3.007175112517358E-005
         155  1.739267522615715E-005
         156  2.278118906626443E-005
         157  1.398824832577545E-005
         158  3.628494845545765E-005
         159  1.966228349449028E-005
         160  7.020439075971448E-005
         161  3.768470752217712E-005
         162  8.506115712119495E-005
         163  3.280117003117726E-005
         164  6.486458764063100E-005
         165  4.020662270874746E-005
         166  5.109101482202900E-005
         167  2.382955166183635E-005
         168  1.486213263380544E-004
         169  6.101902933757187E-005
         170  3.777941395746841E-005
         171  1.216086084485790E-005
         172  3.844430079234826E-005
         173  1.909893857845106E-005
         174  4.411135452418922E-005
         175  2.503041780728852E-005
         176  1.953404521236683E-005
         177  7.324897126851668E-006
         178  9.315476775916039E-006
         179  4.759326337364594E-006
         180  1.025514651567949E-005
         181  5.136033666507006E-006
         182  1.193033597116364E-005
         183  6.388477247102328E-006
         184  1.185223790921028E-005
         185  3.790860238466210E-006
         186  1.440081252538422E-005
         187  4.157480221450479E-006
         188  1.319293702499783E-005
         189  1.106967605751273E-005
         190  2.407069258634958E-005
         191  2.726524502661849E-005
         192  9.737043925264815E-005
         193  1.276772430931921E-004
         194  3.253032840488406E-004
         195  2.349905072761956E-004
         196  4.598231501238951E-004
         197  2.482781617054806E-004
         198  1.869063148683912E-004
         199  1.559270088944849E-005
         200  2.750777213428563E-006
         201  9.204349041239958E-008
         202  1.063047727832354E-007
         203  2.676784808777784E-008
         204  9.549277417488943E-008
         205  8.464564257362106E-008
         206  2.270138333779433E-006
         207  1.538134201278988E-006
         208  2.521497947893011E-006
         209  1.570493041711507E-006
         226  5.720935810626310E-014
         227  4.423779139028408E-015
         230  2.695990035313059E-012
         231  6.640986945579867E-012
         232  5.219910970205086E-007
         234  8.777911994229285E-012
         235  1.427056421122769E-007
         236  1.362274914099163E-009
         238  1.597456884642764E-007
         240  2.636194321040110E-013
         244  3.218010453211266E-009
