           1  7.422884512350366E-005
           2  6.470609901488105E-012
           3  1.574717819390911E-008
           4  8.298259452239857E-005
           6  5.674563962362780E-015
           7  3.114017005274736E-012
           8  2.708281752318958E-013
           9  1.912633244112939E-009
          10  2.713051082138141E-014
          14  2.199155914965389E-015
          15  2.129804063547396E-012
          16  1.211186744543013E-009
          17  9.049670804028408E-011
          18  4.859306204437537E-010
          19  2.493593155311869E-010
          20  4.545516745717285E-009
          21  7.314941397416618E-010
          22  1.570542149014653E-009
          23  4.834537929036800E-009
          24  1.119146221840432E-008
          25  1.377849163721504E-008
          26  1.257831080140475E-008
          27  2.589789656535029E-009
          28  1.536812912366587E-009
          29  9.037387976802371E-010
          30  2.696273615986789E-009
          31  4.586589041764296E-010
          32  7.010108974040625E-010
          33  7.609266235906023E-010
          34  4.398966873213517E-009
          35  3.049486319412656E-010
          36  1.267043923201734E-009
          37  8.146765313756533E-010
          38  1.081375519667358E-009
          39  2.741565065003328E-010
          40  6.038278498101285E-010
          41  9.039514763684773E-010
          42  5.621275473279529E-009
          43  4.696163661983042E-010
          44  9.895799775430595E-010
          45  4.416794258119199E-009
          46  7.628002296437291E-009
          47  8.423319460554499E-009
          48  6.196389286940887E-009
          49  4.984519385810783E-010
          50  3.072959767498431E-009
          51  1.546491687605928E-009
          52  6.276615221740879E-009
          53  2.196233507009750E-010
          54  5.396858393584382E-010
          55  3.134092996895548E-010
          56  3.552666868424737E-010
          57  9.141172282725405E-011
          58  1.895551496661880E-010
          59  1.298795035248079E-010
          60  1.593770162883254E-010
          61  1.695420161758578E-010
          62  7.860146842791931E-010
          63  3.238457121306336E-010
          64  3.559361074484386E-010
          65  3.042914495550196E-010
          66  4.311203363683017E-010
          67  5.839262029180922E-010
          68  8.129712452903168E-010
          69  1.503313978771917E-010
          70  4.467434729417734E-010
          71  1.536084554302061E-010
          72  1.932407715576593E-010
          73  2.174000236316324E-010
          74  4.276557615003386E-010
          75  9.938603265217487E-010
          76  2.690142899749284E-009
          77  5.547794911480592E-009
          78  1.056971637188697E-008
          79  8.112038156725241E-009
          80  3.104417390140013E-008
          81  1.325442708112815E-008
          82  1.108586332528953E-008
          83  4.619707374112091E-009
          84  5.360895387737175E-009
          85  3.518404990438763E-009
          86  3.781248467974756E-009
          87  2.532468118259363E-009
          88  5.963675992109094E-009
          89  2.735685006944320E-009
          90  5.326840752913386E-009
          91  3.537116499237789E-009
          92  3.008613401544937E-009
          93  2.479404482162706E-009
          94  5.441660843145482E-009
          95  2.852996559457439E-009
          96  3.765065654401257E-009
          97  1.633843803986009E-009
          98  1.487355579594937E-009
          99  1.636388338247305E-009
         100  1.417619537141209E-009
         101  1.045626417489210E-009
         102  1.778396122013997E-009
         103  1.656640026560507E-009
         104  1.600381283988403E-009
         105  1.706248916571778E-009
         106  2.163523322284868E-009
         107  1.683988191865952E-009
         108  5.851946025696650E-009
         109  2.638665557721657E-009
         110  7.352554994727743E-009
         111  5.256852850167348E-009
         112  6.903792709961929E-009
         113  3.450606464416979E-009
         114  2.693089619007415E-009
         115  1.402518074315432E-009
         116  1.459310557947817E-009
         117  1.353823600990946E-009
         118  1.475920866945269E-009
         119  5.370700436056836E-010
         120  7.745615835583423E-010
         121  6.363845341502845E-010
         122  8.072134197870361E-010
         123  7.286728738034761E-010
         124  1.924310162851316E-008
         125  8.632656190515694E-008
         126  6.914461596852881E-007
         127  3.512537663804707E-006
         128  2.874351816049983E-005
         129  1.408393949944674E-004
         130  3.442124335929680E-004
         131  1.084866043807422E-003
         132  1.062046342271308E-003
         133  3.366993052787590E-005
         134  8.380989883685000E-005
         135  8.846440587321492E-005
         136  2.182252451588940E-004
         137  1.158613922660402E-004
         138  8.759218342648557E-005
         139  1.505522053417502E-005
         140  3.399378643703197E-005
         141  2.437067742860515E-005
         142  9.707309599871748E-006
         143  1.705268846987728E-006
         144  7.298904082383306E-006
         145  3.226198344694183E-006
         146  1.187997419704568E-005
         147  1.060037239062440E-005
         148  9.572065544587694E-006
         149  6.457493362363774E-006
         150  2.859044268484831E-005
         151  2.382505568095695E-005
         152  4.192051384509812E-005
         153  2.338403137662757E-005
         154  2.619824779631348E-005
         155  9.466491287468852E-006
         156  2.117772241899322E-005
         157  1.327938660478485E-005
         158  3.741287574493532E-005
         159  1.747377716537900E-005
         160  2.955559663073403E-005
         161  1.801067616391849E-005
         162  7.970405238564123E-005
         163  4.690774957189885E-005
         164  1.140671924124997E-004
         165  6.732985584649020E-005
         166  9.541276270893748E-005
         167  3.468375055675025E-005
         168  9.986995362264530E-005
         169  3.932524904333203E-005
         170  4.285694851685159E-005
         171  3.296792595899495E-005
         172  6.505878084363027E-005
         173  4.761551191239841E-005
         174  6.895156008620987E-005
         175  3.414083242576675E-005
         176  4.226042691704121E-005
         177  1.934361263455134E-005
         178  1.993197032303120E-005
         179  8.679565742412279E-006
         180  1.623062895378377E-005
         181  7.028846950976990E-006
         182  1.324649673881154E-005
         183  6.342920359104371E-006
         184  1.094432084570193E-005
         185  3.428389558049967E-006
         186  1.279435328113530E-005
         187  3.766736291532090E-006
         188  1.278207046444573E-005
         189  1.137092620111869E-005
         190  2.377754615371577E-005
         191  2.688332126365012E-005
         192  9.802681634389899E-005
         193  1.301694031027449E-004
         194  3.210528324877434E-004
         195  2.221249070069818E-004
         196  4.232272820731219E-004
         197  2.183125865354867E-004
         198  1.557886874147619E-004
         199  1.243382980373441E-005
         200  2.315354374290615E-006
         201  1.028864037410668E-007
         202  1.234011776353859E-007
         203  2.722422699942142E-008
         204  9.295513930631621E-008
         205  8.049509121204044E-008
         206  2.373603093630623E-006
         207  1.510508767962825E-006
         208  2.537524637795860E-006
         209  1.637614651185992E-006
         226  6.580114022700545E-014
         227  5.176862387019645E-015
         230  3.100877622761211E-012
         231  7.771517169098915E-012
         232  6.027854071482866E-007
         234  1.009619120284031E-011
         235  1.669991760096749E-007
         236  1.674358338918485E-009
         238  1.837365213532546E-007
         240  3.250034563494222E-013
         244  3.967327110581084E-009
