           1  7.480353258762252E-005
           2  6.470609901488105E-012
           3  1.574717819390911E-008
           4  8.225272617021257E-005
           6  5.674563962362780E-015
           7  3.114017005274736E-012
           8  2.708281752318958E-013
           9  1.912633244112939E-009
          10  2.713051082138141E-014
          14  1.811529005155565E-015
          15  1.821674375457054E-012
          16  1.237817966132489E-009
          17  9.180705115812882E-011
          18  4.403423789589597E-010
          19  1.906648015061082E-010
          20  4.674393230679708E-009
          21  7.616608394976215E-010
          22  1.558984020807907E-009
          23  4.915217814395922E-009
          24  1.135302569867061E-008
          25  1.382879424417218E-008
          26  1.160774872544758E-008
          27  2.439063100111894E-009
          28  1.560085340104279E-009
          29  8.479631153540500E-010
          30  2.682603407483576E-009
          31  4.527923987845946E-010
          32  6.163171576369571E-010
          33  8.452467752615352E-010
          34  4.267868804671282E-009
          35  2.799504997068512E-010
          36  1.136625644473567E-009
          37  7.298441509772235E-010
          38  9.836080277085174E-010
          39  2.978380628290369E-010
          40  6.395295556456517E-010
          41  9.188618907054157E-010
          42  6.286136126358666E-009
          43  5.121087918317977E-010
          44  1.007028037605447E-009
          45  4.506700089744725E-009
          46  7.301315352444805E-009
          47  7.916531986896111E-009
          48  5.879700673735174E-009
          49  4.980109852396489E-010
          50  3.136778621757528E-009
          51  1.583255702277525E-009
          52  6.267103873013542E-009
          53  2.060761611508126E-010
          54  5.058194447105814E-010
          55  3.459426306063333E-010
          56  4.234281411176356E-010
          57  1.087286920168165E-010
          58  2.218739243205084E-010
          59  1.533451295890683E-010
          60  1.756885226091989E-010
          61  1.884723574286568E-010
          62  8.939952328902660E-010
          63  3.583456510795743E-010
          64  3.729008047180710E-010
          65  3.187960030524745E-010
          66  4.392362328596793E-010
          67  5.895969155101341E-010
          68  8.579733416394744E-010
          69  1.609874485988332E-010
          70  4.924341609957200E-010
          71  1.694057646304621E-010
          72  2.064225010312917E-010
          73  2.215401315506268E-010
          74  4.588633047694676E-010
          75  1.111097222865399E-009
          76  2.905310693385439E-009
          77  5.548975054863890E-009
          78  1.009416035780895E-008
          79  7.952842200452456E-009
          80  3.229489966061302E-008
          81  1.148952319960775E-008
          82  1.022438882784079E-008
          83  4.492574723247710E-009
          84  5.204484066488925E-009
          85  3.499449016746342E-009
          86  3.755792440054453E-009
          87  2.412163646628710E-009
          88  5.839157073675610E-009
          89  2.659177415818216E-009
          90  5.162905003469055E-009
          91  3.395414747277522E-009
          92  2.853962280170928E-009
          93  2.399405663655019E-009
          94  5.618036513042468E-009
          95  2.770577416346032E-009
          96  3.313937810712263E-009
          97  1.406551259926414E-009
          98  1.290787618792987E-009
          99  1.453238478049082E-009
         100  1.250579067952411E-009
         101  9.543214840357042E-010
         102  1.715500626332936E-009
         103  1.629338420067215E-009
         104  1.581849476311669E-009
         105  1.722284816895552E-009
         106  2.203940376408143E-009
         107  1.714708153920522E-009
         108  5.770458434491709E-009
         109  2.553966374613913E-009
         110  6.846565384569015E-009
         111  4.798777193787445E-009
         112  6.188311950605962E-009
         113  3.030667261759778E-009
         114  2.329465256493558E-009
         115  1.222067565955442E-009
         116  1.253915203186461E-009
         117  1.121793423597786E-009
         118  1.211074138296462E-009
         119  4.510063050136998E-010
         120  6.464788204947281E-010
         121  5.235885118200446E-010
         122  6.899457906827360E-010
         123  6.416124981799572E-010
         124  2.012637432856439E-008
         125  8.825185658817344E-008
         126  7.073599881444679E-007
         127  3.637027312169741E-006
         128  2.961625518478637E-005
         129  1.405334651959094E-004
         130  3.270179920167037E-004
         131  1.083470463198452E-003
         132  1.001346840060924E-003
         133  3.352696612852591E-005
         134  8.361135811321197E-005
         135  7.671045281567282E-005
         136  2.069571409017281E-004
         137  1.141247956622163E-004
         138  8.954698238431888E-005
         139  1.406520237779248E-005
         140  3.239131248208080E-005
         141  2.540842949121457E-005
         142  9.744320281654405E-006
         143  1.629709853772686E-006
         144  6.652194754162897E-006
         145  3.149036674865796E-006
         146  1.125537816669600E-005
         147  7.794658562747897E-006
         148  7.456071293863481E-006
         149  7.905852255446489E-006
         150  3.132533220402757E-005
         151  1.547325973699340E-005
         152  5.760956815214810E-005
         153  4.334422332592757E-005
         154  5.799836100081956E-005
         155  2.434568719938420E-005
         156  3.322011075723997E-005
         157  1.654018801262811E-005
         158  5.984245452545371E-005
         159  5.707247000873581E-005
         160  7.755472005906603E-005
         161  3.283421089259009E-005
         162  1.478009141840674E-004
         163  5.787317354884114E-005
         164  1.009681598089845E-004
         165  4.019546692567176E-005
         166  6.132538688590394E-005
         167  2.463486844695017E-005
         168  8.040164916855125E-005
         169  3.873574516252302E-005
         170  5.737376225947319E-005
         171  3.709943224471878E-005
         172  5.105632199166427E-005
         173  2.677723908399611E-005
         174  3.889256176156947E-005
         175  2.141564099067483E-005
         176  2.350213109953647E-005
         177  1.236261628841985E-005
         178  2.193694773796450E-005
         179  1.157175078681639E-005
         180  2.058746996541030E-005
         181  8.489437319968122E-006
         182  1.594238605261721E-005
         183  7.959313029829665E-006
         184  1.407491578656916E-005
         185  4.477679096003148E-006
         186  1.731946447296790E-005
         187  5.014196450650203E-006
         188  1.654604753843909E-005
         189  1.459292937944191E-005
         190  2.924906851054704E-005
         191  3.247842977447347E-005
         192  1.114308459879585E-004
         193  1.397264632641870E-004
         194  3.276065355866984E-004
         195  2.155133993013412E-004
         196  3.964906538411778E-004
         197  2.000137778749033E-004
         198  1.385364869588851E-004
         199  1.075182083211943E-005
         200  1.977035898034084E-006
         201  8.061218372830673E-008
         202  1.057228282987468E-007
         203  2.725469906781943E-008
         204  8.234520382101201E-008
         205  6.979156103441659E-008
         206  2.286599664508644E-006
         207  1.504395261665714E-006
         208  2.528977835876624E-006
         209  1.590921651069285E-006
         226  6.507005090688064E-014
         227  4.976875449407830E-015
         230  3.066425050887931E-012
         231  7.471296339752030E-012
         232  5.592813550284355E-007
         234  9.984016587979981E-012
         235  1.605478448177136E-007
         236  1.725708507117758E-009
         238  1.816951006724754E-007
         240  3.358337934507303E-013
         244  4.099533366112582E-009
