           1  7.454932031009439E-005
           2  6.470609901488105E-012
           3  1.574717819390911E-008
           4  8.166831799766030E-005
           6  5.674563962362780E-015
           7  3.114017005274736E-012
           8  2.708281752318958E-013
           9  1.912633244112939E-009
          10  2.713051082138141E-014
          14  2.063442778949940E-015
          15  1.949668622720804E-012
          16  1.219401589572487E-009
          17  9.110189697622020E-011
          18  4.602304191902631E-010
          19  2.141636329930139E-010
          20  4.466299036839573E-009
          21  7.477646686584789E-010
          22  1.749453914372932E-009
          23  4.722604563697429E-009
          24  1.104886579632846E-008
          25  1.337821736074729E-008
          26  1.247397264021393E-008
          27  2.839021555886152E-009
          28  1.651151514103780E-009
          29  8.365160552720151E-010
          30  2.743028304003573E-009
          31  5.068627388087085E-010
          32  5.994072120866772E-010
          33  7.046916180355028E-010
          34  4.411470731339756E-009
          35  3.077321452549170E-010
          36  1.196308582600281E-009
          37  8.096900372288032E-010
          38  1.064194951554497E-009
          39  2.936904851328921E-010
          40  5.989603473675333E-010
          41  8.476418854344125E-010
          42  5.952508164514101E-009
          43  5.401327268231157E-010
          44  9.145865770959402E-010
          45  4.012279942184894E-009
          46  7.309286424439411E-009
          47  8.355419430144795E-009
          48  6.332629884229060E-009
          49  5.212372081665109E-010
          50  3.158809848260279E-009
          51  1.595306551808964E-009
          52  6.300783867825902E-009
          53  2.170201951284981E-010
          54  5.170353321090711E-010
          55  3.439126170951630E-010
          56  3.905491182370832E-010
          57  1.078604789569457E-010
          58  2.020145490255589E-010
          59  1.433632198745997E-010
          60  1.608076177178499E-010
          61  1.525851331088243E-010
          62  7.617825206744905E-010
          63  3.252854724270748E-010
          64  3.485369202729537E-010
          65  3.001426761563520E-010
          66  4.418934041966740E-010
          67  5.705113363364779E-010
          68  8.736032113236657E-010
          69  1.644039960166229E-010
          70  4.863694803063552E-010
          71  1.695526587146078E-010
          72  2.131427046426759E-010
          73  2.089053327483113E-010
          74  4.134558203544270E-010
          75  9.254313707939731E-010
          76  2.639126497926843E-009
          77  5.395233222953637E-009
          78  1.041230174707578E-008
          79  7.866148465730501E-009
          80  3.177203774274333E-008
          81  1.246657724039838E-008
          82  1.107367054040991E-008
          83  4.787487263838629E-009
          84  5.109684009598277E-009
          85  3.419437301718457E-009
          86  3.691893540270744E-009
          87  2.378745211439823E-009
          88  5.821805464200453E-009
          89  2.744162607564758E-009
          90  5.156398790540621E-009
          91  3.421486215723129E-009
          92  2.789532371216912E-009
          93  2.306421945410736E-009
          94  5.455491547196966E-009
          95  2.873589470165434E-009
          96  3.451047624072521E-009
          97  1.542574732105736E-009
          98  1.445675757285892E-009
          99  1.603745291204273E-009
         100  1.443895187330358E-009
         101  1.061767290778184E-009
         102  1.753375373786067E-009
         103  1.648493620533178E-009
         104  1.593431830141831E-009
         105  1.640484756279268E-009
         106  2.060272555583225E-009
         107  1.558665241710994E-009
         108  5.130215125134207E-009
         109  2.339549644909839E-009
         110  6.778325713754338E-009
         111  4.891951123367014E-009
         112  6.740187779581141E-009
         113  3.513643111126123E-009
         114  2.880145865143296E-009
         115  1.549908133396689E-009
         116  1.627194968660365E-009
         117  1.407472559705486E-009
         118  1.513294505097583E-009
         119  5.782143304434636E-010
         120  8.037226875781145E-010
         121  6.565661460071982E-010
         122  8.376661655070584E-010
         123  7.124927236403881E-010
         124  1.632914226911760E-008
         125  6.387142881540556E-008
         126  5.353630900606502E-007
         127  2.785180215640155E-006
         128  2.369439019439616E-005
         129  1.234559801854440E-004
         130  3.280322033265938E-004
         131  1.105412768596024E-003
         132  1.046027732607369E-003
         133  3.260096475523830E-005
         134  8.190559662460001E-005
         135  8.393694489588435E-005
         136  2.141088306286525E-004
         137  1.149626650437493E-004
         138  8.298213328043537E-005
         139  1.291813803726244E-005
         140  2.984175966532962E-005
         141  2.119482506576559E-005
         142  8.477082200240535E-006
         143  1.615513480817304E-006
         144  8.109146033101728E-006
         145  4.192320902588558E-006
         146  1.575559982763833E-005
         147  1.155693981767827E-005
         148  2.605275994016456E-005
         149  1.892148869664429E-005
         150  2.751653656742471E-005
         151  1.092970326178258E-005
         152  1.382635442582274E-005
         153  6.251282839517040E-006
         154  6.885352507245622E-005
         155  4.518385397030050E-005
         156  8.246090569105443E-005
         157  3.015824574865494E-005
         158  3.581657015858203E-005
         159  1.504165530099207E-005
         160  2.436205056488301E-005
         161  1.488318203174934E-005
         162  1.144301621763053E-004
         163  6.776346600150500E-005
         164  7.594637502557798E-005
         165  3.238270414360881E-005
         166  7.143514900329524E-005
         167  2.532682913884093E-005
         168  1.615734232443075E-004
         169  1.025758289730384E-004
         170  6.842681615735184E-005
         171  2.091285703193897E-005
         172  3.532441444925463E-005
         173  1.613633896108521E-005
         174  3.601336424206423E-005
         175  2.311627880961917E-005
         176  2.912419847825133E-005
         177  8.495312440067126E-006
         178  7.528570106321446E-006
         179  4.221677937238213E-006
         180  1.004028038460864E-005
         181  5.205384752035336E-006
         182  1.236904143148517E-005
         183  6.528681184587670E-006
         184  1.185613458030601E-005
         185  3.691210209282416E-006
         186  1.374352767244984E-005
         187  3.964182210386448E-006
         188  1.245050644387208E-005
         189  1.040459974709977E-005
         190  2.223374904572763E-005
         191  2.587475936640922E-005
         192  9.163799100157895E-005
         193  1.199609204629994E-004
         194  3.028387927382554E-004
         195  2.206502567403984E-004
         196  4.343179054774550E-004
         197  2.339222916266605E-004
         198  1.748270381598772E-004
         199  1.424714026668576E-005
         200  2.529353690906395E-006
         201  8.780878981837758E-008
         202  1.030077473826852E-007
         203  2.508699897623754E-008
         204  8.115925864793036E-008
         205  7.060663550896896E-008
         206  2.205267874210169E-006
         207  1.439535456103667E-006
         208  2.393879888378806E-006
         209  1.561233166801159E-006
         226  6.891090297549464E-014
         227  5.237660508739551E-015
         230  3.247425139804524E-012
         231  7.862787442765053E-012
         232  6.055651451128240E-007
         234  1.057333733124936E-011
         235  1.689604481994898E-007
         236  1.673220501108782E-009
         238  1.924199117575874E-007
         240  3.241829045332144E-013
         244  3.957310609517853E-009
