           1  7.441058649173215E-005
           2  6.470609901488105E-012
           3  1.574717819390911E-008
           4  8.185602291428319E-005
           6  5.674563962362780E-015
           7  3.114017005274736E-012
           8  2.708281752318958E-013
           9  1.912633244112939E-009
          10  2.713051082138141E-014
          14  2.152742176961133E-015
          15  2.064496401807831E-012
          16  1.251278938319447E-009
          17  9.275457944838207E-011
          18  4.567032962370526E-010
          19  2.095973280289346E-010
          20  4.623359821619911E-009
          21  7.597268564184520E-010
          22  1.664184641293184E-009
          23  4.860982148095038E-009
          24  1.128135001069042E-008
          25  1.372855989355130E-008
          26  1.216973225035173E-008
          27  2.636151495996514E-009
          28  1.594282095752257E-009
          29  8.554178515188237E-010
          30  2.739457677907939E-009
          31  4.821571677502096E-010
          32  6.127873724058695E-010
          33  7.751203576758301E-010
          34  4.345337206314216E-009
          35  2.983407500873447E-010
          36  1.196703284069931E-009
          37  7.816166323861628E-010
          38  1.038293497570440E-009
          39  2.954240056116424E-010
          40  6.182018511285670E-010
          41  8.853882567632343E-010
          42  6.090538619829982E-009
          43  5.266396983347063E-010
          44  9.741622939886543E-010
          45  4.307339652297385E-009
          46  7.383702717191175E-009
          47  8.167072293681299E-009
          48  6.087577658368047E-009
          49  5.121607399840808E-010
          50  3.140794564229073E-009
          51  1.581615497164661E-009
          52  6.252071880319435E-009
          53  2.124807994216662E-010
          54  5.113064451517123E-010
          55  3.370837143232966E-010
          56  4.032124692749340E-010
          57  1.077039702785647E-010
          58  2.107966931877898E-010
          59  1.473152762434203E-010
          60  1.681380212416758E-010
          61  1.707767288738209E-010
          62  8.276694380591558E-010
          63  3.412955942537318E-010
          64  3.601382401776724E-010
          65  3.080401735899370E-010
          66  4.397489768873984E-010
          67  5.787252969661641E-010
          68  8.539435343653082E-010
          69  1.591393671394002E-010
          70  4.772454443825115E-010
          71  1.655529408115661E-010
          72  2.064149413406648E-010
          73  2.162247459692874E-010
          74  4.360761336432748E-010
          75  1.012217504359781E-009
          76  2.749371244473699E-009
          77  5.456459641941127E-009
          78  1.030341071255266E-008
          79  8.000788183609507E-009
          80  3.224011128737415E-008
          81  1.236082266414438E-008
          82  1.090481786452986E-008
          83  4.737429465485817E-009
          84  5.254956110660034E-009
          85  3.522712336261475E-009
          86  3.803566512343911E-009
          87  2.472976818654793E-009
          88  5.965995485843090E-009
          89  2.725459864569769E-009
          90  5.217478949094714E-009
          91  3.529471916140850E-009
          92  2.925521357207078E-009
          93  2.420724309530829E-009
          94  5.613784130673365E-009
          95  2.897335695114826E-009
          96  3.502402857988405E-009
          97  1.530066392894260E-009
          98  1.410685491963414E-009
          99  1.574418031834870E-009
         100  1.390369290288359E-009
         101  1.027668570075854E-009
         102  1.777285817216955E-009
         103  1.679053501722856E-009
         104  1.635437619873465E-009
         105  1.737683967204923E-009
         106  2.206326587856796E-009
         107  1.690754690140496E-009
         108  5.686743707710164E-009
         109  2.540427844904781E-009
         110  7.031360262399788E-009
         111  5.030244493846487E-009
         112  6.720956153679864E-009
         113  3.404356244453624E-009
         114  2.701710338400002E-009
         115  1.427039822575512E-009
         116  1.483228811433821E-009
         117  1.317100595908379E-009
         118  1.416777768700809E-009
         119  5.260641187707118E-010
         120  7.411638999530501E-010
         121  6.064641983264933E-010
         122  7.738868430191597E-010
         123  6.947912572728247E-010
         124  1.821274279858074E-008
         125  7.949623020349444E-008
         126  6.476628809449928E-007
         127  3.309741240802279E-006
         128  2.728620756963540E-005
         129  1.354156578625375E-004
         130  3.345730026376568E-004
         131  1.108914904369298E-003
         132  1.040981791672097E-003
         133  3.303301402289270E-005
         134  8.236637303233766E-005
         135  8.347908111375440E-005
         136  2.172709510252402E-004
         137  1.171898107656037E-004
         138  8.493793721088860E-005
         139  1.451145732328333E-005
         140  3.358175204094967E-005
         141  2.508786660705587E-005
         142  9.735208621332968E-006
         143  1.629419017534020E-006
         144  6.219525031493592E-006
         145  2.791793970868067E-006
         146  1.258573662985973E-005
         147  1.671401082266151E-005
         148  3.184642725918948E-005
         149  2.014430537003646E-005
         150  2.293302045977304E-005
         151  1.223619220190718E-005
         152  2.740270502780878E-005
         153  1.142671915584269E-005
         154  4.054018551854478E-005
         155  1.923183544522425E-005
         156  8.860869034406527E-005
         157  3.720147467439208E-005
         158  5.012553037777087E-005
         159  2.303049088136844E-005
         160  7.044109964898100E-005
         161  2.702462743385419E-005
         162  3.649879989359408E-005
         163  2.420346356847103E-005
         164  8.896364341880165E-005
         165  5.734212355258895E-005
         166  7.758019539219205E-005
         167  2.622795815841890E-005
         168  1.373321359078790E-004
         169  6.124302823637073E-005
         170  4.192708558155326E-005
         171  1.578504811481043E-005
         172  1.954203218377300E-005
         173  1.683005857736603E-005
         174  4.541360585704058E-005
         175  2.301849165572105E-005
         176  3.342406452220513E-005
         177  1.676226800750860E-005
         178  2.305882719669307E-005
         179  7.676500992925189E-006
         180  1.123697380539392E-005
         181  5.543617536312948E-006
         182  1.258034838557656E-005
         183  6.640269580934490E-006
         184  1.216819713375470E-005
         185  3.885865215350322E-006
         186  1.489439364286170E-005
         187  4.338822090016819E-006
         188  1.420579885360245E-005
         189  1.223727429095242E-005
         190  2.559532105169437E-005
         191  2.885826424823417E-005
         192  1.022930784033896E-004
         193  1.329456510593370E-004
         194  3.280802595354715E-004
         195  2.272445445605547E-004
         196  4.323314676516275E-004
         197  2.263890590468361E-004
         198  1.638338033609226E-004
         199  1.316431192096914E-005
         200  2.359236912604694E-006
         201  8.854326330946101E-008
         202  1.076184870501983E-007
         203  2.647842031748478E-008
         204  8.949526575320998E-008
         205  7.829722293540538E-008
         206  2.289121730270151E-006
         207  1.508970959502816E-006
         208  2.503427463281598E-006
         209  1.588410537034866E-006
         226  6.353032521752243E-014
         227  4.905074358640169E-015
         230  2.993865503760783E-012
         231  7.363508384820095E-012
         232  5.658299959216922E-007
         234  9.747768934731784E-012
         235  1.582316304588269E-007
         236  1.611973333834388E-009
         238  1.773957246886409E-007
         240  3.127995001945435E-013
         244  3.818353045340565E-009
