           1  7.389502651949122E-005
           2  6.470609901488105E-012
           3  1.574717819390911E-008
           4  8.353495850496799E-005
           6  5.674563962362780E-015
           7  3.114017005274736E-012
           8  2.708281752318958E-013
           9  1.912633244112939E-009
          10  2.713051082138141E-014
          14  2.265559469388090E-015
          15  2.349925529407800E-012
          16  1.166552236300624E-009
          17  8.831499971418920E-011
          18  4.844210401330469E-010
          19  2.446027041275161E-010
          20  4.390283041507754E-009
          21  7.251190972835882E-010
          22  1.562582810851419E-009
          23  4.702640146791310E-009
          24  1.094670805347045E-008
          25  1.340548054930092E-008
          26  1.284554444609068E-008
          27  2.849121991837301E-009
          28  1.618607963580899E-009
          29  8.637795569709203E-010
          30  2.700339250195995E-009
          31  4.900814321647412E-010
          32  6.875272275166663E-010
          33  6.983227438711500E-010
          34  4.461169051944321E-009
          35  3.187959018306973E-010
          36  1.287070523817688E-009
          37  9.159039080006991E-010
          38  1.215768896515172E-009
          39  3.049516660337369E-010
          40  5.908010143600915E-010
          41  8.359296839078480E-010
          42  5.459557043869156E-009
          43  4.777064309809926E-010
          44  9.163474569207754E-010
          45  4.137642106559094E-009
          46  7.530655958728316E-009
          47  8.534956620451615E-009
          48  6.371188557499879E-009
          49  5.373805389317649E-010
          50  3.111429910688297E-009
          51  1.542778113084542E-009
          52  6.463591811693989E-009
          53  2.353884672737178E-010
          54  5.817949318624299E-010
          55  3.480367535189019E-010
          56  3.686961756484814E-010
          57  9.776352730952777E-011
          58  1.809919139193664E-010
          59  1.276134859687249E-010
          60  1.542463582227294E-010
          61  1.575248659746780E-010
          62  7.557087027185320E-010
          63  3.163082704658884E-010
          64  3.380290917207097E-010
          65  2.908923977057636E-010
          66  4.268940265651359E-010
          67  5.761877497588844E-010
          68  8.464982269079545E-010
          69  1.564870556276672E-010
          70  4.511907434917722E-010
          71  1.568019511624007E-010
          72  1.969608817446257E-010
          73  2.066117522874981E-010
          74  4.105363452148478E-010
          75  9.158488358367512E-010
          76  2.601569043824337E-009
          77  5.456820405639477E-009
          78  1.041886593101787E-008
          79  7.814227295099639E-009
          80  3.038119504997474E-008
          81  1.341368224414313E-008
          82  1.156544152255104E-008
          83  4.822230092465054E-009
          84  5.110430635148392E-009
          85  3.359326652007134E-009
          86  3.619715796200830E-009
          87  2.438967930526824E-009
          88  6.006416019001663E-009
          89  2.815620994540367E-009
          90  5.269636361167526E-009
          91  3.381339396022875E-009
          92  2.870119730300871E-009
          93  2.420489187473368E-009
          94  5.618381528215116E-009
          95  2.948493435299764E-009
          96  3.757103548078285E-009
          97  1.655934480632578E-009
          98  1.526975012164453E-009
          99  1.696156872790153E-009
         100  1.516876733957225E-009
         101  1.117338194160951E-009
         102  1.833212862394151E-009
         103  1.678499504930087E-009
         104  1.587428190463194E-009
         105  1.627533627139955E-009
         106  2.049793614754808E-009
         107  1.581921757398983E-009
         108  5.351299068313950E-009
         109  2.434861089030478E-009
         110  7.129782330989893E-009
         111  5.176877335924591E-009
         112  7.036883013174220E-009
         113  3.611560342360440E-009
         114  2.920715304454951E-009
         115  1.549919746863377E-009
         116  1.652221628750895E-009
         117  1.539071235867479E-009
         118  1.666394603588165E-009
         119  5.941327620055960E-010
         120  8.397678908191795E-010
         121  6.913741252829456E-010
         122  8.668279946063461E-010
         123  7.427154026071635E-010
         124  1.567225755889428E-008
         125  6.554674574939739E-008
         126  5.394532513578585E-007
         127  2.786283679079063E-006
         128  2.365123814819967E-005
         129  1.233043612761033E-004
         130  3.290466559449837E-004
         131  1.077920740938575E-003
         132  1.098772921881833E-003
         133  3.519939555456282E-005
         134  8.999904371186956E-005
         135  9.705170805963850E-005
         136  2.342191192901735E-004
         137  1.233337865211523E-004
         138  8.863209825862910E-005
         139  1.492201209259454E-005
         140  3.563807205855660E-005
         141  2.578168772664323E-005
         142  1.039830983698462E-005
         143  1.749117193210784E-006
         144  6.404240134231847E-006
         145  2.252106320643963E-006
         146  6.458425143053830E-006
         147  4.201861468303314E-006
         148  1.152334833335459E-005
         149  9.430262831289313E-006
         150  1.492954739214594E-005
         151  1.957207208724102E-005
         152  3.950746296799127E-005
         153  1.434411617880093E-005
         154  3.729506300714524E-005
         155  2.148888054530906E-005
         156  6.497675807172101E-005
         157  2.671843358550498E-005
         158  3.676808975276034E-005
         159  1.726787223942477E-005
         160  8.578790966361762E-005
         161  4.001452781594177E-005
         162  1.335044204645020E-004
         163  6.377495662909152E-005
         164  6.168888246226583E-005
         165  3.056171542740080E-005
         166  4.844989050597199E-005
         167  1.595943818208150E-005
         168  1.045999659805893E-004
         169  3.635336956192600E-005
         170  3.708365639552290E-005
         171  2.348676526388635E-005
         172  4.471846180983341E-005
         173  1.945342934179129E-005
         174  2.559291169783237E-005
         175  1.361786456394414E-005
         176  2.486964568255757E-005
         177  1.428154490101739E-005
         178  1.645708556228772E-005
         179  7.564834856476423E-006
         180  1.463909289013904E-005
         181  6.364939156511975E-006
         182  1.201995603030821E-005
         183  5.687697960188630E-006
         184  9.524075735570316E-006
         185  2.946257374657234E-006
         186  1.082324337383103E-005
         187  3.102795680598248E-006
         188  9.812142968292514E-006
         189  8.494937005903261E-006
         190  1.856156639942245E-005
         191  2.294817658603883E-005
         192  8.606581862375305E-005
         193  1.172277163461281E-004
         194  3.034833103501421E-004
         195  2.318282917429028E-004
         196  4.770526516889522E-004
         197  2.579953706450817E-004
         198  1.962544222072668E-004
         199  1.606983604818678E-005
         200  2.885204753728436E-006
         201  1.089672500166741E-007
         202  1.246685609414813E-007
         203  2.785392882221804E-008
         204  8.436777574855386E-008
         205  7.249903497693603E-008
         206  2.405032581762945E-006
         207  1.522603504009669E-006
         208  2.572871235968669E-006
         209  1.700071995751052E-006
         226  6.789945767797898E-014
         227  5.354231834007681E-015
         230  3.199760797227886E-012
         231  8.037784571917530E-012
         232  6.336534693824169E-007
         234  1.041814632574851E-011
         235  1.727208949355177E-007
         236  1.566944660608111E-009
         238  1.895956530918027E-007
         240  3.028856756045230E-013
         244  3.697334686005804E-009
