           1  7.518580112410036E-005
           2  6.470609901488105E-012
           3  1.574717819390911E-008
           4  8.232315413273036E-005
           6  5.674563962362780E-015
           7  3.114017005274736E-012
           8  2.708281752318958E-013
           9  1.912633244112939E-009
          10  2.713051082138141E-014
          14  1.583220930056652E-015
          15  1.643149401244398E-012
          16  1.147033018142937E-009
          17  8.679460541233906E-011
          18  4.513326080905993E-010
          19  2.076636737306119E-010
          20  4.539953125047755E-009
          21  7.300121258830807E-010
          22  1.365325878755933E-009
          23  4.835704677296639E-009
          24  1.115109846806490E-008
          25  1.376197953982557E-008
          26  1.176851252284117E-008
          27  2.490531735602973E-009
          28  1.481585841580966E-009
          29  8.083652993932378E-010
          30  2.429622897472053E-009
          31  4.322723114903337E-010
          32  6.509122839515062E-010
          33  7.989747840023330E-010
          34  4.357423948495834E-009
          35  2.887122410659443E-010
          36  1.146563291037040E-009
          37  8.529766197564126E-010
          38  1.152392669097070E-009
          39  2.977558243281027E-010
          40  5.937507033947126E-010
          41  8.415190005811814E-010
          42  5.672751568248889E-009
          43  4.861799290785583E-010
          44  1.009371117190304E-009
          45  4.591728774630105E-009
          46  7.537562693352903E-009
          47  8.054094411085098E-009
          48  5.879589238034973E-009
          49  5.471361664494543E-010
          50  3.057485774824415E-009
          51  1.498607841314354E-009
          52  6.220777062813747E-009
          53  2.432659416866331E-010
          54  6.264534554381272E-010
          55  3.617581664841079E-010
          56  3.789482392691122E-010
          57  1.015865184694742E-010
          58  1.931877411728623E-010
          59  1.379767576656798E-010
          60  1.753134427576241E-010
          61  1.813532011928580E-010
          62  8.409845274505031E-010
          63  3.474845871827505E-010
          64  3.509331375646803E-010
          65  3.011831449051224E-010
          66  4.494210407996773E-010
          67  5.864493686391923E-010
          68  8.498355581385356E-010
          69  1.574735038103616E-010
          70  4.603563557382775E-010
          71  1.607218399043393E-010
          72  2.100380868935471E-010
          73  2.238156455877862E-010
          74  4.664322364499749E-010
          75  1.110162928474183E-009
          76  2.895001718589020E-009
          77  5.627628686470142E-009
          78  1.012134058200843E-008
          79  7.820779659874949E-009
          80  3.035968522046446E-008
          81  1.251952378220189E-008
          82  1.012361595462542E-008
          83  4.119739786385165E-009
          84  4.802199008777571E-009
          85  3.187440653022243E-009
          86  3.472211536235749E-009
          87  2.510500062641495E-009
          88  5.832056648741104E-009
          89  2.618882732440891E-009
          90  4.943525533682604E-009
          91  3.309397820366574E-009
          92  2.818646838616570E-009
          93  2.316343929099766E-009
          94  5.215760487745839E-009
          95  2.630769809535577E-009
          96  3.170280232498878E-009
          97  1.399204391655603E-009
          98  1.351463680355631E-009
          99  1.505602087062115E-009
         100  1.314418490342684E-009
         101  9.755920745122684E-010
         102  1.618985314462466E-009
         103  1.544269704776151E-009
         104  1.476656706753090E-009
         105  1.582298262272691E-009
         106  2.085666259402661E-009
         107  1.607443666126656E-009
         108  5.428765864457775E-009
         109  2.459641752511428E-009
         110  6.749428143856155E-009
         111  4.672103607214876E-009
         112  6.080169352417224E-009
         113  3.057294744057764E-009
         114  2.405717277881439E-009
         115  1.274395169324295E-009
         116  1.301949479286963E-009
         117  1.122992814474734E-009
         118  1.185705681074902E-009
         119  4.560947965787281E-010
         120  6.432861001777003E-010
         121  5.189543901383565E-010
         122  6.980229650419127E-010
         123  6.201138858057220E-010
         124  1.791769218658307E-008
         125  7.358218676215439E-008
         126  6.180625492524555E-007
         127  3.240934781547785E-006
         128  2.713494677982806E-005
         129  1.324689246993350E-004
         130  3.170483570372151E-004
         131  1.039171267227711E-003
         132  1.002835353774652E-003
         133  3.350688702980907E-005
         134  8.491638897710724E-005
         135  8.436407185058254E-005
         136  2.002726757648826E-004
         137  1.075029646831882E-004
         138  9.186710006639093E-005
         139  1.451860325309282E-005
         140  3.390737393218835E-005
         141  2.528306695546356E-005
         142  1.010684639789836E-005
         143  1.831967348776575E-006
         144  8.295571773739550E-006
         145  4.626225053145979E-006
         146  1.734005216202708E-005
         147  1.014381419792362E-005
         148  2.541582180815802E-005
         149  1.876175308800284E-005
         150  2.231366675377245E-005
         151  2.159169718897069E-005
         152  3.467832446241236E-005
         153  1.428836249353583E-005
         154  4.019586939492343E-005
         155  1.897800523982494E-005
         156  3.732578921847317E-005
         157  2.359521497188490E-005
         158  7.249290271669233E-005
         159  8.595728270953428E-005
         160  1.096464325618221E-004
         161  3.948895034583196E-005
         162  1.387886318464701E-004
         163  1.507022238219996E-004
         164  1.327388177086167E-004
         165  3.298755802472122E-005
         166  4.332241403209202E-005
         167  1.950077168907470E-005
         168  1.275413953933068E-004
         169  6.249996055506336E-005
         170  4.413455693990739E-005
         171  1.749592250760316E-005
         172  2.671545980245845E-005
         173  1.860542685693859E-005
         174  3.439131685931201E-005
         175  1.417347675742464E-005
         176  3.071783775610737E-005
         177  1.115246388015451E-005
         178  1.337607509722050E-005
         179  4.784738375884840E-006
         180  8.900158151762790E-006
         181  4.595499632107797E-006
         182  1.088126711803413E-005
         183  5.968873608693133E-006
         184  1.120896554498589E-005
         185  3.602118774826231E-006
         186  1.427249599626680E-005
         187  4.163809142945969E-006
         188  1.362696136757692E-005
         189  1.201627625623546E-005
         190  2.472440616205956E-005
         191  2.852731037907379E-005
         192  1.001397480892678E-004
         193  1.319543287628102E-004
         194  3.221882089967924E-004
         195  2.137230932877301E-004
         196  3.936573239927137E-004
         197  2.056052625321467E-004
         198  1.456690640008307E-004
         199  1.149653749150006E-005
         200  2.155760575401313E-006
         201  9.023873373837612E-008
         202  1.166433201801790E-007
         203  2.872848656080811E-008
         204  7.175910545424511E-008
         205  5.724346813136399E-008
         206  2.207567688869394E-006
         207  1.395362147480872E-006
         208  2.402273395732308E-006
         209  1.573888332630308E-006
         226  6.887353820990147E-014
         227  5.151867429683169E-015
         230  3.245664325856500E-012
         231  7.733994684327374E-012
         232  5.956010905015030E-007
         234  1.056760427227232E-011
         235  1.661928696087062E-007
         236  1.749145015295296E-009
         238  1.923155781240424E-007
         240  3.399063908128482E-013
         244  4.149247686405349E-009
