           1  7.417454255933825E-005
           2  6.470609901488105E-012
           3  1.574717819390911E-008
           4  8.162570713244118E-005
           6  5.674563962362780E-015
           7  3.114017005274736E-012
           8  2.708281752318958E-013
           9  1.912633244112939E-009
          10  2.713051082138141E-014
          14  2.353599089642693E-015
          15  2.197229061797072E-012
          16  1.282892983467951E-009
          17  9.457362913613768E-011
          18  4.591955568692138E-010
          19  2.114111823089418E-010
          20  4.721327965909697E-009
          21  7.784766276325822E-010
          22  1.615799985607589E-009
          23  4.950564590968824E-009
          24  1.145356645436109E-008
          25  1.388504180644373E-008
          26  1.214547987011850E-008
          27  2.682708180614559E-009
          28  1.606668151505260E-009
          29  8.365065067714170E-010
          30  2.661773517320379E-009
          31  4.846695849167698E-010
          32  6.306084963120026E-010
          33  7.847971614798117E-010
          34  4.438564637037479E-009
          35  2.978149211884525E-010
          36  1.150729615470424E-009
          37  8.096657271248214E-010
          38  1.080561059494203E-009
          39  2.996712234053274E-010
          40  6.103615806391612E-010
          41  8.657530104625483E-010
          42  6.057590376485280E-009
          43  5.396719873040002E-010
          44  9.769473778065095E-010
          45  4.354550277679685E-009
          46  7.472237723446306E-009
          47  8.192927137679929E-009
          48  6.059806340586723E-009
          49  5.221366380275400E-010
          50  3.093639404434726E-009
          51  1.553543163515292E-009
          52  6.251167819506085E-009
          53  2.253707024785772E-010
          54  5.454232242020398E-010
          55  3.534036029429937E-010
          56  3.966871834952366E-010
          57  1.086195387474431E-010
          58  1.977732762080042E-010
          59  1.407280402086738E-010
          60  1.672395171832671E-010
          61  1.694808080662900E-010
          62  8.282849038583970E-010
          63  3.420030466506313E-010
          64  3.461567487395231E-010
          65  2.931773275961577E-010
          66  4.361175418166471E-010
          67  5.733365215926785E-010
          68  8.676997168727037E-010
          69  1.599402902667698E-010
          70  4.710102439890302E-010
          71  1.640220425266569E-010
          72  2.068713966098074E-010
          73  2.091858514678659E-010
          74  4.340319103462038E-010
          75  1.017525929349706E-009
          76  2.749368307069213E-009
          77  5.376951894251027E-009
          78  1.035787216870355E-008
          79  8.098077322163483E-009
          80  3.251325406644627E-008
          81  1.277618012731286E-008
          82  1.101532093612197E-008
          83  4.742330305743899E-009
          84  5.281242088847147E-009
          85  3.501483387477254E-009
          86  3.819270790693358E-009
          87  2.628975596969327E-009
          88  6.209358244744335E-009
          89  2.813250078362820E-009
          90  5.386112940619418E-009
          91  3.715618505070247E-009
          92  3.033003807504968E-009
          93  2.477378075241505E-009
          94  5.733509805650115E-009
          95  2.986351460106274E-009
          96  3.429761523749479E-009
          97  1.522146369181853E-009
          98  1.435214254613843E-009
          99  1.606295441456289E-009
         100  1.447660421317600E-009
         101  1.061168941911352E-009
         102  1.813095150089463E-009
         103  1.727427816920102E-009
         104  1.692223312539928E-009
         105  1.788446772531140E-009
         106  2.310496459576769E-009
         107  1.757095626582930E-009
         108  5.889534143365813E-009
         109  2.618537707467131E-009
         110  7.226903005335253E-009
         111  5.171651571160167E-009
         112  6.992242568564905E-009
         113  3.605408961163874E-009
         114  2.908536568940290E-009
         115  1.533222098486073E-009
         116  1.595816002602423E-009
         117  1.399578163317765E-009
         118  1.487512195947908E-009
         119  5.461475587470895E-010
         120  7.521999313942532E-010
         121  6.124121443693117E-010
         122  7.844171855304196E-010
         123  7.043594364122109E-010
         124  1.794755113988580E-008
         125  7.856446337746574E-008
         126  6.498742238391254E-007
         127  3.291908680230484E-006
         128  2.709117386034457E-005
         129  1.363549438380073E-004
         130  3.408028337573050E-004
         131  1.120980321485672E-003
         132  1.060019961810275E-003
         133  3.236675948599521E-005
         134  8.059127820290997E-005
         135  8.981234804303320E-005
         136  2.217575656871879E-004
         137  1.174244850142917E-004
         138  8.369959311655362E-005
         139  1.470341417799046E-005
         140  3.351244196007328E-005
         141  2.441922996197909E-005
         142  9.776256098143246E-006
         143  1.584974368928138E-006
         144  5.308046082156943E-006
         145  2.015026158009754E-006
         146  9.500132731956216E-006
         147  1.542875153885413E-005
         148  2.361538732097274E-005
         149  1.403611100704098E-005
         150  2.413352634990095E-005
         151  1.112959596360191E-005
         152  3.762053293748853E-005
         153  2.740224696818746E-005
         154  3.174209687405372E-005
         155  1.119834703522551E-005
         156  1.690227410721329E-005
         157  1.274777135421544E-005
         158  4.014226807569909E-005
         159  2.087435998242402E-005
         160  4.084590035282084E-005
         161  2.294507796449641E-005
         162  1.158283321477645E-004
         163  5.867746540991395E-005
         164  6.693676112365114E-005
         165  4.067579245761067E-005
         166  6.341583598623955E-005
         167  2.885111710626267E-005
         168  1.160815591951233E-004
         169  5.515931107063293E-005
         170  3.595342047497868E-005
         171  1.853697293508658E-005
         172  8.009129101751299E-005
         173  3.491202386355963E-005
         174  5.970120873680715E-005
         175  2.710732614191898E-005
         176  2.898031315967294E-005
         177  8.897055814252730E-006
         178  1.166285881419885E-005
         179  4.659896374409372E-006
         180  9.213140920918950E-006
         181  4.971475040696564E-006
         182  1.217831127113070E-005
         183  6.650561057827248E-006
         184  1.257950047021524E-005
         185  4.031237912163141E-006
         186  1.541878786098501E-005
         187  4.463879831575617E-006
         188  1.436019445348777E-005
         189  1.217463413631442E-005
         190  2.579378767577930E-005
         191  2.865028285098104E-005
         192  1.011643977449487E-004
         193  1.325170884681436E-004
         194  3.323227561959802E-004
         195  2.281409927139515E-004
         196  4.286429999006184E-004
         197  2.282836847031482E-004
         198  1.679029195131596E-004
         199  1.373047961276405E-005
         200  2.463216219987347E-006
         201  9.170684355495811E-008
         202  1.069390520656958E-007
         203  2.521838468450626E-008
         204  9.068931243854959E-008
         205  8.016462419612678E-008
         206  2.256865815454784E-006
         207  1.486720026928698E-006
         208  2.479738946299872E-006
         209  1.565203681785399E-006
         226  6.359212491305946E-014
         227  4.858041091309396E-015
         230  2.996777813370056E-012
         231  7.292901940751497E-012
         232  5.645921256530642E-007
         234  9.757251164678965E-012
         235  1.567143954423088E-007
         236  1.591404214019450E-009
         238  1.775682879761387E-007
         240  3.089082405991293E-013
         244  3.770852320700277E-009
