           1  7.413445276258089E-005
           2  6.470609901488105E-012
           3  1.574717819390911E-008
           4  8.270601089911275E-005
           6  5.674563962362780E-015
           7  3.114017005274736E-012
           8  2.708281752318958E-013
           9  1.912633244112939E-009
          10  2.713051082138141E-014
          14  2.261238800633348E-015
          15  2.210975390884082E-012
          16  1.292073832493834E-009
          17  9.520765018851152E-011
          18  4.414413506591743E-010
          19  1.863084886025142E-010
          20  4.665157620378928E-009
          21  7.913122716360170E-010
          22  1.721655575011309E-009
          23  4.882721469395335E-009
          24  1.135696869645144E-008
          25  1.358825846827687E-008
          26  1.195798127849149E-008
          27  2.766834013447318E-009
          28  1.692332321767531E-009
          29  8.131972261665028E-010
          30  2.782422220404217E-009
          31  5.116823350586933E-010
          32  5.815779794451966E-010
          33  7.754595991455122E-010
          34  4.488813534371318E-009
          35  2.930808210347020E-010
          36  1.101128918691608E-009
          37  7.675725316117818E-010
          38  1.023440224590664E-009
          39  3.084723764539687E-010
          40  6.210738278616430E-010
          41  8.629550155402389E-010
          42  6.435957226492794E-009
          43  5.649323962272035E-010
          44  9.242956360440285E-010
          45  4.112125344864267E-009
          46  7.204441200141835E-009
          47  8.110437460926067E-009
          48  6.117116090425157E-009
          49  5.125664120923776E-010
          50  3.141588297097015E-009
          51  1.589471676870866E-009
          52  6.390802864085943E-009
          53  2.173689943530606E-010
          54  5.242310346820956E-010
          55  3.814987092512338E-010
          56  4.378691722383205E-010
          57  1.181862565078574E-010
          58  2.096626162619685E-010
          59  1.503511881409136E-010
          60  1.671957628927065E-010
          61  1.666128744994381E-010
          62  8.451157862494819E-010
          63  3.460556677448620E-010
          64  3.471291814657265E-010
          65  2.969401261430000E-010
          66  4.305458934069692E-010
          67  5.756155626885615E-010
          68  9.096874273498486E-010
          69  1.695118386873401E-010
          70  5.078597161004930E-010
          71  1.772915125187259E-010
          72  2.147111021741375E-010
          73  2.035829079759530E-010
          74  4.241783727721620E-010
          75  9.845830256453434E-010
          76  2.743253181008224E-009
          77  5.286057450873169E-009
          78  1.018411907224214E-008
          79  7.901847813211687E-009
          80  3.325196756126462E-008
          81  1.177142194065719E-008
          82  1.087376559359288E-008
          83  4.862313940069451E-009
          84  5.215101637397784E-009
          85  3.523039629073857E-009
          86  3.814513617428638E-009
          87  2.465320558156944E-009
          88  6.121863971634127E-009
          89  2.868644567954473E-009
          90  5.459362776049774E-009
          91  3.566986662099180E-009
          92  2.854708023377198E-009
          93  2.410602575438714E-009
          94  6.017357718978690E-009
          95  3.010551637260393E-009
          96  3.313006459203532E-009
          97  1.444723099160813E-009
          98  1.354498541870645E-009
          99  1.544340285085576E-009
         100  1.393973911304746E-009
         101  1.050441634552558E-009
         102  1.835135575660196E-009
         103  1.740785148973411E-009
         104  1.680997917513099E-009
         105  1.764700612634794E-009
         106  2.241516771250928E-009
         107  1.704269655372435E-009
         108  5.575594002743153E-009
         109  2.482484329065473E-009
         110  7.010324870910671E-009
         111  5.002622081614236E-009
         112  6.813942893377525E-009
         113  3.489893489631773E-009
         114  2.822472359865024E-009
         115  1.507668960553055E-009
         116  1.601133672207539E-009
         117  1.431202301842722E-009
         118  1.533925453216908E-009
         119  5.567997847363374E-010
         120  7.671652575562979E-010
         121  6.214465119984277E-010
         122  7.958198485471112E-010
         123  6.912176471888939E-010
         124  1.730614793623490E-008
         125  7.085767377005873E-008
         126  5.841193167402594E-007
         127  2.990276788081557E-006
         128  2.497928957192704E-005
         129  1.278477986303959E-004
         130  3.314542264679281E-004
         131  1.124293997734752E-003
         132  1.056903092617817E-003
         133  3.261329444872314E-005
         134  8.203756803412089E-005
         135  8.641573145747268E-005
         136  2.242993122655870E-004
         137  1.211921822368765E-004
         138  8.717044205082030E-005
         139  1.410013208987879E-005
         140  3.316158409119951E-005
         141  2.511668418611770E-005
         142  1.006512766080655E-005
         143  1.661540013264123E-006
         144  6.212543141691215E-006
         145  2.518726664012089E-006
         146  8.111443725721420E-006
         147  5.437812006740294E-006
         148  1.080721062796908E-005
         149  8.112217422021003E-006
         150  1.243592012741222E-005
         151  7.751938850923476E-006
         152  2.268177300297564E-005
         153  1.034171278045154E-005
         154  3.992613795224787E-005
         155  2.437982118540146E-005
         156  6.601646862466337E-005
         157  2.553508798287694E-005
         158  2.951032661809643E-005
         159  1.424941278433414E-005
         160  3.743779649651175E-005
         161  2.841481317723971E-005
         162  1.989482061582890E-004
         163  1.052304262848587E-004
         164  8.444155345925012E-005
         165  3.280697529620281E-005
         166  9.142981883503051E-005
         167  2.576007715030084E-005
         168  6.941441722780035E-005
         169  2.746740045920419E-005
         170  2.827940445591681E-005
         171  2.212863921579984E-005
         172  3.333338366651607E-005
         173  1.948323545932566E-005
         174  4.502912454587197E-005
         175  2.806956590726574E-005
         176  2.803744058929186E-005
         177  8.485181949120847E-006
         178  2.230316352103607E-005
         179  7.159231628372678E-006
         180  1.048536548943469E-005
         181  5.365293081894438E-006
         182  1.252631266251609E-005
         183  6.698093455259363E-006
         184  1.216268734123575E-005
         185  3.876731987249487E-006
         186  1.486781447910431E-005
         187  4.229224026123979E-006
         188  1.311533982021546E-005
         189  1.110647455140630E-005
         190  2.344563483529535E-005
         191  2.794500092062347E-005
         192  9.812756222785388E-005
         193  1.257661341770810E-004
         194  3.121832619236339E-004
         195  2.248798361753804E-004
         196  4.440408954132677E-004
         197  2.374953542386856E-004
         198  1.779944396831417E-004
         199  1.434142455760868E-005
         200  2.551570506943310E-006
         201  8.836872728906497E-008
         202  1.055806252854211E-007
         203  2.661883323904342E-008
         204  9.059061879290156E-008
         205  7.988010034494995E-008
         206  2.351028199125279E-006
         207  1.577859112057381E-006
         208  2.622340543213705E-006
         209  1.645015426344667E-006
         226  6.754605200476100E-014
         227  5.155314375489723E-015
         230  3.183106560841436E-012
         231  7.739169246931886E-012
         232  5.858570812309663E-007
         234  1.036392156251997E-011
         235  1.663040638160098E-007
         236  1.674034165423909E-009
         238  1.886088384439174E-007
         240  3.247088913881699E-013
         244  3.963731347109121E-009
