           1  7.382184765727629E-005
           2  6.470609901488105E-012
           3  1.574717819390911E-008
           4  8.155204875946853E-005
           6  5.674563962362780E-015
           7  3.114017005274736E-012
           8  2.708281752318958E-013
           9  1.912633244112939E-009
          10  2.713051082138141E-014
          14  2.432071158262110E-015
          15  2.430491358224340E-012
          16  1.262020550568244E-009
          17  9.353216605259715E-011
          18  4.596289738042144E-010
          19  2.105787393028747E-010
          20  4.653985439510417E-009
          21  7.687126122584298E-010
          22  1.608380594798880E-009
          23  4.894851801142354E-009
          24  1.134147028489781E-008
          25  1.376545297945994E-008
          26  1.209652142936744E-008
          27  2.666678000888186E-009
          28  1.655976483576663E-009
          29  8.810568797751749E-010
          30  2.810791245995043E-009
          31  5.066799931616960E-010
          32  6.574593812758866E-010
          33  7.885524834780257E-010
          34  4.345679056418129E-009
          35  3.026015670442623E-010
          36  1.199104567978667E-009
          37  7.886971522980776E-010
          38  1.049112298729236E-009
          39  3.130533981242518E-010
          40  6.462007630647305E-010
          41  9.031229445616988E-010
          42  6.105330458631014E-009
          43  5.426048181728251E-010
          44  9.699808870516653E-010
          45  4.318812290222064E-009
          46  7.362215512181792E-009
          47  8.120886875927334E-009
          48  6.083967408908226E-009
          49  5.083937714748589E-010
          50  3.132645846567242E-009
          51  1.595361734510427E-009
          52  6.494494851920444E-009
          53  2.153068344534960E-010
          54  4.985324039819775E-010
          55  3.382812556358252E-010
          56  4.142234501931968E-010
          57  1.134565737855325E-010
          58  2.101297393748402E-010
          59  1.469138157041970E-010
          60  1.727409217338015E-010
          61  1.768255462834309E-010
          62  8.549446569831395E-010
          63  3.529076612375951E-010
          64  3.618097150454927E-010
          65  3.024499629666656E-010
          66  4.413412426368352E-010
          67  5.805762493489941E-010
          68  8.634500527648891E-010
          69  1.602758756939984E-010
          70  4.706586248855351E-010
          71  1.626375469274005E-010
          72  2.030746540088685E-010
          73  2.094341038933806E-010
          74  4.303542974849921E-010
          75  1.002092563996129E-009
          76  2.729604649380044E-009
          77  5.412979048668958E-009
          78  1.021775227975280E-008
          79  7.973557257051689E-009
          80  3.213286933729870E-008
          81  1.242094147393210E-008
          82  1.128210593355127E-008
          83  4.998029095627554E-009
          84  5.406984681436527E-009
          85  3.579941578306432E-009
          86  3.874107706598525E-009
          87  2.536634612245813E-009
          88  6.126061915907720E-009
          89  2.799262394719995E-009
          90  5.303271354810637E-009
          91  3.601525829958815E-009
          92  3.034225100943755E-009
          93  2.523025373407642E-009
          94  5.824006367424605E-009
          95  3.087158712768823E-009
          96  3.596330182904082E-009
          97  1.594606614121402E-009
          98  1.464480136307640E-009
          99  1.609808328784621E-009
         100  1.456517488185386E-009
         101  1.068380274909746E-009
         102  1.835720349453016E-009
         103  1.733736172595027E-009
         104  1.705768393650689E-009
         105  1.772540632704105E-009
         106  2.269810427115370E-009
         107  1.742815821709154E-009
         108  5.830379077988487E-009
         109  2.579859169634270E-009
         110  7.069494099404831E-009
         111  5.125667798302586E-009
         112  6.921235125794257E-009
         113  3.581824089380201E-009
         114  2.901246226421457E-009
         115  1.513206457222647E-009
         116  1.584548772440238E-009
         117  1.438774914543119E-009
         118  1.539026770468395E-009
         119  5.438263579684583E-010
         120  7.510748772186547E-010
         121  6.157275109946130E-010
         122  7.784964855051025E-010
         123  7.006140960310760E-010
         124  1.711562282617823E-008
         125  7.671082906724128E-008
         126  6.291446225296293E-007
         127  3.196139943850416E-006
         128  2.627399324994782E-005
         129  1.322169527410020E-004
         130  3.314934894541776E-004
         131  1.117346460644642E-003
         132  1.076896978490014E-003
         133  3.519487272124280E-005
         134  8.814985085332753E-005
         135  8.809493211131919E-005
         136  2.359463788208486E-004
         137  1.276562444732288E-004
         138  8.722043854209815E-005
         139  1.454685108115974E-005
         140  3.355900547598054E-005
         141  2.579705810585634E-005
         142  1.003421186131915E-005
         143  1.602650676272972E-006
         144  5.241283211560796E-006
         145  1.998778624807254E-006
         146  8.934967638492036E-006
         147  1.411268880542862E-005
         148  2.374849743121143E-005
         149  1.435864511316606E-005
         150  2.802328250254303E-005
         151  1.630484044248334E-005
         152  3.474637276017822E-005
         153  1.585312814986471E-005
         154  3.820913178262616E-005
         155  1.989530654202604E-005
         156  3.003987233104302E-005
         157  1.332506594405509E-005
         158  2.751574320682348E-005
         159  1.893480830880025E-005
         160  5.585282443149771E-005
         161  3.510637157612494E-005
         162  1.150024260079884E-004
         163  4.872733384018851E-005
         164  6.869346464414938E-005
         165  3.382702714476356E-005
         166  1.808301432139831E-004
         167  3.643524929981361E-005
         168  3.850519497706630E-005
         169  2.948195153958916E-005
         170  2.121775949693281E-005
         171  6.867233257016832E-006
         172  1.430407166895177E-005
         173  1.183335904067189E-005
         174  2.985008181292533E-005
         175  1.682275732322088E-005
         176  1.513378202679625E-005
         177  6.990003012085567E-006
         178  2.204974587739509E-005
         179  6.892352312820414E-006
         180  9.656112697910896E-006
         181  4.870601578460133E-006
         182  1.136416880362057E-005
         183  6.089730611960538E-006
         184  1.140393332039770E-005
         185  3.687653036892831E-006
         186  1.415691386283862E-005
         187  4.124206536398118E-006
         188  1.336755544500068E-005
         189  1.140396938310100E-005
         190  2.495092879854745E-005
         191  2.800250427784465E-005
         192  1.008508290256742E-004
         193  1.330269593765475E-004
         194  3.373998176181419E-004
         195  2.404169791416894E-004
         196  4.634912092389281E-004
         197  2.474075528236578E-004
         198  1.831399441652723E-004
         199  1.522611722782533E-005
         200  2.638446679308796E-006
         201  8.921686320018512E-008
         202  1.019264148943601E-007
         203  2.504069909100378E-008
         204  8.615355686243044E-008
         205  7.601382770374192E-008
         206  2.264281550129372E-006
         207  1.494968849447064E-006
         208  2.485406421372333E-006
         209  1.581113467045022E-006
         226  6.122047838840662E-014
         227  4.735086029573051E-015
         230  2.885014010918846E-012
         231  7.108321532412360E-012
         232  5.564522317534126E-007
         234  9.393357823380606E-012
         235  1.527480172655055E-007
         236  1.484794558946240E-009
         238  1.709459394755511E-007
         240  2.875212732616924E-013
         244  3.509780957693904E-009
