           1  7.534577321813926E-005
           2  6.470609901488105E-012
           3  1.574717819390911E-008
           4  8.568376153017727E-005
           6  5.674563962362780E-015
           7  3.114017005274736E-012
           8  2.708281752318958E-013
           9  1.912633244112939E-009
          10  2.713051082138141E-014
          14  1.527343690305744E-015
          15  1.578200757163834E-012
          16  1.173740189415624E-009
          17  8.829549374826658E-011
          18  4.406990399318955E-010
          19  1.928872959314775E-010
          20  4.421181615877917E-009
          21  7.357337517529263E-010
          22  1.672800965789034E-009
          23  4.693736764302595E-009
          24  1.096306839178519E-008
          25  1.329405103561159E-008
          26  1.192820710084445E-008
          27  2.617943216759180E-009
          28  1.584486371208521E-009
          29  8.168730642378815E-010
          30  2.686188626636125E-009
          31  4.676880567755244E-010
          32  5.801501909260959E-010
          33  7.564361173800779E-010
          34  4.396354831706454E-009
          35  2.888010708900829E-010
          36  1.140427110898401E-009
          37  7.464612132612634E-010
          38  9.912107698914984E-010
          39  2.805373400941529E-010
          40  5.986180580887238E-010
          41  8.675570935680415E-010
          42  6.144820702644662E-009
          43  5.142978939059603E-010
          44  9.316517448509710E-010
          45  4.124885920427088E-009
          46  7.209688032543393E-009
          47  8.143652245930254E-009
          48  6.135403682049102E-009
          49  5.043979680106833E-010
          50  3.151186263938764E-009
          51  1.585043575863728E-009
          52  6.234158155692500E-009
          53  2.123081088237471E-010
          54  5.337871773145486E-010
          55  3.603017753680626E-010
          56  4.092819898065945E-010
          57  1.064659375979419E-010
          58  2.162765704306630E-010
          59  1.503902901369685E-010
          60  1.640047970244153E-010
          61  1.637772893386312E-010
          62  8.043761872268960E-010
          63  3.371804628781982E-010
          64  3.678521805718736E-010
          65  3.197297666762156E-010
          66  4.426208956691596E-010
          67  5.872884401306287E-010
          68  8.807911925311205E-010
          69  1.684425190574014E-010
          70  5.136913681057303E-010
          71  1.768442299308039E-010
          72  2.144067225653860E-010
          73  2.168197042496753E-010
          74  4.321949521750893E-010
          75  1.005690629656083E-009
          76  2.789338352741912E-009
          77  5.531183135311864E-009
          78  1.021708028861876E-008
          79  7.734642725440518E-009
          80  3.157842916806214E-008
          81  1.137955868188984E-008
          82  1.006100164434532E-008
          83  4.345269643787327E-009
          84  4.920298060153293E-009
          85  3.351538181167442E-009
          86  3.576857619679760E-009
          87  2.220267708905364E-009
          88  5.528454639667833E-009
          89  2.644329146603533E-009
          90  5.055180648362420E-009
          91  3.173239211649004E-009
          92  2.581266960522127E-009
          93  2.186158283112031E-009
          94  5.332534836388965E-009
          95  2.637898340956052E-009
          96  3.223226285787687E-009
          97  1.388556678191193E-009
          98  1.288707322839161E-009
          99  1.434166890353882E-009
         100  1.237923766090019E-009
         101  9.513085479078218E-010
         102  1.631694203664289E-009
         103  1.546672601897549E-009
         104  1.483838308859541E-009
         105  1.564900031265134E-009
         106  1.955388910601968E-009
         107  1.509166413428590E-009
         108  4.972302229849266E-009
         109  2.284256916775315E-009
         110  6.530624877263939E-009
         111  4.573202376402037E-009
         112  6.044926965654288E-009
         113  3.017157169899127E-009
         114  2.385962749728179E-009
         115  1.277802679198830E-009
         116  1.337916971505682E-009
         117  1.214813026175797E-009
         118  1.320914792118934E-009
         119  4.911725120721529E-010
         120  7.013071988587657E-010
         121  5.644521094450693E-010
         122  7.690606942890835E-010
         123  6.414573143537635E-010
         124  1.947890006968970E-008
         125  6.913244996570986E-008
         126  5.699188531933505E-007
         127  3.026162217320270E-006
         128  2.555415138451996E-005
         129  1.265214266095431E-004
         130  3.170333004720211E-004
         131  1.059971773040487E-003
         132  9.893312898037725E-004
         133  3.261980926113417E-005
         134  8.235301166253945E-005
         135  7.443299620080670E-005
         136  1.939424369376993E-004
         137  1.073449942527163E-004
         138  9.201013891801005E-005
         139  1.379194118168377E-005
         140  3.307763843838015E-005
         141  2.511708816890690E-005
         142  1.011852773432259E-005
         143  1.749514673533639E-006
         144  6.864637775086988E-006
         145  3.132072915677602E-006
         146  1.262822092295746E-005
         147  1.248075248611305E-005
         148  1.489576126179784E-005
         149  1.018891490744136E-005
         150  3.645774123899838E-005
         151  1.556561136923997E-005
         152  1.729855656954352E-005
         153  9.188754330919408E-006
         154  1.265458424196742E-004
         155  6.277765027723127E-005
         156  8.114592760221381E-005
         157  2.980547516890254E-005
         158  6.524748007147443E-005
         159  4.807499645243697E-005
         160  5.814136024184247E-005
         161  2.990218205093497E-005
         162  1.262905962052574E-004
         163  5.744029941882173E-005
         164  1.549671783092708E-004
         165  8.166001189085130E-005
         166  1.310631805337044E-004
         167  4.717304654207421E-005
         168  8.863956016619375E-005
         169  2.263477068084853E-005
         170  2.367858952874351E-005
         171  1.695573805829535E-005
         172  2.906308387853701E-005
         173  2.197029835968470E-005
         174  4.585302282306573E-005
         175  2.015663955825791E-005
         176  1.813008370709125E-005
         177  8.681531128863994E-006
         178  1.367306195618056E-005
         179  6.400445340112166E-006
         180  1.232821822170751E-005
         181  5.772516921831934E-006
         182  1.233329096221532E-005
         183  6.297703746172480E-006
         184  1.097448824707726E-005
         185  3.408905565103168E-006
         186  1.308812666857498E-005
         187  3.816866606477679E-006
         188  1.241526626003982E-005
         189  1.102719969910785E-005
         190  2.273505705739875E-005
         191  2.761974134678570E-005
         192  9.645306841133833E-005
         193  1.235531147271832E-004
         194  2.967461936469180E-004
         195  2.109272343387189E-004
         196  4.136076560805212E-004
         197  2.138128142434166E-004
         198  1.528062817043503E-004
         199  1.185272309900466E-005
         200  2.235835853909181E-006
         201  9.102324794604507E-008
         202  1.220502244879001E-007
         203  3.191872752200640E-008
         204  8.458893554549212E-008
         205  6.839130594195097E-008
         206  2.515996247186891E-006
         207  1.628571843624693E-006
         208  2.750005253284979E-006
         209  1.794453585346434E-006
         210  1.178642127166317E-015
         226  8.347030786026920E-014
         227  6.296655483281714E-015
         230  3.933536849300236E-012
         231  9.452553021096748E-012
         232  6.989694892437291E-007
         234  1.280725812668147E-011
         235  2.031223159343481E-007
         236  2.174951332585350E-009
         238  2.330741374636066E-007
         240  4.228181154011846E-013
         244  5.161353638874628E-009
