           1  7.408174932655100E-005
           2  6.470609901488105E-012
           3  1.574717819390911E-008
           4  8.088575650960432E-005
           6  5.674563962362780E-015
           7  3.114017005274736E-012
           8  2.708281752318958E-013
           9  1.912633244112939E-009
          10  2.713051082138141E-014
          14  2.230623368314050E-015
          15  2.245705376606396E-012
          16  1.284753939557177E-009
          17  9.467593306616682E-011
          18  4.405659247218320E-010
          19  1.865721283911589E-010
          20  4.771058074927323E-009
          21  7.823712431020676E-010
          22  1.588905360988349E-009
          23  4.974752678570650E-009
          24  1.149159690172654E-008
          25  1.395775530887486E-008
          26  1.170656253113883E-008
          27  2.560511011295885E-009
          28  1.615541392399918E-009
          29  8.415812736884306E-010
          30  2.733098819877739E-009
          31  4.919073785019307E-010
          32  5.929624637275923E-010
          33  8.373571930874094E-010
          34  4.313145536841845E-009
          35  2.947257804770852E-010
          36  1.158268190821189E-009
          37  7.802848215022436E-010
          38  1.044633481260684E-009
          39  3.168305302460637E-010
          40  6.351964045967454E-010
          41  8.776215788198279E-010
          42  6.339732548717584E-009
          43  5.664930597892179E-010
          44  1.010068981382904E-009
          45  4.470494404847247E-009
          46  7.350374155800397E-009
          47  7.892934951659948E-009
          48  5.850282103881694E-009
          49  5.298354928312997E-010
          50  3.135339120420065E-009
          51  1.574407676509775E-009
          52  6.312788666812846E-009
          53  2.235471452019856E-010
          54  5.393619723673846E-010
          55  3.692513990910847E-010
          56  4.414302349903083E-010
          57  1.226157256930548E-010
          58  2.238955799297747E-010
          59  1.578126707180872E-010
          60  1.827957609883801E-010
          61  1.827656872740683E-010
          62  8.856143031105516E-010
          63  3.657881621435877E-010
          64  3.639599874311610E-010
          65  3.045436012503453E-010
          66  4.488521498743991E-010
          67  5.718589916018818E-010
          68  8.653794099953322E-010
          69  1.617577820836488E-010
          70  4.829843684674639E-010
          71  1.679441088554227E-010
          72  2.139814596045911E-010
          73  2.180780388578182E-010
          74  4.553483020433964E-010
          75  1.076015308783312E-009
          76  2.832529450418790E-009
          77  5.418805933073597E-009
          78  1.002937748426926E-008
          79  7.992984726408883E-009
          80  3.275742570006282E-008
          81  1.214356734482746E-008
          82  1.081282910981950E-008
          83  4.776361676191935E-009
          84  5.235163574794871E-009
          85  3.537593119214825E-009
          86  3.867092628596935E-009
          87  2.614333788140623E-009
          88  6.211040451054908E-009
          89  2.736945137186717E-009
          90  5.163570670364175E-009
          91  3.682175820544359E-009
          92  3.049634119711851E-009
          93  2.486899754619833E-009
          94  5.779450853804152E-009
          95  3.000652362292097E-009
          96  3.337311992613454E-009
          97  1.485655196279188E-009
          98  1.403872408099737E-009
          99  1.551602011846465E-009
         100  1.394831594568014E-009
         101  1.024015014689899E-009
         102  1.792777268347578E-009
         103  1.744400461898591E-009
         104  1.727103842919137E-009
         105  1.829757570505859E-009
         106  2.377301597376163E-009
         107  1.795204882898183E-009
         108  5.904373379597610E-009
         109  2.613792047480185E-009
         110  7.001859888853055E-009
         111  4.947841776652526E-009
         112  6.602440599217484E-009
         113  3.400753706375520E-009
         114  2.741113373938916E-009
         115  1.437263472497191E-009
         116  1.485416489881701E-009
         117  1.296581474797499E-009
         118  1.368802574462497E-009
         119  5.016462903331197E-010
         120  6.907671318802410E-010
         121  5.621783469813207E-010
         122  7.231787877907318E-010
         123  6.684563584713599E-010
         124  1.761405497686477E-008
         125  8.013316230563109E-008
         126  6.659836255045380E-007
         127  3.377210367657933E-006
         128  2.764079747823586E-005
         129  1.363277583857408E-004
         130  3.287041592957694E-004
         131  1.121657635914301E-003
         132  1.048013014594233E-003
         133  3.364643111493156E-005
         134  8.417343660689011E-005
         135  8.584960916837682E-005
         136  2.269839374507803E-004
         137  1.228438005439647E-004
         138  8.615963583312632E-005
         139  1.478895738195750E-005
         140  3.385586119816232E-005
         141  2.567389981390385E-005
         142  9.790445869956244E-006
         143  1.793199613298494E-006
         144  8.902036939550379E-006
         145  5.202153687094960E-006
         146  2.021112979223442E-005
         147  1.458260794588270E-005
         148  1.206518410542972E-005
         149  8.115082321036111E-006
         150  2.654773960493036E-005
         151  1.588920379972661E-005
         152  3.078992592804029E-005
         153  1.558252653335453E-005
         154  3.448176715548000E-005
         155  1.266660356799471E-005
         156  3.100496017653531E-005
         157  1.388100547689103E-005
         158  3.688806809604141E-005
         159  1.767182888808665E-005
         160  3.107345000146806E-005
         161  1.828267351102486E-005
         162  6.981954361820777E-005
         163  1.005736382431054E-004
         164  1.344825885353098E-004
         165  6.421872646740342E-005
         166  9.602102843479902E-005
         167  2.348512117288938E-005
         168  8.483804381050879E-005
         169  4.224153915129319E-005
         170  3.623130405927664E-005
         171  1.775499238017272E-005
         172  5.974245144196187E-005
         173  2.839638759502453E-005
         174  4.287544936571095E-005
         175  2.101494301252295E-005
         176  1.282801285912702E-005
         177  5.326850719063754E-006
         178  1.596406399776863E-005
         179  6.093746396833383E-006
         180  9.970571229112581E-006
         181  5.086712082280017E-006
         182  1.232075266728954E-005
         183  6.854661402162397E-006
         184  1.305465168036864E-005
         185  4.194558801708506E-006
         186  1.620668687125520E-005
         187  4.732833246060174E-006
         188  1.536674668834762E-005
         189  1.300377543339061E-005
         190  2.735334083360295E-005
         191  2.957562632749763E-005
         192  1.033229048403465E-004
         193  1.355509494699512E-004
         194  3.394649064469892E-004
         195  2.296420439325853E-004
         196  4.259068456656921E-004
         197  2.269299946967632E-004
         198  1.660628151077597E-004
         199  1.368677924385988E-005
         200  2.417434981911209E-006
         201  8.298216355174072E-008
         202  9.940767990335794E-008
         203  2.543113865121199E-008
         204  8.515221903864995E-008
         205  7.500405374213004E-008
         206  2.204567613258662E-006
         207  1.485941115887835E-006
         208  2.458128114349239E-006
         209  1.532386479816874E-006
         226  5.840985110773729E-014
         227  4.440596448389077E-015
         230  2.752563247748441E-012
         231  6.666233127275209E-012
         232  5.205780071396530E-007
         234  8.962109514800223E-012
         235  1.432481477065870E-007
         236  1.437433609152552E-009
         238  1.630978250266344E-007
         240  2.789256259264071E-013
         244  3.404853628337730E-009
