           1  7.524675625654943E-005
           2  6.470609901488105E-012
           3  1.574717819390911E-008
           4  8.376085465760158E-005
           6  5.674563962362780E-015
           7  3.114017005274736E-012
           8  2.708281752318958E-013
           9  1.912633244112939E-009
          10  2.713051082138141E-014
          14  1.692183421982376E-015
          15  1.607147422335092E-012
          16  1.168616794515543E-009
          17  8.792641492701306E-011
          18  4.528153284466301E-010
          19  2.098464594543402E-010
          20  4.374295437341068E-009
          21  7.174799128893285E-010
          22  1.753280862570806E-009
          23  4.648298819369088E-009
          24  1.087493771278380E-008
          25  1.329411553966879E-008
          26  1.247542728028712E-008
          27  2.615179743284042E-009
          28  1.548904039331214E-009
          29  8.528234448278918E-010
          30  2.776087133473158E-009
          31  4.571856295008241E-010
          32  5.720677525365611E-010
          33  7.258460590987145E-010
          34  4.204859655831509E-009
          35  2.980924010879356E-010
          36  1.271722195957303E-009
          37  7.676531379219111E-010
          38  1.015923466815802E-009
          39  2.807621639191196E-010
          40  5.973216910580509E-010
          41  8.777307133152553E-010
          42  5.941471901163707E-009
          43  4.786067810068640E-010
          44  9.399599908486969E-010
          45  4.112790685698778E-009
          46  7.272440633231345E-009
          47  8.259124109587779E-009
          48  6.221687493037986E-009
          49  5.090576601001728E-010
          50  3.232259911128161E-009
          51  1.611214206735045E-009
          52  6.152731717322048E-009
          53  1.959949291369173E-010
          54  4.856694046111185E-010
          55  3.209299155707062E-010
          56  3.970918869162883E-010
          57  9.947039636501702E-011
          58  2.260731231926384E-010
          59  1.515700282215735E-010
          60  1.599801565167509E-010
          61  1.627502961400937E-010
          62  7.810025066790127E-010
          63  3.276054377086546E-010
          64  3.802761918598286E-010
          65  3.298508034340927E-010
          66  4.345868453500725E-010
          67  5.829057596949771E-010
          68  8.303186056339677E-010
          69  1.601540592439572E-010
          70  4.949851669186675E-010
          71  1.689598327650145E-010
          72  2.040951146760093E-010
          73  2.231574078035924E-010
          74  4.252054134197312E-010
          75  9.754390020649371E-010
          76  2.727725034093152E-009
          77  5.646777667982557E-009
          78  1.033988512937872E-008
          79  7.784761193438143E-009
          80  3.138496170813749E-008
          81  1.182473937866074E-008
          82  1.060108351914824E-008
          83  4.569204898791710E-009
          84  5.022535989402838E-009
          85  3.443370022364449E-009
          86  3.649238303426579E-009
          87  2.159418393749930E-009
          88  5.461457935970475E-009
          89  2.572068423482964E-009
          90  4.928469009172895E-009
          91  3.115968863721281E-009
          92  2.604293969475431E-009
          93  2.219618329547584E-009
          94  5.323691999889026E-009
          95  2.666801012188520E-009
          96  3.596754216489646E-009
          97  1.516007770272925E-009
          98  1.350028577273173E-009
          99  1.486212082888510E-009
         100  1.248583512116403E-009
         101  9.575087733661007E-010
         102  1.661417057923713E-009
         103  1.548844867166903E-009
         104  1.485663545631309E-009
         105  1.579520032148651E-009
         106  1.931263171197639E-009
         107  1.509353891733278E-009
         108  5.089429406020354E-009
         109  2.353922443624984E-009
         110  6.752779291229792E-009
         111  4.752129172228866E-009
         112  6.211620381416949E-009
         113  3.034906696984366E-009
         114  2.351011509636543E-009
         115  1.249017359510948E-009
         116  1.311885449884840E-009
         117  1.226241177928757E-009
         118  1.358869128396262E-009
         119  5.095011297216157E-010
         120  7.513961708640331E-010
         121  6.092949112873266E-010
         122  7.949376679463335E-010
         123  6.823345388355947E-010
         124  1.987697467496255E-008
         125  7.744190064522611E-008
         126  6.184302957674616E-007
         127  3.235679318997137E-006
         128  2.697667938407386E-005
         129  1.313149235654309E-004
         130  3.235957322441959E-004
         131  1.073500734810620E-003
         132  9.916106346346688E-004
         133  3.284996229516574E-005
         134  8.280945719334602E-005
         135  7.329001375272925E-005
         136  1.974951247146977E-004
         137  1.086157564958687E-004
         138  8.387434744577811E-005
         139  1.379800089599434E-005
         140  3.335911015731874E-005
         141  2.537670251347006E-005
         142  9.535816731484661E-006
         143  1.720974277503422E-006
         144  7.804503049367489E-006
         145  4.214036903371287E-006
         146  2.009847498477646E-005
         147  2.446968025837003E-005
         148  5.478328407481340E-005
         149  3.566814199071653E-005
         150  5.085152781348202E-005
         151  3.313412331726234E-005
         152  4.071131318005704E-005
         153  1.550850473281091E-005
         154  5.860524879684375E-005
         155  2.489143597071883E-005
         156  2.785356320784738E-005
         157  1.481572696826030E-005
         158  4.998086082193196E-005
         159  2.911722479855907E-005
         160  6.409596879094254E-005
         161  3.979087762314180E-005
         162  1.489301432983222E-004
         163  5.709971317103795E-005
         164  9.470431082075900E-005
         165  5.019236190441812E-005
         166  5.533433065832597E-005
         167  2.108397778506922E-005
         168  9.171595158311867E-005
         169  2.909440941858840E-005
         170  5.230342546074036E-005
         171  4.893356896713342E-005
         172  6.345703533890040E-005
         173  3.097039548375083E-005
         174  4.794690245712367E-005
         175  2.539199644973700E-005
         176  2.902616978338852E-005
         177  1.589971509042716E-005
         178  4.128936668545883E-005
         179  1.211414589734548E-005
         180  1.641702920845347E-005
         181  7.975689383551215E-006
         182  1.676287619461427E-005
         183  8.154057402016737E-006
         184  1.364360704674059E-005
         185  4.143746882834647E-006
         186  1.531593997040303E-005
         187  4.496861823904372E-006
         188  1.487508474728281E-005
         189  1.318167706601202E-005
         190  2.622940135918461E-005
         191  3.035854361267391E-005
         192  1.048327098584850E-004
         193  1.313752932215621E-004
         194  3.051692248750965E-004
         195  2.109144007238036E-004
         196  4.046573675853847E-004
         197  2.021786365442126E-004
         198  1.393097876330600E-004
         199  1.055963696439430E-005
         200  1.909316801916445E-006
         201  7.687050754763154E-008
         202  1.023553949902531E-007
         203  2.661053083913591E-008
         204  7.765457772083881E-008
         205  6.534272451210837E-008
         206  2.341504937305186E-006
         207  1.508009641868599E-006
         208  2.523062720256102E-006
         209  1.647994603386142E-006
         210  1.072275520162093E-015
         226  7.593752651092787E-014
         227  5.872827275508888E-015
         230  3.578554655333039E-012
         231  8.816301186063678E-012
         232  6.527765864378329E-007
         234  1.165146659283010E-011
         235  1.894501422939615E-007
         236  1.996950412075702E-009
         238  2.120403523883348E-007
         240  3.882053341767812E-013
         244  4.738834362105613E-009
