           1  7.434394150097064E-005
           2  6.470609901488105E-012
           3  1.574717819390911E-008
           4  8.228059278586822E-005
           6  5.674563962362780E-015
           7  3.114017005274736E-012
           8  2.708281752318958E-013
           9  1.912633244112939E-009
          10  2.713051082138141E-014
          14  2.160458775871162E-015
          15  2.084833372033683E-012
          16  1.253271440183491E-009
          17  9.282661468638977E-011
          18  4.406795224291817E-010
          19  1.884668765056549E-010
          20  4.780146919039415E-009
          21  7.810389513426722E-010
          22  1.413206528904597E-009
          23  5.020757302616649E-009
          24  1.152675537752536E-008
          25  1.402059322069909E-008
          26  1.179204209828842E-008
          27  2.540934232948367E-009
          28  1.546541062168116E-009
          29  7.817715927114469E-010
          30  2.516101557626384E-009
          31  4.432348236088057E-010
          32  6.200332684220266E-010
          33  8.510655122749331E-010
          34  4.360472174725885E-009
          35  2.828869355705156E-010
          36  1.107879869113520E-009
          37  8.663201042103760E-010
          38  1.189086315862131E-009
          39  3.276567888067653E-010
          40  6.042306878571893E-010
          41  8.270896354122671E-010
          42  6.028007623413642E-009
          43  5.114448586753704E-010
          44  1.006504814037808E-009
          45  4.604235720475336E-009
          46  7.504081133208100E-009
          47  7.930561209356156E-009
          48  5.762764196108611E-009
          49  5.641693604133771E-010
          50  3.108201850740756E-009
          51  1.506555631400911E-009
          52  6.272730035749784E-009
          53  2.450123749832446E-010
          54  6.331672333642003E-010
          55  4.015160388262849E-010
          56  4.224685905700991E-010
          57  1.112594591625842E-010
          58  2.019276236449023E-010
          59  1.422659717423881E-010
          60  1.745219089712612E-010
          61  1.906303174758325E-010
          62  8.945032637860140E-010
          63  3.574533004484066E-010
          64  3.471034316939367E-010
          65  2.897210995606233E-010
          66  4.236698284826319E-010
          67  5.790299607634567E-010
          68  8.683445008178911E-010
          69  1.603865987046544E-010
          70  4.739422772649909E-010
          71  1.633570486681725E-010
          72  2.018153530534892E-010
          73  2.098252527657116E-010
          74  4.569284856942844E-010
          75  1.123511854684709E-009
          76  2.915416794466152E-009
          77  5.495583462021047E-009
          78  9.965552153227421E-009
          79  7.942954210413480E-009
          80  3.219513011906166E-008
          81  1.254268775395326E-008
          82  1.066252611898720E-008
          83  4.536680678452062E-009
          84  4.986211772801801E-009
          85  3.357345957733191E-009
          86  3.685295670265812E-009
          87  2.659282161816037E-009
          88  6.326260517901896E-009
          89  2.788860167258421E-009
          90  5.293152072634961E-009
          91  3.585612149178172E-009
          92  2.942518093615085E-009
          93  2.463694974147281E-009
          94  5.952314891836072E-009
          95  2.997566117460897E-009
          96  3.288127642853142E-009
          97  1.428022575518838E-009
          98  1.335473301844166E-009
          99  1.497029614396817E-009
         100  1.334991409177810E-009
         101  1.010648684121361E-009
         102  1.794574703878700E-009
         103  1.713620051231326E-009
         104  1.656838016500605E-009
         105  1.760418343986711E-009
         106  2.326906335314768E-009
         107  1.813086489074115E-009
         108  6.067239299841901E-009
         109  2.660584406168098E-009
         110  7.122681811152951E-009
         111  5.055707590813633E-009
         112  6.624384467121154E-009
         113  3.341537539617297E-009
         114  2.628395085719897E-009
         115  1.370163572710568E-009
         116  1.409289286071701E-009
         117  1.256985055011249E-009
         118  1.328770499551904E-009
         119  4.822692670010861E-010
         120  6.731259796988368E-010
         121  5.468493222547846E-010
         122  7.123261010161697E-010
         123  6.612135643482550E-010
         124  1.880073078766925E-008
         125  8.518926280547398E-008
         126  6.943283148102876E-007
         127  3.524367163874861E-006
         128  2.862638048620842E-005
         129  1.391988263448491E-004
         130  3.295999443113404E-004
         131  1.091679517951972E-003
         132  1.042018807662314E-003
         133  3.323612711120123E-005
         134  8.426240992723799E-005
         135  9.297315572484782E-005
         136  2.227210311548468E-004
         137  1.175799190462827E-004
         138  8.495555971997809E-005
         139  1.487662085985816E-005
         140  3.419457976274221E-005
         141  2.532203241978826E-005
         142  9.855034445089018E-006
         143  1.596180321617684E-006
         144  5.719189410906772E-006
         145  2.649059225670913E-006
         146  1.034157039909787E-005
         147  1.005894855137413E-005
         148  9.809005351257213E-006
         149  6.610675453319440E-006
         150  2.307214952274355E-005
         151  1.803318289109955E-005
         152  5.453465843744879E-005
         153  2.122377890819198E-005
         154  6.320303965312310E-005
         155  3.541900839257055E-005
         156  6.951337793219376E-005
         157  2.787424543110366E-005
         158  4.218375872346348E-005
         159  2.900938041206688E-005
         160  3.930462761582725E-005
         161  1.849051280043881E-005
         162  4.854641608952474E-005
         163  3.178716169418379E-005
         164  8.757335791823937E-005
         165  4.061374988447414E-005
         166  1.387979087331731E-004
         167  2.995159768000820E-005
         168  7.735937583691509E-005
         169  2.711481670604134E-005
         170  3.912862901405328E-005
         171  3.076566749495331E-005
         172  5.266635327792093E-005
         173  4.339221852104651E-005
         174  5.937722263232859E-005
         175  2.154919529621441E-005
         176  2.217897647898050E-005
         177  1.061626564065402E-005
         178  1.621541284955981E-005
         179  6.622004740971278E-006
         180  1.196367543562400E-005
         181  5.849985322000738E-006
         182  1.323020898976348E-005
         183  7.157874247724174E-006
         184  1.353460002342615E-005
         185  4.397104017631159E-006
         186  1.720636034932739E-005
         187  4.919303651358917E-006
         188  1.583123537607140E-005
         189  1.373658696058847E-005
         190  2.870019544000932E-005
         191  3.150209621684514E-005
         192  1.092752313175438E-004
         193  1.397771702489506E-004
         194  3.390547795923239E-004
         195  2.257056689271240E-004
         196  4.146009532625315E-004
         197  2.152293059548658E-004
         198  1.536589383512292E-004
         199  1.243797456021541E-005
         200  2.219325886378326E-006
         201  8.392396785134103E-008
         202  1.023577172940144E-007
         203  2.513048108542834E-008
         204  7.626738140946945E-008
         205  6.613693288035559E-008
         206  2.257646527811077E-006
         207  1.479151123951056E-006
         208  2.513958405682252E-006
         209  1.585093522576249E-006
         226  6.342937865145928E-014
         227  4.845283452595595E-015
         230  2.989108398538595E-012
         231  7.273750145534753E-012
         232  5.601258511525300E-007
         234  9.732280208719929E-012
         235  1.563028498006135E-007
         236  1.598295585790526E-009
         238  1.771138515960621E-007
         240  3.104057117032976E-013
         244  3.789131996170840E-009
