           1  7.386304949413284E-005
           2  6.470609901488105E-012
           3  1.574717819390911E-008
           4  8.119666552133893E-005
           6  5.674563962362780E-015
           7  3.114017005274736E-012
           8  2.708281752318958E-013
           9  1.912633244112939E-009
          10  2.713051082138141E-014
          14  2.529880632328100E-015
          15  2.384816860794252E-012
          16  1.285699643820819E-009
          17  9.474416672823672E-011
          18  4.553514463900427E-010
          19  2.055086152695112E-010
          20  4.728682689815137E-009
          21  7.710149732257559E-010
          22  1.618103199145514E-009
          23  4.950723769612031E-009
          24  1.145129593241735E-008
          25  1.392542237941286E-008
          26  1.224284440350372E-008
          27  2.611747927841179E-009
          28  1.588974581876338E-009
          29  8.492550537865411E-010
          30  2.712320340637024E-009
          31  4.742726718268567E-010
          32  6.222076402974054E-010
          33  8.196752729448674E-010
          34  4.387545685975039E-009
          35  2.941784720439205E-010
          36  1.163335167066831E-009
          37  8.329951838837813E-010
          38  1.128695308075964E-009
          39  3.127210661434449E-010
          40  6.167013526619799E-010
          41  8.700101553221235E-010
          42  6.095747108856258E-009
          43  5.327670764516682E-010
          44  9.972943250336506E-010
          45  4.413250439040383E-009
          46  7.469890721037608E-009
          47  8.088913428503839E-009
          48  5.952356351330391E-009
          49  5.367498231380535E-010
          50  3.117239490128567E-009
          51  1.545572182821854E-009
          52  6.333481667631954E-009
          53  2.301552481669517E-010
          54  5.676961047481206E-010
          55  3.659163520545552E-010
          56  4.073542364893688E-010
          57  1.089463551596744E-010
          58  2.116781036798916E-010
          59  1.463440652307377E-010
          60  1.702950405028815E-010
          61  1.756212144800004E-010
          62  8.375514639816817E-010
          63  3.442788253239764E-010
          64  3.589983465029809E-010
          65  3.014786144017626E-010
          66  4.340174547690165E-010
          67  5.706291588602976E-010
          68  8.438907007825540E-010
          69  1.581900223685473E-010
          70  4.743072558398319E-010
          71  1.631149980873308E-010
          72  2.033793149912100E-010
          73  2.119669625216934E-010
          74  4.316422034432257E-010
          75  1.027533088184523E-009
          76  2.752245263029898E-009
          77  5.467172061052219E-009
          78  1.022517439800948E-008
          79  8.079735660064170E-009
          80  3.262348157901249E-008
          81  1.276063417614186E-008
          82  1.117861200424943E-008
          83  4.857301097629530E-009
          84  5.228460662900846E-009
          85  3.529520746150468E-009
          86  3.857376106928520E-009
          87  2.650797427709627E-009
          88  6.359000068221945E-009
          89  2.828772396281315E-009
          90  5.398303117159761E-009
          91  3.757679814531691E-009
          92  3.034632164850884E-009
          93  2.491921079244297E-009
          94  5.856327953155036E-009
          95  3.085234849720890E-009
          96  3.618475102069259E-009
          97  1.594818050994485E-009
          98  1.468438617093906E-009
          99  1.618630490003222E-009
         100  1.447485964221633E-009
         101  1.062105389196052E-009
         102  1.859890869771762E-009
         103  1.771924772142634E-009
         104  1.746129513628237E-009
         105  1.838307140817212E-009
         106  2.353248303665939E-009
         107  1.801668698625550E-009
         108  6.073371481408969E-009
         109  2.683689319525675E-009
         110  7.310812945182711E-009
         111  5.269193543863607E-009
         112  7.060495250767849E-009
         113  3.614340663026202E-009
         114  2.884667855513642E-009
         115  1.503230978509011E-009
         116  1.560538091149961E-009
         117  1.395756171848198E-009
         118  1.493396430266474E-009
         119  5.404820443427819E-010
         120  7.527763785854966E-010
         121  6.181086492320792E-010
         122  7.762572490554473E-010
         123  7.161672590659430E-010
         124  1.836340274156342E-008
         125  8.615778111569756E-008
         126  6.989529304944163E-007
         127  3.509250291931894E-006
         128  2.841559900859737E-005
         129  1.400006404184485E-004
         130  3.391131683088227E-004
         131  1.120981177563329E-003
         132  1.070915471988389E-003
         133  3.322002644046225E-005
         134  8.346124036224719E-005
         135  9.368363071170426E-005
         136  2.331454355194246E-004
         137  1.231101693877224E-004
         138  8.292902956149775E-005
         139  1.472334810223652E-005
         140  3.307113084449153E-005
         141  2.381672953286947E-005
         142  9.385548165288249E-006
         143  1.574815791808982E-006
         144  6.223401574035545E-006
         145  2.866458637629466E-006
         146  1.028537562934221E-005
         147  8.554548267446166E-006
         148  7.909066397335680E-006
         149  5.706233758862112E-006
         150  3.481854183082246E-005
         151  1.925106320534846E-005
         152  2.465260171910382E-005
         153  1.057500905887606E-005
         154  3.898223547333094E-005
         155  2.061627297184421E-005
         156  3.207262128033642E-005
         157  1.932218134880689E-005
         158  4.157659404886441E-005
         159  2.886580254867588E-005
         160  4.462860460125877E-005
         161  2.104624965305194E-005
         162  1.248353700411184E-004
         163  4.810121840254824E-005
         164  5.933167992729529E-005
         165  2.719771002883886E-005
         166  5.441649745612296E-005
         167  2.405640174774805E-005
         168  1.110752339380385E-004
         169  4.747536427537950E-005
         170  3.347246937108654E-005
         171  1.411214791254282E-005
         172  2.899601359679883E-005
         173  2.979609709723032E-005
         174  8.107377215924793E-005
         175  3.334310138122088E-005
         176  2.053369957085718E-005
         177  7.295454758422167E-006
         178  9.105992246565543E-006
         179  5.085434147171929E-006
         180  1.150220187897850E-005
         181  5.542394458547640E-006
         182  1.227980689224349E-005
         183  6.526747239702132E-006
         184  1.219000305702881E-005
         185  3.922379813343442E-006
         186  1.493151103479278E-005
         187  4.404168953420568E-006
         188  1.481401893602668E-005
         189  1.280984506919471E-005
         190  2.734965408337633E-005
         191  2.959006850425960E-005
         192  1.054439281417564E-004
         193  1.382458973261373E-004
         194  3.450751353919257E-004
         195  2.359372331285289E-004
         196  4.401048379837995E-004
         197  2.311252154307606E-004
         198  1.673619118490889E-004
         199  1.378607319339220E-005
         200  2.409167121629343E-006
         201  8.643967297490070E-008
         202  1.002714764148810E-007
         203  2.413390301413720E-008
         204  8.540727521455909E-008
         205  7.601811288695695E-008
         206  2.225171302859127E-006
         207  1.470281463459726E-006
         208  2.444656050186524E-006
         209  1.540210139943614E-006
         226  5.901132832757663E-014
         227  4.587546875976152E-015
         230  2.780907851583056E-012
         231  6.886835431455223E-012
         232  5.392844885224422E-007
         234  9.054397110344936E-012
         235  1.479885866996813E-007
         236  1.458997128900298E-009
         238  1.647773298447160E-007
         240  2.829627494572783E-013
         244  3.454134918489826E-009
