           1  7.419343892046604E-005
           2  6.470609901488105E-012
           3  1.574717819390911E-008
           4  8.209714433640995E-005
           6  5.674563962362780E-015
           7  3.114017005274736E-012
           8  2.708281752318958E-013
           9  1.912633244112939E-009
          10  2.713051082138141E-014
          14  2.132856878947704E-015
          15  2.173898669111102E-012
          16  1.200941393403002E-009
          17  8.988958684025467E-011
          18  4.572591699597856E-010
          19  2.118397236856596E-010
          20  4.584960931086883E-009
          21  7.256334614230216E-010
          22  1.521046187874813E-009
          23  4.846236567936976E-009
          24  1.120563680617253E-008
          25  1.385610929558458E-008
          26  1.225354709881604E-008
          27  2.425724358799106E-009
          28  1.501732779233711E-009
          29  8.862491964862099E-010
          30  2.692689624667616E-009
          31  4.407352400585992E-010
          32  6.427628834327339E-010
          33  8.364158809772720E-010
          34  4.233778318601689E-009
          35  2.925707991619306E-010
          36  1.234546082975342E-009
          37  8.504342267215422E-010
          38  1.162393414779988E-009
          39  3.113595395297589E-010
          40  6.229772377124669E-010
          41  8.913548095121503E-010
          42  5.850725890912719E-009
          43  4.876905378611169E-010
          44  1.038923193396475E-009
          45  4.579797402214224E-009
          46  7.507455095137338E-009
          47  7.999574726134271E-009
          48  5.851199078662011E-009
          49  5.447171057927096E-010
          50  3.135803676754432E-009
          51  1.536155470995398E-009
          52  6.368455285048701E-009
          53  2.290973021031700E-010
          54  5.778550073264359E-010
          55  3.439693509833023E-010
          56  3.962425668912162E-010
          57  1.022453968373327E-010
          58  2.262744257042019E-010
          59  1.505387476790198E-010
          60  1.777541158345764E-010
          61  1.861479566302665E-010
          62  8.426688876245366E-010
          63  3.485585015017909E-010
          64  3.848227252736580E-010
          65  3.232119468951581E-010
          66  4.460576569808653E-010
          67  5.758703427030833E-010
          68  7.936722546831527E-010
          69  1.524099825395580E-010
          70  4.626684102401696E-010
          71  1.578303389435923E-010
          72  2.021111646490902E-010
          73  2.289759848134130E-010
          74  4.461668938434755E-010
          75  1.067295962583665E-009
          76  2.798216916018380E-009
          77  5.724596733899247E-009
          78  1.008178563270630E-008
          79  7.935545934334841E-009
          80  3.121117781379307E-008
          81  1.266385099830337E-008
          82  1.090752538577685E-008
          83  4.646921784346086E-009
          84  5.060300031657777E-009
          85  3.446434804814309E-009
          86  3.740291288188380E-009
          87  2.540845099292511E-009
          88  6.094102555318518E-009
          89  2.666008684159394E-009
          90  5.066066403506863E-009
          91  3.513749837153111E-009
          92  2.952676129944003E-009
          93  2.430780300264813E-009
          94  5.495890496808089E-009
          95  2.908891023237261E-009
          96  3.761661555156417E-009
          97  1.642097369702371E-009
          98  1.485834369189243E-009
          99  1.587389241705886E-009
         100  1.365842633579884E-009
         101  1.004460728443061E-009
         102  1.757871559775984E-009
         103  1.674734822025521E-009
         104  1.642711438864780E-009
         105  1.742747094412919E-009
         106  2.215717157905188E-009
         107  1.719091391249657E-009
         108  5.895886656981508E-009
         109  2.641148271556754E-009
         110  7.099243421605816E-009
         111  5.031695475265761E-009
         112  6.502829221048123E-009
         113  3.254911428454656E-009
         114  2.530589497368157E-009
         115  1.297788233090227E-009
         116  1.346939822110516E-009
         117  1.284070161234383E-009
         118  1.387573550559340E-009
         119  4.917714169373932E-010
         120  7.059684691539136E-010
         121  5.783040716396323E-010
         122  7.324052793903115E-010
         123  6.866173727906720E-010
         124  1.934552239349540E-008
         125  9.152015519392869E-008
         126  7.331566641872446E-007
         127  3.721094770500603E-006
         128  2.998797853928783E-005
         129  1.418664520006220E-004
         130  3.258250730546551E-004
         131  1.077712082873702E-003
         132  1.045608061666246E-003
         133  3.518124393442712E-005
         134  8.924379768106070E-005
         135  8.931703279382252E-005
         136  2.291877520473030E-004
         137  1.229386831582100E-004
         138  8.679058733041132E-005
         139  1.447050947610559E-005
         140  3.243513520964261E-005
         141  2.366358213903331E-005
         142  8.916034852419716E-006
         143  1.661675371949305E-006
         144  8.117591755129109E-006
         145  4.912137006361403E-006
         146  2.177335195628092E-005
         147  2.224688620686428E-005
         148  3.675405853107645E-005
         149  2.314555201868422E-005
         150  2.711762659529392E-005
         151  2.534551920580637E-005
         152  2.804488476240541E-005
         153  7.723471387445761E-006
         154  1.253741437862490E-005
         155  9.586111606833516E-006
         156  5.080222028760645E-005
         157  3.016914954664548E-005
         158  6.450248568334172E-005
         159  2.867913406497852E-005
         160  4.222287123283736E-005
         161  2.035495389964245E-005
         162  5.765516002940989E-005
         163  4.456747876389385E-005
         164  7.598847347342159E-005
         165  4.519043938890533E-005
         166  1.203717877496960E-004
         167  7.404297969519207E-005
         168  1.416511779411516E-004
         169  3.678087813770393E-005
         170  3.405192573678172E-005
         171  2.171771035103016E-005
         172  2.709124072369977E-005
         173  1.442484158038230E-005
         174  2.716582990324801E-005
         175  1.261201088359825E-005
         176  1.582950532009188E-005
         177  7.478134672813421E-006
         178  1.410052201248241E-005
         179  8.183474882151949E-006
         180  1.564631952619478E-005
         181  6.550945245449252E-006
         182  1.238621622795926E-005
         183  6.176733882986507E-006
         184  1.096444498917238E-005
         185  3.468596157949911E-006
         186  1.311915295175993E-005
         187  4.009448779128871E-006
         188  1.428953844754660E-005
         189  1.282346239592709E-005
         190  2.685008022729205E-005
         191  2.892757315285783E-005
         192  1.051525572981378E-004
         193  1.407340217343758E-004
         194  3.461323594733977E-004
         195  2.337236305731915E-004
         196  4.336021203341068E-004
         197  2.217542848716546E-004
         198  1.549374752621052E-004
         199  1.257725302511963E-005
         200  2.218390482766368E-006
         201  8.475493283229121E-008
         202  1.048033995864070E-007
         203  2.605871747384388E-008
         204  7.675073507591136E-008
         205  6.552024683087422E-008
         206  2.273539744206389E-006
         207  1.469632499225453E-006
         208  2.465296473133761E-006
         209  1.588654389854052E-006
         226  6.045188299855966E-014
         227  4.736729105966109E-015
         230  2.848793966142847E-012
         231  7.110788122297151E-012
         232  5.580792820782428E-007
         234  9.275428468558699E-012
         235  1.528010208772008E-007
         236  1.506626372513174E-009
         238  1.687997905977133E-007
         240  2.923677781169709E-013
         244  3.568942390374908E-009
