           1  7.470227054781297E-005
           2  6.470609901488105E-012
           3  1.574717819390911E-008
           4  8.040343549447484E-005
           6  5.674563962362780E-015
           7  3.114017005274736E-012
           8  2.708281752318958E-013
           9  1.912633244112939E-009
          10  2.713051082138141E-014
          14  1.895463611650506E-015
          15  1.865055534943860E-012
          16  1.238985145779578E-009
          17  9.191211759704226E-011
          18  4.663933290976544E-010
          19  2.249395407464095E-010
          20  4.631961837003518E-009
          21  7.477879548391795E-010
          22  1.628396252335349E-009
          23  4.880350499641493E-009
          24  1.129935166507994E-008
          25  1.386544897824242E-008
          26  1.196468099215473E-008
          27  2.503757802975729E-009
          28  1.540875788880427E-009
          29  8.920817429523641E-010
          30  2.700341334864623E-009
          31  4.671022635219257E-010
          32  6.510046439874926E-010
          33  7.927534939142808E-010
          34  4.407487427022531E-009
          35  2.940475215858760E-010
          36  1.184023300198128E-009
          37  7.186114367136767E-010
          38  9.430687522815173E-010
          39  2.621355195142406E-010
          40  6.211161104396932E-010
          41  9.335922426732766E-010
          42  6.029612468047062E-009
          43  5.101879760717967E-010
          44  1.014006415379816E-009
          45  4.472396969168182E-009
          46  7.478303029180381E-009
          47  8.210056586414301E-009
          48  6.069818263337229E-009
          49  4.766496599799872E-010
          50  3.074425712978190E-009
          51  1.575693020496836E-009
          52  6.128767052985666E-009
          53  2.095797301660110E-010
          54  5.069411311622796E-010
          55  3.124859141209797E-010
          56  3.778215659586311E-010
          57  9.988863951858638E-011
          58  2.059855573599091E-010
          59  1.449884247425644E-010
          60  1.706969081965464E-010
          61  1.738416581098101E-010
          62  8.255703096838247E-010
          63  3.396699709437032E-010
          64  3.626184820984346E-010
          65  3.152981688505299E-010
          66  4.504732839874704E-010
          67  5.867866993788894E-010
          68  8.387956665810596E-010
          69  1.545663813077440E-010
          70  4.648312406366595E-010
          71  1.625663142734889E-010
          72  2.077334800002232E-010
          73  2.259623614201436E-010
          74  4.503969365864209E-010
          75  1.046979962810061E-009
          76  2.778272847940792E-009
          77  5.491569039496116E-009
          78  1.048573627163757E-008
          79  8.141681134845933E-009
          80  3.186920852857525E-008
          81  1.234917662449373E-008
          82  1.042376348031653E-008
          83  4.433994734392339E-009
          84  5.402157434126376E-009
          85  3.558852013989736E-009
          86  3.824548177325883E-009
          87  2.511691597279759E-009
          88  5.797350789270581E-009
          89  2.655141042474433E-009
          90  5.218648774518886E-009
          91  3.563857951915619E-009
          92  2.997486375406066E-009
          93  2.421962157009984E-009
          94  5.250329597498155E-009
          95  2.669545494488824E-009
          96  3.400365364227779E-009
          97  1.477902099353205E-009
          98  1.390980218271954E-009
          99  1.565649745169103E-009
         100  1.353247627768430E-009
         101  9.968641819657728E-010
         102  1.712792780233453E-009
         103  1.630085250191966E-009
         104  1.587351802911262E-009
         105  1.740631158697458E-009
         106  2.219216886350451E-009
         107  1.688814738986221E-009
         108  5.763767964282604E-009
         109  2.588471012844730E-009
         110  7.081534426293532E-009
         111  4.932112322529055E-009
         112  6.464011689475130E-009
         113  3.222341338285337E-009
         114  2.509936416859953E-009
         115  1.320276371463686E-009
         116  1.362118685333851E-009
         117  1.184552035578407E-009
         118  1.269951101442857E-009
         119  4.916326174155246E-010
         120  7.024524742034163E-010
         121  5.702003563315976E-010
         122  7.342077088222101E-010
         123  6.768058138550276E-010
         124  1.904615412931408E-008
         125  8.537160225833272E-008
         126  6.949494613698937E-007
         127  3.553782583968549E-006
         128  2.925677899948418E-005
         129  1.419070964539054E-004
         130  3.399565537660652E-004
         131  1.093300565865368E-003
         132  1.018724759011287E-003
         133  3.218783771296217E-005
         134  7.892723493785064E-005
         135  7.778912268780902E-005
         136  2.021131059991434E-004
         137  1.101063887582534E-004
         138  8.978437854718463E-005
         139  1.457216450456097E-005
         140  3.254309082923095E-005
         141  2.354073393045976E-005
         142  9.327883918250909E-006
         143  1.609257368906503E-006
         144  6.767943908056220E-006
         145  2.967396400169025E-006
         146  1.106210699242189E-005
         147  9.719961404861691E-006
         148  9.151052581531688E-006
         149  5.711936322052845E-006
         150  1.856008846506908E-005
         151  1.233727641058934E-005
         152  3.389380725300648E-005
         153  2.472121808801992E-005
         154  3.471062512000094E-005
         155  1.255926464190843E-005
         156  2.802560626736081E-005
         157  1.774718039262801E-005
         158  3.690586507508906E-005
         159  2.009469578643728E-005
         160  5.727466395956701E-005
         161  3.988175961325351E-005
         162  1.370656247306966E-004
         163  1.073157665924411E-004
         164  7.848420752444385E-005
         165  2.657503016491623E-005
         166  1.171298441313996E-004
         167  4.047703135225608E-005
         168  1.411268335138922E-004
         169  6.436162476012351E-005
         170  5.260050184989869E-005
         171  2.888823113431354E-005
         172  7.745161918133427E-005
         173  3.609022482465716E-005
         174  4.611805154136185E-005
         175  2.136308524900947E-005
         176  2.844419926463903E-005
         177  1.437601130060309E-005
         178  1.845725478931275E-005
         179  8.602317313660827E-006
         180  1.638968388461064E-005
         181  7.230402248483467E-006
         182  1.435131618596615E-005
         183  7.268644648924887E-006
         184  1.294349926936510E-005
         185  4.083030433126415E-006
         186  1.562191607819870E-005
         187  4.607680961811361E-006
         188  1.535030096841381E-005
         189  1.337444005416033E-005
         190  2.674830034949895E-005
         191  2.970730568793475E-005
         192  1.037572920466612E-004
         193  1.343871608422230E-004
         194  3.232529745535902E-004
         195  2.117818958357610E-004
         196  3.881677446445567E-004
         197  1.994972393037536E-004
         198  1.402277479053034E-004
         199  1.092968895227501E-005
         200  2.064235235609182E-006
         201  8.972951770953911E-008
         202  1.123689512914871E-007
         203  2.650030727537595E-008
         204  8.952275800858358E-008
         205  7.692063104714685E-008
         206  2.157516001847633E-006
         207  1.405603238619197E-006
         208  2.342675670876504E-006
         209  1.480491240919266E-006
         226  6.015603049434096E-014
         227  4.605395373194138E-015
         230  2.834851921874242E-012
         231  6.913629634623534E-012
         232  5.284536034771269E-007
         234  9.230034369913503E-012
         235  1.485643571385263E-007
         236  1.587704889453630E-009
         238  1.679736816614355E-007
         240  3.088225194182234E-013
         244  3.769805919628797E-009
