           1  7.437783947777532E-005
           2  6.470609901488105E-012
           3  1.574717819390911E-008
           4  8.049629654101947E-005
           6  5.674563962362780E-015
           7  3.114017005274736E-012
           8  2.708281752318958E-013
           9  1.912633244112939E-009
          10  2.713051082138141E-014
          14  2.055226252884184E-015
          15  2.085371139475413E-012
          16  1.300084911105769E-009
          17  9.531004176847874E-011
          18  4.354165229458952E-010
          19  1.817127889305991E-010
          20  4.827535662613198E-009
          21  7.874645522412071E-010
          22  1.581294635798480E-009
          23  5.029691246056518E-009
          24  1.158263321040254E-008
          25  1.405028834432904E-008
          26  1.147529398740872E-008
          27  2.415675335888696E-009
          28  1.583779490760111E-009
          29  8.462229850961425E-010
          30  2.730666256191385E-009
          31  4.608201780045269E-010
          32  5.985984406999389E-010
          33  8.910121405030863E-010
          34  4.313998158203637E-009
          35  2.790784768036638E-010
          36  1.116144687911821E-009
          37  7.194591754621762E-010
          38  9.727560028378863E-010
          39  3.022835107004187E-010
          40  6.420523239907928E-010
          41  9.200968222211360E-010
          42  6.525889927407370E-009
          43  5.383883657264245E-010
          44  1.028632769135622E-009
          45  4.584818301809544E-009
          46  7.317640339246684E-009
          47  7.817444839693126E-009
          48  5.766044858939929E-009
          49  5.008899587484343E-010
          50  3.125019934083020E-009
          51  1.575566036894334E-009
          52  6.241266728795514E-009
          53  2.115591785099109E-010
          54  5.224241349129426E-010
          55  3.670764922378808E-010
          56  4.457330932311074E-010
          57  1.150949459934352E-010
          58  2.277773003899160E-010
          59  1.568427100834218E-010
          60  1.786868200493522E-010
          61  1.945296549608829E-010
          62  9.220036551532355E-010
          63  3.653997527867194E-010
          64  3.712871147459805E-010
          65  3.120360630900328E-010
          66  4.322918871553732E-010
          67  5.848220534868965E-010
          68  8.631056705639785E-010
          69  1.614568055339981E-010
          70  4.965909548743317E-010
          71  1.706029418239116E-010
          72  2.064764019950676E-010
          73  2.204183126129738E-010
          74  4.642329718954028E-010
          75  1.136025388708821E-009
          76  2.922557367269470E-009
          77  5.455279241473036E-009
          78  1.003301265682679E-008
          79  8.085965963424066E-009
          80  3.327671703296656E-008
          81  1.154960867265400E-008
          82  1.033025277174742E-008
          83  4.606077006492926E-009
          84  5.331200117974201E-009
          85  3.610831039578975E-009
          86  3.903926836098185E-009
          87  2.544425581384889E-009
          88  6.109465671147261E-009
          89  2.728958462211975E-009
          90  5.329516727363826E-009
          91  3.632081623759617E-009
          92  2.986990588196040E-009
          93  2.483436556318568E-009
          94  5.847833256427518E-009
          95  2.918975933709322E-009
          96  3.311848448071362E-009
          97  1.409857108909532E-009
          98  1.287566172089233E-009
          99  1.449180557267232E-009
         100  1.270224657934462E-009
         101  9.706725503306500E-010
         102  1.810484170404358E-009
         103  1.737890034399742E-009
         104  1.705607324796344E-009
         105  1.849273733563011E-009
         106  2.385065246086853E-009
         107  1.848879458721208E-009
         108  6.172745321341304E-009
         109  2.681094149128973E-009
         110  6.994322993800694E-009
         111  4.947262635481472E-009
         112  6.398084165435248E-009
         113  3.161303931995436E-009
         114  2.440497190896326E-009
         115  1.263676130580164E-009
         116  1.290312261008297E-009
         117  1.140293122351777E-009
         118  1.222981215786727E-009
         119  4.539845233685346E-010
         120  6.460772979724894E-010
         121  5.261506888863992E-010
         122  6.734212367428087E-010
         123  6.580389954432267E-010
         124  1.993323901243808E-008
         125  9.596689842078702E-008
         126  7.630172759278944E-007
         127  3.860915828367641E-006
         128  3.099742012672577E-005
         129  1.462640047711021E-004
         130  3.349452106947797E-004
         131  1.110359959668499E-003
         132  1.021702109756489E-003
         133  3.297642333522146E-005
         134  8.167802481446804E-005
         135  8.070385921604266E-005
         136  2.164665841753621E-004
         137  1.183399245522648E-004
         138  8.872241285100822E-005
         139  1.462635985698076E-005
         140  3.277821471191743E-005
         141  2.507881746486284E-005
         142  9.566877398507521E-006
         143  1.705530579810034E-006
         144  8.110169039656174E-006
         145  4.928325480335538E-006
         146  1.951637143061154E-005
         147  1.485822168419306E-005
         148  2.273649014459230E-005
         149  1.558850459296918E-005
         150  2.441607958118756E-005
         151  1.531343975475742E-005
         152  2.636729978167762E-005
         153  9.648145384822531E-006
         154  4.218307581316893E-005
         155  2.713428550659329E-005
         156  3.459105853287568E-005
         157  1.874670424163531E-005
         158  6.150827570562326E-005
         159  3.331363152316606E-005
         160  5.478499409147733E-005
         161  2.902596267705438E-005
         162  5.766452313228922E-005
         163  3.552092596351935E-005
         164  1.171100722438448E-004
         165  7.362895810236725E-005
         166  1.112990988575576E-004
         167  3.008271261404322E-005
         168  8.105821326948521E-005
         169  4.095062556149472E-005
         170  3.639666262941193E-005
         171  1.569592403030702E-005
         172  3.817381196824376E-005
         173  2.530527935166813E-005
         174  4.443158943862503E-005
         175  2.301276650777504E-005
         176  3.056468917787381E-005
         177  1.512135348404719E-005
         178  1.786234071445733E-005
         179  8.225354871357707E-006
         180  1.587751616548555E-005
         181  7.348308780387679E-006
         182  1.553430689873142E-005
         183  8.119342687124440E-006
         184  1.490153817909230E-005
         185  4.820148132715442E-006
         186  1.873298311629421E-005
         187  5.424215132125431E-006
         188  1.794396004876699E-005
         189  1.563882838985497E-005
         190  3.182309096626888E-005
         191  3.393693507349843E-005
         192  1.162903240637576E-004
         193  1.456619321086689E-004
         194  3.446568449650154E-004
         195  2.251324802042385E-004
         196  4.077357271193340E-004
         197  2.059940336100122E-004
         198  1.430908971050981E-004
         199  1.134159359389705E-005
         200  2.048899945042336E-006
         201  8.056456403119874E-008
         202  1.026081135174624E-007
         203  2.632523525928398E-008
         204  8.882786828673030E-008
         205  7.759423291227899E-008
         206  2.198579531830061E-006
         207  1.481317446338059E-006
         208  2.451678354936313E-006
         209  1.503200150247874E-006
         226  5.525225678663217E-014
         227  4.266013963828441E-015
         230  2.603761668652791E-012
         231  6.404149518564871E-012
         232  4.866259569729464E-007
         234  8.477624353951957E-012
         235  1.376163327407400E-007
         236  1.454956970002138E-009
         238  1.542808745239052E-007
         240  2.828679824300539E-013
         244  3.452978094496261E-009
