           1  7.423717379386441E-005
           2  6.470609901488105E-012
           3  1.574717819390911E-008
           4  8.107007848910529E-005
           6  5.674563962362780E-015
           7  3.114017005274736E-012
           8  2.708281752318958E-013
           9  1.912633244112939E-009
          10  2.713051082138141E-014
          14  2.115131250927322E-015
          15  2.157308626967731E-012
          16  1.211421803739604E-009
          17  9.062736439364660E-011
          18  4.673127935693884E-010
          19  2.234594796674832E-010
          20  4.537650457077621E-009
          21  7.412109578323362E-010
          22  1.606513541570114E-009
          23  4.802084306535714E-009
          24  1.115069988971771E-008
          25  1.365955112623355E-008
          26  1.224442963875644E-008
          27  2.647998321724858E-009
          28  1.598629198624061E-009
          29  8.877616512358024E-010
          30  2.763725075045749E-009
          31  4.930478844383719E-010
          32  6.555773257379544E-010
          33  7.553354416602498E-010
          34  4.337490054924427E-009
          35  3.080888144367400E-010
          36  1.249840158599873E-009
          37  7.994453081347630E-010
          38  1.052935478554772E-009
          39  2.937990881891785E-010
          40  6.214456293984501E-010
          41  8.896282534572863E-010
          42  5.879964873858475E-009
          43  5.178911727056206E-010
          44  9.748800306799338E-010
          45  4.320552701304129E-009
          46  7.434931660564574E-009
          47  8.235415454992824E-009
          48  6.145365766010610E-009
          49  5.104970052296971E-010
          50  3.127080688200045E-009
          51  1.583440608527164E-009
          52  6.358138706972842E-009
          53  2.168322143612665E-010
          54  5.146254804250833E-010
          55  3.243640796579072E-010
          56  3.909972482196883E-010
          57  1.062219825227808E-010
          58  2.067888485947861E-010
          59  1.448099805794647E-010
          60  1.702658740081975E-010
          61  1.707897440679155E-010
          62  8.157690949251041E-010
          63  3.409011874735483E-010
          64  3.616770232914451E-010
          65  3.081535907545086E-010
          66  4.483419448922174E-010
          67  5.820891304288849E-010
          68  8.437397104089493E-010
          69  1.566002434667331E-010
          70  4.604640040450999E-010
          71  1.602893314147065E-010
          72  2.049455625126301E-010
          73  2.184276816216202E-010
          74  4.353269926896478E-010
          75  9.914141606119254E-010
          76  2.708486324856657E-009
          77  5.485022797819864E-009
          78  1.030915462284970E-008
          79  7.934418564768672E-009
          80  3.131387050082679E-008
          81  1.265177468131996E-008
          82  1.106359073472430E-008
          83  4.753713744768029E-009
          84  5.287052689736775E-009
          85  3.501323432400633E-009
          86  3.775058762150688E-009
          87  2.470295079036480E-009
          88  5.894970541187284E-009
          89  2.697233986908306E-009
          90  5.109388001283207E-009
          91  3.472083392938241E-009
          92  2.969881969671291E-009
          93  2.444099169171906E-009
          94  5.455562973020594E-009
          95  2.883550196809079E-009
          96  3.581102620170362E-009
          97  1.586968120065910E-009
          98  1.467008819744713E-009
          99  1.615932576832454E-009
         100  1.434605262451526E-009
         101  1.048158908511597E-009
         102  1.762478014796751E-009
         103  1.655445997424467E-009
         104  1.608433733952236E-009
         105  1.687223657805290E-009
         106  2.149255800947832E-009
         107  1.648990164322700E-009
         108  5.563916347993521E-009
         109  2.503005473878139E-009
         110  6.949175768814811E-009
         111  4.990571056142810E-009
         112  6.691497872472676E-009
         113  3.423332878511145E-009
         114  2.747114504166959E-009
         115  1.448173008997549E-009
         116  1.497708765384813E-009
         117  1.322228591654070E-009
         118  1.425234155773793E-009
         119  5.316157887040361E-010
         120  7.501795120162040E-010
         121  6.158662686712596E-010
         122  7.795648986880603E-010
         123  6.945670254982863E-010
         124  1.692221882450315E-008
         125  7.415161033315983E-008
         126  6.106491078861237E-007
         127  3.140326679719949E-006
         128  2.613322928430252E-005
         129  1.312657883331762E-004
         130  3.291290432062019E-004
         131  1.095167179880959E-003
         132  1.057181510960385E-003
         133  3.469605013108410E-005
         134  8.687602285264752E-005
         135  8.458120552554298E-005
         136  2.226846575375549E-004
         137  1.206711836708133E-004
         138  8.837211739602248E-005
         139  1.462837063161994E-005
         140  3.388037535382936E-005
         141  2.527004036408967E-005
         142  9.753501136155181E-006
         143  1.625801350903264E-006
         144  6.256117786962428E-006
         145  2.509524625701722E-006
         146  8.510939304066393E-006
         147  7.365190659233785E-006
         148  3.541757547265484E-005
         149  2.859830689557456E-005
         150  4.150551494740702E-005
         151  2.365430943840307E-005
         152  8.331627179159948E-005
         153  4.594070838211483E-005
         154  4.136911126157448E-005
         155  1.337272923723101E-005
         156  5.446981904772474E-005
         157  2.189213524764757E-005
         158  2.275944567828555E-005
         159  9.712693025104788E-006
         160  2.262654606827970E-005
         161  1.526325435626590E-005
         162  4.199902272541883E-005
         163  9.638211264094903E-005
         164  1.080349335160986E-004
         165  3.148116095777014E-005
         166  5.310116903301659E-005
         167  2.138282267857187E-005
         168  8.147461741818723E-005
         169  3.992349039879774E-005
         170  4.074766204116673E-005
         171  2.679974072518476E-005
         172  3.954646490254165E-005
         173  2.209571669797211E-005
         174  4.498829793742911E-005
         175  2.423210764553778E-005
         176  3.105090290223437E-005
         177  1.134787290604836E-005
         178  1.599780865358000E-005
         179  8.700960148860924E-006
         180  1.667710402714479E-005
         181  7.019530216998639E-006
         182  1.339771683901461E-005
         183  6.577969549091159E-006
         184  1.153682884900665E-005
         185  3.626880694754797E-006
         186  1.370224926905589E-005
         187  4.004578702501952E-006
         188  1.312540358496532E-005
         189  1.129575430856607E-005
         190  2.414633904621332E-005
         191  2.747215573302799E-005
         192  9.902636310838804E-005
         193  1.313731664084919E-004
         194  3.303062315120745E-004
         195  2.328528285407060E-004
         196  4.468676452014562E-004
         197  2.365684512965488E-004
         198  1.727892761174026E-004
         199  1.406413352773674E-005
         200  2.496012101989406E-006
         201  9.127100095436520E-008
         202  1.086301199003495E-007
         203  2.631769824423172E-008
         204  8.396592099226729E-008
         205  7.242932641861259E-008
         206  2.215808525159230E-006
         207  1.441609279052725E-006
         208  2.401197058347617E-006
         209  1.549212652417384E-006
         226  6.129480352568534E-014
         227  4.740934371285418E-015
         230  2.888516581758821E-012
         231  7.117101075817333E-012
         232  5.563177849768060E-007
         234  9.404761893196942E-012
         235  1.529366775338250E-007
         236  1.500965759474576E-009
         238  1.711534775535476E-007
         240  2.909840839821055E-013
         244  3.552051593841035E-009
