           1  7.417498546790317E-005
           2  6.470609901488105E-012
           3  1.574717819390911E-008
           4  8.004916543571423E-005
           6  5.674563962362780E-015
           7  3.114017005274736E-012
           8  2.708281752318958E-013
           9  1.912633244112939E-009
          10  2.713051082138141E-014
          14  2.127727708157882E-015
          15  2.174903198077396E-012
          16  1.242646368749675E-009
          17  9.228173939309325E-011
          18  4.628823036061544E-010
          19  2.176317688680707E-010
          20  4.590162066894231E-009
          21  7.443474641688510E-010
          22  1.669899503447729E-009
          23  4.833921380650217E-009
          24  1.122839254317669E-008
          25  1.374204656720886E-008
          26  1.217764647633973E-008
          27  2.555517057184349E-009
          28  1.571772883952126E-009
          29  8.887746290261174E-010
          30  2.779726967662178E-009
          31  4.765987845091693E-010
          32  6.343363380890640E-010
          33  8.007012119323293E-010
          34  4.469657102308394E-009
          35  2.952076304096896E-010
          36  1.177858402732756E-009
          37  7.680609792976095E-010
          38  1.024078054761357E-009
          39  2.792194152228494E-010
          40  6.138100630999155E-010
          41  9.068155903612067E-010
          42  6.090207821896640E-009
          43  5.193304056147033E-010
          44  9.968855691463473E-010
          45  4.362449702532010E-009
          46  7.437168157424034E-009
          47  8.185891321641099E-009
          48  6.054279460107235E-009
          49  4.994660759461678E-010
          50  3.082891221763486E-009
          51  1.557502765182815E-009
          52  6.324659413825526E-009
          53  2.220550630936722E-010
          54  5.479169903942140E-010
          55  3.418736320148620E-010
          56  3.894666346388266E-010
          57  1.021833705075223E-010
          58  2.145173552024086E-010
          59  1.479790715602877E-010
          60  1.688177355754392E-010
          61  1.708661175199522E-010
          62  8.093945572868874E-010
          63  3.362768272828726E-010
          64  3.674637398599172E-010
          65  3.155659745168450E-010
          66  4.440321896669609E-010
          67  5.799032284631038E-010
          68  8.358212161976721E-010
          69  1.571992683433259E-010
          70  4.757838010064908E-010
          71  1.644179778680018E-010
          72  2.065743145095858E-010
          73  2.206603066904361E-010
          74  4.321940356285078E-010
          75  1.005507671463280E-009
          76  2.720205469396296E-009
          77  5.504415795988258E-009
          78  1.034868949927352E-008
          79  8.042677909179085E-009
          80  3.205464768099570E-008
          81  1.239447662794455E-008
          82  1.074811840872697E-008
          83  4.624567520580104E-009
          84  5.259723818638229E-009
          85  3.548270201727177E-009
          86  3.832431096679149E-009
          87  2.525532328102553E-009
          88  6.040506665835411E-009
          89  2.757451032484533E-009
          90  5.337080258426462E-009
          91  3.625581015382750E-009
          92  2.954586506418225E-009
          93  2.409174763614732E-009
          94  5.474127720230474E-009
          95  2.839791418018725E-009
          96  3.588689364382825E-009
          97  1.566773590240971E-009
          98  1.450475180133098E-009
          99  1.605531046700065E-009
         100  1.400562759678038E-009
         101  1.036167496453120E-009
         102  1.791128799158341E-009
         103  1.696626115833798E-009
         104  1.651578379517281E-009
         105  1.758288505527113E-009
         106  2.211468554566053E-009
         107  1.692731998028492E-009
         108  5.747888834408573E-009
         109  2.584225436007970E-009
         110  7.143497639857514E-009
         111  5.068476064611248E-009
         112  6.708104457703314E-009
         113  3.379314784342052E-009
         114  2.663379427757582E-009
         115  1.390164015059811E-009
         116  1.438194045623796E-009
         117  1.266378915290112E-009
         118  1.359969314067838E-009
         119  5.213135574251391E-010
         120  7.444904296499391E-010
         121  6.062376115143716E-010
         122  7.509588345690407E-010
         123  6.934385828496016E-010
         124  1.764110531276354E-008
         125  8.350035596444182E-008
         126  6.753440733909535E-007
         127  3.436688842987299E-006
         128  2.826294650103831E-005
         129  1.385095715283083E-004
         130  3.365694184928196E-004
         131  1.097215920506404E-003
         132  1.051657971807620E-003
         133  3.309645924322937E-005
         134  8.259417322256421E-005
         135  8.597790721126171E-005
         136  2.202123666461672E-004
         137  1.188350452095250E-004
         138  9.138857778509791E-005
         139  1.494157092207290E-005
         140  3.354826156772990E-005
         141  2.412201862430797E-005
         142  9.720158847969412E-006
         143  1.704624080183233E-006
         144  7.149950780260314E-006
         145  3.184804730281175E-006
         146  1.263916139405526E-005
         147  1.319841231627194E-005
         148  1.323081374400768E-005
         149  8.557684102628694E-006
         150  4.230224593276516E-005
         151  2.507591207681225E-005
         152  3.662616911537544E-005
         153  1.417038180305098E-005
         154  4.066609063579155E-005
         155  1.621130949211790E-005
         156  3.745552376194911E-005
         157  2.242714897263808E-005
         158  6.379427619935492E-005
         159  5.125091027738748E-005
         160  5.291596819172927E-005
         161  2.063877537022657E-005
         162  1.128134103887660E-004
         163  4.074862991942707E-005
         164  6.475137626893337E-005
         165  5.957250460579849E-005
         166  7.159056894813686E-005
         167  1.929189810647667E-005
         168  4.509367503162628E-005
         169  2.080887136490341E-005
         170  3.215008820167097E-005
         171  3.083020469382776E-005
         172  7.424077592618530E-005
         173  3.472879569613120E-005
         174  4.939425155835160E-005
         175  2.634744316988141E-005
         176  2.454281755314947E-005
         177  1.134992646387920E-005
         178  2.306070426694390E-005
         179  1.079312347081508E-005
         180  1.864188487290588E-005
         181  7.993908967228581E-006
         182  1.543920217987884E-005
         183  7.580658839405039E-006
         184  1.309847857880892E-005
         185  4.027229139161717E-006
         186  1.479473126534533E-005
         187  4.373973174113811E-006
         188  1.462880204474281E-005
         189  1.272037529757297E-005
         190  2.621663552242527E-005
         191  2.909443363228976E-005
         192  1.036042391100168E-004
         193  1.360579914827970E-004
         194  3.339316079527510E-004
         195  2.286098666684105E-004
         196  4.320577269874328E-004
         197  2.241918330527606E-004
         198  1.604034170706946E-004
         199  1.279399740998558E-005
         200  2.318723532410177E-006
         201  9.166290589613029E-008
         202  1.116701071590030E-007
         203  2.666828630142662E-008
         204  8.733133474766048E-008
         205  7.551067824236380E-008
         206  2.160288783898799E-006
         207  1.419410088410081E-006
         208  2.355343347011282E-006
         209  1.487384311563666E-006
         226  5.432149998440625E-014
         227  4.275607132068322E-015
         230  2.559899770055011E-012
         231  6.418550803765965E-012
         232  5.031562497136975E-007
         234  8.334813779451294E-012
         235  1.379257964798958E-007
         236  1.348208414309225E-009
         238  1.516819223404491E-007
         240  2.614980510533711E-013
         244  3.192114689982742E-009
