           1  7.360355560397913E-005
           2  6.470609901488105E-012
           3  1.574717819390911E-008
           4  8.350073439984429E-005
           6  5.674563962362780E-015
           7  3.114017005274736E-012
           8  2.708281752318958E-013
           9  1.912633244112939E-009
          10  2.713051082138141E-014
          14  2.639597590480649E-015
          15  2.559890216829315E-012
          16  1.307354742327178E-009
          17  9.594263069578503E-011
          18  4.459009488310234E-010
          19  1.922523543638139E-010
          20  4.838844355996111E-009
          21  7.872270594118334E-010
          22  1.548011444440512E-009
          23  5.040999667378310E-009
          24  1.160273030679263E-008
          25  1.411302842905846E-008
          26  1.199801188112461E-008
          27  2.559946574758608E-009
          28  1.583787609735977E-009
          29  8.290571097877683E-010
          30  2.698554070468214E-009
          31  4.701495134747573E-010
          32  6.052427818453742E-010
          33  8.627170733506020E-010
          34  4.398935052648844E-009
          35  2.891236613401925E-010
          36  1.135863360421253E-009
          37  8.451517071215215E-010
          38  1.156624506043948E-009
          39  3.285607383646788E-010
          40  6.209768911373628E-010
          41  8.565616054134105E-010
          42  6.212604746105518E-009
          43  5.364630434391159E-010
          44  1.021646932843731E-009
          45  4.561015230430523E-009
          46  7.471888806571055E-009
          47  7.921293600024350E-009
          48  5.774076505060734E-009
          49  5.541156979777278E-010
          50  3.112997783495707E-009
          51  1.524000429871564E-009
          52  6.362328180387828E-009
          53  2.421839023987121E-010
          54  6.114712416827742E-010
          55  3.942411916121533E-010
          56  4.308288315338701E-010
          57  1.140613897099123E-010
          58  2.159813896836098E-010
          59  1.507107013980917E-010
          60  1.769570030474322E-010
          61  1.878046122037739E-010
          62  8.837923722424149E-010
          63  3.548214367636218E-010
          64  3.549607946404580E-010
          65  2.962892121396355E-010
          66  4.278572026895620E-010
          67  5.714282005728124E-010
          68  8.502414927337042E-010
          69  1.577640572998111E-010
          70  4.723444909183118E-010
          71  1.635370674438002E-010
          72  2.034675226091387E-010
          73  2.137515859859127E-010
          74  4.474769317677361E-010
          75  1.076845739189373E-009
          76  2.819168170960161E-009
          77  5.447794367436023E-009
          78  1.004729404052109E-008
          79  8.081261026625789E-009
          80  3.299107976401124E-008
          81  1.268718272854516E-008
          82  1.117413076943364E-008
          83  4.882161567507478E-009
          84  5.185734504382700E-009
          85  3.535880527906820E-009
          86  3.893249529704251E-009
          87  2.757687900086382E-009
          88  6.599237659121448E-009
          89  2.860989697859436E-009
          90  5.439848663015126E-009
          91  3.843320845384115E-009
          92  3.098489975379465E-009
          93  2.550609908637535E-009
          94  6.091137384605138E-009
          95  3.152390829578258E-009
          96  3.560500027182475E-009
          97  1.553019781507465E-009
          98  1.434020556452917E-009
          99  1.601417152500861E-009
         100  1.441426053585712E-009
         101  1.069139664811703E-009
         102  1.927651348729813E-009
         103  1.837994838676116E-009
         104  1.797679938006664E-009
         105  1.903889212309045E-009
         106  2.474307386243191E-009
         107  1.903328098140975E-009
         108  6.399667794538946E-009
         109  2.781415429985705E-009
         110  7.409038033985488E-009
         111  5.314825524638836E-009
         112  7.055798419591395E-009
         113  3.590180378991236E-009
         114  2.847209308063242E-009
         115  1.467534441291741E-009
         116  1.544452729211120E-009
         117  1.469336736560075E-009
         118  1.560300983682216E-009
         119  5.257032864190334E-010
         120  7.303161527955302E-010
         121  5.979169861281443E-010
         122  7.658125906164524E-010
         123  7.151457659763069E-010
         124  1.944464477427176E-008
         125  9.121906787418517E-008
         126  7.363260877935236E-007
         127  3.662837346208051E-006
         128  2.929366967944912E-005
         129  1.427532251860521E-004
         130  3.384810127659391E-004
         131  1.126714332727572E-003
         132  1.078913890140056E-003
         133  3.326833555301902E-005
         134  8.400526363519638E-005
         135  9.767066064452536E-005
         136  2.410083442999456E-004
         137  1.267486221021497E-004
         138  8.330336222775002E-005
         139  1.514087128303976E-005
         140  3.369230543458534E-005
         141  2.394069776857649E-005
         142  9.304424971150060E-006
         143  1.493685673744210E-006
         144  5.129512355702574E-006
         145  2.142141170588433E-006
         146  9.786242919475414E-006
         147  1.421377016258051E-005
         148  1.606617271137835E-005
         149  9.337193147106941E-006
         150  1.875709338371355E-005
         151  1.167410442823123E-005
         152  2.414304100347816E-005
         153  9.662427525413434E-006
         154  2.096049030994916E-005
         155  1.113015174594917E-005
         156  2.316751186926584E-005
         157  1.498618512751637E-005
         158  5.336361514452211E-005
         159  2.844120280271700E-005
         160  4.800740813530135E-005
         161  2.621605364627981E-005
         162  1.204364940527798E-004
         163  4.338285379618140E-005
         164  4.525166987799932E-005
         165  2.758572494209040E-005
         166  1.325201750581155E-004
         167  3.312647906453698E-005
         168  3.867450159184842E-005
         169  1.726470479948344E-005
         170  3.111468203072274E-005
         171  2.658423387913300E-005
         172  5.387059339748011E-005
         173  2.699845422908868E-005
         174  4.072039565174460E-005
         175  1.970720077021044E-005
         176  1.985992577727423E-005
         177  1.033878602074146E-005
         178  2.737860119284483E-005
         179  1.045578299897017E-005
         180  1.453239816145117E-005
         181  6.475125796613263E-006
         182  1.333491459775599E-005
         183  6.948447944277678E-006
         184  1.274847592426795E-005
         185  4.114164791615796E-006
         186  1.572262842312060E-005
         187  4.599717671285611E-006
         188  1.525114268811463E-005
         189  1.317878783877399E-005
         190  2.800430337026898E-005
         191  3.021552088010176E-005
         192  1.076851313288757E-004
         193  1.410355325174341E-004
         194  3.513076245285873E-004
         195  2.384176375417736E-004
         196  4.431910993502643E-004
         197  2.324780189303950E-004
         198  1.692187539457859E-004
         199  1.402238345762719E-005
         200  2.470988075430553E-006
         201  8.948216603040561E-008
         202  1.047454902581524E-007
         203  2.556063369482391E-008
         204  9.003140262284789E-008
         205  8.076561506783652E-008
         206  2.428983012856642E-006
         207  1.619885938675383E-006
         208  2.696997637655742E-006
         209  1.679545172892711E-006
         226  6.367528013734557E-014
         227  4.932528326086319E-015
         230  3.000696501911241E-012
         231  7.404722340961290E-012
         232  5.779844090786108E-007
         234  9.770010077989759E-012
         235  1.591172614837503E-007
         236  1.574802321296017E-009
         238  1.778004823057504E-007
         240  3.054758221869512E-013
         244  3.728952684387330E-009
