           1  7.471219752959263E-005
           2  6.470609901488105E-012
           3  1.574717819390911E-008
           4  8.142616119515098E-005
           6  5.674563962362780E-015
           7  3.114017005274736E-012
           8  2.708281752318958E-013
           9  1.912633244112939E-009
          10  2.713051082138141E-014
          14  1.840972983020567E-015
          15  1.869401326540936E-012
          16  1.221733429069933E-009
          17  9.108598319820046E-011
          18  4.477255307442248E-010
          19  1.990187342056392E-010
          20  4.592867148110648E-009
          21  7.551679708175316E-010
          22  1.603335969659400E-009
          23  4.838128373653906E-009
          24  1.122551359104042E-008
          25  1.367233502284908E-008
          26  1.186376753145970E-008
          27  2.585134492098542E-009
          28  1.577291954155430E-009
          29  8.325803439473813E-010
          30  2.662980145163887E-009
          31  4.736162028028264E-010
          32  6.037792898750514E-010
          33  7.875474679482442E-010
          34  4.357623419068167E-009
          35  2.959287950621581E-010
          36  1.171226372125476E-009
          37  7.757575660200562E-010
          38  1.030100819832113E-009
          39  2.925188778263734E-010
          40  6.111063299181699E-010
          41  8.725669903245681E-010
          42  6.124402445233502E-009
          43  5.355764774158595E-010
          44  9.786209211728443E-010
          45  4.344108041500404E-009
          46  7.360901515169120E-009
          47  8.080657151436955E-009
          48  6.016724827979665E-009
          49  5.172361307026089E-010
          50  3.128454193269333E-009
          51  1.571074322820712E-009
          52  6.185959358153830E-009
          53  2.175584820330287E-010
          54  5.333402487516473E-010
          55  3.503843127354938E-010
          56  4.107066959306635E-010
          57  1.111472271407921E-010
          58  2.138665621929322E-010
          59  1.495975933454070E-010
          60  1.724159829700874E-010
          61  1.740244278871314E-010
          62  8.403349011887691E-010
          63  3.497650857312428E-010
          64  3.647302969288937E-010
          65  3.090415564318606E-010
          66  4.466011984715737E-010
          67  5.839051803461812E-010
          68  8.678546460353064E-010
          69  1.628365460431470E-010
          70  4.859475205588215E-010
          71  1.684825178952318E-010
          72  2.121261679461580E-010
          73  2.196885438026325E-010
          74  4.481688634764996E-010
          75  1.046854936480101E-009
          76  2.811061226602345E-009
          77  5.466291575233959E-009
          78  1.016644695944472E-008
          79  7.906465275187799E-009
          80  3.191066661852688E-008
          81  1.207847597219962E-008
          82  1.041604866694017E-008
          83  4.480729324891921E-009
          84  5.109636513818029E-009
          85  3.431045324989279E-009
          86  3.705656594069529E-009
          87  2.427670591686001E-009
          88  5.822073477003913E-009
          89  2.671620942612774E-009
          90  5.080544034203345E-009
          91  3.432262865902962E-009
          92  2.850924769746052E-009
          93  2.350985541700393E-009
          94  5.437581379295325E-009
          95  2.812990400409288E-009
          96  3.296660582624503E-009
          97  1.455089835670644E-009
          98  1.354251438514927E-009
          99  1.491982194149844E-009
         100  1.322920396740778E-009
         101  9.856559860831106E-010
         102  1.702825440477766E-009
         103  1.629559522145990E-009
         104  1.589520847077799E-009
         105  1.670466937770841E-009
         106  2.144325009812441E-009
         107  1.648893621331460E-009
         108  5.480075375705348E-009
         109  2.457269119649193E-009
         110  6.729241733553563E-009
         111  4.782400581347947E-009
         112  6.356401334094585E-009
         113  3.250936264095861E-009
         114  2.597936995613257E-009
         115  1.370490210829038E-009
         116  1.408501848482756E-009
         117  1.220365455113899E-009
         118  1.304448183698042E-009
         119  4.938167917438769E-010
         120  6.922857231029158E-010
         121  5.639900707838663E-010
         122  7.330211590007029E-010
         123  6.543594208455403E-010
         124  1.775497692725415E-008
         125  7.515711335008737E-008
         126  6.209874637242524E-007
         127  3.226955851771651E-006
         128  2.684089691905099E-005
         129  1.326614368869689E-004
         130  3.252379285865599E-004
         131  1.086450434024592E-003
         132  1.018680276804564E-003
         133  3.317512666797417E-005
         134  8.290225070023866E-005
         135  7.990158372911885E-005
         136  2.073369999535830E-004
         137  1.131269665450672E-004
         138  8.934541861539416E-005
         139  1.452120037294317E-005
         140  3.379664586778075E-005
         141  2.546372827186683E-005
         142  9.938662363434094E-006
         143  1.691381460366637E-006
         144  6.759227690080250E-006
         145  3.250329789227769E-006
         146  1.246706753327048E-005
         147  1.105475573968842E-005
         148  2.944390973130140E-005
         149  2.160152274519069E-005
         150  3.425119749840929E-005
         151  2.238431641960978E-005
         152  3.959441736296716E-005
         153  1.415973395685956E-005
         154  5.978648276049846E-005
         155  3.324522911436418E-005
         156  4.807711880049977E-005
         157  1.694863504374075E-005
         158  2.018397453698616E-005
         159  1.245542734608928E-005
         160  4.724229711163456E-005
         161  3.188775626800925E-005
         162  7.719221260892483E-005
         163  3.662243788080381E-005
         164  9.854090689438033E-005
         165  8.953053912789266E-005
         166  1.229693669506326E-004
         167  5.463273585917280E-005
         168  1.628262221257323E-004
         169  7.541385823244863E-005
         170  4.227532356922820E-005
         171  1.951837612592686E-005
         172  2.926344856485003E-005
         173  2.316860795435817E-005
         174  5.112957968639842E-005
         175  2.664724640673707E-005
         176  2.246166356972489E-005
         177  8.477475928156084E-006
         178  1.001576060316906E-005
         179  5.335259136246761E-006
         180  1.174476223608723E-005
         181  5.560673405578774E-006
         182  1.219419428453378E-005
         183  6.354804118839952E-006
         184  1.152397587595692E-005
         185  3.639484367265276E-006
         186  1.394204726973410E-005
         187  4.060084241402209E-006
         188  1.322362161049170E-005
         189  1.140424996460759E-005
         190  2.416479693272730E-005
         191  2.735596112512291E-005
         192  9.673352383639856E-005
         193  1.264391944517468E-004
         194  3.132501806941370E-004
         195  2.177501913282366E-004
         196  4.138076562361840E-004
         197  2.174782701980890E-004
         198  1.569014784471009E-004
         199  1.270619025390936E-005
         200  2.329455371095550E-006
         201  8.918276637477748E-008
         202  1.118635347529723E-007
         203  2.828306397461325E-008
         204  8.429188081995399E-008
         205  7.125882527648158E-008
         206  2.235448695536235E-006
         207  1.470673293077571E-006
         208  2.453070450463513E-006
         209  1.571824371653352E-006
         226  6.389667938215529E-014
         227  4.852207640784497E-015
         230  3.011129937586645E-012
         231  7.284144752029810E-012
         232  5.583837815375442E-007
         234  9.803980448412697E-012
         235  1.565262155452743E-007
         236  1.629736143834947E-009
         238  1.784186954086114E-007
         240  3.163798592366831E-013
         244  3.862058597438517E-009
