           1  7.417488100655151E-005
           2  6.470609901488105E-012
           3  1.574717819390911E-008
           4  8.367476497468162E-005
           6  5.674563962362780E-015
           7  3.114017005274736E-012
           8  2.708281752318958E-013
           9  1.912633244112939E-009
          10  2.713051082138141E-014
          14  2.219940261110806E-015
          15  2.167235036298186E-012
          16  1.191711066745932E-009
          17  8.954168763220381E-011
          18  4.815677306805022E-010
          19  2.425628787957063E-010
          20  4.496511580189338E-009
          21  7.288274016830458E-010
          22  1.561605910351607E-009
          23  4.787333528796839E-009
          24  1.110445245865145E-008
          25  1.366524240154826E-008
          26  1.249090472684340E-008
          27  2.657105967995622E-009
          28  1.580248999648647E-009
          29  9.096109526652640E-010
          30  2.740927511664742E-009
          31  4.843346564385017E-010
          32  7.014362463937738E-010
          33  7.404492790169022E-010
          34  4.324034659362992E-009
          35  3.089550451692195E-010
          36  1.273186024753170E-009
          37  8.220713259318342E-010
          38  1.086119444053523E-009
          39  2.917301605909471E-010
          40  6.242222472834181E-010
          41  9.021683831173379E-010
          42  5.629689276361959E-009
          43  4.866513654535015E-010
          44  9.732608109306552E-010
          45  4.345323910044199E-009
          46  7.511880372811120E-009
          47  8.355204963814667E-009
          48  6.225657617647824E-009
          49  5.049467994189210E-010
          50  3.104730367628904E-009
          51  1.574193991304239E-009
          52  6.447785421548930E-009
          53  2.168262270974523E-010
          54  5.113500476257395E-010
          55  3.075365906971441E-010
          56  3.641559449105210E-010
          57  9.731459444469241E-011
          58  1.935692005499951E-010
          59  1.357674680926335E-010
          60  1.652973341935848E-010
          61  1.690421103215091E-010
          62  7.962536619880719E-010
          63  3.313559223215852E-010
          64  3.551790787062730E-010
          65  3.053705701830049E-010
          66  4.437094533119072E-010
          67  5.819374521202641E-010
          68  8.260863036033175E-010
          69  1.521935320836879E-010
          70  4.448260140447243E-010
          71  1.548055881724677E-010
          72  1.984889133859451E-010
          73  2.166684134962088E-010
          74  4.284328084595620E-010
          75  9.740488293544566E-010
          76  2.674730506675614E-009
          77  5.539056212481069E-009
          78  1.045809834931679E-008
          79  7.970173155196105E-009
          80  3.073182065192531E-008
          81  1.302318689857994E-008
          82  1.128836637359444E-008
          83  4.787051859055343E-009
          84  5.341499545198959E-009
          85  3.489987002865803E-009
          86  3.752470303560095E-009
          87  2.490645386882718E-009
          88  5.914576733124380E-009
          89  2.710609751451285E-009
          90  5.159272504250272E-009
          91  3.449740663884195E-009
          92  3.003560248448949E-009
          93  2.482149458443838E-009
          94  5.438381455099392E-009
          95  2.860409443814792E-009
          96  3.724305159319747E-009
          97  1.639760037479021E-009
          98  1.517606948070702E-009
          99  1.679062796338983E-009
         100  1.475503670559042E-009
         101  1.072919015276840E-009
         102  1.773136528926464E-009
         103  1.646601583510617E-009
         104  1.582594628497515E-009
         105  1.672455002358990E-009
         106  2.126348504037685E-009
         107  1.636280218529822E-009
         108  5.620487938147985E-009
         109  2.542420306942773E-009
         110  7.159545932530058E-009
         111  5.113461110897360E-009
         112  6.815641221757953E-009
         113  3.463966440570494E-009
         114  2.750632476997779E-009
         115  1.446879197600213E-009
         116  1.522025086543031E-009
         117  1.418154737287171E-009
         118  1.530743820407763E-009
         119  5.462756334995438E-010
         120  7.755568005238354E-010
         121  6.364227555661147E-010
         122  8.182343773074949E-010
         123  7.178862654325309E-010
         124  1.799250526941273E-008
         125  7.597642774074732E-008
         126  6.220997496153421E-007
         127  3.179981932286324E-006
         128  2.636973499891989E-005
         129  1.323474615545970E-004
         130  3.330779124901163E-004
         131  1.086671431691313E-003
         132  1.066547421320429E-003
         133  3.510644818663324E-005
         134  8.809743823544504E-005
         135  8.727404897182550E-005
         136  2.251917248855038E-004
         137  1.209725999478888E-004
         138  8.754422726876887E-005
         139  1.456094436082567E-005
         140  3.376413042284738E-005
         141  2.524220045298077E-005
         142  9.858259892448655E-006
         143  1.608072722875585E-006
         144  5.599369719410241E-006
         145  1.822241660902380E-006
         146  6.726568786584279E-006
         147  9.356441377605334E-006
         148  2.722823147956589E-005
         149  1.929512218668993E-005
         150  2.481678788999554E-005
         151  8.743919986145073E-006
         152  9.473566462050966E-006
         153  4.275720677008564E-006
         154  2.183836864141987E-005
         155  1.380340783496557E-005
         156  5.269190940896374E-005
         157  2.399937729693080E-005
         158  4.212039049404322E-005
         159  4.334472362369442E-005
         160  9.565256869836223E-005
         161  4.622485667396371E-005
         162  8.685912980540392E-005
         163  3.824334178160143E-005
         164  8.450648303230273E-005
         165  4.618129603042874E-005
         166  6.271363746951180E-005
         167  2.494449415628752E-005
         168  1.349222628723354E-004
         169  7.109538116669467E-005
         170  4.868853521238102E-005
         171  2.036422200639385E-005
         172  5.759641515781907E-005
         173  3.450903543752733E-005
         174  4.103881056511269E-005
         175  1.631061519736339E-005
         176  1.581083251905705E-005
         177  7.574217671147272E-006
         178  1.074569378757407E-005
         179  5.405699537153937E-006
         180  1.125576243159083E-005
         181  5.228153927388962E-006
         182  1.084150814408304E-005
         183  5.468584769169999E-006
         184  9.760742159314667E-006
         185  3.106199298556735E-006
         186  1.187967458022476E-005
         187  3.502485601520799E-006
         188  1.167276025776441E-005
         189  1.027407008912356E-005
         190  2.190184995214180E-005
         191  2.565406431526738E-005
         192  9.438526326950353E-005
         193  1.271758544371413E-004
         194  3.208161167707355E-004
         195  2.276176275021181E-004
         196  4.422470000855152E-004
         197  2.340600596419985E-004
         198  1.719000600822260E-004
         199  1.387323475570354E-005
         200  2.503734352329467E-006
         201  9.802908867353320E-008
         202  1.160817634418192E-007
         203  2.676237245671521E-008
         204  8.696893683803209E-008
         205  7.523171583660444E-008
         206  2.409392480126775E-006
         207  1.534979525995140E-006
         208  2.585229975479103E-006
         209  1.687024422418513E-006
         226  7.012854499377032E-014
         227  5.448754272674996E-015
         230  3.304806499367277E-012
         231  8.179681864148058E-012
         232  6.370988918831509E-007
         234  1.076016610945461E-011
         235  1.757700718677549E-007
         236  1.723840161873632E-009
         238  1.958199335189082E-007
         240  3.341472790064850E-013
         244  4.078946032820203E-009
