           1  7.414450915428548E-005
           2  6.470609901488105E-012
           3  1.574717819390911E-008
           4  8.290987664112017E-005
           6  5.674563962362780E-015
           7  3.114017005274736E-012
           8  2.708281752318958E-013
           9  1.912633244112939E-009
          10  2.713051082138141E-014
          14  2.280399540701855E-015
          15  2.195601243371883E-012
          16  1.252973411608105E-009
          17  9.288039873697377E-011
          18  4.462252237854992E-010
          19  1.948923367312587E-010
          20  4.681812499524768E-009
          21  7.706609643738766E-010
          22  1.545056996599798E-009
          23  4.924836184399997E-009
          24  1.137977099781983E-008
          25  1.380156169028022E-008
          26  1.215816088933158E-008
          27  2.633111569189437E-009
          28  1.582177592484240E-009
          29  8.061130595643059E-010
          30  2.631023412044369E-009
          31  4.593638092941606E-010
          32  6.106338529675044E-010
          33  8.124901131151751E-010
          34  4.368971570803124E-009
          35  2.896870142579570E-010
          36  1.148873949313070E-009
          37  8.663966228429714E-010
          38  1.182195223864626E-009
          39  3.231035113158701E-010
          40  6.022598931511136E-010
          41  8.336502141346002E-010
          42  6.038211018169060E-009
          43  5.115806967534392E-010
          44  9.724765066605967E-010
          45  4.388789001978202E-009
          46  7.439493524873066E-009
          47  8.069616192627490E-009
          48  5.930924950413072E-009
          49  5.554447016781151E-010
          50  3.142339270251719E-009
          51  1.532143448477190E-009
          52  6.325208779303044E-009
          53  2.347180990327856E-010
          54  5.984160504343495E-010
          55  3.906573122650470E-010
          56  4.223158260557821E-010
          57  1.102014813297029E-010
          58  2.082752634997067E-010
          59  1.447473119985736E-010
          60  1.687265627752135E-010
          61  1.795562461714656E-010
          62  8.569765516436293E-010
          63  3.465922582343778E-010
          64  3.536924904195823E-010
          65  2.980392477829843E-010
          66  4.244373751908776E-010
          67  5.763966960659354E-010
          68  8.616380309546135E-010
          69  1.611469009964358E-010
          70  4.824462579575426E-010
          71  1.655625276636650E-010
          72  2.013334475233644E-010
          73  2.077954137853583E-010
          74  4.342349376881501E-010
          75  1.044819182614406E-009
          76  2.806922496597575E-009
          77  5.490655852172612E-009
          78  1.007547551060203E-008
          79  7.909890890977730E-009
          80  3.230758557300072E-008
          81  1.252366685737926E-008
          82  1.095499548994740E-008
          83  4.717067075520898E-009
          84  5.034215393751235E-009
          85  3.413020898945292E-009
          86  3.719020895644830E-009
          87  2.557979730982331E-009
          88  6.278153150994842E-009
          89  2.820647359826268E-009
          90  5.347931617815228E-009
          91  3.558045092487300E-009
          92  2.889762797671084E-009
          93  2.440529693911655E-009
          94  5.989415611987217E-009
          95  3.040574820060878E-009
          96  3.484080428356612E-009
          97  1.508218475687335E-009
          98  1.384243844100586E-009
          99  1.542476968355368E-009
         100  1.368896808604914E-009
         101  1.032139626260809E-009
         102  1.823427708926278E-009
         103  1.723910975495904E-009
         104  1.668083513407341E-009
         105  1.754842841032575E-009
         106  2.256931499025855E-009
         107  1.754028715226846E-009
         108  5.873220622646915E-009
         109  2.598635595899057E-009
         110  7.154003140767575E-009
         111  5.129857071786396E-009
         112  6.804219006165837E-009
         113  3.437084055760037E-009
         114  2.719513721639758E-009
         115  1.420225245888730E-009
         116  1.483746120470080E-009
         117  1.363517551817412E-009
         118  1.462848233367858E-009
         119  5.202301800954988E-010
         120  7.308119074979872E-010
         121  5.953619354937922E-010
         122  7.626989513912474E-010
         123  6.892121261233924E-010
         124  1.852948661712035E-008
         125  8.217179330780303E-008
         126  6.645936334288707E-007
         127  3.373812930198311E-006
         128  2.754827179054304E-005
         129  1.357701379730335E-004
         130  3.307689505732823E-004
         131  1.100655524401434E-003
         132  1.056834504682003E-003
         133  3.351267769185639E-005
         134  8.523168490098030E-005
         135  9.342998964631903E-005
         136  2.282668767895210E-004
         137  1.206618038047433E-004
         138  8.403465365853927E-005
         139  1.477336867400890E-005
         140  3.437053850866842E-005
         141  2.547371346254820E-005
         142  9.894792656864933E-006
         143  1.581248163589275E-006
         144  5.224850634519694E-006
         145  2.064954214196520E-006
         146  9.799584565519307E-006
         147  1.528981259407241E-005
         148  1.890436760197700E-005
         149  1.073710677574563E-005
         150  3.151034894793309E-005
         151  2.010782714608892E-005
         152  3.835604057893384E-005
         153  1.574958615258158E-005
         154  4.317671290845380E-005
         155  2.223495982672261E-005
         156  3.570198610470595E-005
         157  1.430616344109684E-005
         158  2.208548363287723E-005
         159  1.167468841346632E-005
         160  4.682467151763209E-005
         161  3.387779256781084E-005
         162  1.312230301185820E-004
         163  5.013513084496459E-005
         164  9.447205385868231E-005
         165  8.333039233488140E-005
         166  1.249878172329054E-004
         167  2.722999195910187E-005
         168  3.400291194614102E-005
         169  1.257468820149956E-005
         170  2.569655820373771E-005
         171  2.181022867705358E-005
         172  4.615203989844938E-005
         173  2.025927057099604E-005
         174  3.638125563104066E-005
         175  2.558370145671697E-005
         176  3.181265470749934E-005
         177  1.531244714810146E-005
         178  2.795928537303218E-005
         179  9.717457106881269E-006
         180  1.435598927351880E-005
         181  6.737917418262450E-006
         182  1.428990771171881E-005
         183  7.294329617181529E-006
         184  1.302714547779461E-005
         185  4.115781397549039E-006
         186  1.552593321135949E-005
         187  4.468495101991600E-006
         188  1.447540135254583E-005
         189  1.260361762406973E-005
         190  2.659402676370967E-005
         191  2.995099307601864E-005
         192  1.056001060286626E-004
         193  1.358399557646336E-004
         194  3.318732706680684E-004
         195  2.290270180153483E-004
         196  4.343893979101436E-004
         197  2.260901633154799E-004
         198  1.630896206430432E-004
         199  1.318859522829333E-005
         200  2.314668538591697E-006
         201  8.421811766539279E-008
         202  1.011930628123264E-007
         203  2.494197415778287E-008
         204  7.895562490918844E-008
         205  6.922525156271812E-008
         206  2.320763972131565E-006
         207  1.521079361430907E-006
         208  2.565221620974122E-006
         209  1.628779297778603E-006
         226  6.575476645997530E-014
         227  5.092243076810663E-015
         230  3.098692259772502E-012
         231  7.644486475029221E-012
         232  5.879057586251368E-007
         234  1.008907584865165E-011
         235  1.642694617497711E-007
         236  1.633082860764591E-009
         238  1.836070318853400E-007
         240  3.168645002814378E-013
         244  3.867974625462812E-009
