           1  7.434626995390780E-005
           2  6.470609901488105E-012
           3  1.574717819390911E-008
           4  8.135073453092132E-005
           6  5.674563962362780E-015
           7  3.114017005274736E-012
           8  2.708281752318958E-013
           9  1.912633244112939E-009
          10  2.713051082138141E-014
          14  2.133589566607804E-015
          15  2.050794357079559E-012
          16  1.200208714312902E-009
          17  9.000261674186863E-011
          18  4.694860593397918E-010
          19  2.267142279231166E-010
          20  4.460419278380932E-009
          21  7.336438696911570E-010
          22  1.668634582851281E-009
          23  4.734642059583685E-009
          24  1.103825958273663E-008
          25  1.348174274932142E-008
          26  1.258785515641120E-008
          27  2.735545201179746E-009
          28  1.597743575654846E-009
          29  8.626388919133405E-010
          30  2.735829014673905E-009
          31  4.841546464176191E-010
          32  6.348141436982769E-010
          33  7.254276347532938E-010
          34  4.395957932256162E-009
          35  3.079719799096325E-010
          36  1.241830424603609E-009
          37  8.341922897554496E-010
          38  1.105196305778626E-009
          39  2.900824414226250E-010
          40  5.932445070821358E-010
          41  8.555854248468971E-010
          42  5.771327972806257E-009
          43  5.044764631570897E-010
          44  9.418030360337621E-010
          45  4.161925748075832E-009
          46  7.445945346951147E-009
          47  8.377821200315961E-009
          48  6.259067008473347E-009
          49  5.235323651330130E-010
          50  3.138572798304949E-009
          51  1.568866701558619E-009
          52  6.326311766159422E-009
          53  2.233789819606682E-010
          54  5.482147680092737E-010
          55  3.412985153933496E-010
          56  3.812474657159709E-010
          57  1.015269208822012E-010
          58  2.011234135756690E-010
          59  1.393259348146443E-010
          60  1.597022777979750E-010
          61  1.593946459658969E-010
          62  7.671354559016430E-010
          63  3.237007511989757E-010
          64  3.547965137327491E-010
          65  3.039790944881294E-010
          66  4.353136692498281E-010
          67  5.739438721636950E-010
          68  8.404176632340521E-010
          69  1.580713429994161E-010
          70  4.689231088648557E-010
          71  1.618841696404864E-010
          72  2.027747480743046E-010
          73  2.125509879446052E-010
          74  4.165481542620600E-010
          75  9.460396123232572E-010
          76  2.653374677759798E-009
          77  5.498540078617946E-009
          78  1.040355609795610E-008
          79  7.896969413384892E-009
          80  3.127124860775437E-008
          81  1.282937389173943E-008
          82  1.115571475395245E-008
          83  4.741774364953680E-009
          84  5.135119365557524E-009
          85  3.435446958310020E-009
          86  3.701084558525237E-009
          87  2.414607321816818E-009
          88  5.899384228842571E-009
          89  2.740762940368510E-009
          90  5.185273756436723E-009
          91  3.432909372436420E-009
          92  2.840870835819424E-009
          93  2.355915787357685E-009
          94  5.455288920552142E-009
          95  2.877464357740024E-009
          96  3.634610222635479E-009
          97  1.604540906870348E-009
          98  1.472883630788985E-009
          99  1.616998770241835E-009
         100  1.430129857070126E-009
         101  1.053216265970197E-009
         102  1.766530671240037E-009
         103  1.650159564142134E-009
         104  1.592865136155847E-009
         105  1.650642972972216E-009
         106  2.069434293261694E-009
         107  1.590594801468747E-009
         108  5.365391823125196E-009
         109  2.441129314018320E-009
         110  6.987186873769440E-009
         111  5.046038947667474E-009
         112  6.817167902434831E-009
         113  3.488545995554194E-009
         114  2.806291554114119E-009
         115  1.486363627132166E-009
         116  1.552609962903153E-009
         117  1.384699842232224E-009
         118  1.504562136988577E-009
         119  5.620978292209487E-010
         120  7.974762332039610E-010
         121  6.554906357740782E-010
         122  8.251403477416976E-010
         123  7.196489668050257E-010
         124  1.688662833139881E-008
         125  7.179925862356689E-008
         126  5.882273838919527E-007
         127  3.035574271518821E-006
         128  2.543898602539298E-005
         129  1.291325852469832E-004
         130  3.312132734478260E-004
         131  1.091202044454265E-003
         132  1.056242935037519E-003
         133  3.349789480406784E-005
         134  8.439239114303441E-005
         135  8.735379226536695E-005
         136  2.190026909340832E-004
         137  1.169533139194862E-004
         138  8.579492994642038E-005
         139  1.456368168358201E-005
         140  3.418386237218098E-005
         141  2.480516191430084E-005
         142  9.854685158038382E-006
         143  1.771744014395091E-006
         144  7.733356770969625E-006
         145  3.770912342126751E-006
         146  1.563392598793518E-005
         147  1.662016166059582E-005
         148  2.010178381274958E-005
         149  1.231126025270629E-005
         150  4.692973593318118E-005
         151  2.126294422817432E-005
         152  3.307304209814828E-005
         153  1.772184532684934E-005
         154  2.672551764783711E-005
         155  1.031189144021257E-005
         156  2.166157249404205E-005
         157  2.309325825811942E-005
         158  5.300983432732464E-005
         159  2.026354268031051E-005
         160  3.234910502288381E-005
         161  2.099732839922705E-005
         162  7.937983963746078E-005
         163  3.368304843001195E-005
         164  1.270710768194618E-004
         165  8.610520901161286E-005
         166  9.187950252943794E-005
         167  3.183026904656249E-005
         168  1.473882344441945E-004
         169  6.768908147795235E-005
         170  4.421108348633601E-005
         171  1.925052403422901E-005
         172  2.748283707108374E-005
         173  1.777547176176448E-005
         174  4.397566016975768E-005
         175  2.552817567054868E-005
         176  1.656177515295927E-005
         177  7.225544117925043E-006
         178  1.596156899117153E-005
         179  9.911901306877052E-006
         180  2.010816665015726E-005
         181  8.393079774149276E-006
         182  1.548024737941902E-005
         183  7.302343037045802E-006
         184  1.223452577832329E-005
         185  3.725728363945353E-006
         186  1.346740595151070E-005
         187  3.909079835858272E-006
         188  1.266912774352667E-005
         189  1.088031681804547E-005
         190  2.314877456069741E-005
         191  2.657179630554013E-005
         192  9.532658015324260E-005
         193  1.252472077784464E-004
         194  3.123459667059685E-004
         195  2.236652986873550E-004
         196  4.353909042217614E-004
         197  2.296640226293446E-004
         198  1.675259442243373E-004
         199  1.355088718172317E-005
         200  2.403554098863868E-006
         201  8.922590162799467E-008
         202  1.055231923658001E-007
         203  2.501780605580372E-008
         204  7.911424390798177E-008
         205  6.845845258077485E-008
         206  2.187984978752654E-006
         207  1.409947258641155E-006
         208  2.355923501993297E-006
         209  1.539191318815580E-006
         226  6.436839844120889E-014
         227  5.000172962210911E-015
         230  3.033359690283984E-012
         231  7.506270617067268E-012
         232  5.822070999073593E-007
         234  9.876358613863918E-012
         235  1.612993937580418E-007
         236  1.572320682869187E-009
         238  1.797358765192661E-007
         240  3.047728864617958E-013
         244  3.720371926537152E-009
