           1  7.466571891284441E-005
           2  6.470609901488105E-012
           3  1.574717819390911E-008
           4  8.375675847865906E-005
           6  5.674563962362780E-015
           7  3.114017005274736E-012
           8  2.708281752318958E-013
           9  1.912633244112939E-009
          10  2.713051082138141E-014
          14  1.899468124278166E-015
          15  1.938940746823428E-012
          16  1.212239563653719E-009
          17  9.050264962678756E-011
          18  4.509982961480222E-010
          19  2.041721676829257E-010
          20  4.649084773397568E-009
          21  7.533993307458433E-010
          22  1.479340148920334E-009
          23  4.903921083526416E-009
          24  1.131371676520181E-008
          25  1.387942656121183E-008
          26  1.172343544886872E-008
          27  2.503810082181955E-009
          28  1.559248612140048E-009
          29  8.567614582690607E-010
          30  2.643321987636098E-009
          31  4.683704598847303E-010
          32  6.442340251778816E-010
          33  8.130294303500311E-010
          34  4.298222021766496E-009
          35  2.938482629294113E-010
          36  1.178646359257496E-009
          37  7.855777673499794E-010
          38  1.049307994145760E-009
          39  3.010194453125588E-010
          40  6.258462850865381E-010
          41  8.843541668849385E-010
          42  5.984491340474285E-009
          43  5.196461545029908E-010
          44  1.013899788787699E-009
          45  4.552191019212116E-009
          46  7.433706468068412E-009
          47  7.984237089605142E-009
          48  5.892171239415920E-009
          49  5.206293912281309E-010
          50  3.103184455312912E-009
          51  1.558449331893782E-009
          52  6.330479077922937E-009
          53  2.256486079122229E-010
          54  5.507280723107387E-010
          55  3.459739632463363E-010
          56  4.096440526306763E-010
          57  1.108352602150123E-010
          58  2.098672932985600E-010
          59  1.479583608734682E-010
          60  1.795067523573773E-010
          61  1.859783299495504E-010
          62  8.743222482453663E-010
          63  3.578048641191564E-010
          64  3.618206371258266E-010
          65  3.056373418344802E-010
          66  4.478801181385658E-010
          67  5.842831566572893E-010
          68  8.483215261616571E-010
          69  1.568387803914312E-010
          70  4.622361430753071E-010
          71  1.613686625369817E-010
          72  2.075043140391477E-010
          73  2.230968031199799E-010
          74  4.627125320652316E-010
          75  1.090319619886025E-009
          76  2.859029046317851E-009
          77  5.538465526947566E-009
          78  1.011548011748190E-008
          79  7.928072569482850E-009
          80  3.138264265837085E-008
          81  1.228214324823197E-008
          82  1.055824232804214E-008
          83  4.526224574429943E-009
          84  5.164620044073330E-009
          85  3.429593327312271E-009
          86  3.720807394187166E-009
          87  2.531474465612363E-009
          88  5.937813036403714E-009
          89  2.656377987888802E-009
          90  5.038016101259048E-009
          91  3.463532638694200E-009
          92  2.970911882835906E-009
          93  2.438994586621209E-009
          94  5.437674605744374E-009
          95  2.812558832156098E-009
          96  3.329445881137595E-009
          97  1.465704334917144E-009
          98  1.370045732182216E-009
          99  1.521220025165395E-009
         100  1.349381434137858E-009
         101  9.955488307341179E-010
         102  1.713798600374501E-009
         103  1.629384516284587E-009
         104  1.587887204062312E-009
         105  1.694234442648954E-009
         106  2.208087580693605E-009
         107  1.702021787254498E-009
         108  5.728116559653131E-009
         109  2.539034890032025E-009
         110  6.803829488331169E-009
         111  4.825700589038414E-009
         112  6.343176791374207E-009
         113  3.218869538722715E-009
         114  2.544802972268106E-009
         115  1.334878075188763E-009
         116  1.378448900419191E-009
         117  1.255757338185703E-009
         118  1.339790480969886E-009
         119  4.759767287572536E-010
         120  6.655717931845254E-010
         121  5.437702692838172E-010
         122  7.253499708900424E-010
         123  6.525188294948561E-010
         124  1.882376652147732E-008
         125  7.924350005261078E-008
         126  6.545360572024036E-007
         127  3.377795625414544E-006
         128  2.777660116200621E-005
         129  1.356897978409217E-004
         130  3.245790936235470E-004
         131  1.082550652156814E-003
         132  1.025886760094678E-003
         133  3.420600860342765E-005
         134  8.553178347632302E-005
         135  8.229187935737938E-005
         136  2.139611796813657E-004
         137  1.163958109948557E-004
         138  8.940000256633051E-005
         139  1.450178619702737E-005
         140  3.321158275993446E-005
         141  2.531734274515275E-005
         142  9.766556102775129E-006
         143  1.971649327924255E-006
         144  1.128194989845533E-005
         145  7.298663005334110E-006
         146  2.920435660450390E-005
         147  2.020151835427562E-005
         148  1.480878569205716E-005
         149  8.141954197842250E-006
         150  2.902921782463796E-005
         151  1.675301250658175E-005
         152  2.764056348664585E-005
         153  1.354149643562532E-005
         154  9.037053499120146E-005
         155  3.879134808778214E-005
         156  8.204825097258615E-005
         157  3.859177004697095E-005
         158  4.630632901432180E-005
         159  2.278340609905582E-005
         160  6.169799951378611E-005
         161  3.761045171726686E-005
         162  9.581053020738558E-005
         163  3.765070665226921E-005
         164  5.500906348663239E-005
         165  4.527018260930059E-005
         166  9.178093566993039E-005
         167  2.284551493460316E-005
         168  1.094536159092773E-004
         169  6.886897753824895E-005
         170  4.397831263052327E-005
         171  1.655275030935758E-005
         172  2.305176440599974E-005
         173  1.397287231279729E-005
         174  2.999803936305994E-005
         175  1.242839389332634E-005
         176  2.010607475043671E-005
         177  1.044214068379881E-005
         178  1.264393571666636E-005
         179  6.012434363705828E-006
         180  1.220470440180932E-005
         181  5.713201006552620E-006
         182  1.247001963414538E-005
         183  6.634905489248258E-006
         184  1.240442334969601E-005
         185  4.018415637327624E-006
         186  1.577122206291729E-005
         187  4.587459771573632E-006
         188  1.495336484847428E-005
         189  1.285781714773563E-005
         190  2.696900477052252E-005
         191  2.978111289366430E-005
         192  1.049623246982703E-004
         193  1.370828116822444E-004
         194  3.382487899856541E-004
         195  2.286939810710119E-004
         196  4.241200428949717E-004
         197  2.222378892812401E-004
         198  1.596287609758102E-004
         199  1.295799439261160E-005
         200  2.356196659226826E-006
         201  9.059752114153722E-008
         202  1.126491094069543E-007
         203  2.814649158724785E-008
         204  8.370270246680100E-008
         205  7.101173853709691E-008
         206  2.390183406067560E-006
         207  1.554893682633956E-006
         208  2.618906921754666E-006
         209  1.683485812183827E-006
         226  6.996440224589672E-014
         227  5.305887575928655E-015
         230  3.297071275143746E-012
         231  7.965210065662441E-012
         232  6.133691872308718E-007
         234  1.073498088376742E-011
         235  1.711613689793633E-007
         236  1.778020189639421E-009
         238  1.953615977302636E-007
         240  3.453470092562320E-013
         244  4.215661481788366E-009
