           1  7.406068816481113E-005
           2  6.470609901488105E-012
           3  1.574717819390911E-008
           4  8.105867477606712E-005
           6  5.674563962362780E-015
           7  3.114017005274736E-012
           8  2.708281752318958E-013
           9  1.912633244112939E-009
          10  2.713051082138141E-014
          14  2.247223307743915E-015
          15  2.243500947896982E-012
          16  1.287499656569942E-009
          17  9.481329880020104E-011
          18  4.424617103442188E-010
          19  1.891977232083168E-010
          20  4.747810624532627E-009
          21  7.816707559810248E-010
          22  1.609049868578846E-009
          23  4.960286428673397E-009
          24  1.147442664726335E-008
          25  1.389147470307406E-008
          26  1.186988782719136E-008
          27  2.596031704775857E-009
          28  1.614585865183661E-009
          29  8.315403110207787E-010
          30  2.706280623777062E-009
          31  4.836960184899746E-010
          32  6.012314470198829E-010
          33  8.307190199126101E-010
          34  4.345467072642945E-009
          35  2.922630944785182E-010
          36  1.140945342874885E-009
          37  7.965680905145819E-010
          38  1.073484898812885E-009
          39  3.170770748137720E-010
          40  6.305053547571504E-010
          41  8.761058380510700E-010
          42  6.308369056938486E-009
          43  5.590945272864961E-010
          44  9.931461044252010E-010
          45  4.404059643380878E-009
          46  7.361169338571915E-009
          47  7.971305991028216E-009
          48  5.914881431295653E-009
          49  5.299434154183644E-010
          50  3.133237979743348E-009
          51  1.568171956151520E-009
          52  6.303251946968905E-009
          53  2.215259391446660E-010
          54  5.358830333718754E-010
          55  3.692994704594885E-010
          56  4.288362942809551E-010
          57  1.173075180735984E-010
          58  2.184787892509250E-010
          59  1.529354648622320E-010
          60  1.764118615664776E-010
          61  1.792413301205435E-010
          62  8.699497553889066E-010
          63  3.583424281855417E-010
          64  3.623724801233096E-010
          65  3.030298955488123E-010
          66  4.416988864227541E-010
          67  5.738252175489189E-010
          68  8.703997687695253E-010
          69  1.633891822336209E-010
          70  4.895620916004365E-010
          71  1.690378560292196E-010
          72  2.108194068709134E-010
          73  2.128323369291578E-010
          74  4.430218372560052E-010
          75  1.056723649518599E-009
          76  2.811929961511507E-009
          77  5.415568227206909E-009
          78  1.008940396812360E-008
          79  8.003173822354357E-009
          80  3.283964762047940E-008
          81  1.219523579780911E-008
          82  1.082408411647142E-008
          83  4.770891523840882E-009
          84  5.206742001934681E-009
          85  3.513986610200541E-009
          86  3.834267396300815E-009
          87  2.585902315296993E-009
          88  6.212533025254287E-009
          89  2.777217164383835E-009
          90  5.269371586572337E-009
          91  3.670469161970092E-009
          92  2.992764031585541E-009
          93  2.464549240983330E-009
          94  5.835792244186636E-009
          95  3.042108025901351E-009
          96  3.389407078100061E-009
          97  1.500303159889845E-009
          98  1.397601719830808E-009
          99  1.543741983914279E-009
         100  1.390189671878061E-009
         101  1.026135203901096E-009
         102  1.804217686227202E-009
         103  1.739752138283166E-009
         104  1.721446106821827E-009
         105  1.810341789293036E-009
         106  2.335303825687708E-009
         107  1.779168174078415E-009
         108  5.885395934318041E-009
         109  2.597682719015728E-009
         110  7.004831138890673E-009
         111  5.010878106035591E-009
         112  6.718293002435420E-009
         113  3.459375388997187E-009
         114  2.785240766316600E-009
         115  1.457364906635286E-009
         116  1.506944875915174E-009
         117  1.324745040701585E-009
         118  1.406908440288706E-009
         119  5.120811929361485E-010
         120  7.054969009985432E-010
         121  5.754240318189212E-010
         122  7.328861698969757E-010
         123  6.737493807645497E-010
         124  1.766753749917904E-008
         125  8.059549819687300E-008
         126  6.637596447175860E-007
         127  3.372788904580400E-006
         128  2.759374533765860E-005
         129  1.364601976007976E-004
         130  3.314176857406493E-004
         131  1.119345474149204E-003
         132  1.051310013789401E-003
         133  3.344955227910538E-005
         134  8.382943745106764E-005
         135  8.766521662334411E-005
         136  2.269275907960373E-004
         137  1.218988904243043E-004
         138  8.429250040165062E-005
         139  1.348250254860596E-005
         140  2.987723662167779E-005
         141  2.184840320907465E-005
         142  8.443293265864123E-006
         143  1.729372269547735E-006
         144  1.001446039528718E-005
         145  6.620442355414568E-006
         146  2.857012181508127E-005
         147  2.549264958314737E-005
         148  2.521007322523092E-005
         149  1.397945542119222E-005
         150  2.096556038410250E-005
         151  2.056445230087758E-005
         152  3.658176517674351E-005
         153  1.897545700758341E-005
         154  1.815049515703411E-005
         155  6.986013810466531E-006
         156  1.354725187687130E-005
         157  9.198438261847058E-006
         158  2.506677296123460E-005
         159  1.572405728755155E-005
         160  7.918916100802719E-005
         161  3.509221116169336E-005
         162  1.098441051603878E-004
         163  4.370898383064465E-005
         164  8.725624691756832E-005
         165  7.335649121768301E-005
         166  8.970317329626015E-005
         167  3.072214146870977E-005
         168  5.793363775069412E-005
         169  3.516983464637855E-005
         170  2.853826128196555E-005
         171  1.357989073524006E-005
         172  3.430876425839752E-005
         173  2.812434142070916E-005
         174  7.949439773066596E-005
         175  4.031489793479900E-005
         176  2.349402878012405E-005
         177  7.672158627605163E-006
         178  1.344643322081294E-005
         179  8.049736600114451E-006
         180  1.682540405897622E-005
         181  7.492514485120710E-006
         182  1.543073969549284E-005
         183  7.959513954286784E-006
         184  1.441666946048280E-005
         185  4.514112216019587E-006
         186  1.673961617310847E-005
         187  4.831461734165706E-006
         188  1.551241475700359E-005
         189  1.306138079364138E-005
         190  2.759054299682546E-005
         191  2.962205351272736E-005
         192  1.033516131944354E-004
         193  1.341732427065624E-004
         194  3.342382415825014E-004
         195  2.288041445158146E-004
         196  4.275722634990704E-004
         197  2.265431064043535E-004
         198  1.653602150674692E-004
         199  1.366315914485620E-005
         200  2.414015415021118E-006
         201  8.438589512761834E-008
         202  1.002547282290128E-007
         203  2.528448935227959E-008
         204  8.566956620221329E-008
         205  7.557335809127738E-008
         206  2.214942797660039E-006
         207  1.483595159795272E-006
         208  2.461432696127626E-006
         209  1.540435214265350E-006
         226  5.853406560998471E-014
         227  4.486580630773822E-015
         230  2.758416854070652E-012
         231  6.735264682722015E-012
         232  5.248664168817150E-007
         234  8.981168354214392E-012
         235  1.447315405406299E-007
         236  1.449684014547859E-009
         238  1.634446691765357E-007
         240  2.812049246472784E-013
         244  3.432677097386328E-009
