           1  7.387961718477500E-005
           2  6.470609901488105E-012
           3  1.574717819390911E-008
           4  8.060187082327929E-005
           6  5.674563962362780E-015
           7  3.114017005274736E-012
           8  2.708281752318958E-013
           9  1.912633244112939E-009
          10  2.713051082138141E-014
          14  2.376783556682757E-015
          15  2.346819481314719E-012
          16  1.235838451638697E-009
          17  9.210936685293028E-011
          18  4.686481554451785E-010
          19  2.229430884943055E-010
          20  4.548942985812137E-009
          21  7.527839244802319E-010
          22  1.645368858189618E-009
          23  4.809347162022777E-009
          24  1.118775455666230E-008
          25  1.359753990086142E-008
          26  1.245422783388931E-008
          27  2.763976781063470E-009
          28  1.645428007992224E-009
          29  8.707578502821094E-010
          30  2.765527071418808E-009
          31  5.034817163982351E-010
          32  6.570725375717155E-010
          33  7.433969114270858E-010
          34  4.364768063053038E-009
          35  3.087500874097073E-010
          36  1.225987241106066E-009
          37  8.314378782742742E-010
          38  1.103272516345301E-009
          39  3.093818374600328E-010
          40  6.281904828341894E-010
          41  8.819533949622113E-010
          42  5.901277820279076E-009
          43  5.304091416039363E-010
          44  9.454504659051062E-010
          45  4.193350980406431E-009
          46  7.403595412393752E-009
          47  8.300363385963058E-009
          48  6.242620685077718E-009
          49  5.184452085244620E-010
          50  3.138732873822760E-009
          51  1.587916145629625E-009
          52  6.425716547354984E-009
          53  2.155041173945649E-010
          54  5.004242927871702E-010
          55  3.286438405056587E-010
          56  3.875362167429565E-010
          57  1.066188784308729E-010
          58  2.005843815484133E-010
          59  1.407184286879587E-010
          60  1.650996118708238E-010
          61  1.648293821448030E-010
          62  8.034380417734973E-010
          63  3.375628560250112E-010
          64  3.556855021232005E-010
          65  3.008290160784147E-010
          66  4.419739565283713E-010
          67  5.770705064813678E-010
          68  8.602982138950524E-010
          69  1.603935475856590E-010
          70  4.690296050982621E-010
          71  1.621974099072702E-010
          72  2.038542434078212E-010
          73  2.078290025406966E-010
          74  4.176765306537708E-010
          75  9.547978067151068E-010
          76  2.660177249396338E-009
          77  5.415163057099304E-009
          78  1.034474175414464E-008
          79  7.941518962789914E-009
          80  3.168757642367599E-008
          81  1.278788510543607E-008
          82  1.139399909427714E-008
          83  4.951282478885923E-009
          84  5.300024092206335E-009
          85  3.500111530170004E-009
          86  3.783576129574055E-009
          87  2.485145643949664E-009
          88  6.028368580182086E-009
          89  2.790472439339045E-009
          90  5.262186880399596E-009
          91  3.536514491683024E-009
          92  2.959787277203216E-009
          93  2.459382661172052E-009
          94  5.689407542548236E-009
          95  3.040679467122095E-009
          96  3.657378351643719E-009
          97  1.633794296751899E-009
          98  1.509072889118308E-009
          99  1.656360100032617E-009
         100  1.496127176281066E-009
         101  1.088983196936155E-009
         102  1.818218518488235E-009
         103  1.703330070087092E-009
         104  1.662907768422038E-009
         105  1.713489090400745E-009
         106  2.173149357559515E-009
         107  1.660158131505697E-009
         108  5.562162480521122E-009
         109  2.497434965338821E-009
         110  7.045691790762735E-009
         111  5.123930496194041E-009
         112  6.996890666204845E-009
         113  3.637638868055389E-009
         114  2.969309884585530E-009
         115  1.565529288735459E-009
         116  1.640067056860281E-009
         117  1.452844337779891E-009
         118  1.556825479615852E-009
         119  5.713899998680212E-010
         120  7.920926916670811E-010
         121  6.503352000896632E-010
         122  8.093890180365196E-010
         123  7.165896935307294E-010
         124  1.594778073819389E-008
         125  7.093689176938477E-008
         126  5.861684089366263E-007
         127  2.999292502688118E-006
         128  2.503653473957206E-005
         129  1.283405540531358E-004
         130  3.313997011617616E-004
         131  1.109663416889945E-003
         132  1.079748768688199E-003
         133  3.483298773785699E-005
         134  8.766063482778333E-005
         135  8.970469908803168E-005
         136  2.327369322488934E-004
         137  1.247318628946869E-004
         138  8.518078218231410E-005
         139  1.418159661291607E-005
         140  3.299972572313472E-005
         141  2.481712129161086E-005
         142  9.792238152800344E-006
         143  1.628902525617939E-006
         144  6.001287049914475E-006
         145  2.474145634426729E-006
         146  9.175322448888855E-006
         147  9.967204260646427E-006
         148  3.371849423184399E-005
         149  2.586345733469476E-005
         150  3.960882626705740E-005
         151  1.453755103552232E-005
         152  1.668284923699736E-005
         153  7.411958275116183E-006
         154  2.654398238831549E-005
         155  1.255764147217177E-005
         156  2.074454564401314E-005
         157  1.407251976752691E-005
         158  2.946466220507837E-005
         159  1.314671228583668E-005
         160  3.112305306339896E-005
         161  2.163421166023457E-005
         162  1.052458830310815E-004
         163  6.014647054139095E-005
         164  8.907704817018435E-005
         165  4.382272691193825E-005
         166  1.301656882258935E-004
         167  3.252128483829177E-005
         168  1.352005688761280E-004
         169  6.179660313857136E-005
         170  3.352113624505026E-005
         171  1.016350321036848E-005
         172  1.598728330981000E-005
         173  1.001790215615347E-005
         174  2.084400137266617E-005
         175  1.921174611425819E-005
         176  3.778601705177260E-005
         177  1.651955185454038E-005
         178  1.549954030412911E-005
         179  6.703154374577911E-006
         180  1.297489432335095E-005
         181  6.044131244956835E-006
         182  1.281916753742277E-005
         183  6.528412080249611E-006
         184  1.170511996701350E-005
         185  3.669007234506320E-006
         186  1.353939357202149E-005
         187  3.915622705348052E-006
         188  1.248200014767977E-005
         189  1.051756789516265E-005
         190  2.286770275785905E-005
         191  2.594091713374636E-005
         192  9.373931881466585E-005
         193  1.246391641454214E-004
         194  3.189307517695956E-004
         195  2.318168407891578E-004
         196  4.548912883985970E-004
         197  2.451346619284943E-004
         198  1.834835309733679E-004
         199  1.523730504557965E-005
         200  2.663041229012980E-006
         201  9.133280141864723E-008
         202  1.034416142691476E-007
         203  2.472370063926576E-008
         204  8.371418645829955E-008
         205  7.350502452142557E-008
         206  2.182194923764852E-006
         207  1.426029550361273E-006
         208  2.373134473735847E-006
         209  1.527552659467590E-006
         226  5.895053173679475E-014
         227  4.584440041643843E-015
         230  2.778042813268442E-012
         231  6.882171444941765E-012
         232  5.435512700928674E-007
         234  9.045068791672993E-012
         235  1.478883640677653E-007
         236  1.393200551166560E-009
         238  1.646075675265879E-007
         240  2.696345742315230E-013
         244  3.291437476740578E-009
