           1  7.444016149086514E-005
           2  6.470609901488105E-012
           3  1.574717819390911E-008
           4  8.195357664931956E-005
           6  5.674563962362780E-015
           7  3.114017005274736E-012
           8  2.708281752318958E-013
           9  1.912633244112939E-009
          10  2.713051082138141E-014
          14  2.132716370070575E-015
          15  2.047282738381038E-012
          16  1.269288764084982E-009
          17  9.365592345325254E-011
          18  4.384761532570110E-010
          19  1.860276928508490E-010
          20  4.696747582175493E-009
          21  7.703057607052292E-010
          22  1.645303030082042E-009
          23  4.915368362202880E-009
          24  1.138274850425560E-008
          25  1.380719601507731E-008
          26  1.197126735795737E-008
          27  2.547568982995475E-009
          28  1.578715859552375E-009
          29  8.275591297085483E-010
          30  2.726503976767431E-009
          31  4.630166323281675E-010
          32  5.752270359302787E-010
          33  8.298056794913815E-010
          34  4.285423049217196E-009
          35  2.858781094899270E-010
          36  1.155761410545691E-009
          37  7.862366821041159E-010
          38  1.065749949042221E-009
          39  3.123961700348670E-010
          40  6.217859791141965E-010
          41  8.762519222962197E-010
          42  6.308496255015552E-009
          43  5.259135745024516E-010
          44  9.889366647058643E-010
          45  4.383722985640970E-009
          46  7.313499885914264E-009
          47  7.957913063454058E-009
          48  5.899053925778699E-009
          49  5.299929935482138E-010
          50  3.170121223455290E-009
          51  1.570086271055476E-009
          52  6.271206537221359E-009
          53  2.154556937695645E-010
          54  5.373376972835711E-010
          55  3.707621832871017E-010
          56  4.347543251158539E-010
          57  1.124428003264737E-010
          58  2.263820888691570E-010
          59  1.554166241495719E-010
          60  1.720649751042528E-010
          61  1.806350000350102E-010
          62  8.674142178230519E-010
          63  3.507794667299545E-010
          64  3.683952889800228E-010
          65  3.128676176806911E-010
          66  4.314812892119577E-010
          67  5.764958796659034E-010
          68  8.540580451374130E-010
          69  1.616683865936621E-010
          70  4.972722631624458E-010
          71  1.706047904810044E-010
          72  2.065772099790877E-010
          73  2.167994295136613E-010
          74  4.431044199110013E-010
          75  1.062687515347138E-009
          76  2.833559555953506E-009
          77  5.515189881122156E-009
          78  1.008180649903939E-008
          79  7.955555233239706E-009
          80  3.285023750585769E-008
          81  1.187457887536063E-008
          82  1.070340204844691E-008
          83  4.722603637488728E-009
          84  5.118052879694394E-009
          85  3.511001306961276E-009
          86  3.800124329733168E-009
          87  2.470083711835302E-009
          88  6.103619153351597E-009
          89  2.736258099879194E-009
          90  5.236948032863847E-009
          91  3.522815729405368E-009
          92  2.862460975802066E-009
          93  2.406975349036224E-009
          94  5.861202063729378E-009
          95  2.946136504780900E-009
          96  3.456783453564829E-009
          97  1.480460427128400E-009
          98  1.346169145609903E-009
          99  1.503390228230750E-009
         100  1.313071421763161E-009
         101  9.933606781535324E-010
         102  1.798586219165358E-009
         103  1.711721830654316E-009
         104  1.666152331466501E-009
         105  1.780266388177755E-009
         106  2.259572065859867E-009
         107  1.746312697164322E-009
         108  5.838345590791009E-009
         109  2.582866503514709E-009
         110  7.024107272323343E-009
         111  4.989718458891039E-009
         112  6.557004604532102E-009
         113  3.267334494687202E-009
         114  2.549306384443056E-009
         115  1.334089617972239E-009
         116  1.386395266155368E-009
         117  1.260038777488661E-009
         118  1.361441772206776E-009
         119  4.954526594507855E-010
         120  7.044355230575990E-010
         121  5.743196794143336E-010
         122  7.368689288629447E-010
         123  6.785624597536581E-010
         124  1.946691979802341E-008
         125  8.733819475764634E-008
         126  6.993869607497050E-007
         127  3.554323251336869E-006
         128  2.886304980523125E-005
         129  1.393403128750794E-004
         130  3.310802185258884E-004
         131  1.108849821479499E-003
         132  1.028096056878992E-003
         133  3.294137409739780E-005
         134  8.283951937804215E-005
         135  8.427193553062133E-005
         136  2.197487645459756E-004
         137  1.185462863093790E-004
         138  8.369573850650555E-005
         139  1.437116307115873E-005
         140  3.323697837406595E-005
         141  2.527636936504175E-005
         142  9.599993030942461E-006
         143  1.799758102853166E-006
         144  9.286168056384557E-006
         145  5.688419288991269E-006
         146  2.330127449508665E-005
         147  1.897397654374061E-005
         148  1.611780072732379E-005
         149  9.798215660860591E-006
         150  2.362853547434421E-005
         151  1.539776508745928E-005
         152  4.057240505240778E-005
         153  1.624459985734712E-005
         154  2.352415915663341E-005
         155  1.158790122168890E-005
         156  5.706015125272790E-005
         157  2.413197672130263E-005
         158  3.238729483078612E-005
         159  1.517964437442958E-005
         160  3.902992522641655E-005
         161  2.553575150690432E-005
         162  6.784066322853984E-005
         163  4.776102909324979E-005
         164  1.323440436388898E-004
         165  7.138740905372958E-005
         166  8.491130879919459E-005
         167  3.053066749681896E-005
         168  1.227846780146223E-004
         169  5.514970761486568E-005
         170  4.444011669723496E-005
         171  2.799213893439065E-005
         172  7.227700395244457E-005
         173  2.955903008580498E-005
         174  4.255354824888409E-005
         175  1.987652204889131E-005
         176  1.550748334971138E-005
         177  7.085008042639293E-006
         178  1.130806025472601E-005
         179  6.557024683941257E-006
         180  1.428239284452313E-005
         181  6.681721860420976E-006
         182  1.415688977747327E-005
         183  7.307212406725736E-006
         184  1.310986721387872E-005
         185  4.176157731269018E-006
         186  1.598604895259470E-005
         187  4.670717207522436E-006
         188  1.555616818590300E-005
         189  1.365398657810754E-005
         190  2.810652956161952E-005
         191  3.119291535147181E-005
         192  1.087736336818189E-004
         193  1.381496975431036E-004
         194  3.310694943778251E-004
         195  2.232567475721452E-004
         196  4.167372427451565E-004
         197  2.130328125712004E-004
         198  1.502056983951134E-004
         199  1.191187196078674E-005
         200  2.095931691386116E-006
         201  7.729037570258626E-008
         202  9.679486011106003E-008
         203  2.491354199540958E-008
         204  8.148536183690928E-008
         205  7.153658074075245E-008
         206  2.253233020230729E-006
         207  1.500081191077718E-006
         208  2.494965880448653E-006
         209  1.565632205602562E-006
         226  6.318363146801398E-014
         227  4.872175976853659E-015
         230  2.977527566665876E-012
         231  7.314121261930660E-012
         232  5.533032721263938E-007
         234  9.694574014829309E-012
         235  1.571703693628831E-007
         236  1.629501843392068E-009
         238  1.764276517450743E-007
         240  3.166053386962357E-013
         244  3.864811032082784E-009
