           1  7.429401389767925E-005
           2  6.470609901488105E-012
           3  1.574717819390911E-008
           4  8.182014047901231E-005
           6  5.674563962362780E-015
           7  3.114017005274736E-012
           8  2.708281752318958E-013
           9  1.912633244112939E-009
          10  2.713051082138141E-014
          14  2.036101235148838E-015
          15  2.082525292185870E-012
          16  1.277183010385800E-009
          17  9.425854699963144E-011
          18  4.348731545292859E-010
          19  1.794279105929029E-010
          20  4.718811360038476E-009
          21  7.852932912930799E-010
          22  1.603506603212926E-009
          23  4.937281229776736E-009
          24  1.143469373092521E-008
          25  1.377108876475118E-008
          26  1.163394362153811E-008
          27  2.599785051750555E-009
          28  1.633872180896817E-009
          29  8.113545248948586E-010
          30  2.677023553052832E-009
          31  4.858430056195936E-010
          32  5.931038601550575E-010
          33  8.327414954988928E-010
          34  4.388555763005029E-009
          35  2.866312026985954E-010
          36  1.091870949280724E-009
          37  7.701607639665136E-010
          38  1.037129492275894E-009
          39  3.144500604448002E-010
          40  6.339553708140275E-010
          41  8.782969530450846E-010
          42  6.437150697701745E-009
          43  5.687382434971248E-010
          44  9.742733258725535E-010
          45  4.338679934045333E-009
          46  7.269240422711874E-009
          47  7.936106454819163E-009
          48  5.930124925730649E-009
          49  5.195783415519588E-010
          50  3.123679825590140E-009
          51  1.575017366396345E-009
          52  6.306660995962823E-009
          53  2.181980183664691E-010
          54  5.288909747368416E-010
          55  3.785894982656466E-010
          56  4.338899611424486E-010
          57  1.196217001675001E-010
          58  2.174567149132028E-010
          59  1.539479457217740E-010
          60  1.765898639652579E-010
          61  1.767979075928017E-010
          62  8.754209938031834E-010
          63  3.633898989201885E-010
          64  3.617410410840085E-010
          65  3.045851280893497E-010
          66  4.462074958352136E-010
          67  5.768938323470796E-010
          68  8.978226178045696E-010
          69  1.691276529427123E-010
          70  5.079320928853711E-010
          71  1.751570868817480E-010
          72  2.170440323758371E-010
          73  2.098175734665829E-010
          74  4.434736728042273E-010
          75  1.064203319629881E-009
          76  2.843846833332198E-009
          77  5.381530447134037E-009
          78  1.003711500971112E-008
          79  7.921291188072425E-009
          80  3.293366945107497E-008
          81  1.170124202364916E-008
          82  1.045401799599068E-008
          83  4.628891180958666E-009
          84  5.139034618201227E-009
          85  3.467877763316989E-009
          86  3.772003173563758E-009
          87  2.517277363751061E-009
          88  6.082858075547254E-009
          89  2.770925482054103E-009
          90  5.268358279137565E-009
          91  3.582416506210612E-009
          92  2.897846815923105E-009
          93  2.402285717777588E-009
          94  5.828859412352553E-009
          95  2.955283112642290E-009
          96  3.195062412412147E-009
          97  1.417781752352039E-009
          98  1.355304115629925E-009
          99  1.501461991251445E-009
         100  1.341856280578428E-009
         101  1.003930018374420E-009
         102  1.743837895421025E-009
         103  1.706093178025660E-009
         104  1.676828795206174E-009
         105  1.765985768070357E-009
         106  2.284450120030464E-009
         107  1.727520419814508E-009
         108  5.632051237058353E-009
         109  2.524833226466464E-009
         110  6.906611427882926E-009
         111  4.833242414438886E-009
         112  6.455459139364902E-009
         113  3.320096646891880E-009
         114  2.682038020772242E-009
         115  1.418339575933393E-009
         116  1.466584911186714E-009
         117  1.259801511711392E-009
         118  1.328078764882522E-009
         119  4.975166618014855E-010
         120  6.827802514231797E-010
         121  5.489911184857597E-010
         122  7.163751003825520E-010
         123  6.445395903985445E-010
         124  1.760092011423340E-008
         125  7.504034251762535E-008
         126  6.274827526345480E-007
         127  3.218001747137714E-006
         128  2.666468938868494E-005
         129  1.324795362089977E-004
         130  3.255496158913493E-004
         131  1.107687771700088E-003
         132  1.034486814274656E-003
         133  3.327435282974641E-005
         134  8.366788618119244E-005
         135  8.379108254610958E-005
         136  2.191681552959025E-004
         137  1.193636130288696E-004
         138  8.919142099098457E-005
         139  1.429185563173995E-005
         140  3.326183984543408E-005
         141  2.582348663820735E-005
         142  1.022282428071224E-005
         143  1.609367243033344E-006
         144  5.217394656861415E-006
         145  1.831463449669074E-006
         146  5.534908402253314E-006
         147  4.181898608686263E-006
         148  1.006809227699196E-005
         149  7.750555346320114E-006
         150  1.047123407213006E-005
         151  6.704601146361210E-006
         152  1.646840304696638E-005
         153  8.470884061652032E-006
         154  3.790621450857483E-005
         155  2.034673251970430E-005
         156  3.238907861056931E-005
         157  2.490991290308980E-005
         158  3.476638160542959E-005
         159  1.476922854996378E-005
         160  3.723842399496019E-005
         161  2.187448129826528E-005
         162  6.735159918807970E-005
         163  1.445411010880886E-004
         164  2.205087509459242E-004
         165  9.623051019709351E-005
         166  1.026245702729847E-004
         167  2.850163205299313E-005
         168  9.737927157712005E-005
         169  5.036237004053047E-005
         170  2.526910634521138E-005
         171  1.097573152631654E-005
         172  7.023376690086851E-005
         173  4.145585603751291E-005
         174  4.559821808651824E-005
         175  1.839321953847560E-005
         176  1.070570557046166E-005
         177  4.573922514720428E-006
         178  1.402092423728205E-005
         179  5.100663182114954E-006
         180  8.579840751411396E-006
         181  4.559826984027160E-006
         182  1.134686153119163E-005
         183  6.350034857021106E-006
         184  1.197736882359338E-005
         185  3.785594778147552E-006
         186  1.452299838343506E-005
         187  4.198959091300358E-006
         188  1.343297409646037E-005
         189  1.151054271392339E-005
         190  2.416407915486004E-005
         191  2.736527570233454E-005
         192  9.553118903036450E-005
         193  1.252992604780353E-004
         194  3.130137189694077E-004
         195  2.168567859016856E-004
         196  4.146255261922958E-004
         197  2.219808554172233E-004
         198  1.640207792349420E-004
         199  1.335864420164913E-005
         200  2.431674450790750E-006
         201  8.712381567551580E-008
         202  1.076134446913958E-007
         203  2.764567768738338E-008
         204  8.710995269283343E-008
         205  7.528880429581397E-008
         206  2.293314233514509E-006
         207  1.540432958325639E-006
         208  2.575395771313425E-006
         209  1.606585542632174E-006
         226  6.301461379177189E-014
         227  4.752644038033627E-015
         230  2.969562611525249E-012
         231  7.134679653220956E-012
         232  5.485086242262149E-007
         234  9.668640805007822E-012
         235  1.533144168964169E-007
         236  1.572331603160657E-009
         238  1.759557036941314E-007
         240  3.051616310214681E-013
         244  3.725117343241339E-009
