           1  7.397152215652895E-005
           2  6.470609901488105E-012
           3  1.574717819390911E-008
           4  8.334111840662168E-005
           6  5.674563962362780E-015
           7  3.114017005274736E-012
           8  2.708281752318958E-013
           9  1.912633244112939E-009
          10  2.713051082138141E-014
          14  2.405605341888257E-015
          15  2.310657996987879E-012
          16  1.267612279493807E-009
          17  9.365923086977227E-011
          18  4.424500524849095E-010
          19  1.897147931344819E-010
          20  4.891967985770726E-009
          21  7.874130399708186E-010
          22  1.288022824351948E-009
          23  5.127040055241979E-009
          24  1.169914250275799E-008
          25  1.430217110150574E-008
          26  1.166750279481944E-008
          27  2.473713453941559E-009
          28  1.527234188989489E-009
          29  7.830857108338204E-010
          30  2.450267860525473E-009
          31  4.350374657290687E-010
          32  6.569524385797120E-010
          33  9.012083080597697E-010
          34  4.338559298723952E-009
          35  2.793394861642245E-010
          36  1.083083126038297E-009
          37  9.096166654455126E-010
          38  1.264491618382024E-009
          39  3.473386307547326E-010
          40  6.186835946976238E-010
          41  8.278752600927305E-010
          42  5.942679335221172E-009
          43  5.147010780514440E-010
          44  1.052677015680661E-009
          45  4.836725286102854E-009
          46  7.601443435274653E-009
          47  7.796089833837801E-009
          48  5.602825547104732E-009
          49  5.824371881985838E-010
          50  3.069441111334272E-009
          51  1.475648309855155E-009
          52  6.351948998222290E-009
          53  2.589586499559411E-010
          54  6.645728710148743E-010
          55  4.053738154446385E-010
          56  4.137291889052243E-010
          57  1.108995336421093E-010
          58  1.994307949169192E-010
          59  1.418850907158874E-010
          60  1.850851511853097E-010
          61  2.051921951786617E-010
          62  9.283401647136092E-010
          63  3.680468651357389E-010
          64  3.435327339253278E-010
          65  2.811209904831316E-010
          66  4.250767469711744E-010
          67  5.780076088945339E-010
          68  8.593517633455010E-010
          69  1.571371899011205E-010
          70  4.546336677208909E-010
          71  1.572090137980627E-010
          72  1.992658492380765E-010
          73  2.100115376682895E-010
          74  4.691106907840346E-010
          75  1.175370052766986E-009
          76  2.958758371463990E-009
          77  5.516951705271468E-009
          78  9.876578473029491E-009
          79  8.025655482158114E-009
          80  3.206000632673684E-008
          81  1.297906963311998E-008
          82  1.081253971886808E-008
          83  4.569870400260187E-009
          84  5.008132758198264E-009
          85  3.342548792509499E-009
          86  3.721296196058617E-009
          87  2.882625354993152E-009
          88  6.599288955820436E-009
          89  2.819838508177201E-009
          90  5.323759806838709E-009
          91  3.744410317333539E-009
          92  3.109419938792279E-009
          93  2.569582610625019E-009
          94  6.046329519790462E-009
          95  3.118397910273995E-009
          96  3.330301406649351E-009
          97  1.461256695029117E-009
          98  1.378350759779260E-009
          99  1.543225439235006E-009
         100  1.403141243346634E-009
         101  1.044305176989513E-009
         102  1.845901052302024E-009
         103  1.763578636535535E-009
         104  1.725962128519163E-009
         105  1.833997249197766E-009
         106  2.478678423008673E-009
         107  1.929563951188452E-009
         108  6.484221878050267E-009
         109  2.794683579826825E-009
         110  7.242347247962408E-009
         111  5.179543992405805E-009
         112  6.777536500319868E-009
         113  3.446215658012716E-009
         114  2.720579803511449E-009
         115  1.402650624602989E-009
         116  1.442779538912635E-009
         117  1.326284469599973E-009
         118  1.394583728514216E-009
         119  4.746314112726990E-010
         120  6.493408367203729E-010
         121  5.299787294137767E-010
         122  7.004416671218044E-010
         123  6.656490234716025E-010
         124  1.944899486071132E-008
         125  9.051292698999878E-008
         126  7.418932304054418E-007
         127  3.720588246361858E-006
         128  2.971402263281609E-005
         129  1.433515618096596E-004
         130  3.306411745544732E-004
         131  1.094377776023898E-003
         132  1.061947109187022E-003
         133  3.411160833629686E-005
         134  8.675275918262005E-005
         135  1.001840045311701E-004
         136  2.349404384723343E-004
         137  1.226313986541845E-004
         138  8.481104649380056E-005
         139  1.525469666582561E-005
         140  3.439676509254899E-005
         141  2.561636402744534E-005
         142  1.008883469000301E-005
         143  1.570460894597864E-006
         144  4.827817190521405E-006
         145  1.896384133977944E-006
         146  7.421881299259037E-006
         147  9.144629628999785E-006
         148  1.093272232292464E-005
         149  8.178097799220333E-006
         150  3.147162508994265E-005
         151  1.875349418945033E-005
         152  2.817709983513966E-005
         153  1.044115585595218E-005
         154  2.029077664944932E-005
         155  9.890701572145432E-006
         156  2.246636010428708E-005
         157  1.292956093015706E-005
         158  2.837196344293104E-005
         159  1.587403669253281E-005
         160  4.930056344478207E-005
         161  3.681836934849797E-005
         162  1.340134504028565E-004
         163  7.845860339278500E-005
         164  1.322240749139603E-004
         165  6.721584264736317E-005
         166  9.731118081853494E-005
         167  2.369895353870555E-005
         168  8.557336325398732E-005
         169  5.793056641464122E-005
         170  3.378677719542694E-005
         171  9.212592517658164E-006
         172  1.550887020105023E-005
         173  1.077937571715853E-005
         174  3.034142505999770E-005
         175  2.016368163180896E-005
         176  1.241678206001439E-005
         177  5.598670300760306E-006
         178  1.990326152820159E-005
         179  6.824556075351003E-006
         180  9.927123074965748E-006
         181  4.840179763624801E-006
         182  1.125048850862336E-005
         183  6.317867559189442E-006
         184  1.252863715912385E-005
         185  4.164175772337732E-006
         186  1.648500989480176E-005
         187  4.771962797474245E-006
         188  1.577656792452415E-005
         189  1.372357429584120E-005
         190  2.949192314711419E-005
         191  3.129696891588759E-005
         192  1.101817572331382E-004
         193  1.438754393877689E-004
         194  3.576711623912359E-004
         195  2.350984924841386E-004
         196  4.214157579458340E-004
         197  2.211432551986494E-004
         198  1.592441712859824E-004
         199  1.330665976352838E-005
         200  2.360788145498518E-006
         201  8.750242119966686E-008
         202  1.027090440672259E-007
         203  2.465814530813970E-008
         204  7.635004298417553E-008
         205  6.694763228737496E-008
         206  2.346812848031740E-006
         207  1.528842428591924E-006
         208  2.612289934606090E-006
         209  1.650173446835457E-006
         226  6.478059243918017E-014
         227  4.930281807321458E-015
         230  3.052784325482342E-012
         231  7.401349862064498E-012
         232  5.793568374944560E-007
         234  9.939603557672251E-012
         235  1.590447915676940E-007
         236  1.619201680609299E-009
         238  1.808868458041245E-007
         240  3.143884329451557E-013
         244  3.837749195920627E-009
