           1  7.457244405486863E-005
           2  6.470609901488105E-012
           3  1.574717819390911E-008
           4  8.223715161414858E-005
           6  5.674563962362780E-015
           7  3.114017005274736E-012
           8  2.708281752318958E-013
           9  1.912633244112939E-009
          10  2.713051082138141E-014
          14  1.998046137180990E-015
          15  1.952467457426530E-012
          16  1.224166648938509E-009
          17  9.127180789432531E-011
          18  4.628287870827104E-010
          19  2.184704348532236E-010
          20  4.530507185188326E-009
          21  7.449536215353455E-010
          22  1.713897132574757E-009
          23  4.776147940460507E-009
          24  1.112894985528682E-008
          25  1.359162967264368E-008
          26  1.216554969021564E-008
          27  2.663493046382752E-009
          28  1.613190022482186E-009
          29  8.852220397430243E-010
          30  2.808674848195391E-009
          31  5.050924276652690E-010
          32  6.170617243165631E-010
          33  7.413902373096813E-010
          34  4.338797070005463E-009
          35  3.072855428901889E-010
          36  1.230660295541620E-009
          37  7.428994230114339E-010
          38  9.644850392678662E-010
          39  2.787908719050634E-010
          40  6.209839860744080E-010
          41  9.007491296690192E-010
          42  6.037556331368840E-009
          43  5.411501854483167E-010
          44  9.666452653930564E-010
          45  4.219534278050092E-009
          46  7.348477017301251E-009
          47  8.237148977876767E-009
          48  6.205155787625097E-009
          49  4.934978245891877E-010
          50  3.140822782323885E-009
          51  1.611876305677478E-009
          52  6.265340876075441E-009
          53  2.074958577489299E-010
          54  4.825918543129211E-010
          55  3.152257794285016E-010
          56  3.931707114882281E-010
          57  1.087944859809886E-010
          58  2.135490818980744E-010
          59  1.495174944793120E-010
          60  1.699352582380925E-010
          61  1.643104803635892E-010
          62  7.983386880842416E-010
          63  3.391526229881971E-010
          64  3.649152690003131E-010
          65  3.114975115682762E-010
          66  4.534980695565691E-010
          67  5.788564513783654E-010
          68  8.511093313024487E-010
          69  1.590848730588600E-010
          70  4.715144154782203E-010
          71  1.642677975276618E-010
          72  2.109748575744252E-010
          73  2.204798186527017E-010
          74  4.349460632113975E-010
          75  9.791792188995036E-010
          76  2.697914962903447E-009
          77  5.448925320206569E-009
          78  1.039691885472002E-008
          79  7.968529638103935E-009
          80  3.169971104299847E-008
          81  1.232314231032661E-008
          82  1.087748432248215E-008
          83  4.726890763842810E-009
          84  5.319259435193696E-009
          85  3.543958633127362E-009
          86  3.812586939681681E-009
          87  2.412034784289484E-009
          88  5.735083352479757E-009
          89  2.651840051217608E-009
          90  5.042286350486983E-009
          91  3.465139801098745E-009
          92  2.916128795935935E-009
          93  2.371748971425836E-009
          94  5.290409155123011E-009
          95  2.808219260471117E-009
          96  3.456006443820951E-009
          97  1.546350354134983E-009
          98  1.445233784023683E-009
          99  1.581882239939249E-009
         100  1.405614605271009E-009
         101  1.028550799461497E-009
         102  1.724299513084684E-009
         103  1.641493031483610E-009
         104  1.605347580717953E-009
         105  1.676997234774385E-009
         106  2.124589550091785E-009
         107  1.613322731475059E-009
         108  5.374915776191731E-009
         109  2.438428300600100E-009
         110  6.808987205823858E-009
         111  4.861565436947523E-009
         112  6.548375740080357E-009
         113  3.387874771756810E-009
         114  2.741442625279140E-009
         115  1.452174392882661E-009
         116  1.506355573424433E-009
         117  1.321074504707048E-009
         118  1.418639223632642E-009
         119  5.338379506581417E-010
         120  7.489930924615111E-010
         121  6.122126508362248E-010
         122  7.966075094262911E-010
         123  6.946733603777899E-010
         124  1.778780781383016E-008
         125  7.193679193515528E-008
         126  5.988151608842933E-007
         127  3.097575970023555E-006
         128  2.590380503826592E-005
         129  1.305889265999244E-004
         130  3.302498020884136E-004
         131  1.105240015162822E-003
         132  1.033194402483093E-003
         133  3.318581758097805E-005
         134  8.221127047757772E-005
         135  7.791311129266285E-005
         136  2.107118532328156E-004
         137  1.154019148202577E-004
         138  8.719683510135181E-005
         139  1.432146740253501E-005
         140  3.323011112422785E-005
         141  2.474489803037481E-005
         142  9.685114817187951E-006
         143  1.579111757931064E-006
         144  5.557753793988901E-006
         145  1.811128193474556E-006
         146  5.856648999413774E-006
         147  6.624316706357358E-006
         148  2.088838512749729E-005
         149  1.617025982846318E-005
         150  3.966791077307615E-005
         151  1.740889281530310E-005
         152  1.754065181773759E-005
         153  6.215635910858390E-006
         154  5.685578541399770E-005
         155  2.667320480602304E-005
         156  2.947349027939913E-005
         157  2.077920953768384E-005
         158  6.212649894135580E-005
         159  4.927840210745087E-005
         160  6.942829071243721E-005
         161  3.359146408857684E-005
         162  6.395521979724496E-005
         163  3.537307359986207E-005
         164  8.153536524632265E-005
         165  4.352678171426885E-005
         166  1.805978209199752E-004
         167  3.649794989951694E-005
         168  1.252901501494972E-004
         169  9.525660075728726E-005
         170  5.808938374556606E-005
         171  1.813286177809190E-005
         172  2.102528244295100E-005
         173  1.223339732970006E-005
         174  2.197948045350204E-005
         175  1.395754289267929E-005
         176  3.277901943983472E-005
         177  1.420983552507403E-005
         178  1.284821069383225E-005
         179  5.954314095538298E-006
         180  1.232188671352223E-005
         181  5.862276440797766E-006
         182  1.290127609112666E-005
         183  6.673668834930679E-006
         184  1.203066458971513E-005
         185  3.744396204481345E-006
         186  1.404453751227454E-005
         187  4.110800044648631E-006
         188  1.327877988337519E-005
         189  1.120573648689384E-005
         190  2.369454740595791E-005
         191  2.649924930022857E-005
         192  9.396061776897916E-005
         193  1.242437312238956E-004
         194  3.123346919338888E-004
         195  2.206442087584315E-004
         196  4.242309702139020E-004
         197  2.259979980671731E-004
         198  1.659598726969689E-004
         199  1.354244230178225E-005
         200  2.465000003336266E-006
         201  9.140287246265040E-008
         202  1.110762636236236E-007
         203  2.744453176874527E-008
         204  9.083799477111811E-008
         205  7.873674388364935E-008
         206  2.312702664102869E-006
         207  1.518961437071641E-006
         208  2.507632740584254E-006
         209  1.617745101215192E-006
         226  6.895724062254077E-014
         227  5.229695784797285E-015
         230  3.249608800639596E-012
         231  7.850830781714982E-012
         232  6.049786966018503E-007
         234  1.058044714337197E-011
         235  1.687035160587325E-007
         236  1.729422213987862E-009
         238  1.925493003676720E-007
         240  3.356318768291146E-013
         244  4.097068563750137E-009
