           1  7.414261315496203E-005
           2  6.470609901488105E-012
           3  1.574717819390911E-008
           4  7.889365729187547E-005
           6  5.674563962362780E-015
           7  3.114017005274736E-012
           8  2.708281752318958E-013
           9  1.912633244112939E-009
          10  2.713051082138141E-014
          14  2.282734470578892E-015
          15  2.204982210955039E-012
          16  1.269810217777984E-009
          17  9.390938883474033E-011
          18  4.582384159255633E-010
          19  2.096264566055429E-010
          20  4.636928123854568E-009
          21  7.719946036690826E-010
          22  1.660220393543364E-009
          23  4.879073033910274E-009
          24  1.133315255312147E-008
          25  1.367744644863576E-008
          26  1.219530475383919E-008
          27  2.721209551300222E-009
          28  1.642113559562355E-009
          29  8.413070151510131E-010
          30  2.712447373756300E-009
          31  4.926353107993685E-010
          32  6.371903426123588E-010
          33  7.749370976404958E-010
          34  4.462916164066443E-009
          35  2.971256225143766E-010
          36  1.139907268223694E-009
          37  7.955791405294846E-010
          38  1.061886906842999E-009
          39  2.998225435944695E-010
          40  6.187221350157814E-010
          41  8.790387679373228E-010
          42  6.119513067897830E-009
          43  5.434384718216020E-010
          44  9.483198854865839E-010
          45  4.215133836306423E-009
          46  7.379951873097449E-009
          47  8.233126950263783E-009
          48  6.161270790104688E-009
          49  5.099499590728017E-010
          50  3.107260870081841E-009
          51  1.573673956275023E-009
          52  6.337968353437581E-009
          53  2.186885015420435E-010
          54  5.224370684148515E-010
          55  3.516329035523856E-010
          56  3.964325319395456E-010
          57  1.080036454524347E-010
          58  1.997959521580657E-010
          59  1.405388499353084E-010
          60  1.635362231527999E-010
          61  1.653847878210665E-010
          62  8.156836386375529E-010
          63  3.399927428064301E-010
          64  3.519360436676241E-010
          65  2.972965985441216E-010
          66  4.354898431479981E-010
          67  5.770352243416756E-010
          68  8.798163934233991E-010
          69  1.643158969084515E-010
          70  4.866471519401686E-010
          71  1.677195817257144E-010
          72  2.069269157004031E-010
          73  2.045824633264056E-010
          74  4.200240568484203E-010
          75  9.854884702177475E-010
          76  2.715988526682773E-009
          77  5.368455941007142E-009
          78  1.034303554179795E-008
          79  8.011131888397361E-009
          80  3.246482129415537E-008
          81  1.243628491489531E-008
          82  1.097197529742902E-008
          83  4.783330919892263E-009
          84  5.274557919353376E-009
          85  3.503043197991650E-009
          86  3.794835262851864E-009
          87  2.520255890288415E-009
          88  6.088925409760439E-009
          89  2.834181437536832E-009
          90  5.427246979592197E-009
          91  3.623844195428958E-009
          92  2.929791824707722E-009
          93  2.427475244147326E-009
          94  5.757747607758350E-009
          95  3.009086028483093E-009
          96  3.458188576889843E-009
          97  1.535799859436067E-009
          98  1.433125358440341E-009
          99  1.585084072863399E-009
         100  1.427803299981116E-009
         101  1.055960882269492E-009
         102  1.799419294844022E-009
         103  1.711900424162128E-009
         104  1.676510911423047E-009
         105  1.742978173520592E-009
         106  2.222844281876420E-009
         107  1.697453369924775E-009
         108  5.651102272465871E-009
         109  2.532258282441736E-009
         110  7.091897309126256E-009
         111  5.099344743674649E-009
         112  6.928893412538335E-009
         113  3.586120657937991E-009
         114  2.913188110656277E-009
         115  1.535319345135166E-009
         116  1.594156844287436E-009
         117  1.365590455334394E-009
         118  1.451456387796856E-009
         119  5.525925114887203E-010
         120  7.648422442228637E-010
         121  6.223228452999159E-010
         122  7.722345169315836E-010
         123  6.951478321871447E-010
         124  1.629549573270645E-008
         125  7.439063418846573E-008
         126  6.132906912458524E-007
         127  3.130739962744659E-006
         128  2.604419419478491E-005
         129  1.321101700868997E-004
         130  3.362742907282921E-004
         131  1.113244673255211E-003
         132  1.062191821520164E-003
         133  3.310334040849346E-005
         134  8.282272357960570E-005
         135  8.825047560672499E-005
         136  2.231254001278434E-004
         137  1.193506186416528E-004
         138  8.588208350224692E-005
         139  1.366956202529418E-005
         140  3.089166816150748E-005
         141  2.264256834567707E-005
         142  9.167694458481525E-006
         143  1.812139734633752E-006
         144  9.588971182735686E-006
         145  5.611156223722417E-006
         146  2.378133590021402E-005
         147  2.247154628467380E-005
         148  3.287873120297357E-005
         149  1.950748053946582E-005
         150  1.961542717104062E-005
         151  1.558586975891596E-005
         152  4.609450925781619E-005
         153  1.814711131436330E-005
         154  2.767829447824679E-005
         155  1.213453171687783E-005
         156  2.192460775679557E-005
         157  1.407847811606404E-005
         158  3.750006275522591E-005
         159  1.805806227927194E-005
         160  3.743147933813754E-005
         161  2.312973838832840E-005
         162  8.712429390145393E-005
         163  3.160389378079134E-005
         164  4.467788352909490E-005
         165  3.558881136827762E-005
         166  1.019708873483094E-004
         167  4.107239510461250E-005
         168  1.431763235556276E-004
         169  3.946912305329737E-005
         170  3.182769872273851E-005
         171  2.173755044712637E-005
         172  6.392162833745253E-005
         173  4.446436813686497E-005
         174  6.749335146941072E-005
         175  2.619972037036370E-005
         176  2.210254903036975E-005
         177  6.861875084644415E-006
         178  1.522675163029447E-005
         179  5.311071323869124E-006
         180  9.778340082051423E-006
         181  5.355931227644959E-006
         182  1.322042226086154E-005
         183  7.136081558664221E-006
         184  1.327339980713246E-005
         185  4.183152148146353E-006
         186  1.561682972577868E-005
         187  4.492689534550109E-006
         188  1.424505013826836E-005
         189  1.202607438882841E-005
         190  2.564611456422240E-005
         191  2.865877300616871E-005
         192  1.006554707228131E-004
         193  1.305432180871025E-004
         194  3.253464695400670E-004
         195  2.280203037400841E-004
         196  4.351152334653717E-004
         197  2.310337477863685E-004
         198  1.692623440241752E-004
         199  1.379178766001229E-005
         200  2.414567400332404E-006
         201  8.535184368919987E-008
         202  9.839859821254412E-008
         203  2.347840961699527E-008
         204  8.080820320555412E-008
         205  7.077700496900048E-008
         206  2.010196867627305E-006
         207  1.325125726862651E-006
         208  2.210151224927224E-006
         209  1.399938578463493E-006
         226  5.442707395027313E-014
         227  4.195636245908294E-015
         230  2.564874941414860E-012
         231  6.298498334073314E-012
         232  4.900674598455947E-007
         234  8.351012510077500E-012
         235  1.353460346289773E-007
         236  1.332553991005701E-009
         238  1.519767165213240E-007
         240  2.583355519454797E-013
         244  3.153509966855007E-009
