           1  7.473980793740198E-005
           2  6.470609901488105E-012
           3  1.574717819390911E-008
           4  8.109637207111351E-005
           6  5.674563962362780E-015
           7  3.114017005274736E-012
           8  2.708281752318958E-013
           9  1.912633244112939E-009
          10  2.713051082138141E-014
          14  1.770152163572295E-015
          15  1.868287225595784E-012
          16  1.238798500259409E-009
          17  9.187787561478898E-011
          18  4.425809952646098E-010
          19  1.933214981839142E-010
          20  4.736305857889878E-009
          21  7.625233350694069E-010
          22  1.481301046099088E-009
          23  4.971041611265638E-009
          24  1.143741457665273E-008
          25  1.401663071887864E-008
          26  1.143212745158709E-008
          27  2.373606999174005E-009
          28  1.519178298113691E-009
          29  8.378145255862820E-010
          30  2.597646623126289E-009
          31  4.427002393867410E-010
          32  6.191489267831609E-010
          33  8.733607304854546E-010
          34  4.363599288278828E-009
          35  2.819511557250307E-010
          36  1.125953067468851E-009
          37  7.465646301584438E-010
          38  1.005645731549194E-009
          39  2.885530315583471E-010
          40  6.226107216195279E-010
          41  9.039596392967284E-010
          42  6.231739049182683E-009
          43  5.197882436521887E-010
          44  1.046465404251958E-009
          45  4.686780781752822E-009
          46  7.438423450656663E-009
          47  7.873096176364010E-009
          48  5.753480416309941E-009
          49  5.106526291962827E-010
          50  3.077230558728857E-009
          51  1.538879096466827E-009
          52  6.131468597940301E-009
          53  2.243102464139187E-010
          54  5.681899052097914E-010
          55  3.580346128451873E-010
          56  4.152708711549790E-010
          57  1.085287707893076E-010
          58  2.169054736336581E-010
          59  1.510791044124566E-010
          60  1.805584524447532E-010
          61  1.934595094321293E-010
          62  8.992102591644049E-010
          63  3.612653757442849E-010
          64  3.684537401296535E-010
          65  3.123711890722999E-010
          66  4.441080297382557E-010
          67  5.907980798640413E-010
          68  8.530480839150955E-010
          69  1.586958996343246E-010
          70  4.793370716539534E-010
          71  1.662000744859888E-010
          72  2.092491559728314E-010
          73  2.284385429786034E-010
          74  4.772429966865057E-010
          75  1.157219674829000E-009
          76  2.942813146153214E-009
          77  5.518318384174132E-009
          78  1.004529892926888E-008
          79  8.032808313389943E-009
          80  3.212616443881305E-008
          81  1.191907335651362E-008
          82  1.000506454163428E-008
          83  4.275250837298601E-009
          84  5.162387763925585E-009
          85  3.463935794420072E-009
          86  3.754048925064236E-009
          87  2.552327149557801E-009
          88  5.931112394249896E-009
          89  2.651168480420439E-009
          90  5.157178932215996E-009
          91  3.533097751503678E-009
          92  2.946407519832192E-009
          93  2.411728494434845E-009
          94  5.444417695047563E-009
          95  2.740136763100139E-009
          96  3.211755568369046E-009
          97  1.383889440686148E-009
          98  1.289704999113816E-009
          99  1.447416895834714E-009
         100  1.262930362823765E-009
         101  9.549551733433906E-010
         102  1.720834397122337E-009
         103  1.648552515195144E-009
         104  1.610297052722693E-009
         105  1.755233851908464E-009
         106  2.287593205325508E-009
         107  1.773602648472032E-009
         108  5.962153039170636E-009
         109  2.616017060044349E-009
         110  6.833335302122493E-009
         111  4.801324678867025E-009
         112  6.174143713310737E-009
         113  3.050845601746407E-009
         114  2.353973198606487E-009
         115  1.227501034719309E-009
         116  1.240030346892485E-009
         117  1.077043095972423E-009
         118  1.152583553322614E-009
         119  4.375915544463247E-010
         120  6.229880144233300E-010
         121  5.067338078381046E-010
         122  6.649610267589980E-010
         123  6.369206229416588E-010
         124  1.973286805447558E-008
         125  9.062646735678965E-008
         126  7.332108417955772E-007
         127  3.770170625263351E-006
         128  3.060284677397814E-005
         129  1.442769418546091E-004
         130  3.288997469153619E-004
         131  1.076834297239597E-003
         132  1.005699088113480E-003
         133  3.294762950899417E-005
         134  8.172631801465848E-005
         135  7.969182665353988E-005
         136  2.046299033845323E-004
         137  1.118926070042863E-004
         138  9.296973939913037E-005
         139  1.502426260677980E-005
         140  3.367224938283497E-005
         141  2.500170659560008E-005
         142  9.766611387046524E-006
         143  1.659376777904604E-006
         144  6.861455696051890E-006
         145  3.331139668459911E-006
         146  1.187125116164219E-005
         147  8.048616020615269E-006
         148  1.226439133282904E-005
         149  9.254789398010480E-006
         150  4.457487399776509E-005
         151  2.294722005688127E-005
         152  6.630312434203239E-005
         153  3.983923171893807E-005
         154  5.812100546416183E-005
         155  2.496173880800354E-005
         156  3.848350501921794E-005
         157  1.845811041147716E-005
         158  3.050801161892604E-005
         159  1.800496339289758E-005
         160  5.518847777020872E-005
         161  3.646570999684673E-005
         162  9.949594787911252E-005
         163  5.265236919928372E-005
         164  1.666105899382065E-004
         165  7.341683795292749E-005
         166  5.870408702722836E-005
         167  2.029947979069596E-005
         168  9.455256905383987E-005
         169  3.581591788029688E-005
         170  3.853939704132730E-005
         171  2.299720864963269E-005
         172  3.903951648836324E-005
         173  2.599075150309111E-005
         174  6.506185220717021E-005
         175  3.631216807811196E-005
         176  3.720531408597058E-005
         177  1.588481348934775E-005
         178  1.851357186733933E-005
         179  7.371950543574215E-006
         180  1.285722152762432E-005
         181  5.862891430611785E-006
         182  1.237704670224300E-005
         183  6.456847850086626E-006
         184  1.187475983240410E-005
         185  3.834709029873030E-006
         186  1.507943938715242E-005
         187  4.413893733269595E-006
         188  1.493049254442788E-005
         189  1.325474162633721E-005
         190  2.727853948949706E-005
         191  3.009786565934589E-005
         192  1.061998288973451E-004
         193  1.378741514534305E-004
         194  3.336753179765494E-004
         195  2.191837452197586E-004
         196  3.996005117096852E-004
         197  2.040437158653636E-004
         198  1.422097444134585E-004
         199  1.130048511288995E-005
         200  2.144726514955894E-006
         201  9.165558970818827E-008
         202  1.190914829843152E-007
         203  2.991034555732680E-008
         204  8.802125849003069E-008
         205  7.379474071300998E-008
         206  2.244590572325960E-006
         207  1.481061272585771E-006
         208  2.475885446045216E-006
         209  1.554204876127752E-006
         226  5.911069354463853E-014
         227  4.498027270795714E-015
         230  2.785590435760246E-012
         231  6.752448403827230E-012
         232  5.143897179289716E-007
         234  9.069643202234948E-012
         235  1.451007949864364E-007
         236  1.578985431504341E-009
         238  1.650547873365386E-007
         240  3.072251524357800E-013
         244  3.750306812123363E-009
