           1  7.407250707561596E-005
           2  6.470609901488105E-012
           3  1.574717819390911E-008
           4  8.298166295755555E-005
           6  5.674563962362780E-015
           7  3.114017005274736E-012
           8  2.708281752318958E-013
           9  1.912633244112939E-009
          10  2.713051082138141E-014
          14  2.233542724474565E-015
          15  2.272100516347557E-012
          16  1.258545633671412E-009
          17  9.317188716935079E-011
          18  4.492745612222515E-010
          19  1.988782611565646E-010
          20  4.798390987847636E-009
          21  7.744350633751092E-010
          22  1.413215394935389E-009
          23  5.033423405261072E-009
          24  1.154736984648948E-008
          25  1.413230539729013E-008
          26  1.160454440716134E-008
          27  2.456584365564512E-009
          28  1.571181979705662E-009
          29  8.543853964177019E-010
          30  2.630178665403338E-009
          31  4.639840321379386E-010
          32  6.640255466640771E-010
          33  8.690524066373641E-010
          34  4.291152944779629E-009
          35  2.896833671408931E-010
          36  1.157071969285648E-009
          37  8.078619757269251E-010
          38  1.094870055883359E-009
          39  3.210063135860743E-010
          40  6.425541765803851E-010
          41  8.916452229492531E-010
          42  6.091922536840192E-009
          43  5.282570467185049E-010
          44  1.043236545414126E-009
          45  4.711336546752602E-009
          46  7.482955881640204E-009
          47  7.863104583321980E-009
          48  5.756646009345079E-009
          49  5.299589692023480E-010
          50  3.089029323787921E-009
          51  1.543461857450064E-009
          52  6.375762298929453E-009
          53  2.294286655542506E-010
          54  5.581680029614555E-010
          55  3.571496496520416E-010
          56  4.208859105694991E-010
          57  1.143537403615677E-010
          58  2.108529099255226E-010
          59  1.481225544330654E-010
          60  1.853438855337254E-010
          61  1.982791901776158E-010
          62  9.188882730975966E-010
          63  3.711829945002917E-010
          64  3.617369250828929E-010
          65  2.995529617699553E-010
          66  4.425860692027365E-010
          67  5.822282025679380E-010
          68  8.490917150803100E-010
          69  1.563098947687219E-010
          70  4.595055825837444E-010
          71  1.591322394723558E-010
          72  2.034428063381585E-010
          73  2.185001057512647E-010
          74  4.675222789574640E-010
          75  1.133843643640123E-009
          76  2.898755105046727E-009
          77  5.501233322891462E-009
          78  1.000184755082957E-008
          79  8.029171748633026E-009
          80  3.199545997867467E-008
          81  1.246996832523599E-008
          82  1.075457362754613E-008
          83  4.655691304877823E-009
          84  5.274731667761755E-009
          85  3.494546528288159E-009
          86  3.821143093216248E-009
          87  2.692931888587224E-009
          88  6.245505720040455E-009
          89  2.732858058343993E-009
          90  5.206352711160353E-009
          91  3.655748474044928E-009
          92  3.128425716778663E-009
          93  2.566602412868212E-009
          94  5.776369233375612E-009
          95  2.993849466258519E-009
          96  3.390741761862396E-009
          97  1.496745972120289E-009
          98  1.402268793568965E-009
          99  1.545850822777004E-009
         100  1.381986177402967E-009
         101  1.017672350062842E-009
         102  1.782234052214918E-009
         103  1.718244418692779E-009
         104  1.695833185623081E-009
         105  1.811866742178559E-009
         106  2.400822131395963E-009
         107  1.847757437593010E-009
         108  6.201127205208752E-009
         109  2.717142505329891E-009
         110  7.114156140935006E-009
         111  5.026750483361944E-009
         112  6.567853813065125E-009
         113  3.338713982813704E-009
         114  2.644913049438505E-009
         115  1.368471223561531E-009
         116  1.414545546635277E-009
         117  1.304672580542179E-009
         118  1.377703824518123E-009
         119  4.738634321782468E-010
         120  6.554339650625849E-010
         121  5.352021623134269E-010
         122  7.034990421236745E-010
         123  6.634967046734910E-010
         124  1.903082023137170E-008
         125  8.762053399071966E-008
         126  7.193655070331056E-007
         127  3.634030460718525E-006
         128  2.931150119942154E-005
         129  1.412709196438129E-004
         130  3.291173162464568E-004
         131  1.098664546114537E-003
         132  1.052000778601584E-003
         133  3.497230526935715E-005
         134  8.760425363249413E-005
         135  8.867779242823970E-005
         136  2.291398218520680E-004
         137  1.235237810722903E-004
         138  8.891478299827362E-005
         139  1.496115954984352E-005
         140  3.378439703241264E-005
         141  2.592991111353122E-005
         142  9.862159868654705E-006
         143  1.681973116455228E-006
         144  6.975048062220990E-006
         145  3.988127395428627E-006
         146  1.714614900778997E-005
         147  1.727223063268093E-005
         148  3.242928576344910E-005
         149  2.222978629950149E-005
         150  4.457756100124907E-005
         151  1.617732264408125E-005
         152  1.712734819706783E-005
         153  7.497923889911969E-006
         154  3.272372284285058E-005
         155  1.987375812810291E-005
         156  4.139473132150554E-005
         157  3.198308694165254E-005
         158  6.688725444668887E-005
         159  2.926229812318797E-005
         160  4.678740012134565E-005
         161  2.013963496512065E-005
         162  5.683797341354749E-005
         163  4.356827427988919E-005
         164  9.876128475347877E-005
         165  5.624694536109449E-005
         166  7.209987454336168E-005
         167  4.822251161528518E-005
         168  1.124529292053012E-004
         169  3.636171964315489E-005
         170  2.436116168470519E-005
         171  1.235666620153156E-005
         172  2.385902641876898E-005
         173  1.606517094005682E-005
         174  3.389780732686292E-005
         175  1.672222413188591E-005
         176  1.640915624591204E-005
         177  6.192599308945586E-006
         178  8.494366938862277E-006
         179  5.136128759903734E-006
         180  1.159219563738553E-005
         181  5.386297464239782E-006
         182  1.167876849123228E-005
         183  6.355148667083299E-006
         184  1.223023170680652E-005
         185  4.024166897123955E-006
         186  1.589079288908112E-005
         187  4.643832035226557E-006
         188  1.539745035575130E-005
         189  1.338392847858220E-005
         190  2.838580406194848E-005
         191  3.056176291556907E-005
         192  1.081782107027203E-004
         193  1.427459144175389E-004
         194  3.560020548291664E-004
         195  2.377928480752762E-004
         196  4.360464045416037E-004
         197  2.294559140697210E-004
         198  1.655844067176047E-004
         199  1.366499239983776E-005
         200  2.449393102803636E-006
         201  9.119181625837075E-008
         202  1.099478375887410E-007
         203  2.722103922518266E-008
         204  8.681720716669031E-008
         205  7.539627384142623E-008
         206  2.385096414881873E-006
         207  1.570654372961080E-006
         208  2.642971141428604E-006
         209  1.661775363927165E-006
         226  6.249815142719338E-014
         227  4.782084374890625E-015
         230  2.945224331310121E-012
         231  7.178875551478152E-012
         232  5.617402617997208E-007
         234  9.589397455061808E-012
         235  1.542641257410819E-007
         236  1.565059340944865E-009
         238  1.745135858531618E-007
         240  3.038535681300160E-013
         244  3.709149779604035E-009
