           1  7.419568317206584E-005
           2  6.470609901488105E-012
           3  1.574717819390911E-008
           4  8.147955958102469E-005
           6  5.674563962362780E-015
           7  3.114017005274736E-012
           8  2.708281752318958E-013
           9  1.912633244112939E-009
          10  2.713051082138141E-014
          14  2.257773449624345E-015
          15  2.207126458921412E-012
          16  1.280280102445637E-009
          17  9.444301810787299E-011
          18  4.411181193117872E-010
          19  1.870868454273215E-010
          20  4.663160071821163E-009
          21  7.776259560296557E-010
          22  1.695673834740788E-009
          23  4.884532035353123E-009
          24  1.134774605588801E-008
          25  1.366111441951904E-008
          26  1.205737050939151E-008
          27  2.662111794810260E-009
          28  1.640190199044204E-009
          29  8.251787080746297E-010
          30  2.775723862930276E-009
          31  4.867659425546724E-010
          32  5.816908235690202E-010
          33  8.056554889465020E-010
          34  4.389173575171833E-009
          35  2.894673606745341E-010
          36  1.130992888066591E-009
          37  7.839394828077742E-010
          38  1.058240850714369E-009
          39  3.146930925812572E-010
          40  6.270270251194880E-010
          41  8.767296592921169E-010
          42  6.366497840837405E-009
          43  5.449925026189266E-010
          44  9.517116842298258E-010
          45  4.217013374081176E-009
          46  7.250290029736569E-009
          47  8.040452132847848E-009
          48  6.023188691373841E-009
          49  5.210647935961349E-010
          50  3.159700840786341E-009
          51  1.581413098667209E-009
          52  6.365813273797233E-009
          53  2.156015944466441E-010
          54  5.274723075752703E-010
          55  3.759269723268931E-010
          56  4.328956559253916E-010
          57  1.141192714438190E-010
          58  2.189731334735386E-010
          59  1.518449830964059E-010
          60  1.677313683221539E-010
          61  1.726627783550029E-010
          62  8.498778753447526E-010
          63  3.477941873688865E-010
          64  3.626452273891160E-010
          65  3.070138450626231E-010
          66  4.307651217922236E-010
          67  5.775782705465081E-010
          68  8.799975515320771E-010
          69  1.665350812513703E-010
          70  5.070335149165689E-010
          71  1.739508735652243E-010
          72  2.086953031279128E-010
          73  2.084868892450262E-010
          74  4.270360241875100E-010
          75  1.012232603032944E-009
          76  2.770269258116150E-009
          77  5.414029727646508E-009
          78  1.013030317215566E-008
          79  7.923106098601113E-009
          80  3.304151836311767E-008
          81  1.183362645915323E-008
          82  1.087669334474400E-008
          83  4.850716446851432E-009
          84  5.160073832728809E-009
          85  3.524985908821930E-009
          86  3.813638824398281E-009
          87  2.452627060461761E-009
          88  6.128244457079594E-009
          89  2.822187756244625E-009
          90  5.384474328935201E-009
          91  3.551324937800512E-009
          92  2.841280962019126E-009
          93  2.403364109882657E-009
          94  5.979192026911787E-009
          95  3.035369013372893E-009
          96  3.461556265646931E-009
          97  1.500473887627447E-009
          98  1.373764297343321E-009
          99  1.531004675913476E-009
         100  1.361797967671592E-009
         101  1.028722266137102E-009
         102  1.828630495885047E-009
         103  1.737481682453142E-009
         104  1.694015731805037E-009
         105  1.774429122085206E-009
         106  2.239821321228718E-009
         107  1.722888720522097E-009
         108  5.698064800169002E-009
         109  2.531517243780708E-009
         110  7.020952131016800E-009
         111  5.034781976290462E-009
         112  6.744152434662165E-009
         113  3.421279510477084E-009
         114  2.730246352686978E-009
         115  1.433798510994155E-009
         116  1.504630336922672E-009
         117  1.360755494405869E-009
         118  1.461579239618854E-009
         119  5.297333579932794E-010
         120  7.425143629223550E-010
         121  6.043049281913636E-010
         122  7.619472651120842E-010
         123  6.867948740874865E-010
         124  1.779383380664365E-008
         125  7.931175571026170E-008
         126  6.417566109407389E-007
         127  3.269529085622397E-006
         128  2.689007615633434E-005
         129  1.335636413080905E-004
         130  3.314335782441689E-004
         131  1.116517147621841E-003
         132  1.049519462418682E-003
         133  3.317478951104583E-005
         134  8.362866763245599E-005
         135  8.660741799976789E-005
         136  2.263028161608855E-004
         137  1.221456199273967E-004
         138  8.562679843018515E-005
         139  1.432818118058807E-005
         140  3.344304129789767E-005
         141  2.560313043052328E-005
         142  1.013724981696762E-005
         143  1.986457306494557E-006
         144  1.078925055892156E-005
         145  6.614685037308994E-006
         146  2.598545507850281E-005
         147  1.863072754575230E-005
         148  3.191737121738647E-005
         149  2.279109217557613E-005
         150  5.273443774197731E-005
         151  2.079822318537288E-005
         152  1.856267828293204E-005
         153  6.466373518560217E-006
         154  2.246716535678891E-005
         155  1.290041011625770E-005
         156  5.455111884412086E-005
         157  2.711030228993008E-005
         158  4.490934508236629E-005
         159  1.820601797390608E-005
         160  3.620405850031456E-005
         161  2.252939068323987E-005
         162  4.843531852205261E-005
         163  2.466344760328526E-005
         164  7.410322098006806E-005
         165  8.107755686965900E-005
         166  1.066795240263733E-004
         167  3.686679509235647E-005
         168  1.130951406989899E-004
         169  3.622184868693786E-005
         170  4.782492650854580E-005
         171  2.249094787825529E-005
         172  3.524077385801479E-005
         173  1.535612021067317E-005
         174  2.310503393887644E-005
         175  1.381868000524309E-005
         176  2.685941038370035E-005
         177  1.319406083068578E-005
         178  1.402972950135217E-005
         179  6.170690262987565E-006
         180  1.196139767528908E-005
         181  5.869075499100643E-006
         182  1.320156190273293E-005
         183  6.994046395296739E-006
         184  1.275661908641441E-005
         185  4.063593028291533E-006
         186  1.548316571181732E-005
         187  4.483405061263375E-006
         188  1.449815299601087E-005
         189  1.252670775773187E-005
         190  2.646061627539505E-005
         191  3.010075221358362E-005
         192  1.057517688055128E-004
         193  1.352574011697189E-004
         194  3.309748530265607E-004
         195  2.324691945619889E-004
         196  4.477053391885732E-004
         197  2.338771242649144E-004
         198  1.695817437961525E-004
         199  1.365494673591328E-005
         200  2.380773361848371E-006
         201  8.303731265080440E-008
         202  1.000420824208083E-007
         203  2.543537296581891E-008
         204  8.459652670657605E-008
         205  7.445867402501423E-008
         206  2.238330003838885E-006
         207  1.498202880734318E-006
         208  2.485541238173778E-006
         209  1.559764376038591E-006
         226  6.081852648389132E-014
         227  4.709108116886722E-015
         230  2.866072034201759E-012
         231  7.069323432913835E-012
         232  5.402993861927122E-007
         234  9.331684374131367E-012
         235  1.519100019410214E-007
         236  1.513301155471332E-009
         238  1.698235691878605E-007
         240  2.935830350952322E-013
         244  3.583777069397506E-009
