           1  7.447621116813877E-005
           2  6.470609901488105E-012
           3  1.574717819390911E-008
           4  7.839583448724066E-005
           6  5.674563962362780E-015
           7  3.114017005274736E-012
           8  2.708281752318958E-013
           9  1.912633244112939E-009
          10  2.713051082138141E-014
          14  1.746081187826027E-015
          15  2.017025887091517E-012
          16  1.272194959793484E-009
          17  9.394854939224745E-011
          18  4.324888814462576E-010
          19  1.766194091800582E-010
          20  4.661941855638999E-009
          21  7.820034445583014E-010
          22  1.679632575295959E-009
          23  4.882685619752479E-009
          24  1.133690513506074E-008
          25  1.361869550924555E-008
          26  1.128466586923982E-008
          27  2.509956952412733E-009
          28  1.672423014525210E-009
          29  8.584909360194759E-010
          30  2.834831087195206E-009
          31  4.984776884584184E-010
          32  5.988622724359254E-010
          33  8.449919678003678E-010
          34  4.406386257904480E-009
          35  2.839217715159605E-010
          36  1.096472830977807E-009
          37  6.460902158589406E-010
          38  8.513202370736665E-010
          39  2.882207776973636E-010
          40  6.643239672205072E-010
          41  9.580183956045428E-010
          42  6.779474275280713E-009
          43  5.730557078797878E-010
          44  9.660881722732148E-010
          45  4.277391113657490E-009
          46  7.097334430576547E-009
          47  7.901579218338194E-009
          48  5.993381395852221E-009
          49  4.575110391333023E-010
          50  3.135582926632404E-009
          51  1.634815185297807E-009
          52  6.272397478152294E-009
          53  1.931879101804820E-010
          54  4.539733478077918E-010
          55  3.530395166598109E-010
          56  4.573995356915717E-010
          57  1.218311406059582E-010
          58  2.294994750833617E-010
          59  1.599780342423386E-010
          60  1.762140819129466E-010
          61  1.818018944747026E-010
          62  9.049068760606600E-010
          63  3.691862092200015E-010
          64  3.774470572558603E-010
          65  3.197587308925882E-010
          66  4.458246822649053E-010
          67  5.952907915299428E-010
          68  9.105284172811593E-010
          69  1.720055672822701E-010
          70  5.270062843258209E-010
          71  1.811782013814253E-010
          72  2.170469296336663E-010
          73  2.161779774776543E-010
          74  4.511210397466952E-010
          75  1.073861497924727E-009
          76  2.869602587974480E-009
          77  5.328256195119952E-009
          78  1.002921041494918E-008
          79  7.902181591920219E-009
          80  3.320287784534242E-008
          81  1.072831638244612E-008
          82  9.973395967184706E-009
          83  4.550350554874749E-009
          84  5.394493095922766E-009
          85  3.621393763471276E-009
          86  3.860681201290812E-009
          87  2.324030942141430E-009
          88  5.676336600919390E-009
          89  2.709519565934282E-009
          90  5.287497935607901E-009
          91  3.416213857108375E-009
          92  2.822003232153596E-009
          93  2.383213612844649E-009
          94  5.719985909257982E-009
          95  2.825709138929697E-009
          96  3.135133147628323E-009
          97  1.354208211554751E-009
          98  1.257707364276213E-009
          99  1.406028144160869E-009
         100  1.239174812171680E-009
         101  9.551694530938014E-010
         102  1.723012834204646E-009
         103  1.669225651663943E-009
         104  1.642629226898627E-009
         105  1.748397743893462E-009
         106  2.216616513278108E-009
         107  1.699524373432475E-009
         108  5.522902016724729E-009
         109  2.455999559440954E-009
         110  6.633648002736723E-009
         111  4.650953190457110E-009
         112  6.108342482357118E-009
         113  3.064522524068705E-009
         114  2.426447279957391E-009
         115  1.276930095099992E-009
         116  1.309251841969563E-009
         117  1.095261040364837E-009
         118  1.166026039640026E-009
         119  4.619604886774281E-010
         120  6.519474571637243E-010
         121  5.259068435237895E-010
         122  6.573665410798070E-010
         123  6.165649739565742E-010
         124  1.646756820631073E-008
         125  7.734279497521188E-008
         126  6.294820997317329E-007
         127  3.274768523727707E-006
         128  2.729617310219446E-005
         129  1.330976936179291E-004
         130  3.236904779557532E-004
         131  1.095659782488517E-003
         132  1.015816093238233E-003
         133  3.417133251606981E-005
         134  8.468951701783858E-005
         135  7.167350243581502E-005
         136  2.089363620468195E-004
         137  1.187000684803663E-004
         138  9.910614615321537E-005
         139  1.404045598844110E-005
         140  3.229547736497040E-005
         141  2.599666327900534E-005
         142  1.043022193862835E-005
         143  1.928528032558369E-006
         144  9.386643645035005E-006
         145  5.381830020202537E-006
         146  2.032084638796990E-005
         147  1.295844318123334E-005
         148  3.441249212804592E-005
         149  2.601470214274092E-005
         150  3.837172322197864E-005
         151  1.999800587676966E-005
         152  3.465826935441458E-005
         153  1.347913038250925E-005
         154  2.744814568330167E-005
         155  1.428909571258974E-005
         156  3.290734788066414E-005
         157  2.440682245877752E-005
         158  7.387956320127131E-005
         159  5.297566624533015E-005
         160  6.596548568521298E-005
         161  3.255348402096326E-005
         162  7.653367542288255E-005
         163  3.767370588171587E-005
         164  1.176062751025365E-004
         165  9.224999435447195E-005
         166  1.007838857620510E-004
         167  4.426226485130226E-005
         168  1.000005850689347E-004
         169  3.579994950226436E-005
         170  2.919574901155049E-005
         171  1.829021389577407E-005
         172  4.877112667077521E-005
         173  2.203799712538494E-005
         174  2.777199475692111E-005
         175  1.464053328064650E-005
         176  2.367123316055875E-005
         177  8.097131567239012E-006
         178  7.449777308332966E-006
         179  3.666931220822986E-006
         180  8.341466384736608E-006
         181  4.680661031400538E-006
         182  1.182497180253765E-005
         183  6.529997016503138E-006
         184  1.213487881852670E-005
         185  3.886625538938933E-006
         186  1.517218497875569E-005
         187  4.354308775451901E-006
         188  1.390749227364453E-005
         189  1.209832142846359E-005
         190  2.516096733112064E-005
         191  2.929796672886943E-005
         192  1.021700930279614E-004
         193  1.306846835633555E-004
         194  3.180329351110528E-004
         195  2.235561491924877E-004
         196  4.340076882745343E-004
         197  2.259197108088750E-004
         198  1.625258391922708E-004
         199  1.284134789079408E-005
         200  2.367531336472527E-006
         201  9.046744295414813E-008
         202  1.177023109652917E-007
         203  3.109627346079460E-008
         204  9.363462539993747E-008
         205  7.808942824230481E-008
         206  2.096645583129058E-006
         207  1.433538213997212E-006
         208  2.352992151287325E-006
         209  1.445309599995043E-006
         226  4.803774405859452E-014
         227  3.710459306840885E-015
         230  2.263777878093543E-012
         231  5.570149649073020E-012
         232  4.248412855786613E-007
         234  7.370666333371952E-012
         235  1.196948268150876E-007
         236  1.219956244226419E-009
         238  1.341357909077946E-007
         240  2.369049155799817E-013
         244  2.891905534690341E-009
