           1  7.466396873978075E-005
           2  6.470609901488105E-012
           3  1.574717819390911E-008
           4  8.070530820687702E-005
           6  5.674563962362780E-015
           7  3.114017005274736E-012
           8  2.708281752318958E-013
           9  1.912633244112939E-009
          10  2.713051082138141E-014
          14  1.921555826250650E-015
          15  1.892054434802900E-012
          16  1.217927929860094E-009
          17  9.089969773742071E-011
          18  4.572475513606933E-010
          19  2.115327262193990E-010
          20  4.585979705962424E-009
          21  7.552870458546668E-010
          22  1.567272329410080E-009
          23  4.847629184663095E-009
          24  1.123787435276286E-008
          25  1.368490781781248E-008
          26  1.198008228375371E-008
          27  2.643216534438735E-009
          28  1.592013671336937E-009
          29  8.401014072315463E-010
          30  2.634404873611669E-009
          31  4.801217520375712E-010
          32  6.398140163774377E-010
          33  7.677133101462572E-010
          34  4.390011395645048E-009
          35  2.971023403936788E-010
          36  1.160467947969525E-009
          37  7.873490397606848E-010
          38  1.043833876729443E-009
          39  2.932724420882188E-010
          40  6.169901909437378E-010
          41  8.776510039691822E-010
          42  5.960921174795846E-009
          43  5.270210231738928E-010
          44  9.683605057607735E-010
          45  4.330495516261946E-009
          46  7.412805335701984E-009
          47  8.185745171881877E-009
          48  6.103617521158643E-009
          49  5.116096706997987E-010
          50  3.098855167770422E-009
          51  1.568695193896913E-009
          52  6.287396630156221E-009
          53  2.206046658813390E-010
          54  5.319498838530755E-010
          55  3.409510307526669E-010
          56  3.893787861738801E-010
          57  1.072522912310163E-010
          58  1.978961796682325E-010
          59  1.408178744743327E-010
          60  1.685126550280737E-010
          61  1.685062839826244E-010
          62  8.216268718548239E-010
          63  3.446348000005358E-010
          64  3.528791836110935E-010
          65  3.013336201310144E-010
          66  4.475776629286340E-010
          67  5.798672955497666E-010
          68  8.699666110795544E-010
          69  1.613789564814299E-010
          70  4.740566816343576E-010
          71  1.646642468755277E-010
          72  2.100003828204278E-010
          73  2.131602784876770E-010
          74  4.401309548960834E-010
          75  1.025987219634114E-009
          76  2.777353459855115E-009
          77  5.456628321301528E-009
          78  1.030265831252018E-008
          79  7.933061024602438E-009
          80  3.155845132038907E-008
          81  1.235828742044763E-008
          82  1.064629984508977E-008
          83  4.550829192466251E-009
          84  5.158456596236315E-009
          85  3.408430887897060E-009
          86  3.688384188621178E-009
          87  2.479309211160440E-009
          88  5.868915418101371E-009
          89  2.702091098830251E-009
          90  5.143905449740160E-009
          91  3.462102975953920E-009
          92  2.889169482802245E-009
          93  2.372658994061305E-009
          94  5.446392700988719E-009
          95  2.799062202001043E-009
          96  3.293106071175646E-009
          97  1.469064580691060E-009
          98  1.407810755558233E-009
          99  1.558288176285255E-009
         100  1.381271277492097E-009
         101  1.018933317333942E-009
         102  1.693284223545244E-009
         103  1.625449244933326E-009
         104  1.576994613253548E-009
         105  1.662217527477763E-009
         106  2.149617679844872E-009
         107  1.632793333805415E-009
         108  5.438238405910303E-009
         109  2.473614110252362E-009
         110  6.926575670447778E-009
         111  4.855898969837487E-009
         112  6.492764378235341E-009
         113  3.331632177688577E-009
         114  2.688381820916423E-009
         115  1.427330364771550E-009
         116  1.473048762466199E-009
         117  1.249836795940627E-009
         118  1.322332437517653E-009
         119  5.120629132310308E-010
         120  7.128201433767957E-010
         121  5.752702121785644E-010
         122  7.452015112007635E-010
         123  6.606681831620211E-010
         124  1.694344703054134E-008
         125  7.140665670532044E-008
         126  5.993634056023676E-007
         127  3.097940835724020E-006
         128  2.600807308259920E-005
         129  1.307195694889565E-004
         130  3.277874867735581E-004
         131  1.088755256351643E-003
         132  1.030236833959107E-003
         133  3.314380469953819E-005
         134  8.293495236166042E-005
         135  8.247936256475244E-005
         136  2.099688249555602E-004
         137  1.136273502623289E-004
         138  8.822108355615514E-005
         139  1.417809526480821E-005
         140  3.301254808774738E-005
         141  2.489264358059930E-005
         142  9.972941418218550E-006
         143  1.818415431558960E-006
         144  8.231745170943972E-006
         145  4.262547775233162E-006
         146  1.800858745489570E-005
         147  1.798245720038435E-005
         148  2.255960058210899E-005
         149  1.253284654977372E-005
         150  2.669994899924025E-005
         151  1.619445008305791E-005
         152  2.275951673057583E-005
         153  9.387450782155874E-006
         154  2.594480775313721E-005
         155  1.354434020124474E-005
         156  3.018402693321293E-005
         157  1.904804962073900E-005
         158  5.250709048893373E-005
         159  4.029620802823977E-005
         160  6.050881034772480E-005
         161  2.641564725335793E-005
         162  6.184042732561378E-005
         163  1.023372972311957E-004
         164  2.300222799184064E-004
         165  9.550901875653925E-005
         166  1.141312674074054E-004
         167  2.311826689680196E-005
         168  4.933253265767676E-005
         169  3.754544200533561E-005
         170  2.694441723156258E-005
         171  1.384052112294812E-005
         172  6.986858139975092E-005
         173  3.222590030197677E-005
         174  3.612945416424561E-005
         175  2.089240481079236E-005
         176  1.262419909119377E-005
         177  5.223238966779359E-006
         178  1.795782442396929E-005
         179  7.179712641420723E-006
         180  1.211170727289792E-005
         181  5.833213461596481E-006
         182  1.302244341879390E-005
         183  6.879864574914947E-006
         184  1.255894621007216E-005
         185  3.928313312084770E-006
         186  1.495529192950988E-005
         187  4.320702741237902E-006
         188  1.373262541756965E-005
         189  1.172360957701399E-005
         190  2.441619988334772E-005
         191  2.785300710814578E-005
         192  9.733479126947301E-005
         193  1.279303356319680E-004
         194  3.178787517619182E-004
         195  2.186163422416544E-004
         196  4.140925353410375E-004
         197  2.203067468348209E-004
         198  1.607446491274498E-004
         199  1.287206964217323E-005
         200  2.333213810283917E-006
         201  8.764992374385302E-008
         202  1.064732779932857E-007
         203  2.576834066496813E-008
         204  7.939721712972233E-008
         205  6.776645665169178E-008
         206  2.134995030534908E-006
         207  1.390767463539186E-006
         208  2.344579762861903E-006
         209  1.501403462211468E-006
         226  6.265190520046106E-014
         227  4.734034632162602E-015
         230  2.952469975280666E-012
         231  7.106743172313905E-012
         232  5.485918123292559E-007
         234  9.612988649495723E-012
         235  1.527141004857889E-007
         236  1.557381575828847E-009
         238  1.749429125084091E-007
         240  3.023477666953839E-013
         244  3.690768415535263E-009
