           1  7.399819306524693E-005
           2  6.470609901488105E-012
           3  1.574717819390911E-008
           4  8.195094504077787E-005
           6  5.674563962362780E-015
           7  3.114017005274736E-012
           8  2.708281752318958E-013
           9  1.912633244112939E-009
          10  2.713051082138141E-014
          14  2.293940904931219E-015
          15  2.301295417366365E-012
          16  1.259575420305266E-009
          17  9.341036847321119E-011
          18  4.525965570978767E-010
          19  2.015201261215268E-010
          20  4.637553534694355E-009
          21  7.703633046622580E-010
          22  1.646483195826106E-009
          23  4.867631396979512E-009
          24  1.130277479863768E-008
          25  1.369527982286213E-008
          26  1.207771039433483E-008
          27  2.713903575757927E-009
          28  1.649440153398664E-009
          29  8.468304894108003E-010
          30  2.765492896913354E-009
          31  5.081522089608962E-010
          32  6.125310487133886E-010
          33  7.722040875711822E-010
          34  4.389924962038387E-009
          35  3.050052232023322E-010
          36  1.189741893461390E-009
          37  8.058553875300160E-010
          38  1.067802164799474E-009
          39  3.096406839392351E-010
          40  6.202457246350187E-010
          41  8.621132784319633E-010
          42  6.156443367938047E-009
          43  5.567978831975195E-010
          44  9.602933711464214E-010
          45  4.253637213363147E-009
          46  7.349643526908667E-009
          47  8.126403807269727E-009
          48  6.076211177630363E-009
          49  5.265476879838726E-010
          50  3.139841675214450E-009
          51  1.581367937700994E-009
          52  6.360111345138682E-009
          53  2.229784750618826E-010
          54  5.323040511329443E-010
          55  3.596200871809120E-010
          56  4.231130637464681E-010
          57  1.172768875089987E-010
          58  2.122040366161274E-010
          59  1.505052700802056E-010
          60  1.731218264558038E-010
          61  1.702655100211998E-010
          62  8.375861443458145E-010
          63  3.485857899483366E-010
          64  3.552473516967399E-010
          65  3.002171445948865E-010
          66  4.440697335731064E-010
          67  5.744049634606091E-010
          68  8.738853555254038E-010
          69  1.627238077971024E-010
          70  4.789352183351773E-010
          71  1.670954976737024E-010
          72  2.108845902998376E-010
          73  2.111489621435712E-010
          74  4.328334581742490E-010
          75  9.944256398545492E-010
          76  2.726550837529941E-009
          77  5.374344995076943E-009
          78  1.017567058673005E-008
          79  7.923184153817257E-009
          80  3.231239244392788E-008
          81  1.242580503180679E-008
          82  1.109488968236944E-008
          83  4.861693173237253E-009
          84  5.242867205665082E-009
          85  3.509944470692197E-009
          86  3.815695123033549E-009
          87  2.530070140751981E-009
          88  6.107560041825711E-009
          89  2.785176672146630E-009
          90  5.230355891693813E-009
          91  3.590144954174395E-009
          92  2.976552407581257E-009
          93  2.457627113754176E-009
          94  5.748414664813092E-009
          95  3.019212353497214E-009
          96  3.451364992843500E-009
          97  1.535626513204207E-009
          98  1.431945770811029E-009
          99  1.594098703432154E-009
         100  1.448415255542430E-009
         101  1.060132394609568E-009
         102  1.812059366995038E-009
         103  1.717829323461848E-009
         104  1.684284264724312E-009
         105  1.757118378174102E-009
         106  2.249247151107337E-009
         107  1.707588123350016E-009
         108  5.641256095077631E-009
         109  2.506321667894735E-009
         110  6.946424385027991E-009
         111  5.017907056463117E-009
         112  6.837946702446832E-009
         113  3.552037777755755E-009
         114  2.890303730525226E-009
         115  1.532099571534131E-009
         116  1.604962468681289E-009
         117  1.416335332044972E-009
         118  1.512259615725118E-009
         119  5.500603522670428E-010
         120  7.548875516202843E-010
         121  6.183452029099134E-010
         122  7.880786794567734E-010
         123  6.960010025316671E-010
         124  1.676606597062866E-008
         125  7.160452635787364E-008
         126  5.952739222036896E-007
         127  3.048759708829916E-006
         128  2.535234899026690E-005
         129  1.291662920570954E-004
         130  3.287022092585867E-004
         131  1.117329278186582E-003
         132  1.066869990210486E-003
         133  3.402912866713475E-005
         134  8.542136948581868E-005
         135  8.784485871372718E-005
         136  2.289680467911617E-004
         137  1.233763063545910E-004
         138  8.665597448823781E-005
         139  1.467550347890311E-005
         140  3.418696608882142E-005
         141  2.556584357850733E-005
         142  9.933761974550615E-006
         143  1.593074583968490E-006
         144  5.409477564253508E-006
         145  2.007148977213402E-006
         146  7.446785882091384E-006
         147  9.185060960922307E-006
         148  1.161219732373618E-005
         149  8.275636661613184E-006
         150  4.962704470417679E-005
         151  2.529170035024189E-005
         152  3.030638951375527E-005
         153  1.313037721797721E-005
         154  5.508998202844883E-005
         155  3.346391336577096E-005
         156  4.028425733841032E-005
         157  2.100343600385682E-005
         158  4.981726904471257E-005
         159  3.812470424219290E-005
         160  7.117491113358623E-005
         161  2.724373914377665E-005
         162  1.132143452381473E-004
         163  4.316589716232906E-005
         164  4.162584469780278E-005
         165  2.230351153574336E-005
         166  4.639338788023450E-005
         167  1.746405940576897E-005
         168  9.885104844460241E-005
         169  6.581534140063273E-005
         170  3.944736182626198E-005
         171  1.381376581634306E-005
         172  2.117364824549302E-005
         173  1.877335376858772E-005
         174  5.495304948241921E-005
         175  2.438108392526855E-005
         176  1.835896123881165E-005
         177  7.526043350677107E-006
         178  1.390427819642964E-005
         179  8.273929368381706E-006
         180  1.660849722263434E-005
         181  7.023482052778029E-006
         182  1.348180858824656E-005
         183  6.687688299028497E-006
         184  1.176038011858925E-005
         185  3.686851069412573E-006
         186  1.374277897331919E-005
         187  3.966918203541964E-006
         188  1.265201621639433E-005
         189  1.066964821956275E-005
         190  2.315014104008097E-005
         191  2.653443383793759E-005
         192  9.567023550096591E-005
         193  1.269660539572235E-004
         194  3.253158091138950E-004
         195  2.339332299423943E-004
         196  4.556262457683292E-004
         197  2.462940087201640E-004
         198  1.849218148873077E-004
         199  1.536445932281192E-005
         200  2.708047640985434E-006
         201  9.151974690758039E-008
         202  1.062838068226471E-007
         203  2.648118756420125E-008
         204  8.804019934630506E-008
         205  7.733593053903672E-008
         206  2.303873319325342E-006
         207  1.531599531281236E-006
         208  2.535535976489121E-006
         209  1.615244783963762E-006
         226  6.383550717809955E-014
         227  4.886086176560023E-015
         230  3.008247198502838E-012
         231  7.335003284237193E-012
         232  5.717094854128094E-007
         234  9.794594497556599E-012
         235  1.576190951962986E-007
         236  1.547491871605924E-009
         238  1.782478842655533E-007
         240  2.999239248381091E-013
         244  3.661180504009213E-009
