           1  7.395036601708889E-005
           2  6.470609901488105E-012
           3  1.574717819390911E-008
           4  8.140356876355426E-005
           6  5.674563962362780E-015
           7  3.114017005274736E-012
           8  2.708281752318958E-013
           9  1.912633244112939E-009
          10  2.713051082138141E-014
          14  2.378269724008225E-015
          15  2.332059128248616E-012
          16  1.269446475230999E-009
          17  9.389280923811871E-011
          18  4.472277271666884E-010
          19  1.946209328066483E-010
          20  4.693115906884354E-009
          21  7.774514248608353E-010
          22  1.582577535430601E-009
          23  4.926724424900525E-009
          24  1.140027088462896E-008
          25  1.378050101494499E-008
          26  1.202951108717593E-008
          27  2.650491471264581E-009
          28  1.635350264413831E-009
          29  8.332610856700926E-010
          30  2.720842602773377E-009
          31  4.851675797420551E-010
          32  6.245505501227984E-010
          33  8.129427550734160E-010
          34  4.356671861461134E-009
          35  2.930060125071499E-010
          36  1.148256721842277E-009
          37  8.208418969111095E-010
          38  1.110900959017163E-009
          39  3.249689066536707E-010
          40  6.317161408092288E-010
          41  8.700420058733692E-010
          42  6.178950795036080E-009
          43  5.390248037237974E-010
          44  9.673386785641584E-010
          45  4.336281897773217E-009
          46  7.348712973307595E-009
          47  8.035167179637034E-009
          48  5.982162529581248E-009
          49  5.321563891298588E-010
          50  3.141150436079557E-009
          51  1.567878667084777E-009
          52  6.431822010594596E-009
          53  2.231085936039307E-010
          54  5.405931739848189E-010
          55  3.717327226840067E-010
          56  4.270794995418153E-010
          57  1.148535269809536E-010
          58  2.123425913503230E-010
          59  1.482295626472293E-010
          60  1.724239405173629E-010
          61  1.794334642437936E-010
          62  8.696590432628129E-010
          63  3.553360004875330E-010
          64  3.599537387922194E-010
          65  3.013739040372174E-010
          66  4.345948197021786E-010
          67  5.782949263461726E-010
          68  8.741967446553177E-010
          69  1.635601431638001E-010
          70  4.865052096129137E-010
          71  1.671240376397086E-010
          72  2.044694600349365E-010
          73  2.064452315849875E-010
          74  4.314690767304550E-010
          75  1.029582692361532E-009
          76  2.783387120176257E-009
          77  5.429119236387746E-009
          78  1.009133610255479E-008
          79  7.930387514245734E-009
          80  3.251302409221306E-008
          81  1.226543146093486E-008
          82  1.105268480437848E-008
          83  4.874314830789117E-009
          84  5.204730969886105E-009
          85  3.499324918324357E-009
          86  3.803633651867021E-009
          87  2.544937151740147E-009
          88  6.237305494671895E-009
          89  2.831400020208027E-009
          90  5.359229022441747E-009
          91  3.597592477768792E-009
          92  2.950159472315069E-009
          93  2.481970810951745E-009
          94  6.007615369947402E-009
          95  3.106711044190082E-009
          96  3.497671904665401E-009
          97  1.534310206172440E-009
          98  1.412116009010829E-009
          99  1.564463532390463E-009
         100  1.408071616283612E-009
         101  1.046572399322417E-009
         102  1.832317677692822E-009
         103  1.740255599095251E-009
         104  1.705094394984005E-009
         105  1.780815581960374E-009
         106  2.285472718813187E-009
         107  1.758222443488484E-009
         108  5.846200303960923E-009
         109  2.581223604690010E-009
         110  7.073923763138780E-009
         111  5.098066868587703E-009
         112  6.844746073702738E-009
         113  3.505066292024776E-009
         114  2.815089658302964E-009
         115  1.473307176309501E-009
         116  1.541178272792885E-009
         117  1.395885224868638E-009
         118  1.491648716227916E-009
         119  5.281556254659625E-010
         120  7.297222413712826E-010
         121  5.963249212537484E-010
         122  7.534396553513796E-010
         123  6.842393991081418E-010
         124  1.734349436691181E-008
         125  7.884674114885450E-008
         126  6.433858770006603E-007
         127  3.266270806335413E-006
         128  2.677159321853889E-005
         129  1.334049030975740E-004
         130  3.296573572538973E-004
         131  1.112199653264774E-003
         132  1.065493322571256E-003
         133  3.442560075582445E-005
         134  8.698098135466804E-005
         135  9.057852478490279E-005
         136  2.336216442048676E-004
         137  1.253535848254987E-004
         138  8.595195971082606E-005
         139  1.454491708719484E-005
         140  3.381830555246912E-005
         141  2.607980148502926E-005
         142  1.021720602587044E-005
         143  1.919077293625569E-006
         144  9.788322889152697E-006
         145  5.785332370199187E-006
         146  2.174548546485734E-005
         147  1.411902284720338E-005
         148  2.207504577665104E-005
         149  1.630792190105079E-005
         150  5.129229637541280E-005
         151  2.424224423561424E-005
         152  2.680950836965275E-005
         153  9.746529301348439E-006
         154  2.983802551339150E-005
         155  1.188118917555337E-005
         156  1.823834639774562E-005
         157  1.382782670731107E-005
         158  2.574242708345094E-005
         159  1.295624253978757E-005
         160  3.154783607001844E-005
         161  1.859815518762115E-005
         162  7.998572573844635E-005
         163  3.571019456217140E-005
         164  9.074949142115002E-005
         165  7.214961185383625E-005
         166  9.986788454338934E-005
         167  3.266559335371584E-005
         168  1.094907956688053E-004
         169  3.658022374395268E-005
         170  4.159422393915245E-005
         171  2.222763277295821E-005
         172  3.729830948386781E-005
         173  1.900257843703195E-005
         174  4.531005447136556E-005
         175  2.718920472994411E-005
         176  1.935457823060258E-005
         177  7.029549842806656E-006
         178  1.726007242946105E-005
         179  7.306459876852467E-006
         180  1.227681929567733E-005
         181  5.877223702779534E-006
         182  1.304116320168365E-005
         183  6.887576470805253E-006
         184  1.268696153529160E-005
         185  4.056507322706165E-006
         186  1.536131962363085E-005
         187  4.426898091988846E-006
         188  1.423626546624018E-005
         189  1.220108362533391E-005
         190  2.620710775069878E-005
         191  2.932337053915700E-005
         192  1.037381566091067E-004
         193  1.342005934360670E-004
         194  3.335323537196454E-004
         195  2.331432170093081E-004
         196  4.442465792539010E-004
         197  2.346507078621155E-004
         198  1.715179177417988E-004
         199  1.409265111138739E-005
         200  2.438851253407741E-006
         201  8.306733658954989E-008
         202  9.691412331743973E-008
         203  2.421008526962685E-008
         204  7.970005814730307E-008
         205  7.016025191247262E-008
         206  2.212738906443378E-006
         207  1.464573589779339E-006
         208  2.451867092596414E-006
         209  1.550620885353136E-006
         226  6.004045198566453E-014
         227  4.646036714778516E-015
         230  2.829405286603327E-012
         231  6.974640505743104E-012
         232  5.420099342755192E-007
         234  9.212300593287282E-012
         235  1.498753965382864E-007
         236  1.460392337650837E-009
         238  1.676509517960542E-007
         240  2.830531176037564E-013
         244  3.455238045211870E-009
