           1  7.428050745538921E-005
           2  6.470609901488105E-012
           3  1.574717819390911E-008
           4  8.096256996038796E-005
           6  5.674563962362780E-015
           7  3.114017005274736E-012
           8  2.708281752318958E-013
           9  1.912633244112939E-009
          10  2.713051082138141E-014
          14  2.189634246289426E-015
          15  2.122857618819668E-012
          16  1.239619428308369E-009
          17  9.207158548971803E-011
          18  4.603843470170845E-010
          19  2.147309740508205E-010
          20  4.607040457178622E-009
          21  7.490645099910403E-010
          22  1.635988323273237E-009
          23  4.856108886807881E-009
          24  1.125402189692075E-008
          25  1.375916162911607E-008
          26  1.230505758650616E-008
          27  2.574667650997094E-009
          28  1.559115789793027E-009
          29  8.674591276436286E-010
          30  2.745661039538355E-009
          31  4.625035344370969E-010
          32  6.256547278964314E-010
          33  7.898900183372182E-010
          34  4.333640017012247E-009
          35  2.948431747525834E-010
          36  1.216316727580098E-009
          37  8.010652718688718E-010
          38  1.075813671637825E-009
          39  2.958787807587612E-010
          40  6.140615344476615E-010
          41  8.896925407443556E-010
          42  6.005859672807375E-009
          43  4.949730181163261E-010
          44  9.869831551514015E-010
          45  4.380287390625583E-009
          46  7.437121206249856E-009
          47  8.174632198895685E-009
          48  6.041907461396199E-009
          49  5.164033953642136E-010
          50  3.141882511525675E-009
          51  1.563847331539565E-009
          52  6.286940364997076E-009
          53  2.147990221108635E-010
          54  5.318410302116547E-010
          55  3.386404897166222E-010
          56  3.991713524704675E-010
          57  1.016774344282283E-010
          58  2.127677841675388E-010
          59  1.456588665851363E-010
          60  1.661183989900615E-010
          61  1.760765300379932E-010
          62  8.302238922276728E-010
          63  3.369745865909350E-010
          64  3.651506835987832E-010
          65  3.122230490550691E-010
          66  4.299963236146698E-010
          67  5.821275216191113E-010
          68  8.313173412023716E-010
          69  1.554785845995003E-010
          70  4.717464213298005E-010
          71  1.625449689782838E-010
          72  1.995072612020126E-010
          73  2.187123840634106E-010
          74  4.352164965691973E-010
          75  1.021032978908561E-009
          76  2.756018433790951E-009
          77  5.542318473706030E-009
          78  1.028826869865368E-008
          79  8.000135301150247E-009
          80  3.205491069001962E-008
          81  1.245311032780840E-008
          82  1.096450802866803E-008
          83  4.729903507653209E-009
          84  5.229235993596202E-009
          85  3.527797194993754E-009
          86  3.796839905373286E-009
          87  2.465787107180500E-009
          88  6.025923068099787E-009
          89  2.735227627941887E-009
          90  5.275502186869958E-009
          91  3.497450241475638E-009
          92  2.913178989163517E-009
          93  2.437891516586943E-009
          94  5.685009361385141E-009
          95  2.895453171772434E-009
          96  3.671132107127105E-009
          97  1.565809145884625E-009
          98  1.411610324391996E-009
          99  1.575276818030305E-009
         100  1.363298996931062E-009
         101  1.023030412780816E-009
         102  1.806241556738703E-009
         103  1.686082706252448E-009
         104  1.625043171714480E-009
         105  1.739170948082595E-009
         106  2.195446470171317E-009
         107  1.712175481352925E-009
         108  5.854245824509755E-009
         109  2.610288943420453E-009
         110  7.206175596243606E-009
         111  5.135328000010584E-009
         112  6.737886758212129E-009
         113  3.338251945453916E-009
         114  2.591314118869187E-009
         115  1.351548741382003E-009
         116  1.408445060439313E-009
         117  1.287431753404987E-009
         118  1.396842474649544E-009
         119  5.175192230484856E-010
         120  7.482412724697585E-010
         121  6.116393541696027E-010
         122  7.637725390548967E-010
         123  7.036417971015734E-010
         124  1.880125531118374E-008
         125  8.753161895099537E-008
         126  6.948882853205377E-007
         127  3.525105122188151E-006
         128  2.874532118079941E-005
         129  1.395994675298392E-004
         130  3.365011906071777E-004
         131  1.099059152774638E-003
         132  1.045900304231139E-003
         133  3.343866388021934E-005
         134  8.388099218198809E-005
         135  8.606588715179935E-005
         136  2.212274357783506E-004
         137  1.186909199746085E-004
         138  8.525009060535052E-005
         139  1.463036645689402E-005
         140  3.357389465147230E-005
         141  2.479570724287170E-005
         142  9.495091763824024E-006
         143  1.721160139637135E-006
         144  8.403353199623097E-006
         145  4.497477921128148E-006
         146  1.594465773495958E-005
         147  9.257176940096951E-006
         148  1.450079756584991E-005
         149  1.254001131245826E-005
         150  4.410530233795508E-005
         151  1.734558725405498E-005
         152  2.063710719469866E-005
         153  7.947699881310806E-006
         154  2.384202065560954E-005
         155  1.239536050242735E-005
         156  3.811201110010533E-005
         157  1.854479287267988E-005
         158  6.731581525896452E-005
         159  3.259056427320163E-005
         160  6.404571817848924E-005
         161  4.092859449192820E-005
         162  1.340423922259206E-004
         163  4.968653930071837E-005
         164  5.836544237069094E-005
         165  4.192621391806733E-005
         166  6.570129126617313E-005
         167  2.245049657110644E-005
         168  1.215713575081900E-004
         169  3.963720905601265E-005
         170  3.945982019626335E-005
         171  2.146410821856705E-005
         172  4.199325617469000E-005
         173  2.856852055880065E-005
         174  5.913288035304525E-005
         175  2.383314563583188E-005
         176  2.087019345713212E-005
         177  1.022553552036400E-005
         178  1.922777306808797E-005
         179  6.636235851092135E-006
         180  1.104845847133784E-005
         181  5.761271642093394E-006
         182  1.312492802127899E-005
         183  6.816324789451590E-006
         184  1.230144384213656E-005
         185  3.946609735051685E-006
         186  1.514882333981158E-005
         187  4.443606353645731E-006
         188  1.487837190251437E-005
         189  1.314842813011944E-005
         190  2.702424989385030E-005
         191  3.043755912546817E-005
         192  1.080454605456032E-004
         193  1.388287938594108E-004
         194  3.336540216867592E-004
         195  2.278567881958593E-004
         196  4.302664848317836E-004
         197  2.188855489374226E-004
         198  1.541105685515040E-004
         199  1.210619878832373E-005
         200  2.142210115670272E-006
         201  8.361161623548338E-008
         202  1.028548196435374E-007
         203  2.505769448105469E-008
         204  8.324055786803520E-008
         205  7.273544348381257E-008
         206  2.197664208845467E-006
         207  1.437190351596319E-006
         208  2.394037384468589E-006
         209  1.517008953937455E-006
         226  5.872131797904321E-014
         227  4.617300471847057E-015
         230  2.767241118802529E-012
         231  6.931501594831123E-012
         232  5.315361365613166E-007
         234  9.009899402258198E-012
         235  1.489484008925841E-007
         236  1.498286847530448E-009
         238  1.639675339595361E-007
         240  2.909172803774151E-013
         244  3.551236120199769E-009
