           1  7.450593408428754E-005
           2  6.470609901488105E-012
           3  1.574717819390911E-008
           4  8.333743802257671E-005
           6  5.674563962362780E-015
           7  3.114017005274736E-012
           8  2.708281752318958E-013
           9  1.912633244112939E-009
          10  2.713051082138141E-014
          14  2.000326395003887E-015
          15  1.983694476062570E-012
          16  1.213365701397995E-009
          17  9.072109136438518E-011
          18  4.531470726058667E-010
          19  2.049365164388588E-010
          20  4.479940193116017E-009
          21  7.494022946875668E-010
          22  1.685247996289022E-009
          23  4.746165000905116E-009
          24  1.107033695263315E-008
          25  1.338500088281212E-008
          26  1.238266074726998E-008
          27  2.756733495251947E-009
          28  1.620646867927552E-009
          29  8.157574751518077E-010
          30  2.713419535635812E-009
          31  4.787664336007422E-010
          32  5.966138810174436E-010
          33  7.410942042193415E-010
          34  4.485532563180798E-009
          35  2.972435759757349E-010
          36  1.164968643304904E-009
          37  8.245401332921762E-010
          38  1.103347255692154E-009
          39  2.957491710586829E-010
          40  5.842970516254796E-010
          41  8.335343150836864E-010
          42  6.006100050331712E-009
          43  5.091454372079580E-010
          44  9.164508947634199E-010
          45  4.084926459760001E-009
          46  7.332507105662083E-009
          47  8.295453370603860E-009
          48  6.206750194572019E-009
          49  5.288137137729736E-010
          50  3.148403028762071E-009
          51  1.560244292124108E-009
          52  6.322939335480075E-009
          53  2.268433142182644E-010
          54  5.768815117415109E-010
          55  3.798539316277625E-010
          56  4.082177818192614E-010
          57  1.057828304099004E-010
          58  2.037897454013723E-010
          59  1.419809690754861E-010
          60  1.576083465905294E-010
          61  1.603103474372753E-010
          62  7.877186484061426E-010
          63  3.268385153438032E-010
          64  3.513283999652831E-010
          65  3.026325915844179E-010
          66  4.249759978429459E-010
          67  5.780423207671868E-010
          68  8.743886697715511E-010
          69  1.651772656179284E-010
          70  4.973796807347177E-010
          71  1.712798777220950E-010
          72  2.060300594556007E-010
          73  2.068802331448537E-010
          74  4.145391324592215E-010
          75  9.576428789553762E-010
          76  2.699408005262807E-009
          77  5.447148312396863E-009
          78  1.026681117099344E-008
          79  7.803957236759089E-009
          80  3.192589319632646E-008
          81  1.221961176333018E-008
          82  1.082140765371659E-008
          83  4.650215142327878E-009
          84  4.992581165283225E-009
          85  3.394137596206798E-009
          86  3.652069510559651E-009
          87  2.355162225437952E-009
          88  5.925318256919264E-009
          89  2.805990504970409E-009
          90  5.339268152165973E-009
          91  3.375082305788104E-009
          92  2.702325590357806E-009
          93  2.296654346770361E-009
          94  5.706430896173844E-009
          95  2.873190729337981E-009
          96  3.468361604738796E-009
          97  1.498670321867447E-009
          98  1.376222526013880E-009
          99  1.537092142702411E-009
         100  1.352560690370694E-009
         101  1.030704767482868E-009
         102  1.770635837007103E-009
         103  1.656103252277183E-009
         104  1.581725081870305E-009
         105  1.644122036624979E-009
         106  2.054962673347556E-009
         107  1.589656398013503E-009
         108  5.273279906224908E-009
         109  2.396432449204451E-009
         110  6.937242867285290E-009
         111  4.960526603570846E-009
         112  6.663079171535388E-009
         113  3.369628466890258E-009
         114  2.691721547245276E-009
         115  1.429405828380197E-009
         116  1.514613934664947E-009
         117  1.386601111603256E-009
         118  1.502724515637053E-009
         119  5.521735453348485E-010
         120  7.845047707552605E-010
         121  6.362899332217177E-010
         122  8.146805233530770E-010
         123  6.979673938532009E-010
         124  1.761590460058426E-008
         125  7.063935180965283E-008
         126  5.756065458187033E-007
         127  2.985143903834981E-006
         128  2.509395196356309E-005
         129  1.271807066961079E-004
         130  3.279866881086441E-004
         131  1.087327399252996E-003
         132  1.046251277817560E-003
         133  3.274272796161951E-005
         134  8.314998740936108E-005
         135  8.733394210266063E-005
         136  2.159075603462729E-004
         137  1.156037107638596E-004
         138  8.771734844525820E-005
         139  1.407996656637382E-005
         140  3.321129341362751E-005
         141  2.392286696991634E-005
         142  9.618348491718384E-006
         143  1.692337480689429E-006
         144  7.064221117410415E-006
         145  3.356146582846873E-006
         146  1.323256137938528E-005
         147  1.255094586804570E-005
         148  2.504454940310720E-005
         149  1.637092705598876E-005
         150  2.104227326057393E-005
         151  9.613781509395893E-006
         152  2.397836192418466E-005
         153  1.591786187989951E-005
         154  4.713824515880306E-005
         155  2.816687554973466E-005
         156  3.486967050970716E-005
         157  1.786474557033300E-005
         158  5.160375139167985E-005
         159  2.550996649132645E-005
         160  7.039939494743951E-005
         161  4.023686006900613E-005
         162  1.438386633997055E-004
         163  5.131462722027362E-005
         164  6.430433920942056E-005
         165  4.672001509818299E-005
         166  1.942953147213590E-004
         167  4.371114403711199E-005
         168  7.115642849642578E-005
         169  2.226956473314401E-005
         170  3.242078309577681E-005
         171  2.889019978156797E-005
         172  5.604325442779187E-005
         173  2.296152784745125E-005
         174  3.102475094827700E-005
         175  1.826989958569571E-005
         176  2.389928287979569E-005
         177  1.173791387063979E-005
         178  2.015221270538238E-005
         179  5.847960756298381E-006
         180  8.629835274026486E-006
         181  4.659731054514756E-006
         182  1.105320226227376E-005
         183  5.820977043589874E-006
         184  1.044009503365163E-005
         185  3.311738969336234E-006
         186  1.273395788752716E-005
         187  3.692636366948851E-006
         188  1.191107209804406E-005
         189  1.049119437490718E-005
         190  2.225187471857931E-005
         191  2.704889737471731E-005
         192  9.629539020089965E-005
         193  1.243348748356398E-004
         194  3.045850772143753E-004
         195  2.213606406978733E-004
         196  4.399814427484531E-004
         197  2.302164723442120E-004
         198  1.681185695718894E-004
         199  1.331910229039267E-005
         200  2.396176494232846E-006
         201  9.057687451867193E-008
         202  1.112828236738569E-007
         203  2.725322831866641E-008
         204  8.160102406098199E-008
         205  6.992951609840636E-008
         206  2.345816935491676E-006
         207  1.524854626675931E-006
         208  2.561943224469256E-006
         209  1.658300763256918E-006
         210  1.006363116949906E-015
         226  7.126967317266542E-014
         227  5.512438747812223E-015
         230  3.358582145540438E-012
         231  8.275285137894520E-012
         232  6.263197375203480E-007
         234  1.093525499456098E-011
         235  1.778244542479379E-007
         236  1.770500385504240E-009
         238  1.990063056894365E-007
         240  3.433995221564186E-013
         244  4.191888447324727E-009
