           1  7.406384411828654E-005
           2  6.470609901488105E-012
           3  1.574717819390911E-008
           4  8.063333506833477E-005
           6  5.674563962362780E-015
           7  3.114017005274736E-012
           8  2.708281752318958E-013
           9  1.912633244112939E-009
          10  2.713051082138141E-014
          14  2.030695792810075E-015
          15  2.229622026050310E-012
          16  1.247858729014907E-009
          17  9.266956008215188E-011
          18  4.705326966494622E-010
          19  2.264859152064045E-010
          20  4.533396516483813E-009
          21  7.476205769075076E-010
          22  1.771751258233121E-009
          23  4.778882125793370E-009
          24  1.114123321461711E-008
          25  1.357811749521371E-008
          26  1.215138992846804E-008
          27  2.640334699584700E-009
          28  1.644224494296121E-009
          29  9.290857874370469E-010
          30  2.952866774334183E-009
          31  5.180557725652160E-010
          32  6.463714221653722E-010
          33  7.544322982768617E-010
          34  4.422582050663626E-009
          35  3.088321061914432E-010
          36  1.251170006796600E-009
          37  6.889816305022495E-010
          38  8.826341991257537E-010
          39  2.639794229281988E-010
          40  6.363328325036138E-010
          41  9.498707163878330E-010
          42  6.217515537820096E-009
          43  5.349130265008724E-010
          44  9.652212097572241E-010
          45  4.204908162230595E-009
          46  7.322659345867868E-009
          47  8.307580811184380E-009
          48  6.274453462854205E-009
          49  4.565625923994923E-010
          50  3.135573535509477E-009
          51  1.636783035955557E-009
          52  6.262124539279800E-009
          53  1.944660559107126E-010
          54  4.451197602308945E-010
          55  3.000251050579746E-010
          56  3.983397254477905E-010
          57  1.063410621621091E-010
          58  2.176320499462271E-010
          59  1.518330851530823E-010
          60  1.687988147223040E-010
          61  1.677117019649036E-010
          62  8.154346793127076E-010
          63  3.392868768079287E-010
          64  3.707848302053261E-010
          65  3.205933355064679E-010
          66  4.508556000596391E-010
          67  5.925892734195211E-010
          68  8.606737565622680E-010
          69  1.595518630574029E-010
          70  4.773878350206059E-010
          71  1.659834426158181E-010
          72  2.065117591135251E-010
          73  2.196235319628312E-010
          74  4.294197920715050E-010
          75  9.635097033656267E-010
          76  2.661568717594023E-009
          77  5.370155868383802E-009
          78  1.045703985486041E-008
          79  8.034496848466418E-009
          80  3.216095509556650E-008
          81  1.206986799084423E-008
          82  1.085262466252654E-008
          83  4.776960242016672E-009
          84  5.606711565887136E-009
          85  3.715703246508915E-009
          86  3.954691490925293E-009
          87  2.385023799332977E-009
          88  5.684053281270712E-009
          89  2.696452831414314E-009
          90  5.260059489376143E-009
          91  3.499847146643117E-009
          92  2.974839013417111E-009
          93  2.453416132796308E-009
          94  5.462333235394916E-009
          95  2.819044035226362E-009
          96  3.579282841746795E-009
          97  1.556303229241425E-009
          98  1.426372451842148E-009
          99  1.596166992063840E-009
         100  1.399964049291511E-009
         101  1.036798419090196E-009
         102  1.780931357273745E-009
         103  1.671285781643814E-009
         104  1.629141656892267E-009
         105  1.738377313848967E-009
         106  2.165649509340443E-009
         107  1.651763336484592E-009
         108  5.542603528945061E-009
         109  2.494304755715229E-009
         110  6.963035220341482E-009
         111  4.966860994094185E-009
         112  6.642394841513534E-009
         113  3.347619166469353E-009
         114  2.656014510642384E-009
         115  1.405014382442383E-009
         116  1.464785824676806E-009
         117  1.290270729203489E-009
         118  1.398444843607092E-009
         119  5.324712169918210E-010
         120  7.600693703803761E-010
         121  6.218175568921852E-010
         122  7.741172168290970E-010
         123  6.966173334288541E-010
         124  1.704884155464112E-008
         125  7.660779785382589E-008
         126  6.210828445148072E-007
         127  3.193564393980946E-006
         128  2.665627276460370E-005
         129  1.333107107367458E-004
         130  3.365149855567430E-004
         131  1.111140783561435E-003
         132  1.056825170962322E-003
         133  3.412900904404685E-005
         134  8.393925529358213E-005
         135  7.666156790749537E-005
         136  2.170570894228037E-004
         137  1.204616585187268E-004
         138  9.334814704959188E-005
         139  1.442858857638263E-005
         140  3.263246416624254E-005
         141  2.396683808256568E-005
         142  9.309166016069022E-006
         143  1.512496773359340E-006
         144  5.503444551423925E-006
         145  1.781463667500877E-006
         146  5.547944659869952E-006
         147  5.601265322204597E-006
         148  9.130143552235646E-006
         149  6.783500942022723E-006
         150  1.485377197505554E-005
         151  1.372556539236532E-005
         152  5.452057351871888E-005
         153  2.895167713566258E-005
         154  3.257359381235669E-005
         155  1.277486521526318E-005
         156  2.147593408316516E-005
         157  1.280599736984325E-005
         158  3.842440551055344E-005
         159  4.875144536030189E-005
         160  7.793142523025006E-005
         161  3.811478218741548E-005
         162  1.275315963184402E-004
         163  4.576551903844661E-005
         164  5.248553720257769E-005
         165  4.243728937755047E-005
         166  7.206789055964808E-005
         167  2.987202893941340E-005
         168  1.333656455568296E-004
         169  4.061191466490562E-005
         170  2.997584646840457E-005
         171  1.739300861006765E-005
         172  5.763932457884479E-005
         173  2.940525625573954E-005
         174  4.054374426634617E-005
         175  2.935999977199878E-005
         176  4.533992645461549E-005
         177  2.226499346989335E-005
         178  3.303968451621701E-005
         179  9.126698420970846E-006
         180  1.186268859247517E-005
         181  5.941502708953685E-006
         182  1.306423820160135E-005
         183  6.533750845278513E-006
         184  1.133077407901485E-005
         185  3.504600480243859E-006
         186  1.294676103547633E-005
         187  3.759389329303111E-006
         188  1.223938717219985E-005
         189  1.058282556347287E-005
         190  2.212154596647667E-005
         191  2.587566535600807E-005
         192  9.378915619810891E-005
         193  1.239604929030410E-004
         194  3.096855798684062E-004
         195  2.226434160795629E-004
         196  4.389358075242717E-004
         197  2.308406825633222E-004
         198  1.693029377000577E-004
         199  1.351126195975004E-005
         200  2.503555449617793E-006
         201  9.928593258743365E-008
         202  1.227042028870852E-007
         203  2.998081952995322E-008
         204  1.052917225252370E-007
         205  9.109528035704791E-008
         206  2.295624041089871E-006
         207  1.524828004707844E-006
         208  2.488325712283352E-006
         209  1.564704192607700E-006
         226  5.689601909693762E-014
         227  4.473544416002319E-015
         230  2.681223939786392E-012
         231  6.715694688516485E-012
         232  5.205608556590460E-007
         234  8.729834855466263E-012
         235  1.443110083799557E-007
         236  1.419866259554446E-009
         238  1.588707519604539E-007
         240  2.753506018427514E-013
         244  3.361213200240810E-009
