           1  7.418752977366603E-005
           2  6.470609901488105E-012
           3  1.574717819390911E-008
           4  8.114001009269404E-005
           6  5.674563962362780E-015
           7  3.114017005274736E-012
           8  2.708281752318958E-013
           9  1.912633244112939E-009
          10  2.713051082138141E-014
          14  2.317764811402863E-015
          15  2.155563264061851E-012
          16  1.274834396253756E-009
          17  9.398451212486111E-011
          18  4.607128290223400E-010
          19  2.150407661883407E-010
          20  4.760490202767813E-009
          21  7.683030555650100E-010
          22  1.559453174471465E-009
          23  4.989394914498667E-009
          24  1.149566212071184E-008
          25  1.406975607948947E-008
          26  1.202490376870714E-008
          27  2.522887910879914E-009
          28  1.555257688203023E-009
          29  8.726379631054883E-010
          30  2.681385358853698E-009
          31  4.656000931397609E-010
          32  6.474899927941215E-010
          33  8.201211097123253E-010
          34  4.298731623457963E-009
          35  2.928866641395852E-010
          36  1.186642319845187E-009
          37  7.875572247044404E-010
          38  1.056405187635126E-009
          39  2.998976393890359E-010
          40  6.304075046240843E-010
          41  9.041659685806136E-010
          42  6.029968550802018E-009
          43  5.164016920622937E-010
          44  1.026688717788896E-009
          45  4.572054352933622E-009
          46  7.504961668551934E-009
          47  8.069455285789683E-009
          48  5.931789702326233E-009
          49  5.134128918971419E-010
          50  3.104840003547880E-009
          51  1.560755964598729E-009
          52  6.265669811626301E-009
          53  2.164755370987523E-010
          54  5.192512196807263E-010
          55  3.285698939781810E-010
          56  3.968742138555275E-010
          57  1.057079413625940E-010
          58  2.075014027495735E-010
          59  1.452725393890723E-010
          60  1.747129838123605E-010
          61  1.840526427807480E-010
          62  8.644663420423579E-010
          63  3.498395001439309E-010
          64  3.589766253066447E-010
          65  3.038880220818019E-010
          66  4.388016113649373E-010
          67  5.788550229903831E-010
          68  8.326818253768942E-010
          69  1.529033913299955E-010
          70  4.565116312429122E-010
          71  1.590655303871992E-010
          72  2.021436353639822E-010
          73  2.204892421231786E-010
          74  4.525223917093934E-010
          75  1.072759316534920E-009
          76  2.810764456926521E-009
          77  5.495705732449518E-009
          78  1.030981257526063E-008
          79  8.157852028395192E-009
          80  3.227818583681990E-008
          81  1.269326024218115E-008
          82  1.095812715960228E-008
          83  4.730942597062966E-009
          84  5.373173943692718E-009
          85  3.560577070898712E-009
          86  3.869918355369666E-009
          87  2.639423968375778E-009
          88  6.167847303992633E-009
          89  2.727355579535360E-009
          90  5.271330737406388E-009
          91  3.687212014585215E-009
          92  3.110076212128687E-009
          93  2.536326697185801E-009
          94  5.650081067193702E-009
          95  2.937809258224078E-009
          96  3.551827101283721E-009
          97  1.549475971951798E-009
          98  1.432013050813709E-009
          99  1.598112144735405E-009
         100  1.409556533098537E-009
         101  1.034166000416215E-009
         102  1.807587778660116E-009
         103  1.714188609649651E-009
         104  1.679683541484899E-009
         105  1.813791878419038E-009
         106  2.351698653600172E-009
         107  1.810769652411770E-009
         108  6.181924312064267E-009
         109  2.720841925553009E-009
         110  7.267786527025655E-009
         111  5.177172229741476E-009
         112  6.810004451883112E-009
         113  3.428707559512763E-009
         114  2.688993238044263E-009
         115  1.396491399030687E-009
         116  1.437406152725500E-009
         117  1.285513821173099E-009
         118  1.375709378916741E-009
         119  5.044755679476547E-010
         120  7.122710742708719E-010
         121  5.825230404204876E-010
         122  7.454241804433993E-010
         123  7.002909957553456E-010
         124  1.949782055619429E-008
         125  9.091473016731572E-008
         126  7.348928454628052E-007
         127  3.691344839563533E-006
         128  2.976845372347355E-005
         129  1.442386011549415E-004
         130  3.412395224673414E-004
         131  1.114082933264974E-003
         132  1.045853086470891E-003
         133  3.313635434588211E-005
         134  8.213968879253789E-005
         135  8.646978157850737E-005
         136  2.216310823864643E-004
         137  1.183702928982524E-004
         138  8.314111757226804E-005
         139  1.452984688103888E-005
         140  3.247270279779812E-005
         141  2.401370604604628E-005
         142  9.172318187088244E-006
         143  1.532743470094567E-006
         144  6.320351745726199E-006
         145  2.946052439168602E-006
         146  1.011785314393289E-005
         147  6.972535008838881E-006
         148  1.964118212511883E-005
         149  1.542848201698848E-005
         150  2.701666817595668E-005
         151  1.709788090370828E-005
         152  4.012261094557267E-005
         153  1.753122406676081E-005
         154  2.982021676673639E-005
         155  1.305574971259113E-005
         156  1.908158924033044E-005
         157  1.037626804439266E-005
         158  2.255392594601519E-005
         159  1.207979068641328E-005
         160  3.208154849127394E-005
         161  2.038278499701078E-005
         162  6.183594546708324E-005
         163  4.155404513543299E-005
         164  1.164038309202310E-004
         165  6.288735614574381E-005
         166  1.541567666969098E-004
         167  3.407900516735557E-005
         168  1.069839970023448E-004
         169  4.531979584920696E-005
         170  4.923040351158964E-005
         171  3.073442846619022E-005
         172  4.514716408229265E-005
         173  2.684548200494349E-005
         174  5.462943982644709E-005
         175  2.547264612046027E-005
         176  4.546889491442163E-005
         177  1.477236854568727E-005
         178  1.057545423919304E-005
         179  5.192245289351115E-006
         180  1.172899765039218E-005
         181  5.895529866193156E-006
         182  1.344906787438935E-005
         183  7.229506877262332E-006
         184  1.369546280562627E-005
         185  4.452296910855882E-006
         186  1.731863993699066E-005
         187  5.067417237704745E-006
         188  1.679343975497215E-005
         189  1.442499366630272E-005
         190  2.974458473000337E-005
         191  3.153950675966261E-005
         192  1.098310321135803E-004
         193  1.413162329328047E-004
         194  3.430790767900864E-004
         195  2.249529491051138E-004
         196  4.060941216917413E-004
         197  2.093858631466562E-004
         198  1.482491761325089E-004
         199  1.192950095098126E-005
         200  2.132055972920395E-006
         201  8.312731766655561E-008
         202  1.001893330405943E-007
         203  2.407374763989738E-008
         204  8.682666557984947E-008
         205  7.679200950193747E-008
         206  2.210502793983692E-006
         207  1.450466113853857E-006
         208  2.419224305914116E-006
         209  1.519642088941649E-006
         226  6.028645541066606E-014
         227  4.651217471391237E-015
         230  2.840998193855058E-012
         231  6.982417868932368E-012
         232  5.400117020555900E-007
         234  9.250046103574803E-012
         235  1.500425213371994E-007
         236  1.553129550192779E-009
         238  1.683378671503299E-007
         240  3.016983094596317E-013
         244  3.682840471237364E-009
