           1  7.419624879079659E-005
           2  6.470609901488105E-012
           3  1.574717819390911E-008
           4  8.203759724217289E-005
           6  5.674563962362780E-015
           7  3.114017005274736E-012
           8  2.708281752318958E-013
           9  1.912633244112939E-009
          10  2.713051082138141E-014
          14  2.173328146797299E-015
          15  2.135059220223542E-012
          16  1.258436913965467E-009
          17  9.321372193927769E-011
          18  4.514321283520622E-010
          19  2.015272625926471E-010
          20  4.686439643517551E-009
          21  7.736210759258499E-010
          22  1.565348812396716E-009
          23  4.925492803487244E-009
          24  1.138694705569766E-008
          25  1.381427463470595E-008
          26  1.197205610476386E-008
          27  2.633113787658740E-009
          28  1.598545778942085E-009
          29  8.224138590039823E-010
          30  2.649756677052165E-009
          31  4.747784112624087E-010
          32  6.212063622499161E-010
          33  8.015839852853107E-010
          34  4.418006741826347E-009
          35  2.919211675903895E-010
          36  1.134463194990663E-009
          37  8.108368642578275E-010
          38  1.091639427621996E-009
          39  3.091261597653964E-010
          40  6.184906368665735E-010
          41  8.676611276323998E-010
          42  6.110755750711783E-009
          43  5.307424611559364E-010
          44  9.765110635409095E-010
          45  4.385620522121280E-009
          46  7.417629774701103E-009
          47  8.100496773296367E-009
          48  5.998544013299789E-009
          49  5.265109481414449E-010
          50  3.105971159122239E-009
          51  1.550475981940565E-009
          52  6.314443351373427E-009
          53  2.259311137695959E-010
          54  5.556359889162539E-010
          55  3.641545330009173E-010
          56  4.078650222862175E-010
          57  1.096928039245221E-010
          58  2.021679459951305E-010
          59  1.427768539913766E-010
          60  1.692478540371380E-010
          61  1.760244954414853E-010
          62  8.516805897409205E-010
          63  3.491170886150348E-010
          64  3.517746095630938E-010
          65  2.970529364305057E-010
          66  4.337229621116311E-010
          67  5.794479489067890E-010
          68  8.734551299797658E-010
          69  1.617500102182699E-010
          70  4.790265340780175E-010
          71  1.658313138490000E-010
          72  2.063264696957056E-010
          73  2.103699585429034E-010
          74  4.408454568059721E-010
          75  1.044948007227349E-009
          76  2.802606889752181E-009
          77  5.418897472617978E-009
          78  1.018465689804244E-008
          79  7.973506632441614E-009
          80  3.230561745682330E-008
          81  1.238277365658848E-008
          82  1.081133092969217E-008
          83  4.673894387467044E-009
          84  5.155933798487321E-009
          85  3.450691931460218E-009
          86  3.752490768953985E-009
          87  2.553122987641010E-009
          88  6.145881883817899E-009
          89  2.791872618497033E-009
          90  5.323557059199739E-009
          91  3.582177581258519E-009
          92  2.933995738421427E-009
          93  2.435857099883160E-009
          94  5.786244844818313E-009
          95  2.956296616632767E-009
          96  3.376064550401459E-009
          97  1.486168136942101E-009
          98  1.396418558398932E-009
          99  1.555188083976053E-009
         100  1.386582059319439E-009
         101  1.034753563198670E-009
         102  1.789028255295557E-009
         103  1.710491898386371E-009
         104  1.655864478092357E-009
         105  1.741920876641983E-009
         106  2.255750056517838E-009
         107  1.732976149619161E-009
         108  5.793756450388462E-009
         109  2.585930108492842E-009
         110  7.121781245191874E-009
         111  5.042687308729932E-009
         112  6.720070016453847E-009
         113  3.433567821232080E-009
         114  2.746744256087599E-009
         115  1.443596098296326E-009
         116  1.499584670352123E-009
         117  1.323452197911142E-009
         118  1.404492147468394E-009
         119  5.176225253720381E-010
         120  7.204468313327129E-010
         121  5.849694284465398E-010
         122  7.511044424390126E-010
         123  6.777990786237308E-010
         124  1.773261414604571E-008
         125  7.827279958812686E-008
         126  6.438537668903818E-007
         127  3.282890270933530E-006
         128  2.707614915880198E-005
         129  1.346755388612717E-004
         130  3.325327887237110E-004
         131  1.103234020144129E-003
         132  1.049368117595901E-003
         133  3.309521092580466E-005
         134  8.318118789344329E-005
         135  8.850585848437024E-005
         136  2.218334098623248E-004
         137  1.185978395115098E-004
         138  8.593987151460560E-005
         139  1.335730127954581E-005
         140  2.973253492679022E-005
         141  2.120757972977052E-005
         142  8.340508170915537E-006
         143  1.401774187356753E-006
         144  5.286325341689703E-006
         145  2.522577715139214E-006
         146  1.165206712130501E-005
         147  1.526268380824891E-005
         148  2.448621363340847E-005
         149  1.439335612420966E-005
         150  2.775433920008536E-005
         151  1.444989773983968E-005
         152  2.416178464663190E-005
         153  1.069380034819114E-005
         154  4.185887858452677E-005
         155  2.614697408832141E-005
         156  6.952240445500057E-005
         157  2.680169244679642E-005
         158  3.709653145181133E-005
         159  1.743527716671779E-005
         160  4.510044953474189E-005
         161  2.929524466754579E-005
         162  6.576043434699855E-005
         163  7.519645155902320E-005
         164  9.349622976745176E-005
         165  3.801496353948375E-005
         166  6.443175956980908E-005
         167  6.453184260120277E-005
         168  1.514520785909865E-004
         169  3.662415353262768E-005
         170  3.274039817066253E-005
         171  2.460027646796665E-005
         172  3.694052584810574E-005
         173  2.124380303493401E-005
         174  4.452781703236979E-005
         175  2.280500140471928E-005
         176  2.795588385768311E-005
         177  1.332229194699026E-005
         178  1.731723823320204E-005
         179  7.077464827710862E-006
         180  1.253324491348572E-005
         181  5.917803864601906E-006
         182  1.285185621484065E-005
         183  6.767779355547676E-006
         184  1.238717554330015E-005
         185  3.944183845961991E-006
         186  1.513024542776627E-005
         187  4.353839722280859E-006
         188  1.393621248103408E-005
         189  1.199234840821377E-005
         190  2.519447286934383E-005
         191  2.850151323165139E-005
         192  1.003875431939182E-004
         193  1.309653783341447E-004
         194  3.246106262349568E-004
         195  2.246465264984922E-004
         196  4.281798847301494E-004
         197  2.263883111879741E-004
         198  1.655525397370232E-004
         199  1.341891500301877E-005
         200  2.427826859534202E-006
         201  9.130285030794904E-008
         202  1.100890347271551E-007
         203  2.678781714524532E-008
         204  8.694227783502149E-008
         205  7.572863843580585E-008
         206  2.298273201948744E-006
         207  1.516173370276317E-006
         208  2.543351168555719E-006
         209  1.603287466917790E-006
         226  6.254074713623275E-014
         227  4.797220264406162E-015
         230  2.947231653379770E-012
         231  7.201597582014352E-012
         232  5.567816121958487E-007
         234  9.595933123310080E-012
         235  1.547523908113696E-007
         236  1.551147459778975E-009
         238  1.746325258498922E-007
         240  3.010204494449775E-013
         244  3.674565813350572E-009
