           1  7.492401113785145E-005
           2  6.470609901488105E-012
           3  1.574717819390911E-008
           4  8.286355769244596E-005
           6  5.674563962362780E-015
           7  3.114017005274736E-012
           8  2.708281752318958E-013
           9  1.912633244112939E-009
          10  2.713051082138141E-014
          14  1.834103274207115E-015
          15  1.779924064215193E-012
          16  1.223875576918192E-009
          17  9.101230196399161E-011
          18  4.424799802198518E-010
          19  1.941297157012696E-010
          20  4.695701107662862E-009
          21  7.613703530292286E-010
          22  1.459132665255091E-009
          23  4.950157152019257E-009
          24  1.139431288153298E-008
          25  1.391543490024615E-008
          26  1.172038166187049E-008
          27  2.452891018387698E-009
          28  1.513505860779735E-009
          29  8.071688425170369E-010
          30  2.532553901479412E-009
          31  4.310044095919358E-010
          32  6.220091997433133E-010
          33  8.453928459269075E-010
          34  4.306385590377774E-009
          35  2.785985426801662E-010
          36  1.118594328688595E-009
          37  8.023908759723994E-010
          38  1.094824010477640E-009
          39  3.052458516294689E-010
          40  6.142241010568153E-010
          41  8.729023324972049E-010
          42  6.041712268355242E-009
          43  4.958313152259276E-010
          44  1.012922329019918E-009
          45  4.592124723471145E-009
          46  7.440940993093397E-009
          47  7.946988568438859E-009
          48  5.820645892428387E-009
          49  5.313418991137396E-010
          50  3.105987415884807E-009
          51  1.529922529733027E-009
          52  6.204484270027082E-009
          53  2.248286476233273E-010
          54  5.728626763496897E-010
          55  3.639700324207968E-010
          56  4.054098433766631E-010
          57  1.042707126285367E-010
          58  2.070178468582132E-010
          59  1.436896383882332E-010
          60  1.730334761175227E-010
          61  1.896057808963875E-010
          62  8.842409554417685E-010
          63  3.539913189303016E-010
          64  3.612198974978831E-010
          65  3.059555646826202E-010
          66  4.320207875785473E-010
          67  5.885351902339931E-010
          68  8.563537693020058E-010
          69  1.597240128957707E-010
          70  4.809477795279665E-010
          71  1.651584495526864E-010
          72  2.030781167029581E-010
          73  2.184762019537469E-010
          74  4.618252444472371E-010
          75  1.133713753298795E-009
          76  2.933280315790975E-009
          77  5.576212709490701E-009
          78  1.007844865338076E-008
          79  7.955857111949454E-009
          80  3.187939252484061E-008
          81  1.206494380010882E-008
          82  1.024064882820920E-008
          83  4.358740210219412E-009
          84  5.016412071844509E-009
          85  3.371705625183445E-009
          86  3.654047604547798E-009
          87  2.506646222442600E-009
          88  5.978952758779159E-009
          89  2.685676343522568E-009
          90  5.180735567691056E-009
          91  3.426513319455253E-009
          92  2.844447466560995E-009
          93  2.384290760012371E-009
          94  5.627723620797507E-009
          95  2.802172191999238E-009
          96  3.277980301381797E-009
          97  1.403133270838997E-009
          98  1.298561121654013E-009
          99  1.453127230140050E-009
         100  1.262095729319852E-009
         101  9.633848512023487E-010
         102  1.714207776171609E-009
         103  1.627543976597217E-009
         104  1.572358344073477E-009
         105  1.695401952821606E-009
         106  2.210233617429903E-009
         107  1.734139602262066E-009
         108  5.856704482510780E-009
         109  2.587265612410971E-009
         110  6.922799679266294E-009
         111  4.875788975970759E-009
         112  6.282368136480943E-009
         113  3.102724532305185E-009
         114  2.394645862566370E-009
         115  1.248387409085276E-009
         116  1.277379631098702E-009
         117  1.152009046240794E-009
         118  1.232894656217349E-009
         119  4.529018536487185E-010
         120  6.449910278101174E-010
         121  5.218658526988707E-010
         122  6.929682365406726E-010
         123  6.435409152852876E-010
         124  2.016939701961768E-008
         125  8.849565760895249E-008
         126  7.132822380167159E-007
         127  3.664073441732074E-006
         128  2.977977385939386E-005
         129  1.415709730872852E-004
         130  3.281819379784228E-004
         131  1.073240286529926E-003
         132  1.004241897865698E-003
         133  3.287165291087562E-005
         134  8.251284033894096E-005
         135  8.291804772719060E-005
         136  2.062383656999320E-004
         137  1.111084390111936E-004
         138  8.725461749455205E-005
         139  1.441336334099413E-005
         140  3.316634752908564E-005
         141  2.533239269664463E-005
         142  9.898148392769958E-006
         143  1.808188011095545E-006
         144  8.721525808462016E-006
         145  5.365933389401858E-006
         146  2.104512693448193E-005
         147  1.440768594220000E-005
         148  2.034347565976913E-005
         149  1.676933612721765E-005
         150  5.538632072321656E-005
         151  2.646555744906785E-005
         152  5.500232735155850E-005
         153  2.466407373109235E-005
         154  5.724331538182442E-005
         155  2.788885116906780E-005
         156  3.466270473170279E-005
         157  1.447357671134113E-005
         158  2.540873788233552E-005
         159  1.516880624245632E-005
         160  6.247513562367889E-005
         161  4.383078010477061E-005
         162  8.891792327101956E-005
         163  4.727916894008324E-005
         164  1.133034100787294E-004
         165  7.327841793284283E-005
         166  1.479806326895731E-004
         167  2.990229384133454E-005
         168  7.360153132072689E-005
         169  2.679480262467329E-005
         170  3.233208885879703E-005
         171  2.546913182458024E-005
         172  5.582525958572242E-005
         173  2.267692269042910E-005
         174  3.328186984046282E-005
         175  2.156522064275571E-005
         176  4.866958916889348E-005
         177  1.873871318951066E-005
         178  2.035721461732116E-005
         179  5.829404777145146E-006
         180  9.384997743188831E-006
         181  5.199379277335344E-006
         182  1.284857197170394E-005
         183  7.110194353254040E-006
         184  1.353213628766164E-005
         185  4.407640885637413E-006
         186  1.742590917272211E-005
         187  5.045778195146595E-006
         188  1.663605417382160E-005
         189  1.467683758338377E-005
         190  2.986047534716657E-005
         191  3.275222757380172E-005
         192  1.124845949212819E-004
         193  1.418021312511193E-004
         194  3.341603738424470E-004
         195  2.182002456350076E-004
         196  3.964280092554197E-004
         197  2.005043299850919E-004
         198  1.386795490135481E-004
         199  1.089567410621697E-005
         200  2.009381895759337E-006
         201  8.363508243685593E-008
         202  1.076262627726467E-007
         203  2.687745046370173E-008
         204  7.857042862891001E-008
         205  6.645621538777716E-008
         206  2.296109829163717E-006
         207  1.490493494754498E-006
         208  2.533946204494698E-006
         209  1.608488017500401E-006
         226  6.705863266965726E-014
         227  5.109597885187105E-015
         230  3.160136932900186E-012
         231  7.670539551425865E-012
         232  5.791881034424631E-007
         234  1.028913442682306E-011
         235  1.648293063973590E-007
         236  1.766563482372785E-009
         238  1.872478174530451E-007
         240  3.436182149526821E-013
         244  4.194558036963098E-009
