           1  7.480992166558749E-005
           2  6.470609901488105E-012
           3  1.574717819390911E-008
           4  8.267015407882505E-005
           6  5.674563962362780E-015
           7  3.114017005274736E-012
           8  2.708281752318958E-013
           9  1.912633244112939E-009
          10  2.713051082138141E-014
          14  1.787883130349809E-015
          15  1.853838252112550E-012
          16  1.256157178219233E-009
          17  9.297502908445694E-011
          18  4.322633709827521E-010
          19  1.781645482897360E-010
          20  4.649152119872396E-009
          21  7.803174448339935E-010
          22  1.631802275214664E-009
          23  4.883489257673376E-009
          24  1.133430457656672E-008
          25  1.360724686907370E-008
          26  1.157037761220282E-008
          27  2.591334081711679E-009
          28  1.633694737134204E-009
          29  8.033612921795426E-010
          30  2.687656815441959E-009
          31  4.785706597829166E-010
          32  5.854796113963753E-010
          33  8.223837798351851E-010
          34  4.472103441719769E-009
          35  2.805450828367923E-010
          36  1.053518023690939E-009
          37  7.271425990429442E-010
          38  9.771723184851232E-010
          39  2.953097087411075E-010
          40  6.220994657611010E-010
          41  8.840794612287658E-010
          42  6.471342373140616E-009
          43  5.537755905072242E-010
          44  9.489823462902158E-010
          45  4.246324471219091E-009
          46  7.202445284894161E-009
          47  7.980623296046156E-009
          48  5.987354282278614E-009
          49  5.001900858916955E-010
          50  3.112281003882202E-009
          51  1.576939680852737E-009
          52  6.299280391009429E-009
          53  2.169080546968014E-010
          54  5.374152976013418E-010
          55  3.857273286162093E-010
          56  4.334035142648472E-010
          57  1.148533244259036E-010
          58  2.144374299037535E-010
          59  1.506723847291290E-010
          60  1.692521304636143E-010
          61  1.748089743505699E-010
          62  8.681923593785541E-010
          63  3.550320974633710E-010
          64  3.619615298601441E-010
          65  3.073039363522398E-010
          66  4.360835160109383E-010
          67  5.876678888044285E-010
          68  9.125978515388918E-010
          69  1.724098651518633E-010
          70  5.223923209595905E-010
          71  1.795872184210058E-010
          72  2.149694543320889E-010
          73  2.091087860652919E-010
          74  4.397390470945734E-010
          75  1.056773464318107E-009
          76  2.858228713389062E-009
          77  5.380507481548108E-009
          78  1.008688120078288E-008
          79  7.874026169117225E-009
          80  3.281740738441272E-008
          81  1.126891961716165E-008
          82  1.009058649675645E-008
          83  4.472471135779781E-009
          84  5.092727563843460E-009
          85  3.452849481515465E-009
          86  3.721682020624836E-009
          87  2.391929971595970E-009
          88  5.879674205842961E-009
          89  2.775795738436337E-009
          90  5.347610196340806E-009
          91  3.445530279203176E-009
          92  2.739687943742731E-009
          93  2.313743606945425E-009
          94  5.730159008508692E-009
          95  2.851315268561577E-009
          96  3.118512671038284E-009
          97  1.351935155233518E-009
          98  1.262457271314632E-009
          99  1.421132593539070E-009
         100  1.266517656585481E-009
         101  9.712710801110314E-010
         102  1.728726431442082E-009
         103  1.655884570883084E-009
         104  1.613050881418999E-009
         105  1.698749548369909E-009
         106  2.164348630447521E-009
         107  1.665318234672333E-009
         108  5.448523358005986E-009
         109  2.421524364466127E-009
         110  6.658647038113444E-009
         111  4.732418852751872E-009
         112  6.292794431584472E-009
         113  3.181217771688021E-009
         114  2.532275675136203E-009
         115  1.343619149366265E-009
         116  1.396598426425244E-009
         117  1.232818545232266E-009
         118  1.321907935863739E-009
         119  4.854147731181605E-010
         120  6.737403607434349E-010
         121  5.450860017790754E-010
         122  7.120057979093532E-010
         123  6.325326728595520E-010
         124  1.796374963050357E-008
         125  7.474443133737844E-008
         126  6.131227270542556E-007
         127  3.196466008139035E-006
         128  2.663691415910838E-005
         129  1.317413403297540E-004
         130  3.254306389970363E-004
         131  1.090122540201592E-003
         132  1.013032552330050E-003
         133  3.247386355439675E-005
         134  8.126828011587995E-005
         135  7.928754353569470E-005
         136  2.065584371646095E-004
         137  1.135698805767838E-004
         138  9.262992969918498E-005
         139  1.399593322056136E-005
         140  3.242327478764095E-005
         141  2.504004991773139E-005
         142  1.032362078667214E-005
         143  2.075546565369665E-006
         144  1.118524476295821E-005
         145  7.256356292021015E-006
         146  3.122148505347086E-005
         147  2.702836117792394E-005
         148  2.444879513336644E-005
         149  1.376581506973265E-005
         150  3.576855024669216E-005
         151  1.884541041793099E-005
         152  4.544298254963688E-005
         153  2.886065954268373E-005
         154  6.345564674283544E-005
         155  2.598651702645555E-005
         156  3.769349075714887E-005
         157  1.456776059646449E-005
         158  3.038832003724381E-005
         159  1.670495409838932E-005
         160  5.703251264045278E-005
         161  3.844260140844847E-005
         162  1.490928715113019E-004
         163  5.331127725981440E-005
         164  7.786836262007638E-005
         165  6.755272937790845E-005
         166  1.506710772645760E-004
         167  2.969173235313452E-005
         168  6.244161609555640E-005
         169  4.046395362323926E-005
         170  3.523529453619421E-005
         171  1.551793084428430E-005
         172  2.623888047827333E-005
         173  2.006953840107242E-005
         174  3.705099265291761E-005
         175  1.957727820788709E-005
         176  1.698331924399556E-005
         177  7.522030579108916E-006
         178  1.448074135501043E-005
         179  8.611791074554930E-006
         180  1.705315920983882E-005
         181  7.389902856149885E-006
         182  1.489821085275616E-005
         183  7.643741047904306E-006
         184  1.364214352047532E-005
         185  4.307560317821880E-006
         186  1.647328874101920E-005
         187  4.701239789451307E-006
         188  1.488186266573690E-005
         189  1.279122727442421E-005
         190  2.673099056358838E-005
         191  3.069739436552771E-005
         192  1.055356320998641E-004
         193  1.325125424792786E-004
         194  3.193700156280964E-004
         195  2.215316439143576E-004
         196  4.228185357323049E-004
         197  2.204161223288336E-004
         198  1.586050218737341E-004
         199  1.265713735303457E-005
         200  2.333796889208744E-006
         201  8.997357185207252E-008
         202  1.143715603831810E-007
         203  2.936312534532541E-008
         204  8.728433897974832E-008
         205  7.378749311911204E-008
         206  2.326749642395982E-006
         207  1.549256153520988E-006
         208  2.596274734136341E-006
         209  1.635408308481382E-006
         226  6.602871183564067E-014
         227  5.027114633759606E-015
         230  3.111601930977729E-012
         231  7.546715513483659E-012
         232  5.690555200021248E-007
         234  1.013110862927384E-011
         235  1.621684987511041E-007
         236  1.682805865161782E-009
         238  1.843719695473913E-007
         240  3.268570089507942E-013
         244  3.989953483755422E-009
