           1  7.469570837630198E-005
           2  6.470609901488105E-012
           3  1.574717819390911E-008
           4  8.153868673503684E-005
           6  5.674563962362780E-015
           7  3.114017005274736E-012
           8  2.708281752318958E-013
           9  1.912633244112939E-009
          10  2.713051082138141E-014
          14  1.865419563291832E-015
          15  1.886489645556664E-012
          16  1.255156652596256E-009
          17  9.294156822324597E-011
          18  4.384539496159988E-010
          19  1.861528739413561E-010
          20  4.654310431257869E-009
          21  7.780812537443426E-010
          22  1.636899917985709E-009
          23  4.885127518901226E-009
          24  1.133015412425749E-008
          25  1.366427384695633E-008
          26  1.169522990841757E-008
          27  2.629103734618310E-009
          28  1.631305359064197E-009
          29  8.192000521232831E-010
          30  2.703223968195029E-009
          31  4.883114919248773E-010
          32  5.895668040502380E-010
          33  7.917121431221314E-010
          34  4.339331606032230E-009
          35  2.898167437777868E-010
          36  1.130014717812195E-009
          37  7.399947856796985E-010
          38  9.823202623926424E-010
          39  3.032275504838459E-010
          40  6.331057313016883E-010
          41  8.865065493560766E-010
          42  6.364957981792573E-009
          43  5.486080597773877E-010
          44  9.565979524654695E-010
          45  4.274445413703834E-009
          46  7.225025517450416E-009
          47  8.017609025395812E-009
          48  6.035188520252474E-009
          49  5.042474459774826E-010
          50  3.154232947549356E-009
          51  1.601916499426626E-009
          52  6.251533975634553E-009
          53  2.058620097604375E-010
          54  4.916271403580893E-010
          55  3.539584591493993E-010
          56  4.323027629798624E-010
          57  1.170734381817915E-010
          58  2.138006767984926E-010
          59  1.527403360909076E-010
          60  1.729748130776336E-010
          61  1.743712173514727E-010
          62  8.717143758130803E-010
          63  3.573739215713389E-010
          64  3.586005468663813E-010
          65  3.080678587674848E-010
          66  4.442570746692053E-010
          67  5.834385369681080E-010
          68  8.982511959493551E-010
          69  1.672446671813086E-010
          70  5.028958762399526E-010
          71  1.751391695165109E-010
          72  2.155497000247668E-010
          73  2.128338523635321E-010
          74  4.466739585024674E-010
          75  1.049824914770887E-009
          76  2.837051830691350E-009
          77  5.384476184763063E-009
          78  1.013638360858277E-008
          79  7.887091785076516E-009
          80  3.263953464699461E-008
          81  1.153259754931197E-008
          82  1.041876229072405E-008
          83  4.611397346062174E-009
          84  5.190251778059548E-009
          85  3.478481463634275E-009
          86  3.746855157781542E-009
          87  2.399541660021432E-009
          88  5.833721290519100E-009
          89  2.705588601198548E-009
          90  5.175263584981960E-009
          91  3.414035578837527E-009
          92  2.831139235381020E-009
          93  2.378100828294552E-009
          94  5.732238042321058E-009
          95  2.830813898491171E-009
          96  3.189057128614984E-009
          97  1.389066230630404E-009
          98  1.315314644551428E-009
          99  1.487141219850770E-009
         100  1.312490108730934E-009
         101  9.885030099111428E-010
         102  1.714178408132225E-009
         103  1.646259143915818E-009
         104  1.595288919409031E-009
         105  1.707035997376386E-009
         106  2.191311331284659E-009
         107  1.665870648819242E-009
         108  5.468631144607657E-009
         109  2.454054886500673E-009
         110  6.806674452164047E-009
         111  4.749955701853451E-009
         112  6.323236314242505E-009
         113  3.193686085555136E-009
         114  2.546325429510308E-009
         115  1.356538815716314E-009
         116  1.414442806509339E-009
         117  1.225596886941787E-009
         118  1.301917728236878E-009
         119  4.937875725748858E-010
         120  6.881644250050304E-010
         121  5.532365034373478E-010
         122  7.224761935034784E-010
         123  6.420741815655277E-010
         124  1.764504837295195E-008
         125  7.324720278934563E-008
         126  6.068832641980991E-007
         127  3.137870685613858E-006
         128  2.624313494704576E-005
         129  1.307532753983340E-004
         130  3.255092882920856E-004
         131  1.102688209757145E-003
         132  1.016510704835167E-003
         133  3.300154799866164E-005
         134  8.250125737028330E-005
         135  7.770315441446354E-005
         136  2.092412587603474E-004
         137  1.150923186213363E-004
         138  8.784351320708073E-005
         139  1.385924569272637E-005
         140  3.274961693736950E-005
         141  2.576474176145987E-005
         142  9.997657440182308E-006
         143  1.814319795206929E-006
         144  8.699901426359867E-006
         145  5.061358084491434E-006
         146  2.015575963779146E-005
         147  1.475969339792190E-005
         148  1.301489833465851E-005
         149  7.336441691277766E-006
         150  1.790092730525324E-005
         151  1.094114909704921E-005
         152  3.021993700160910E-005
         153  1.680215886280926E-005
         154  6.151976424193335E-005
         155  3.543735955972306E-005
         156  3.998438208895967E-005
         157  2.230711441032432E-005
         158  4.994399347674209E-005
         159  3.233624381216441E-005
         160  8.411600754771518E-005
         161  3.214388052639215E-005
         162  3.368542594530842E-005
         163  2.757327622556019E-005
         164  9.870752154515026E-005
         165  6.213874464603264E-005
         166  1.112791328998000E-004
         167  3.122149215768416E-005
         168  1.201895150007457E-004
         169  4.803979148236389E-005
         170  1.189664742317976E-004
         171  6.349525092076015E-005
         172  7.405389360222714E-005
         173  3.244707054498805E-005
         174  3.758347412164306E-005
         175  1.556755137253168E-005
         176  1.793029974616962E-005
         177  7.223869465802628E-006
         178  1.035308975067736E-005
         179  6.314220609331022E-006
         180  1.413796826798335E-005
         181  6.593297119400510E-006
         182  1.418314100745188E-005
         183  7.439282641262933E-006
         184  1.336514145423513E-005
         185  4.192670542214446E-006
         186  1.605902041731912E-005
         187  4.564834399236517E-006
         188  1.420863247981987E-005
         189  1.211829693836057E-005
         190  2.473538852653148E-005
         191  2.881846211653498E-005
         192  9.924129690450766E-005
         193  1.267412278256129E-004
         194  3.079372838327813E-004
         195  2.118894251906681E-004
         196  4.050285653654788E-004
         197  2.131277312510042E-004
         198  1.550000052678220E-004
         199  1.220826250856169E-005
         200  2.221355583675468E-006
         201  8.233430875454324E-008
         202  1.043750370514880E-007
         203  2.693269007168032E-008
         204  8.459724930821766E-008
         205  7.262140872377657E-008
         206  2.229541264784149E-006
         207  1.488692839195581E-006
         208  2.488571538325570E-006
         209  1.560127109456243E-006
         226  6.438683444106524E-014
         227  4.862055446601551E-015
         230  3.034228486466095E-012
         231  7.298928299720219E-012
         232  5.505948315754484E-007
         234  9.879187339611268E-012
         235  1.568438935776428E-007
         236  1.633293481109035E-009
         238  1.797873553609638E-007
         240  3.173526786025872E-013
         244  3.873933833128012E-009
