           1  7.479101342702294E-005
           2  6.470609901488105E-012
           3  1.574717819390911E-008
           4  8.056691142686120E-005
           6  5.674563962362780E-015
           7  3.114017005274736E-012
           8  2.708281752318958E-013
           9  1.912633244112939E-009
          10  2.713051082138141E-014
          14  1.786772433105043E-015
          15  1.827238922883367E-012
          16  1.180427808912516E-009
          17  8.875913454761747E-011
          18  4.531775125168653E-010
          19  2.077324053358892E-010
          20  4.464233960861587E-009
          21  7.257025877228209E-010
          22  1.663003484306575E-009
          23  4.720768562296862E-009
          24  1.099967157680212E-008
          25  1.352534411740900E-008
          26  1.209636284712032E-008
          27  2.575070153503606E-009
          28  1.564247364165267E-009
          29  8.773822108038947E-010
          30  2.782176989593015E-009
          31  4.838567438894010E-010
          32  5.922167715677790E-010
          33  7.536647665173141E-010
          34  4.226180928484224E-009
          35  3.030442843258825E-010
          36  1.257299990966039E-009
          37  7.682871294446495E-010
          38  1.010388380767470E-009
          39  2.913305947635612E-010
          40  6.218974414758719E-010
          41  8.905328273980635E-010
          42  6.004228192874095E-009
          43  5.186700456728291E-010
          44  9.826606340486478E-010
          45  4.292436298909993E-009
          46  7.307324793845318E-009
          47  8.104535279644734E-009
          48  6.081976757175102E-009
          49  5.139005699723360E-010
          50  3.177959701293357E-009
          51  1.602179044787405E-009
          52  6.276945554014057E-009
          53  2.079155635496606E-010
          54  4.982691820230295E-010
          55  3.212817651391222E-010
          56  4.053977042112505E-010
          57  1.092770117959953E-010
          58  2.275827385344745E-010
          59  1.583100878684868E-010
          60  1.760525804361615E-010
          61  1.703700737467633E-010
          62  8.147844828799841E-010
          63  3.441771400133907E-010
          64  3.756497448667713E-010
          65  3.255275677957222E-010
          66  4.599404136351030E-010
          67  5.790434285223328E-010
          68  8.324189953146544E-010
          69  1.573547681535032E-010
          70  4.741346293547558E-010
          71  1.655215431667358E-010
          72  2.135415883636317E-010
          73  2.299495399116317E-010
          74  4.469200718264216E-010
          75  1.009451606057989E-009
          76  2.751291439078461E-009
          77  5.590231820412773E-009
          78  1.020806440074871E-008
          79  7.814677773611171E-009
          80  3.122002746373316E-008
          81  1.202818256946016E-008
          82  1.068958489015479E-008
          83  4.620786838182757E-009
          84  5.090870314101351E-009
          85  3.449817130423831E-009
          86  3.704417785779427E-009
          87  2.331245917272935E-009
          88  5.653921503928298E-009
          89  2.567393405174350E-009
          90  4.825663025375659E-009
          91  3.289752321178612E-009
          92  2.819339050815750E-009
          93  2.319830471783345E-009
          94  5.236919070629316E-009
          95  2.699759138946025E-009
          96  3.469029725286785E-009
          97  1.525298195821671E-009
          98  1.422569732034679E-009
          99  1.563244264814077E-009
         100  1.351800055451097E-009
         101  9.933210535093303E-010
         102  1.674489586611695E-009
         103  1.592708481718485E-009
         104  1.539032443140977E-009
         105  1.637007016163130E-009
         106  2.062919172787899E-009
         107  1.568769932709306E-009
         108  5.249948726123633E-009
         109  2.401160813949003E-009
         110  6.713861299029406E-009
         111  4.694903354764104E-009
         112  6.206425378854265E-009
         113  3.134300006375771E-009
         114  2.484950598488487E-009
         115  1.316495035192299E-009
         116  1.363023187020608E-009
         117  1.188933148165865E-009
         118  1.280021014639281E-009
         119  4.983888135671515E-010
         120  7.149887891679454E-010
         121  5.817988676179364E-010
         122  7.472777544143539E-010
         123  6.626388560945047E-010
         124  1.721789958892748E-008
         125  7.293106195117365E-008
         126  6.025509679800822E-007
         127  3.135051300961112E-006
         128  2.628070557897618E-005
         129  1.296878946923106E-004
         130  3.189269067907264E-004
         131  1.082174903637045E-003
         132  1.012842835743012E-003
         133  3.410928662168510E-005
         134  8.582767340283260E-005
         135  7.621783815158270E-005
         136  2.092664950401593E-004
         137  1.155348428220494E-004
         138  8.794554075933524E-005
         139  1.411518254412107E-005
         140  3.338190728358504E-005
         141  2.552422987176643E-005
         142  9.571224838442034E-006
         143  1.878827855335502E-006
         144  1.013473957578160E-005
         145  6.130654080743286E-006
         146  2.693996980488970E-005
         147  2.555492334681534E-005
         148  3.929136711461263E-005
         149  2.320085319004180E-005
         150  3.388929454594972E-005
         151  1.252547758834923E-005
         152  2.539471028236970E-005
         153  1.523306888128344E-005
         154  2.508523557882157E-005
         155  1.136426244754810E-005
         156  5.073727078787803E-005
         157  2.113910624281027E-005
         158  5.589225927427745E-005
         159  5.615317912863751E-005
         160  6.653726302633800E-005
         161  2.425171666908774E-005
         162  5.530302566733198E-005
         163  1.088819804667312E-004
         164  1.584424072926691E-004
         165  5.183052303899587E-005
         166  7.508545848102499E-005
         167  2.765533987387220E-005
         168  1.094790115645642E-004
         169  5.835791000721433E-005
         170  3.854725658703481E-005
         171  1.932642663161354E-005
         172  6.749250038620988E-005
         173  3.989544874696451E-005
         174  3.337807441523351E-005
         175  9.604249580145960E-006
         176  1.444426779916030E-005
         177  8.365494587903810E-006
         178  1.423274845500235E-005
         179  5.398311494058289E-006
         180  9.424784634826941E-006
         181  4.883312738833006E-006
         182  1.158788225732831E-005
         183  6.242823674906035E-006
         184  1.138557293429854E-005
         185  3.605450432893182E-006
         186  1.399846693652196E-005
         187  4.174399573210978E-006
         188  1.384155872447592E-005
         189  1.201216570051564E-005
         190  2.460003157989932E-005
         191  2.817073729469730E-005
         192  9.938437099266742E-005
         193  1.304879006317416E-004
         194  3.191375796410027E-004
         195  2.195276793417412E-004
         196  4.169437086034231E-004
         197  2.174714212516393E-004
         198  1.552755658682061E-004
         199  1.223746176882492E-005
         200  2.175217612337958E-006
         201  7.946810434667636E-008
         202  1.017099012527491E-007
         203  2.645340220102981E-008
         204  7.618813414484207E-008
         205  6.373062144807267E-008
         206  2.123153285447369E-006
         207  1.389744330922514E-006
         208  2.311352926395463E-006
         209  1.494775879458642E-006
         226  6.194727953330475E-014
         227  4.728007037122179E-015
         230  2.919264502606935E-012
         231  7.097694533419721E-012
         232  5.455500687099503E-007
         234  9.504874482514776E-012
         235  1.525196577268709E-007
         236  1.553851552346057E-009
         238  1.729753862848075E-007
         240  3.015784288917471E-013
         244  3.681377085486510E-009
