           1  7.445961134271923E-005
           2  6.470609901488105E-012
           3  1.574717819390911E-008
           4  8.085581200640135E-005
           6  5.674563962362780E-015
           7  3.114017005274736E-012
           8  2.708281752318958E-013
           9  1.912633244112939E-009
          10  2.713051082138141E-014
          14  2.059545084598275E-015
          15  2.011683064082671E-012
          16  1.264068975236087E-009
          17  9.331015118592875E-011
          18  4.465936876956458E-010
          19  1.974100882572304E-010
          20  4.723879212899400E-009
          21  7.612360584403519E-010
          22  1.611134380752328E-009
          23  4.943400643954501E-009
          24  1.141467690128814E-008
          25  1.396418029204377E-008
          26  1.179456989427435E-008
          27  2.423330989796592E-009
          28  1.550552493624554E-009
          29  8.762403928461327E-010
          30  2.757267068328188E-009
          31  4.590900424680225E-010
          32  6.056147862153683E-010
          33  8.507034539941814E-010
          34  4.240147247271690E-009
          35  2.866508970957809E-010
          36  1.187748707206534E-009
          37  7.375721326841973E-010
          38  9.901088403178578E-010
          39  2.956206430809388E-010
          40  6.360854180661517E-010
          41  9.212260955851943E-010
          42  6.278920511133451E-009
          43  5.172298880040520E-010
          44  1.032935208247823E-009
          45  4.556752430306443E-009
          46  7.368979046601337E-009
          47  7.924535493856421E-009
          48  5.849336527398645E-009
          49  5.039177905032473E-010
          50  3.144539075144093E-009
          51  1.582498805946122E-009
          52  6.239509656726753E-009
          53  2.074400566585851E-010
          54  5.069735230312771E-010
          55  3.381098681167725E-010
          56  4.255725992208372E-010
          57  1.102929859336092E-010
          58  2.302154070001886E-010
          59  1.571478953008232E-010
          60  1.783801518774727E-010
          61  1.879259349136984E-010
          62  8.830148417280753E-010
          63  3.572570259003161E-010
          64  3.778465865945384E-010
          65  3.215280042869074E-010
          66  4.424220975013878E-010
          67  5.803663347763347E-010
          68  8.296061460906513E-010
          69  1.559824530979303E-010
          70  4.798756033325341E-010
          71  1.652108943774797E-010
          72  2.058360843052835E-010
          73  2.270069751586155E-010
          74  4.588949180039781E-010
          75  1.099103890836485E-009
          76  2.857733390072662E-009
          77  5.562710474148017E-009
          78  1.014635768672314E-008
          79  8.062087103133179E-009
          80  3.255393789104194E-008
          81  1.190310267331019E-008
          82  1.056724684378651E-008
          83  4.642391679082202E-009
          84  5.309550055399036E-009
          85  3.597255319351582E-009
          86  3.878158610119238E-009
          87  2.501520699838460E-009
          88  5.990641714357222E-009
          89  2.658773536503340E-009
          90  5.165216047356111E-009
          91  3.561549524354132E-009
          92  2.983308220925661E-009
          93  2.459085387420195E-009
          94  5.626190254801401E-009
          95  2.839245830850264E-009
          96  3.480346591804567E-009
          97  1.492832312377428E-009
          98  1.369409514529192E-009
          99  1.516558753216617E-009
         100  1.301723346030812E-009
         101  9.766350808245558E-010
         102  1.761411161679748E-009
         103  1.694132285115264E-009
         104  1.660445245161022E-009
         105  1.810673468092649E-009
         106  2.310993101991988E-009
         107  1.777147308817467E-009
         108  6.003714680017969E-009
         109  2.665984051935679E-009
         110  7.102754163532371E-009
         111  4.957674802594454E-009
         112  6.391926573797866E-009
         113  3.153207053959209E-009
         114  2.431729920771377E-009
         115  1.263392083626185E-009
         116  1.298655942627821E-009
         117  1.164329121342696E-009
         118  1.251680536043257E-009
         119  4.691289392124623E-010
         120  6.749457215987005E-010
         121  5.484785520650936E-010
         122  7.052512113344757E-010
         123  6.753386258252592E-010
         124  2.022582323251859E-008
         125  9.472513039116588E-008
         126  7.567640044567668E-007
         127  3.824021680933360E-006
         128  3.079602816067971E-005
         129  1.452222158040223E-004
         130  3.334074730699773E-004
         131  1.104536395919331E-003
         132  1.018945528542273E-003
         133  3.329882773375366E-005
         134  8.272610202683690E-005
         135  7.955623277472469E-005
         136  2.151192026779337E-004
         137  1.174743526603056E-004
         138  8.619126423835676E-005
         139  1.410014112385069E-005
         140  3.152897382065410E-005
         141  2.353236931596565E-005
         142  8.713287913279595E-006
         143  1.403279813461054E-006
         144  5.337380562285390E-006
         145  2.307378317389050E-006
         146  8.977588206656722E-006
         147  9.239761698193413E-006
         148  2.830044332188926E-005
         149  2.098752955493357E-005
         150  3.488589247217543E-005
         151  1.633083202054877E-005
         152  3.327692398588512E-005
         153  1.257051058955656E-005
         154  2.798254077770405E-005
         155  1.309883675578631E-005
         156  3.919317908431637E-005
         157  2.483474275462024E-005
         158  4.955788775258985E-005
         159  3.388283319311285E-005
         160  6.861110115590825E-005
         161  4.054316803790124E-005
         162  7.749193689662055E-005
         163  6.519676274618616E-005
         164  1.150349454368409E-004
         165  6.070664662344379E-005
         166  1.209722536612432E-004
         167  3.237946450256255E-005
         168  6.291127091604195E-005
         169  2.239196584297336E-005
         170  2.450431092027292E-005
         171  1.763764440972524E-005
         172  5.669694099406898E-005
         173  3.226610116195919E-005
         174  4.346149260057009E-005
         175  2.290578715028519E-005
         176  3.671660152357318E-005
         177  1.921487460864994E-005
         178  2.136883223570447E-005
         179  9.403908953534195E-006
         180  1.758798263270982E-005
         181  7.935270596904436E-006
         182  1.608704270835263E-005
         183  8.202465991404471E-006
         184  1.465790466030816E-005
         185  4.641205482836900E-006
         186  1.776734797181403E-005
         187  5.249151254314019E-006
         188  1.770964275935477E-005
         189  1.552851265212824E-005
         190  3.094178799283125E-005
         191  3.303638499458215E-005
         192  1.137074055226944E-004
         193  1.446750801673824E-004
         194  3.418523777604784E-004
         195  2.212408625170987E-004
         196  4.003806067317859E-004
         197  2.022451239103979E-004
         198  1.398023187205224E-004
         199  1.094793153679879E-005
         200  1.969669792987761E-006
         201  7.756226024188075E-008
         202  9.927850466091772E-008
         203  2.531963530511764E-008
         204  8.449681786826201E-008
         205  7.375667728966028E-008
         206  2.200625467158304E-006
         207  1.462724784466521E-006
         208  2.426911416642644E-006
         209  1.510148664322799E-006
         226  5.880018044450901E-014
         227  4.534965042380454E-015
         230  2.770957511156751E-012
         231  6.807899467540811E-012
         232  5.190038847524573E-007
         234  9.021999656559617E-012
         235  1.462923617999086E-007
         236  1.538363724100686E-009
         238  1.641877416188568E-007
         240  2.992004390953502E-013
         244  3.652348891466975E-009
