           1  7.422340050030172E-005
           2  6.470609901488105E-012
           3  1.574717819390911E-008
           4  8.097050981988420E-005
           6  5.674563962362780E-015
           7  3.114017005274736E-012
           8  2.708281752318958E-013
           9  1.912633244112939E-009
          10  2.713051082138141E-014
          14  2.224543924624255E-015
          15  2.145207885751469E-012
          16  1.248350947049722E-009
          17  9.271489821230289E-011
          18  4.582236446178500E-010
          19  2.101418626343821E-010
          20  4.547995492420287E-009
          21  7.546955941645481E-010
          22  1.739277824476494E-009
          23  4.789403676726352E-009
          24  1.117120319336849E-008
          25  1.353680428653544E-008
          26  1.243066615659440E-008
          27  2.743538025241088E-009
          28  1.621643487311908E-009
          29  8.392460981914378E-010
          30  2.757772688399398E-009
          31  4.908832445038596E-010
          32  5.950542653245304E-010
          33  7.518991024925586E-010
          34  4.490927589704045E-009
          35  3.007391460107929E-010
          36  1.171230054192677E-009
          37  8.125718062762248E-010
          38  1.082746673094645E-009
          39  2.923895604941846E-010
          40  5.938826088853538E-010
          41  8.529226761680406E-010
          42  6.070769620553879E-009
          43  5.330724087594096E-010
          44  9.409458181156018E-010
          45  4.127274283815800E-009
          46  7.371041242693516E-009
          47  8.284434236297684E-009
          48  6.190310688302569E-009
          49  5.234147785387360E-010
          50  3.128358291479584E-009
          51  1.563420120735832E-009
          52  6.291603880306230E-009
          53  2.249944692569115E-010
          54  5.574494739148166E-010
          55  3.641207276477570E-010
          56  3.992631029606680E-010
          57  1.067008758652636E-010
          58  2.074641788204282E-010
          59  1.446953654554522E-010
          60  1.612205735126009E-010
          61  1.588660899254973E-010
          62  7.801986729611817E-010
          63  3.278146194240876E-010
          64  3.538214079233488E-010
          65  3.037104862720170E-010
          66  4.347302647283013E-010
          67  5.716736531957096E-010
          68  8.622888215388218E-010
          69  1.628731696432192E-010
          70  4.899407940008123E-010
          71  1.691919419533287E-010
          72  2.089471076074039E-010
          73  2.101222422658712E-010
          74  4.158405274060945E-010
          75  9.540996177840160E-010
          76  2.668177503143366E-009
          77  5.416446896809050E-009
          78  1.035051406510493E-008
          79  7.946193109186651E-009
          80  3.231620026434638E-008
          81  1.250147023875163E-008
          82  1.101300248554788E-008
          83  4.755178743258983E-009
          84  5.118579375367309E-009
          85  3.474877968016913E-009
          86  3.762835179266242E-009
          87  2.463480236940887E-009
          88  6.053329509537055E-009
          89  2.813442348071707E-009
          90  5.357100880278972E-009
          91  3.570288651793511E-009
          92  2.842578754269592E-009
          93  2.350260154356133E-009
          94  5.641144442249646E-009
          95  2.929967691047895E-009
          96  3.533840969704433E-009
          97  1.557276242811566E-009
          98  1.446137151727655E-009
          99  1.605087034913114E-009
         100  1.427515022566520E-009
         101  1.059093930418066E-009
         102  1.806512311181706E-009
         103  1.707130480099217E-009
         104  1.656980219762086E-009
         105  1.725991776440279E-009
         106  2.160899479854293E-009
         107  1.644519438083556E-009
         108  5.471374699781961E-009
         109  2.474216757385920E-009
         110  7.065209101060483E-009
         111  5.076994432534221E-009
         112  6.887713439827514E-009
         113  3.537388573967540E-009
         114  2.850444929935829E-009
         115  1.510590345088025E-009
         116  1.582011518503120E-009
         117  1.379250323473129E-009
         118  1.481514701246428E-009
         119  5.666313141688471E-010
         120  7.964414381978921E-010
         121  6.500085464272360E-010
         122  8.129182454414077E-010
         123  7.163393625754537E-010
         124  1.687112817159006E-008
         125  7.337570136305313E-008
         126  6.016826703681953E-007
         127  3.082521215744698E-006
         128  2.574498478503789E-005
         129  1.306794615617811E-004
         130  3.346690754548382E-004
         131  1.109118797864551E-003
         132  1.058359171819948E-003
         133  3.230070748176601E-005
         134  8.127975596036952E-005
         135  8.870725527979774E-005
         136  2.209347237222982E-004
         137  1.177607562309408E-004
         138  8.608779175660761E-005
         139  1.457500381012738E-005
         140  3.381189247060585E-005
         141  2.422337115975514E-005
         142  9.860397787861129E-006
         143  1.774144807765533E-006
         144  7.776163465559785E-006
         145  3.731040042595503E-006
         146  1.480819699125250E-005
         147  1.442546302793239E-005
         148  1.742232672574698E-005
         149  1.027802960353566E-005
         150  1.584426071100104E-005
         151  1.017966402284442E-005
         152  1.768752095985909E-005
         153  7.806138581230788E-006
         154  4.808578504696817E-005
         155  2.914043329747752E-005
         156  4.112712238385700E-005
         157  2.058582018788841E-005
         158  7.016281967061809E-005
         159  5.660990003132922E-005
         160  7.967959517921432E-005
         161  3.169190145031961E-005
         162  7.126706443205425E-005
         163  3.049081557810221E-005
         164  4.880887234198465E-005
         165  2.502599781285929E-005
         166  1.125153065172002E-004
         167  2.865737932690098E-005
         168  1.183969706221688E-004
         169  5.452839853128126E-005
         170  2.873300990948930E-005
         171  1.136417673774307E-005
         172  6.528163073827709E-005
         173  3.167274733914713E-005
         174  3.687165273579003E-005
         175  2.273333487211238E-005
         176  2.916164459517999E-005
         177  1.085338599993939E-005
         178  2.531772537451774E-005
         179  1.036718674741237E-005
         180  1.570206938819667E-005
         181  6.818774842281121E-006
         182  1.369405039674488E-005
         183  6.839885838247446E-006
         184  1.192210816995409E-005
         185  3.678774459238840E-006
         186  1.354384342944050E-005
         187  3.951033859378636E-006
         188  1.284290759081946E-005
         189  1.104142511712545E-005
         190  2.343803172999773E-005
         191  2.707096627567357E-005
         192  9.663561293783434E-005
         193  1.266405697483430E-004
         194  3.161483259385358E-004
         195  2.256018019451747E-004
         196  4.395838344247046E-004
         197  2.329988474808390E-004
         198  1.713303587537040E-004
         199  1.385121979960920E-005
         200  2.467898890833135E-006
         201  8.998053836801375E-008
         202  1.066198800961858E-007
         203  2.564933005902362E-008
         204  8.502835505307374E-008
         205  7.441056670248188E-008
         206  2.193939616898892E-006
         207  1.445048697597073E-006
         208  2.396890253662447E-006
         209  1.531268937578210E-006
         226  6.135836613259797E-014
         227  4.759384985799382E-015
         230  2.891511968536919E-012
         231  7.144799178790907E-012
         232  5.533692164934254E-007
         234  9.414514615270252E-012
         235  1.535318715317242E-007
         236  1.498368483932677E-009
         238  1.713309634184122E-007
         240  2.904759704152563E-013
         244  3.545849036023164E-009
