           1  7.483060717882625E-005
           2  6.470609901488105E-012
           3  1.574717819390911E-008
           4  8.170296706216303E-005
           6  5.674563962362780E-015
           7  3.114017005274736E-012
           8  2.708281752318958E-013
           9  1.912633244112939E-009
          10  2.713051082138141E-014
          14  1.861237395524162E-015
          15  1.810993672680300E-012
          16  1.194201188325368E-009
          17  8.941342398138954E-011
          18  4.584063162903236E-010
          19  2.154189523196108E-010
          20  4.600209610033249E-009
          21  7.403831238884074E-010
          22  1.470442526261480E-009
          23  4.876744031056786E-009
          24  1.125038596248281E-008
          25  1.383742830122763E-008
          26  1.200905947622339E-008
          27  2.491327064103495E-009
          28  1.505732789002974E-009
          29  8.461211495040341E-010
          30  2.566119019082310E-009
          31  4.396418618649678E-010
          32  6.539416803244813E-010
          33  8.006950438970307E-010
          34  4.297030614442688E-009
          35  2.902779667312551E-010
          36  1.189749919477304E-009
          37  8.142414598612889E-010
          38  1.096932739883807E-009
          39  2.942605906756218E-010
          40  6.106507059194896E-010
          41  8.807733075097705E-010
          42  5.792749151236099E-009
          43  4.822999821060002E-010
          44  1.009805272004785E-009
          45  4.552700464696833E-009
          46  7.518639104599670E-009
          47  8.110154996285219E-009
          48  5.948876852689730E-009
          49  5.242414295735489E-010
          50  3.099498995988863E-009
          51  1.537341309164521E-009
          52  6.234059953413899E-009
          53  2.240512791000144E-010
          54  5.615772294748706E-010
          55  3.372626089423726E-010
          56  3.833547936925618E-010
          57  9.982944742978555E-011
          58  2.001138779736227E-010
          59  1.390331396341917E-010
          60  1.704964739003006E-010
          61  1.818193565218381E-010
          62  8.441749385997128E-010
          63  3.441449064903533E-010
          64  3.601086257239007E-010
          65  3.075668287847460E-010
          66  4.393064990182608E-010
          67  5.864718860073451E-010
          68  8.323323910884508E-010
          69  1.544679108402492E-010
          70  4.602698084118715E-010
          71  1.590244657499840E-010
          72  2.013246852674921E-010
          73  2.221024944233931E-010
          74  4.548840847488780E-010
          75  1.085369680522627E-009
          76  2.849413707375112E-009
          77  5.614138040550383E-009
          78  1.023557271383004E-008
          79  7.958401353773197E-009
          80  3.111082453976744E-008
          81  1.253577887731332E-008
          82  1.051713302514795E-008
          83  4.408441941412841E-009
          84  5.086358573672995E-009
          85  3.377106786503571E-009
          86  3.648842913864056E-009
          87  2.494298359787834E-009
          88  5.880865986791591E-009
          89  2.649939731152907E-009
          90  5.093236365711755E-009
          91  3.397215786562162E-009
          92  2.891841613115794E-009
          93  2.397556459687630E-009
          94  5.414757698480802E-009
          95  2.751651775531479E-009
          96  3.421950846810986E-009
          97  1.483487887910484E-009
          98  1.377437292753604E-009
          99  1.525491057034034E-009
         100  1.319069729893817E-009
         101  9.832633123902176E-010
         102  1.689186187763999E-009
         103  1.598993761612788E-009
         104  1.543360019957997E-009
         105  1.662108142913307E-009
         106  2.153239751422269E-009
         107  1.675328280555979E-009
         108  5.726645177031362E-009
         109  2.567539738255174E-009
         110  7.002794908310524E-009
         111  4.916779054740691E-009
         112  6.370633054506497E-009
         113  3.170819123082946E-009
         114  2.462444079418023E-009
         115  1.286743850909161E-009
         116  1.321116813987675E-009
         117  1.174227452104146E-009
         118  1.259058638130895E-009
         119  4.748954762906428E-010
         120  6.795987981926205E-010
         121  5.530050850827001E-010
         122  7.189139803625568E-010
         123  6.603795406152495E-010
         124  1.893909743479815E-008
         125  8.429139942709900E-008
         126  6.844297969316758E-007
         127  3.521207454435659E-006
         128  2.890700626378887E-005
         129  1.392009107656075E-004
         130  3.290544129811622E-004
         131  1.068507034687475E-003
         132  1.016409846462115E-003
         133  3.349830902173791E-005
         134  8.398122866235672E-005
         135  8.322241291812840E-005
         136  2.076535370099389E-004
         137  1.116979757691747E-004
         138  8.744686890329982E-005
         139  1.455611193838965E-005
         140  3.356143231598463E-005
         141  2.525897282999643E-005
         142  9.844134159607881E-006
         143  1.887707490280530E-006
         144  9.728508136194701E-006
         145  5.778892036543309E-006
         146  2.406524471647647E-005
         147  2.040244033826665E-005
         148  1.842728791724710E-005
         149  1.080732058380817E-005
         150  2.409518153531977E-005
         151  1.654350516233115E-005
         152  2.692045550513639E-005
         153  1.159501169341782E-005
         154  6.823932967629033E-005
         155  3.683836057754246E-005
         156  4.616730506923593E-005
         157  2.316428318239829E-005
         158  4.963469345566176E-005
         159  2.455565846946569E-005
         160  6.458860579741896E-005
         161  4.171636782190679E-005
         162  8.850220381247780E-005
         163  6.422311971374105E-005
         164  1.031041148831382E-004
         165  4.869955113688210E-005
         166  1.260557228553471E-004
         167  3.301887110903581E-005
         168  7.866942799098612E-005
         169  4.349597602361306E-005
         170  4.411493752543354E-005
         171  2.405877369109299E-005
         172  5.483295893253443E-005
         173  3.043846736634954E-005
         174  6.001266914748508E-005
         175  2.450102865588066E-005
         176  2.796792010053847E-005
         177  1.386476382719475E-005
         178  2.321473935388651E-005
         179  7.163861713222641E-006
         180  1.083561868894305E-005
         181  5.589733409997573E-006
         182  1.289328378137651E-005
         183  6.895518854949847E-006
         184  1.279694706799627E-005
         185  4.116328376737941E-006
         186  1.602791800122184E-005
         187  4.675995854881179E-006
         188  1.546145154027273E-005
         189  1.359077581408820E-005
         190  2.763024157669556E-005
         191  3.056202258740808E-005
         192  1.065893161285219E-004
         193  1.373463654655484E-004
         194  3.288917181364645E-004
         195  2.173253901589071E-004
         196  3.992642651638848E-004
         197  2.041629378626101E-004
         198  1.424832579127205E-004
         199  1.120603124063828E-005
         200  2.055179688788916E-006
         201  8.564004409797833E-008
         202  1.078673031554044E-007
         203  2.605645792411102E-008
         204  7.660240815370115E-008
         205  6.467400315052314E-008
         206  2.199274890362335E-006
         207  1.410173798441524E-006
         208  2.394785773745264E-006
         209  1.540179979139219E-006
         226  6.338579121465762E-014
         227  4.867443805359492E-015
         230  2.987054341314883E-012
         231  7.307017315705189E-012
         232  5.609340572292122E-007
         234  9.725592374824146E-012
         235  1.570177153649240E-007
         236  1.633341740536284E-009
         238  1.769921423979384E-007
         240  3.174445388396721E-013
         244  3.875055173845630E-009
