           1  7.405867379592685E-005
           2  6.470609901488105E-012
           3  1.574717819390911E-008
           4  8.222285502528957E-005
           6  5.674563962362780E-015
           7  3.114017005274736E-012
           8  2.708281752318958E-013
           9  1.912633244112939E-009
          10  2.713051082138141E-014
          14  2.170135172812514E-015
          15  2.251438185604607E-012
          16  1.260624131627788E-009
          17  9.328572504620040E-011
          18  4.420010555206429E-010
          19  1.893264062496242E-010
          20  4.863671178486675E-009
          21  7.831169037867435E-010
          22  1.322183453939403E-009
          23  5.094192717207840E-009
          24  1.164562293199601E-008
          25  1.425673180878973E-008
          26  1.144546525877104E-008
          27  2.442922319926308E-009
          28  1.545393410097207E-009
          29  8.077359501770860E-010
          30  2.504522784018138E-009
          31  4.503933782731041E-010
          32  6.536662222161534E-010
          33  8.965788077759228E-010
          34  4.340114797441397E-009
          35  2.848483824521903E-010
          36  1.107474514469133E-009
          37  8.551896274347995E-010
          38  1.171741148298491E-009
          39  3.325290817212232E-010
          40  6.271943655622034E-010
          41  8.516378748689992E-010
          42  6.066294371848040E-009
          43  5.339099070750146E-010
          44  1.059674910441656E-009
          45  4.826582256882488E-009
          46  7.551805472676295E-009
          47  7.776704282003434E-009
          48  5.626512000685025E-009
          49  5.594336385246643E-010
          50  3.063055224168701E-009
          51  1.501540967311209E-009
          52  6.309451192941131E-009
          53  2.485771021458457E-010
          54  6.255057025996819E-010
          55  3.880022692049475E-010
          56  4.202638051221331E-010
          57  1.156607926641975E-010
          58  2.055638623511593E-010
          59  1.468266069007570E-010
          60  1.894464546112111E-010
          61  2.028452500767772E-010
          62  9.324060056180021E-010
          63  3.764046676869408E-010
          64  3.521076429384463E-010
          65  2.890128830149634E-010
          66  4.405642016013658E-010
          67  5.798226578619082E-010
          68  8.633936316458915E-010
          69  1.583274925531851E-010
          70  4.594359815099661E-010
          71  1.597095725114473E-010
          72  2.069434108897444E-010
          73  2.169807037532245E-010
          74  4.786553752405601E-010
          75  1.178971703503038E-009
          76  2.959080978836366E-009
          77  5.479847317391244E-009
          78  9.873535377664142E-009
          79  8.012974327565346E-009
          80  3.200402795172467E-008
          81  1.266555874929765E-008
          82  1.056790817012320E-008
          83  4.488905671543849E-009
          84  5.091522837009963E-009
          85  3.385286539108355E-009
          86  3.749085115536734E-009
          87  2.818200800993956E-009
          88  6.400181125027986E-009
          89  2.751175603345237E-009
          90  5.201514827435996E-009
          91  3.718843227436017E-009
          92  3.135795226785775E-009
          93  2.552947665458954E-009
          94  5.823023323532426E-009
          95  3.002744980324328E-009
          96  3.232438553604711E-009
          97  1.436302659822584E-009
          98  1.377836131027259E-009
          99  1.530568889663131E-009
         100  1.383029116775334E-009
         101  1.022113359921924E-009
         102  1.781208012705240E-009
         103  1.730500055208823E-009
         104  1.704568345504791E-009
         105  1.819125364167479E-009
         106  2.456514658439121E-009
         107  1.885483071860786E-009
         108  6.267465733131067E-009
         109  2.738890626201844E-009
         110  7.096326543089958E-009
         111  4.986174478701008E-009
         112  6.507636276449906E-009
         113  3.324600564345325E-009
         114  2.646152319359043E-009
         115  1.372682141073459E-009
         116  1.401337331062500E-009
         117  1.236753324161591E-009
         118  1.290394979438948E-009
         119  4.605947298495641E-010
         120  6.305876791059067E-010
         121  5.117250407135693E-010
         122  6.749017271181356E-010
         123  6.442900677256640E-010
         124  1.841817134786113E-008
         125  8.588258709645257E-008
         126  7.156487827101011E-007
         127  3.617342810068141E-006
         128  2.924710489823367E-005
         129  1.412946605892764E-004
         130  3.268229342747240E-004
         131  1.092933903375616E-003
         132  1.051764861166513E-003
         133  3.438355827866354E-005
         134  8.673881270560776E-005
         135  9.348420923428787E-005
         136  2.288684828936042E-004
         137  1.217842494891810E-004
         138  8.891230990966463E-005
         139  1.522480481106681E-005
         140  3.425702027549731E-005
         141  2.567548934493271E-005
         142  9.915626008874706E-006
         143  1.577790745710160E-006
         144  5.255444264587645E-006
         145  2.388569489121765E-006
         146  1.048921794873519E-005
         147  1.321819103880415E-005
         148  2.229090433842419E-005
         149  1.343404956827417E-005
         150  1.543522813073595E-005
         151  1.199106074325609E-005
         152  3.800257272416596E-005
         153  1.917890779111919E-005
         154  2.246646198223109E-005
         155  1.020443755909166E-005
         156  2.429737152137800E-005
         157  1.507474306037063E-005
         158  3.896450989257817E-005
         159  3.332187509999158E-005
         160  5.253531174304394E-005
         161  2.523096230100629E-005
         162  7.724982423712355E-005
         163  1.338943094346943E-004
         164  1.639607532488796E-004
         165  4.887647846766557E-005
         166  7.459969596421704E-005
         167  2.016383589838528E-005
         168  1.023167784148660E-004
         169  5.222132491977259E-005
         170  3.246685512400438E-005
         171  1.507267978387630E-005
         172  3.533628285290320E-005
         173  1.423758158895847E-005
         174  1.303399420442914E-005
         175  8.188596375918579E-006
         176  1.163760074364321E-005
         177  6.943087184859304E-006
         178  1.874377971917552E-005
         179  6.470340365003042E-006
         180  9.167191368854937E-006
         181  4.401577343263883E-006
         182  1.029665829729640E-005
         183  5.882126017218933E-006
         184  1.172805508134911E-005
         185  3.896801245056138E-006
         186  1.565641112020782E-005
         187  4.569319165254883E-006
         188  1.513529509111017E-005
         189  1.315595300051165E-005
         190  2.804769838936320E-005
         191  3.013783415246250E-005
         192  1.062153471742153E-004
         193  1.411233967475411E-004
         194  3.548028100146531E-004
         195  2.334798188988209E-004
         196  4.215680287059691E-004
         197  2.238672554951259E-004
         198  1.625008457043000E-004
         199  1.351908622590301E-005
         200  2.448202917398689E-006
         201  9.127143814019717E-008
         202  1.099480378959696E-007
         203  2.703821423949827E-008
         204  8.209613510538042E-008
         205  7.081261686386938E-008
         206  2.311348538727877E-006
         207  1.523214363791653E-006
         208  2.581349312936637E-006
         209  1.616655153305199E-006
         226  5.985268031565744E-014
         227  4.537308430706117E-015
         230  2.820556549823010E-012
         231  6.811417367234727E-012
         232  5.383556431138939E-007
         234  9.183489866355681E-012
         235  1.463679566081534E-007
         236  1.480688266213168E-009
         238  1.671266369690348E-007
         240  2.874525891525073E-013
         244  3.508942528676882E-009
