           1  7.364806971226918E-005
           2  6.470609901488105E-012
           3  1.574717819390911E-008
           4  8.156385171664345E-005
           6  5.674563962362780E-015
           7  3.114017005274736E-012
           8  2.708281752318958E-013
           9  1.912633244112939E-009
          10  2.713051082138141E-014
          14  2.293074500623576E-015
          15  2.481683116266163E-012
          16  1.249981975592909E-009
          17  9.291744681068884E-011
          18  4.439963199533063E-010
          19  1.891397770257250E-010
          20  4.550873708270827E-009
          21  7.569901972343427E-010
          22  1.710900635414440E-009
          23  4.786526042466003E-009
          24  1.116058952656525E-008
          25  1.348379105564002E-008
          26  1.228304144486039E-008
          27  2.686518700710338E-009
          28  1.639464589894260E-009
          29  8.329154523221380E-010
          30  2.830743156415406E-009
          31  4.884196705393763E-010
          32  5.773735320326497E-010
          33  7.980295286058437E-010
          34  4.430596229756222E-009
          35  2.959310777577556E-010
          36  1.172949240803442E-009
          37  8.329063892738183E-010
          38  1.129990039778000E-009
          39  3.231340944079119E-010
          40  6.221399880245851E-010
          41  8.666262205987671E-010
          42  6.314250444108085E-009
          43  5.378415542826165E-010
          44  9.441734831700726E-010
          45  4.152680459867521E-009
          46  7.259456812763892E-009
          47  8.086893533836446E-009
          48  6.054684912533832E-009
          49  5.375571744952104E-010
          50  3.175642320119652E-009
          51  1.569116919526687E-009
          52  6.428989049049473E-009
          53  2.226052960219431E-010
          54  5.567667855379994E-010
          55  3.877535580057970E-010
          56  4.350529332072856E-010
          57  1.130052976742566E-010
          58  2.271810692870501E-010
          59  1.550704379604295E-010
          60  1.673765937029477E-010
          61  1.706007410225448E-010
          62  8.298990576122285E-010
          63  3.428310682183694E-010
          64  3.708562037785570E-010
          65  3.141000571444244E-010
          66  4.321501832966414E-010
          67  5.785836548453071E-010
          68  8.695345475802282E-010
          69  1.670903673755546E-010
          70  5.103412116563456E-010
          71  1.740918209907442E-010
          72  2.078904796801527E-010
          73  2.103402405648355E-010
          74  4.177736582092570E-010
          75  9.771773061905505E-010
          76  2.712291685505600E-009
          77  5.451148568352009E-009
          78  1.002039468111315E-008
          79  7.795807981745953E-009
          80  3.263452744378410E-008
          81  1.195827691745848E-008
          82  1.105188339650364E-008
          83  4.903063695280850E-009
          84  5.035704880200079E-009
          85  3.490403279582924E-009
          86  3.773600982337618E-009
          87  2.407544825838288E-009
          88  6.158141077565726E-009
          89  2.846229624990182E-009
          90  5.365940127002365E-009
          91  3.495091777264109E-009
          92  2.785712980966957E-009
          93  2.377056357559394E-009
          94  6.000121899916487E-009
          95  3.078380214961578E-009
          96  3.644548566521514E-009
          97  1.576257196546202E-009
          98  1.419481311087060E-009
          99  1.564754522451692E-009
         100  1.389563775343826E-009
         101  1.050150100280035E-009
         102  1.863932337228410E-009
         103  1.752479850634384E-009
         104  1.705083979240079E-009
         105  1.761543532307034E-009
         106  2.187854787873348E-009
         107  1.688995553459929E-009
         108  5.580331991902177E-009
         109  2.490818470198297E-009
         110  7.002425742460384E-009
         111  5.068216321147252E-009
         112  6.808012766841950E-009
         113  3.452545761401945E-009
         114  2.760699667319257E-009
         115  1.442897388203331E-009
         116  1.525834710329152E-009
         117  1.405470592771648E-009
         118  1.520803326412931E-009
         119  5.478001914729615E-010
         120  7.748550949180311E-010
         121  6.335228038462817E-010
         122  7.763226460007564E-010
         123  6.971678469286213E-010
         124  1.644748132847267E-008
         125  7.614034980352746E-008
         126  6.121458165399341E-007
         127  3.131271745108269E-006
         128  2.590298780124389E-005
         129  1.292979267703863E-004
         130  3.241512779428681E-004
         131  1.104174707934039E-003
         132  1.074300968431637E-003
         133  3.470284965012421E-005
         134  8.883084988517558E-005
         135  9.176877777682471E-005
         136  2.395103389242462E-004
         137  1.292805875980813E-004
         138  8.971450714706640E-005
         139  1.471942664584248E-005
         140  3.454289265859560E-005
         141  2.594938231431258E-005
         142  1.022276021524620E-005
         143  1.898652039223212E-006
         144  9.061241123162971E-006
         145  5.237583347335983E-006
         146  2.208518537496662E-005
         147  2.117833448248958E-005
         148  3.185957814713190E-005
         149  1.910887441115950E-005
         150  1.841121188368049E-005
         151  1.009730474300159E-005
         152  2.492197268250542E-005
         153  1.025524636859607E-005
         154  1.899598716573909E-005
         155  9.141540517427033E-006
         156  3.749473767576084E-005
         157  1.725506644505808E-005
         158  3.005654636376821E-005
         159  1.521124468110088E-005
         160  6.229147259416201E-005
         161  4.771792024457940E-005
         162  1.754383089034592E-004
         163  6.573089987750123E-005
         164  7.329730199342308E-005
         165  4.072923206416955E-005
         166  6.907893747630712E-005
         167  1.502421756811205E-005
         168  2.246061327223871E-005
         169  1.892264527650530E-005
         170  5.020716504005870E-005
         171  3.113495771122741E-005
         172  4.802119597963545E-005
         173  1.959827904422035E-005
         174  2.162796867566595E-005
         175  1.570059778803340E-005
         176  2.395149121247690E-005
         177  1.243475595807533E-005
         178  1.652386447142572E-005
         179  7.868213304180200E-006
         180  1.444662004283590E-005
         181  6.284367156977414E-006
         182  1.217520164228949E-005
         183  5.984096946401064E-006
         184  1.025237114906275E-005
         185  3.195147157515867E-006
         186  1.180645338930867E-005
         187  3.460219302448325E-006
         188  1.145951431306922E-005
         189  1.010608888118722E-005
         190  2.193732729434094E-005
         191  2.598236462122621E-005
         192  9.538234985376026E-005
         193  1.262149162516028E-004
         194  3.180293192063753E-004
         195  2.366149629840131E-004
         196  4.774634819922260E-004
         197  2.521026183142897E-004
         198  1.864123257194044E-004
         199  1.525451854443896E-005
         200  2.652400716200750E-006
         201  9.034651246885226E-008
         202  1.084402650006644E-007
         203  2.787227017069490E-008
         204  8.498938278304768E-008
         205  7.356813714612970E-008
         206  2.301490854568758E-006
         207  1.541481687536595E-006
         208  2.547751884644194E-006
         209  1.610264839905620E-006
         226  5.608051277371617E-014
         227  4.456704223147384E-015
         230  2.642793218066773E-012
         231  6.690414154069362E-012
         232  5.239158727147658E-007
         234  8.604707726392747E-012
         235  1.437677645924312E-007
         236  1.333963187913545E-009
         238  1.565936136851388E-007
         240  2.580747256549103E-013
         244  3.150326052365755E-009
