           1  7.434138102321908E-005
           2  6.470609901488105E-012
           3  1.574717819390911E-008
           4  8.146801485246634E-005
           6  5.674563962362780E-015
           7  3.114017005274736E-012
           8  2.708281752318958E-013
           9  1.912633244112939E-009
          10  2.713051082138141E-014
          14  2.104297986215797E-015
          15  2.095096571481656E-012
          16  1.241414600772196E-009
          17  9.212796232337248E-011
          18  4.453342169934229E-010
          19  1.953023035245420E-010
          20  4.667656474380112E-009
          21  7.545940875414400E-010
          22  1.575051977405689E-009
          23  4.900904778649907E-009
          24  1.133007831781772E-008
          25  1.385922990361800E-008
          26  1.201181514562002E-008
          27  2.488965849800087E-009
          28  1.540696894583369E-009
          29  8.424338651601616E-010
          30  2.695082647445074E-009
          31  4.523929623505749E-010
          32  5.957713896937621E-010
          33  8.365561873684076E-010
          34  4.279426390060685E-009
          35  2.900780548761722E-010
          36  1.191272072462513E-009
          37  8.134254222426837E-010
          38  1.104228486103803E-009
          39  3.104591071267071E-010
          40  6.166365415233156E-010
          41  8.743004160897478E-010
          42  6.126856599901288E-009
          43  5.135789567298532E-010
          44  1.014365029830589E-009
          45  4.497286595926690E-009
          46  7.417176021015345E-009
          47  7.960757390786723E-009
          48  5.850769802088617E-009
          49  5.397257970492708E-010
          50  3.150831119798239E-009
          51  1.548913490290283E-009
          52  6.254625308922678E-009
          53  2.241188023554216E-010
          54  5.661834672597663E-010
          55  3.643919688026676E-010
          56  4.221853543570563E-010
          57  1.094992637892050E-010
          58  2.254226361005952E-010
          59  1.526540992816618E-010
          60  1.745090553063778E-010
          61  1.846841102507762E-010
          62  8.627324517210038E-010
          63  3.517140656598447E-010
          64  3.742938481429656E-010
          65  3.142657424660370E-010
          66  4.358820687022467E-010
          67  5.784808199612356E-010
          68  8.323404131179356E-010
          69  1.579631768397673E-010
          70  4.812533489400479E-010
          71  1.646884441899513E-010
          72  2.042535462412342E-010
          73  2.228537215936584E-010
          74  4.501440856366210E-010
          75  1.078673960519341E-009
          76  2.836200596968476E-009
          77  5.580029229559922E-009
          78  1.004677230171811E-008
          79  7.954527853091631E-009
          80  3.217993165999080E-008
          81  1.226228155275620E-008
          82  1.071853220497034E-008
          83  4.638879870610897E-009
          84  5.082401321981071E-009
          85  3.480031550406899E-009
          86  3.775413282646886E-009
          87  2.508660709033875E-009
          88  6.095285091147562E-009
          89  2.700884280070858E-009
          90  5.150456430217126E-009
          91  3.528804894267229E-009
          92  2.906587773805446E-009
          93  2.415130572401286E-009
          94  5.688039964072019E-009
          95  2.940301306908105E-009
          96  3.535629663674223E-009
          97  1.529672045321794E-009
          98  1.384509440101513E-009
          99  1.513459006414352E-009
         100  1.321263889076563E-009
         101  9.926830037820288E-010
         102  1.783698021750960E-009
         103  1.699797873039680E-009
         104  1.661322949963889E-009
         105  1.760813571150159E-009
         106  2.249839737973063E-009
         107  1.750920758895414E-009
         108  5.898770825621863E-009
         109  2.612842108363469E-009
         110  7.003277691464571E-009
         111  4.999167805896890E-009
         112  6.521080292189724E-009
         113  3.262531814100515E-009
         114  2.547570329681029E-009
         115  1.319992739016342E-009
         116  1.355768769857317E-009
         117  1.231187159987014E-009
         118  1.327800987623239E-009
         119  4.863857909962318E-010
         120  6.957472650602042E-010
         121  5.694756867891737E-010
         122  7.220766922477935E-010
         123  6.779819339135059E-010
         124  1.903425311562833E-008
         125  8.928785715432583E-008
         126  7.153249294914286E-007
         127  3.640429450958695E-006
         128  2.946139947795944E-005
         129  1.409014184944394E-004
         130  3.289057869802385E-004
         131  1.094623329533070E-003
         132  1.033943688014270E-003
         133  3.372539775679547E-005
         134  8.494810048423336E-005
         135  8.613934769373116E-005
         136  2.218702363411630E-004
         137  1.194578192640483E-004
         138  8.599037490455486E-005
         139  1.495404990624070E-005
         140  3.428625882705916E-005
         141  2.569529275078040E-005
         142  9.773526354316435E-006
         143  1.924118405934067E-006
         144  1.084122907806200E-005
         145  6.927861723090309E-006
         146  2.592804374010720E-005
         147  1.476588567405906E-005
         148  2.782753312010298E-005
         149  2.111988507498833E-005
         150  2.482278830480433E-005
         151  1.291174264758475E-005
         152  2.580432128270124E-005
         153  1.190510608000845E-005
         154  4.169192016924639E-005
         155  2.220164569295342E-005
         156  2.963254867866513E-005
         157  2.025168837108801E-005
         158  4.531538090773645E-005
         159  2.649583575962617E-005
         160  7.189988528972319E-005
         161  4.317544391761600E-005
         162  1.523273660647425E-004
         163  5.364576643580843E-005
         164  6.670765173919905E-005
         165  2.678417538822288E-005
         166  7.159905236220285E-005
         167  1.665399557196196E-005
         168  4.756247322960382E-005
         169  3.047076463031940E-005
         170  5.147926507304885E-005
         171  2.782325329458085E-005
         172  4.786933296559165E-005
         173  3.125368034979511E-005
         174  7.421610757834800E-005
         175  3.730830412399265E-005
         176  2.428599107981971E-005
         177  8.806583333991594E-006
         178  1.538927498090153E-005
         179  6.708798917647576E-006
         180  1.204637021321464E-005
         181  5.770002355413390E-006
         182  1.273528441201197E-005
         183  6.656195164539083E-006
         184  1.216818412254878E-005
         185  3.894156300041255E-006
         186  1.498137569757130E-005
         187  4.431824606321433E-006
         188  1.506535877745224E-005
         189  1.325717340629608E-005
         190  2.772660238833460E-005
         191  3.006299466782245E-005
         192  1.065802318755472E-004
         193  1.384480753181067E-004
         194  3.371139640994662E-004
         195  2.288194376558773E-004
         196  4.264446373702338E-004
         197  2.184054430658388E-004
         198  1.537207623566931E-004
         199  1.241976543999278E-005
         200  2.205740115798032E-006
         201  8.338756193983173E-008
         202  1.041132281080718E-007
         203  2.641514219437998E-008
         204  8.165332046631848E-008
         205  7.059061081469299E-008
         206  2.241212600562620E-006
         207  1.482063920951465E-006
         208  2.465648597756504E-006
         209  1.557614977392812E-006
         226  5.867364964751928E-014
         227  4.564966958661069E-015
         230  2.764994749483898E-012
         231  6.852938410060373E-012
         232  5.306668168111145E-007
         234  9.002585416699199E-012
         235  1.472601865020171E-007
         236  1.485382653871055E-009
         238  1.638344296792347E-007
         240  2.883790330024176E-013
         244  3.520251657027285E-009
