           1  7.381934017489771E-005
           2  6.470609901488105E-012
           3  1.574717819390911E-008
           4  8.362585072215512E-005
           6  5.674563962362780E-015
           7  3.114017005274736E-012
           8  2.708281752318958E-013
           9  1.912633244112939E-009
          10  2.713051082138141E-014
          14  2.553807351649231E-015
          15  2.409954968897187E-012
          16  1.258330565904734E-009
          17  9.324565960768178E-011
          18  4.538457259333274E-010
          19  2.038507607388740E-010
          20  4.697938130339244E-009
          21  7.629083533484092E-010
          22  1.550869328075029E-009
          23  4.931557653872460E-009
          24  1.139481025465456E-008
          25  1.391039152146558E-008
          26  1.235849503813866E-008
          27  2.627163169857738E-009
          28  1.567638864901209E-009
          29  8.316135026296638E-010
          30  2.650368841517054E-009
          31  4.641207518390176E-010
          32  6.179084304966209E-010
          33  8.132526846363593E-010
          34  4.315707428222820E-009
          35  2.965169165593894E-010
          36  1.190014548064323E-009
          37  9.015887118249118E-010
          38  1.231419055443174E-009
          39  3.311894640735319E-010
          40  6.105381167485876E-010
          41  8.397154353320722E-010
          42  5.923976700044095E-009
          43  5.203412553300378E-010
          44  9.980413883061349E-010
          45  4.444584571357526E-009
          46  7.511663299273681E-009
          47  8.065041529347269E-009
          48  5.911906344173287E-009
          49  5.684267592445073E-010
          50  3.141592706883373E-009
          51  1.526857917467533E-009
          52  6.330228868718452E-009
          53  2.376112715373296E-010
          54  5.944916792539005E-010
          55  3.742776625166894E-010
          56  4.109232486458738E-010
          57  1.105260375799613E-010
          58  2.128175588728242E-010
          59  1.466282989326506E-010
          60  1.735905913642031E-010
          61  1.796840720758973E-010
          62  8.434026827814747E-010
          63  3.480792194015047E-010
          64  3.597822448577875E-010
          65  2.991548815079163E-010
          66  4.339783958948275E-010
          67  5.687703935782777E-010
          68  8.346558538947447E-010
          69  1.567698200374528E-010
          70  4.660222227261460E-010
          71  1.601079781906611E-010
          72  2.021047016300645E-010
          73  2.130037642872621E-010
          74  4.350104051342632E-010
          75  1.034750719589850E-009
          76  2.763591268834845E-009
          77  5.525398645319364E-009
          78  1.010468347040099E-008
          79  7.979111458299407E-009
          80  3.211230178373233E-008
          81  1.306734884073547E-008
          82  1.132216530839787E-008
          83  4.854842250824340E-009
          84  5.069581257501996E-009
          85  3.435125483530023E-009
          86  3.770824743916379E-009
          87  2.656664364728303E-009
          88  6.413259640499290E-009
          89  2.807510469555179E-009
          90  5.262734711267645E-009
          91  3.689929445384774E-009
          92  3.018092205597647E-009
          93  2.489103642283331E-009
          94  5.892671363086942E-009
          95  3.130995958386001E-009
          96  3.660431056940991E-009
          97  1.626414786860625E-009
          98  1.499348556886111E-009
          99  1.627137893383234E-009
         100  1.456717658369585E-009
         101  1.067205529556477E-009
         102  1.853666478848426E-009
         103  1.771708586995383E-009
         104  1.738763850753231E-009
         105  1.804559042792133E-009
         106  2.329173953438121E-009
         107  1.791681566724921E-009
         108  6.026257668407714E-009
         109  2.673925191593912E-009
         110  7.287483574955411E-009
         111  5.242471260869707E-009
         112  7.003066446340251E-009
         113  3.610537985644999E-009
         114  2.904567226367610E-009
         115  1.503965891995793E-009
         116  1.571441164871679E-009
         117  1.466156532260709E-009
         118  1.569194098432055E-009
         119  5.409693045362025E-010
         120  7.530264655426310E-010
         121  6.182405406982391E-010
         122  7.929674793306288E-010
         123  7.183379968312720E-010
         124  1.860743016210529E-008
         125  8.381287156058744E-008
         126  6.848707790730742E-007
         127  3.443392638548141E-006
         128  2.786766260791697E-005
         129  1.374667096895980E-004
         130  3.324672519633624E-004
         131  1.111824108539830E-003
         132  1.075867104507257E-003
         133  3.403552470075055E-005
         134  8.665889107312457E-005
         135  9.767074243348973E-005
         136  2.385048720353379E-004
         137  1.250024518369779E-004
         138  8.144442625295318E-005
         139  1.516896743338495E-005
         140  3.498726909218460E-005
         141  2.571018611220566E-005
         142  9.953082503204260E-006
         143  1.637971450948518E-006
         144  6.029119083579930E-006
         145  2.682369411643407E-006
         146  1.060514026809086E-005
         147  1.177828130883251E-005
         148  2.065624230106168E-005
         149  1.449630515390267E-005
         150  1.697196186787329E-005
         151  1.220365254487693E-005
         152  3.401339238842603E-005
         153  1.354463387934852E-005
         154  2.021064608594498E-005
         155  9.724133686401583E-006
         156  2.448259850866093E-005
         157  1.512360651195069E-005
         158  4.507436476659982E-005
         159  2.381290388943900E-005
         160  4.801707781223963E-005
         161  2.599865928036943E-005
         162  6.232275468067206E-005
         163  6.485922179455407E-005
         164  1.205234438346771E-004
         165  6.926787854718139E-005
         166  8.214806713240069E-005
         167  6.159739461279397E-005
         168  1.267312862211110E-004
         169  3.148892560356008E-005
         170  1.660787309168157E-005
         171  6.611688746243901E-006
         172  1.290534671830521E-005
         173  1.458828770536672E-005
         174  3.832239637909295E-005
         175  1.688463630887769E-005
         176  1.028545070912736E-005
         177  5.019681796529546E-006
         178  1.376435327587957E-005
         179  6.918030603455493E-006
         180  1.255660981466712E-005
         181  5.619945136258769E-006
         182  1.172585403362848E-005
         183  6.122859576252365E-006
         184  1.127935228874063E-005
         185  3.606239248698088E-006
         186  1.368087036290727E-005
         187  4.048674739983120E-006
         188  1.362981403641829E-005
         189  1.184966953060933E-005
         190  2.569503465027335E-005
         191  2.803934065804442E-005
         192  1.013274646856986E-004
         193  1.355315908615880E-004
         194  3.433796976804663E-004
         195  2.388011854315103E-004
         196  4.519196840894924E-004
         197  2.395826707302367E-004
         198  1.753517029250989E-004
         199  1.467674259972054E-005
         200  2.558274014942868E-006
         201  8.891253718740622E-008
         202  1.024673970519840E-007
         203  2.493788457422469E-008
         204  8.291022561449327E-008
         205  7.380584656268854E-008
         206  2.404928454322031E-006
         207  1.576996454817439E-006
         208  2.639711345087974E-006
         209  1.685797693230477E-006
         226  6.664767754005759E-014
         227  5.152827608762012E-015
         230  3.140770679352933E-012
         231  7.735436107266361E-012
         232  6.086421024970010E-007
         234  1.022607956865628E-011
         235  1.662238437978966E-007
         236  1.614105316230488E-009
         238  1.861003074602938E-007
         240  3.128888724752143E-013
         244  3.819444015498306E-009
