           1  7.400902472160859E-005
           2  6.470609901488105E-012
           3  1.574717819390911E-008
           4  8.138979914251279E-005
           6  5.674563962362780E-015
           7  3.114017005274736E-012
           8  2.708281752318958E-013
           9  1.912633244112939E-009
          10  2.713051082138141E-014
          14  2.338592880692219E-015
          15  2.274098464010812E-012
          16  1.213669114250981E-009
          17  9.090736605502716E-011
          18  4.626030407032171E-010
          19  2.151742603916767E-010
          20  4.537289773274252E-009
          21  7.526002021032218E-010
          22  1.565221723789588E-009
          23  4.807392719078228E-009
          24  1.116692645629068E-008
          25  1.357343193344231E-008
          26  1.247053921514752E-008
          27  2.807809672879382E-009
          28  1.624946342878340E-009
          29  8.220792357278600E-010
          30  2.636121624659122E-009
          31  4.877305716834474E-010
          32  6.395622668637255E-010
          33  7.404121748571232E-010
          34  4.432560484934219E-009
          35  3.043371730651664E-010
          36  1.179643088234946E-009
          37  9.030588122051789E-010
          38  1.216036654359908E-009
          39  3.242540179826809E-010
          40  6.054080835987525E-010
          41  8.282347653312287E-010
          42  5.764888778727866E-009
          43  5.184599154220998E-010
          44  9.349910570355442E-010
          45  4.203027099138236E-009
          46  7.441108057513028E-009
          47  8.279474490422185E-009
          48  6.170457950521683E-009
          49  5.545838325881280E-010
          50  3.124688611941666E-009
          51  1.541641104354281E-009
          52  6.429204818607708E-009
          53  2.379967697172741E-010
          54  5.855627824397517E-010
          55  3.702193818192073E-010
          56  3.922204145028744E-010
          57  1.072326812995716E-010
          58  1.922587336102735E-010
          59  1.372176534240251E-010
          60  1.637977992273992E-010
          61  1.633156374377479E-010
          62  7.977650107415335E-010
          63  3.334788364443017E-010
          64  3.417600607831180E-010
          65  2.913407947476938E-010
          66  4.356658268917996E-010
          67  5.712726338148423E-010
          68  8.687526682710609E-010
          69  1.615848703474119E-010
          70  4.689325258838102E-010
          71  1.633062235178646E-010
          72  2.062136425304095E-010
          73  2.051487993933127E-010
          74  4.197448195721344E-010
          75  9.633922223799218E-010
          76  2.685153884144193E-009
          77  5.433031345555692E-009
          78  1.024038919538388E-008
          79  7.837558449260163E-009
          80  3.139076297650202E-008
          81  1.298330653737721E-008
          82  1.133666557152393E-008
          83  4.825556863179881E-009
          84  5.019719666587999E-009
          85  3.336998567504759E-009
          86  3.638048849150363E-009
          87  2.524078590488028E-009
          88  6.178872740712926E-009
          89  2.836894175537280E-009
          90  5.276185376252921E-009
          91  3.507684248701943E-009
          92  2.889671383935784E-009
          93  2.413697512250657E-009
          94  5.757571971594469E-009
          95  3.013888840344041E-009
          96  3.543323133789700E-009
          97  1.578912609783768E-009
          98  1.486861897101749E-009
          99  1.659819756066124E-009
         100  1.506165146025157E-009
         101  1.101755891913877E-009
         102  1.823992035145503E-009
         103  1.703640066922507E-009
         104  1.638406727457735E-009
         105  1.688887970288807E-009
         106  2.158755186179835E-009
         107  1.644730212188010E-009
         108  5.484260458443982E-009
         109  2.465217906561437E-009
         110  7.056684742345915E-009
         111  5.102829971187684E-009
         112  6.980183999584759E-009
         113  3.626351234423205E-009
         114  2.959755923257830E-009
         115  1.571740623115535E-009
         116  1.656713915605646E-009
         117  1.457045575257907E-009
         118  1.553674683318437E-009
         119  5.743488998399267E-010
         120  7.915768389426664E-010
         121  6.468110265249402E-010
         122  8.118533436534298E-010
         123  7.087200056752010E-010
         124  1.552268637637239E-008
         125  6.692982034682479E-008
         126  5.584849257971398E-007
         127  2.866902176612546E-006
         128  2.413114436503062E-005
         129  1.250164040207552E-004
         130  3.264929395757352E-004
         131  1.095555555505772E-003
         132  1.079724714413517E-003
         133  3.423544000546694E-005
         134  8.748278540605928E-005
         135  9.617094796939844E-005
         136  2.332440257938763E-004
         137  1.229128318409428E-004
         138  8.528657187621743E-005
         139  1.456286412212848E-005
         140  3.464000231908759E-005
         141  2.577832339392571E-005
         142  1.046987633901293E-005
         143  1.887384146587161E-006
         144  8.173299808843185E-006
         145  4.061156296014197E-006
         146  1.629883675978954E-005
         147  1.598846470331873E-005
         148  2.744076696098947E-005
         149  1.716366584201841E-005
         150  1.800121915148296E-005
         151  7.463619604840259E-006
         152  2.441834932979081E-005
         153  1.821592059666865E-005
         154  2.496172672141139E-005
         155  9.499214622306721E-006
         156  3.989626654916514E-005
         157  2.089775382565797E-005
         158  4.221893517793084E-005
         159  3.969799997827057E-005
         160  8.552090769191014E-005
         161  4.046671793013083E-005
         162  1.117042075839779E-004
         163  6.032725251174016E-005
         164  7.652839988811855E-005
         165  3.852966725413441E-005
         166  6.276321120923116E-005
         167  1.967139554809406E-005
         168  1.079852242475188E-004
         169  6.279570231234032E-005
         170  4.882101730537093E-005
         171  1.639235444777029E-005
         172  1.492066309343246E-005
         173  9.153640092021777E-006
         174  2.125844158017869E-005
         175  1.208270076342543E-005
         176  2.284439174367457E-005
         177  9.034069675074511E-006
         178  1.990645720425406E-005
         179  7.436965492407190E-006
         180  1.181715688003407E-005
         181  5.640375776740048E-006
         182  1.234044103924407E-005
         183  6.381354167622309E-006
         184  1.145571889080272E-005
         185  3.599499941804132E-006
         186  1.341089814623695E-005
         187  3.853662813164423E-006
         188  1.210911901831611E-005
         189  1.024031062975695E-005
         190  2.219706010762360E-005
         191  2.612050995691289E-005
         192  9.437325769435835E-005
         193  1.255121831868947E-004
         194  3.210194840891489E-004
         195  2.331323186214125E-004
         196  4.583268283128536E-004
         197  2.482980270040968E-004
         198  1.870014277389501E-004
         199  1.542202738841420E-005
         200  2.692164455190159E-006
         201  9.162032844752595E-008
         202  1.036782069610740E-007
         203  2.449093393407273E-008
         204  7.511764269072048E-008
         205  6.525569272973692E-008
         206  2.185936412911069E-006
         207  1.414691508876092E-006
         208  2.385157099428492E-006
         209  1.551146971379950E-006
         226  6.240439581260409E-014
         227  4.822280990522714E-015
         230  2.940806099554787E-012
         231  7.239218799022788E-012
         232  5.697288903690172E-007
         234  9.575012071951912E-012
         235  1.555608188318173E-007
         236  1.454117867527741E-009
         238  1.742517920541096E-007
         240  2.813040550263803E-013
         244  3.433887184949428E-009
