           1  7.429482051193416E-005
           2  6.470609901488105E-012
           3  1.574717819390911E-008
           4  8.034378591149827E-005
           6  5.674563962362780E-015
           7  3.114017005274736E-012
           8  2.708281752318958E-013
           9  1.912633244112939E-009
          10  2.713051082138141E-014
          14  2.131992094894102E-015
          15  2.080040861135628E-012
          16  1.238490439157343E-009
          17  9.200140716932444E-011
          18  4.522136787132881E-010
          19  2.041478096301781E-010
          20  4.668949605335200E-009
          21  7.563367485328228E-010
          22  1.539385026563570E-009
          23  4.913743006655604E-009
          24  1.134689021747219E-008
          25  1.388007942030501E-008
          26  1.210434558959580E-008
          27  2.544669129713623E-009
          28  1.536343519146304E-009
          29  8.334170745313442E-010
          30  2.625841851776011E-009
          31  4.515076283095642E-010
          32  6.187091048018331E-010
          33  8.142767811976650E-010
          34  4.323352341684054E-009
          35  2.913458055640386E-010
          36  1.182589512253677E-009
          37  8.399912519950010E-010
          38  1.138500962502591E-009
          39  3.090207559721673E-010
          40  6.072887552240955E-010
          41  8.595752452310656E-010
          42  5.983943145349816E-009
          43  5.038448305950350E-010
          44  1.006061473081698E-009
          45  4.501088066986405E-009
          46  7.489627900300338E-009
          47  8.065279342009459E-009
          48  5.907038389796797E-009
          49  5.434643794900746E-010
          50  3.128403619365212E-009
          51  1.535047345997616E-009
          52  6.238475928827278E-009
          53  2.284468112375885E-010
          54  5.769869524875643E-010
          55  3.608427415173620E-010
          56  4.059596236635251E-010
          57  1.060797938981874E-010
          58  2.103439868932508E-010
          59  1.462416491629281E-010
          60  1.720506327741456E-010
          61  1.807426171892875E-010
          62  8.513102463153067E-010
          63  3.457957222192241E-010
          64  3.594672064145874E-010
          65  3.066132528821638E-010
          66  4.358535175052405E-010
          67  5.778884185932213E-010
          68  8.387201038224980E-010
          69  1.564487422239375E-010
          70  4.705068345144880E-010
          71  1.626916154518469E-010
          72  2.036182430267609E-010
          73  2.187847277689290E-010
          74  4.475886178525250E-010
          75  1.066552923137696E-009
          76  2.818635188634966E-009
          77  5.546823384109367E-009
          78  1.014127772699324E-008
          79  7.974932529093327E-009
          80  3.198490559375360E-008
          81  1.258898546058573E-008
          82  1.079489526909652E-008
          83  4.596992796073551E-009
          84  5.083465920456519E-009
          85  3.430716854920931E-009
          86  3.730975427332399E-009
          87  2.562079600397754E-009
          88  6.137043338751945E-009
          89  2.726860546140305E-009
          90  5.208021221697437E-009
          91  3.544886063116110E-009
          92  2.939496910365456E-009
          93  2.439150751573617E-009
          94  5.702875518062690E-009
          95  2.898059817556271E-009
          96  3.500712270156376E-009
          97  1.515922269982306E-009
          98  1.401569461863690E-009
          99  1.563115549338797E-009
         100  1.365490263481713E-009
         101  1.014756074267514E-009
         102  1.775782080862918E-009
         103  1.683691721308030E-009
         104  1.631899254616174E-009
         105  1.752823424257462E-009
         106  2.256059247413242E-009
         107  1.740977351894976E-009
         108  5.899479298406150E-009
         109  2.622665987731796E-009
         110  7.161249671130269E-009
         111  5.064707066840924E-009
         112  6.643709654831181E-009
         113  3.324779328545635E-009
         114  2.597414854809922E-009
         115  1.356919679881130E-009
         116  1.401904776706513E-009
         117  1.238429405963005E-009
         118  1.323758976728724E-009
         119  4.994909362168548E-010
         120  7.100216956924471E-010
         121  5.788240173169641E-010
         122  7.316998848830144E-010
         123  6.807981642113222E-010
         124  1.836270995691189E-008
         125  8.579863101836239E-008
         126  6.936067701821776E-007
         127  3.521184245787203E-006
         128  2.873425594556805E-005
         129  1.394408899273930E-004
         130  3.317415248409536E-004
         131  1.093515386932982E-003
         132  1.041061449484849E-003
         133  3.337785045947262E-005
         134  8.415947287999035E-005
         135  8.881551303146614E-005
         136  2.208518951384225E-004
         137  1.175657131518152E-004
         138  8.452011940922277E-005
         139  1.429790241204096E-005
         140  3.237596917359058E-005
         141  2.332924834832825E-005
         142  8.865827379987968E-006
         143  1.404389948438494E-006
         144  4.812617702236832E-006
         145  1.694763785119461E-006
         146  6.375115251445080E-006
         147  8.092260395128772E-006
         148  3.337634013824731E-005
         149  2.554588416267209E-005
         150  3.586488623164998E-005
         151  1.905620377011791E-005
         152  2.429352691828827E-005
         153  1.121566935066219E-005
         154  2.916795508859040E-005
         155  1.436065951474764E-005
         156  3.710929579585827E-005
         157  1.566501455907434E-005
         158  3.667867898846795E-005
         159  2.007828373155656E-005
         160  9.899207675919906E-005
         161  4.557440859447192E-005
         162  1.257734179230587E-004
         163  5.418218743495835E-005
         164  6.067857181888578E-005
         165  3.557263066524043E-005
         166  5.736363327064304E-005
         167  2.695714649902123E-005
         168  9.539665542956939E-005
         169  4.524430332618696E-005
         170  6.190675937917726E-005
         171  3.212849249592768E-005
         172  4.572165614249559E-005
         173  3.104071927533818E-005
         174  6.689076725273927E-005
         175  2.534950571411319E-005
         176  2.899717553406314E-005
         177  1.436742712318914E-005
         178  1.642682685894335E-005
         179  7.454006595656836E-006
         180  1.432439514760235E-005
         181  6.501621983211045E-006
         182  1.342202338226173E-005
         183  6.975380820809748E-006
         184  1.272345589183592E-005
         185  4.091900169436163E-006
         186  1.584680817194921E-005
         187  4.646267279621357E-006
         188  1.546780386365688E-005
         189  1.354856996139048E-005
         190  2.781153280017162E-005
         191  3.074707657359672E-005
         192  1.077972661235380E-004
         193  1.389865085813368E-004
         194  3.357995182163415E-004
         195  2.234779445025504E-004
         196  4.124093755159400E-004
         197  2.123692635386331E-004
         198  1.500938968719746E-004
         199  1.192734037220035E-005
         200  2.118457611772091E-006
         201  8.118782724608583E-008
         202  9.981806964263424E-008
         203  2.447906367418432E-008
         204  7.704036073716646E-008
         205  6.686880474092897E-008
         206  2.129095651440242E-006
         207  1.393925129135299E-006
         208  2.339275135040061E-006
         209  1.480913656134071E-006
         226  5.740174868373588E-014
         227  4.449565015798334E-015
         230  2.705056438029749E-012
         231  6.679696760339519E-012
         232  5.166540788592924E-007
         234  8.807431422754214E-012
         235  1.435374625956767E-007
         236  1.450826199510669E-009
         238  1.602829006664364E-007
         240  2.817293552737529E-013
         244  3.439078838049032E-009
