           1  7.475520757853102E-005
           2  6.470609901488105E-012
           3  1.574717819390911E-008
           4  8.124703499484985E-005
           6  5.674563962362780E-015
           7  3.114017005274736E-012
           8  2.708281752318958E-013
           9  1.912633244112939E-009
          10  2.713051082138141E-014
          14  1.823281444795373E-015
          15  1.815148570770465E-012
          16  1.206588739262540E-009
          17  9.023282630097215E-011
          18  4.628709976655673E-010
          19  2.197212356741424E-010
          20  4.473727336686162E-009
          21  7.379860349703505E-010
          22  1.705593948193498E-009
          23  4.740112435445056E-009
          24  1.105704659901823E-008
          25  1.347170456405062E-008
          26  1.220338237578307E-008
          27  2.658130180564894E-009
          28  1.597685635130192E-009
          29  8.693604076779654E-010
          30  2.752281676108315E-009
          31  4.859660040399156E-010
          32  6.281977187045917E-010
          33  7.401514294222658E-010
          34  4.386272686265672E-009
          35  2.994869462708319E-010
          36  1.197891056843092E-009
          37  7.418902165317427E-010
          38  9.714244093995222E-010
          39  2.740242499578064E-010
          40  6.175562096004944E-010
          41  9.073941100936690E-010
          42  6.015289443755156E-009
          43  5.172859806465165E-010
          44  9.496781958530167E-010
          45  4.175252187676541E-009
          46  7.332576652353687E-009
          47  8.307734979098539E-009
          48  6.266159131225254E-009
          49  4.843771415572526E-010
          50  3.129655386569416E-009
          51  1.603440490347326E-009
          52  6.243204471927827E-009
          53  2.030532620989637E-010
          54  4.811295544537623E-010
          55  3.152858720071935E-010
          56  3.794685640543162E-010
          57  1.014753065392692E-010
          58  2.062364699551090E-010
          59  1.444629009335358E-010
          60  1.632778783039449E-010
          61  1.614936257178318E-010
          62  7.884063820461323E-010
          63  3.325589359419724E-010
          64  3.629680543124576E-010
          65  3.152710844431517E-010
          66  4.478833475822987E-010
          67  5.842684256860241E-010
          68  8.607218237086457E-010
          69  1.615455334661186E-010
          70  4.846481296697442E-010
          71  1.677952803980677E-010
          72  2.094616590114212E-010
          73  2.167465872139607E-010
          74  4.274508929750819E-010
          75  9.760415544563538E-010
          76  2.706949014564138E-009
          77  5.474474950877657E-009
          78  1.044691139791363E-008
          79  7.929594877920960E-009
          80  3.160915414540380E-008
          81  1.206648376983734E-008
          82  1.060513196860419E-008
          83  4.573417123883472E-009
          84  5.236657996795053E-009
          85  3.485650523084080E-009
          86  3.724648110809001E-009
          87  2.335299417695284E-009
          88  5.633731137399906E-009
          89  2.663562454800008E-009
          90  5.130720988261185E-009
          91  3.355840485902567E-009
          92  2.794655927050534E-009
          93  2.313773257177465E-009
          94  5.316007670735993E-009
          95  2.715287997476022E-009
          96  3.422822262071719E-009
          97  1.500874053016128E-009
          98  1.404401066701640E-009
          99  1.555790382322130E-009
         100  1.353703750044009E-009
         101  1.007490966206597E-009
         102  1.687105445187769E-009
         103  1.598757190598819E-009
         104  1.543454092780029E-009
         105  1.632527675142240E-009
         106  2.049783596452565E-009
         107  1.563706461024614E-009
         108  5.238214022827757E-009
         109  2.403089068162849E-009
         110  6.854710252611122E-009
         111  4.816536983881333E-009
         112  6.428287390526093E-009
         113  3.256012933780581E-009
         114  2.597039463224355E-009
         115  1.378634236503726E-009
         116  1.437371143040537E-009
         117  1.256368669059908E-009
         118  1.352287838332986E-009
         119  5.232179517578747E-010
         120  7.447015740449400E-010
         121  6.023789522473457E-010
         122  7.760411900584816E-010
         123  6.769394465846563E-010
         124  1.762839544905856E-008
         125  7.207316526571775E-008
         126  5.941401488160950E-007
         127  3.089219958253333E-006
         128  2.601776942762624E-005
         129  1.302799133495165E-004
         130  3.296360224497024E-004
         131  1.086840828696020E-003
         132  1.020703465967113E-003
         133  3.289781989647742E-005
         134  8.195745136103564E-005
         135  7.684305325417856E-005
         136  2.038231304923798E-004
         137  1.118326790034407E-004
         138  8.921370826448808E-005
         139  1.384754388829698E-005
         140  3.227808002044273E-005
         141  2.418128860011464E-005
         142  9.666917660656739E-006
         143  1.783952213295566E-006
         144  8.448857183903999E-006
         145  4.112167305390746E-006
         146  1.554868989178293E-005
         147  1.214683345924345E-005
         148  1.791108062151857E-005
         149  1.111925128396449E-005
         150  2.319206557854829E-005
         151  1.019932565325391E-005
         152  1.446164258903296E-005
         153  6.349316633720076E-006
         154  2.790732944136467E-005
         155  1.629127252949112E-005
         156  2.458803258360020E-005
         157  1.362215988048217E-005
         158  3.493613815909416E-005
         159  2.703956983347781E-005
         160  1.440328234637903E-004
         161  6.304822757864718E-005
         162  1.408112004533924E-004
         163  4.982921414178051E-005
         164  1.351178253514016E-004
         165  7.791471392551506E-005
         166  1.688496040188486E-004
         167  5.403672651753763E-005
         168  7.750256239122502E-005
         169  2.380868179801878E-005
         170  2.334904328135250E-005
         171  1.428973565379844E-005
         172  3.520344021504586E-005
         173  2.232881887847821E-005
         174  4.091929694325792E-005
         175  2.484378866110512E-005
         176  4.257919618751737E-005
         177  2.012071721323900E-005
         178  1.971177353583758E-005
         179  8.330570143134127E-006
         180  1.534359258582494E-005
         181  6.933375092033450E-006
         182  1.414260841840683E-005
         183  7.101131395877211E-006
         184  1.235885291149574E-005
         185  3.797776225114843E-006
         186  1.419418210920569E-005
         187  4.137947586765362E-006
         188  1.331970099282168E-005
         189  1.149553006499820E-005
         190  2.357129201769909E-005
         191  2.733395056394794E-005
         192  9.570271884023130E-005
         193  1.242768702910506E-004
         194  3.029747371936658E-004
         195  2.116954950699178E-004
         196  4.083593577820220E-004
         197  2.134974757729410E-004
         198  1.539303325893049E-004
         199  1.208103985989125E-005
         200  2.227138246465306E-006
         201  8.827072235702107E-008
         202  1.103896629298719E-007
         203  2.696608999015257E-008
         204  8.445841634105632E-008
         205  7.183742197485430E-008
         206  2.198020381183655E-006
         207  1.428473025647466E-006
         208  2.387194195069558E-006
         209  1.538416332203270E-006
         226  6.564025222049838E-014
         227  5.015608553856704E-015
         230  3.093295778169653E-012
         231  7.529442561098707E-012
         232  5.716588160742228E-007
         234  1.007150536806092E-011
         235  1.617973268482728E-007
         236  1.671001593379032E-009
         238  1.832872737788037E-007
         240  3.245900853857188E-013
         244  3.962281078611306E-009
