           1  7.414196439226838E-005
           2  6.470609901488105E-012
           3  1.574717819390911E-008
           4  8.116715669152865E-005
           6  5.674563962362780E-015
           7  3.114017005274736E-012
           8  2.708281752318958E-013
           9  1.912633244112939E-009
          10  2.713051082138141E-014
          14  2.271164711736193E-015
          15  2.213479909112743E-012
          16  1.315458861941215E-009
          17  9.645242401913396E-011
          18  4.437747808678194E-010
          19  1.896306929210932E-010
          20  4.704162241613313E-009
          21  7.920843249194899E-010
          22  1.778719192364710E-009
          23  4.904787338504530E-009
          24  1.141608704419679E-008
          25  1.368465284656735E-008
          26  1.194074983408523E-008
          27  2.725023725959660E-009
          28  1.681802210785816E-009
          29  8.344272702183422E-010
          30  2.813673553612637E-009
          31  5.152878273735378E-010
          32  5.806293721253670E-010
          33  7.880217239181741E-010
          34  4.506582933493057E-009
          35  2.928956100990995E-010
          36  1.095236151753240E-009
          37  7.358156417243916E-010
          38  9.751443728206301E-010
          39  2.941117326990006E-010
          40  6.222211165513518E-010
          41  8.838769451015612E-010
          42  6.519577341486117E-009
          43  5.804624343861920E-010
          44  9.449586701597560E-010
          45  4.143086262451304E-009
          46  7.229523366714720E-009
          47  8.112196960773003E-009
          48  6.109291493554898E-009
          49  4.991178651541996E-010
          50  3.122697389975915E-009
          51  1.595151295055794E-009
          52  6.322709645053127E-009
          53  2.139977839344945E-010
          54  5.093083653800886E-010
          55  3.685613864721047E-010
          56  4.297951680214422E-010
          57  1.175376352175764E-010
          58  2.143480433682803E-010
          59  1.528969826889191E-010
          60  1.690660080168300E-010
          61  1.652549429304047E-010
          62  8.346678013067225E-010
          63  3.453117103959626E-010
          64  3.520318117008752E-010
          65  3.005444486386275E-010
          66  4.375493650954460E-010
          67  5.741313804471255E-010
          68  9.000694998741944E-010
          69  1.681919070333376E-010
          70  5.067725430188993E-010
          71  1.767184587856634E-010
          72  2.167516760467083E-010
          73  2.071239007395606E-010
          74  4.254438065259891E-010
          75  9.864357498768397E-010
          76  2.727700971215820E-009
          77  5.277330334971063E-009
          78  1.028809853123045E-008
          79  8.024639772557406E-009
          80  3.355937630731303E-008
          81  1.181697817977642E-008
          82  1.078564522634181E-008
          83  4.830843153490828E-009
          84  5.321917946376850E-009
          85  3.592721002642225E-009
          86  3.895256922129827E-009
          87  2.517330314148680E-009
          88  6.127623148944928E-009
          89  2.853305449586715E-009
          90  5.481405390274899E-009
          91  3.694233418616996E-009
          92  2.928682279343379E-009
          93  2.418045530014105E-009
          94  5.865376582943982E-009
          95  2.988241864818762E-009
          96  3.318588263570865E-009
          97  1.460306893998038E-009
          98  1.376405516260827E-009
          99  1.557753996724802E-009
         100  1.407023079143348E-009
         101  1.049548872227799E-009
         102  1.833348462673787E-009
         103  1.755466388798456E-009
         104  1.719504340682229E-009
         105  1.811580007853569E-009
         106  2.295254553831289E-009
         107  1.730827330820559E-009
         108  5.663472827386191E-009
         109  2.520350533838107E-009
         110  7.031533304566586E-009
         111  5.020939048397643E-009
         112  6.847763679001744E-009
         113  3.522478000958178E-009
         114  2.858624889424241E-009
         115  1.520335208192230E-009
         116  1.598410418297554E-009
         117  1.398661111141324E-009
         118  1.492162100368778E-009
         119  5.528592065988368E-010
         120  7.610923387960457E-010
         121  6.164395409335014E-010
         122  7.805286381501114E-010
         123  6.931864961821568E-010
         124  1.717536033979864E-008
         125  7.397619250338794E-008
         126  6.109509308525809E-007
         127  3.113515367655348E-006
         128  2.590396445356003E-005
         129  1.317725494990986E-004
         130  3.372119675490748E-004
         131  1.135262079889892E-003
         132  1.054000760229775E-003
         133  3.184716560644630E-005
         134  7.917219970475425E-005
         135  8.477065131199521E-005
         136  2.212743073961274E-004
         137  1.195998316802717E-004
         138  8.694425209637454E-005
         139  1.425766578033725E-005
         140  3.277366377035326E-005
         141  2.437816107256165E-005
         142  9.868222261744787E-006
         143  1.605482866698767E-006
         144  5.409262186300870E-006
         145  2.036244932082152E-006
         146  9.520610029881705E-006
         147  1.539036255623549E-005
         148  1.845595079408784E-005
         149  1.117311239510333E-005
         150  4.096436305506453E-005
         151  1.540827610060601E-005
         152  4.251268997038342E-005
         153  3.062070614789602E-005
         154  3.452148813533131E-005
         155  1.124268358825531E-005
         156  1.799260336084824E-005
         157  2.177360276678460E-005
         158  4.457231271879774E-005
         159  1.768340512006349E-005
         160  3.184730916883969E-005
         161  2.158046739436312E-005
         162  1.104727042716594E-004
         163  4.169854637898351E-005
         164  8.142467549195653E-005
         165  4.214751921512398E-005
         166  8.294336582475770E-005
         167  2.235249338270698E-005
         168  9.154232496962333E-005
         169  2.888671112380434E-005
         170  3.265922959878405E-005
         171  2.611540240916708E-005
         172  8.779993421495860E-005
         173  3.700120494726642E-005
         174  5.661178966534032E-005
         175  3.066578682237853E-005
         176  1.845234900709465E-005
         177  6.545630211477013E-006
         178  1.280582379497213E-005
         179  7.753633749693640E-006
         180  1.630594008369644E-005
         181  7.447272105018588E-006
         182  1.567276027003907E-005
         183  8.092910834483797E-006
         184  1.447079372458692E-005
         185  4.506868546389857E-006
         186  1.676537110984784E-005
         187  4.791073243777977E-006
         188  1.492662478635809E-005
         189  1.243189467958999E-005
         190  2.593550012921109E-005
         191  2.930901154941379E-005
         192  1.015429261014617E-004
         193  1.298826424073440E-004
         194  3.214726385006868E-004
         195  2.254649302469748E-004
         196  4.339311385338980E-004
         197  2.316391902903761E-004
         198  1.721902367269093E-004
         199  1.395213111900888E-005
         200  2.496294621898351E-006
         201  8.779149308582365E-008
         202  1.043831673472540E-007
         203  2.608593991965371E-008
         204  9.514318010531708E-008
         205  8.433303206999473E-008
         206  2.253135576964081E-006
         207  1.521976920900275E-006
         208  2.508212547754026E-006
         209  1.556513597003663E-006
         226  6.152843901656968E-014
         227  4.707658644003803E-015
         230  2.899526650323997E-012
         231  7.067147481043066E-012
         232  5.418149974453968E-007
         234  9.440609730781523E-012
         235  1.518632437390450E-007
         236  1.524530962020702E-009
         238  1.718058579258582E-007
         240  2.957725071347472E-013
         244  3.610504021405327E-009
