           1  7.378184414212297E-005
           2  6.470609901488105E-012
           3  1.574717819390911E-008
           4  8.218721944866869E-005
           6  5.674563962362780E-015
           7  3.114017005274736E-012
           8  2.708281752318958E-013
           9  1.912633244112939E-009
          10  2.713051082138141E-014
          14  2.644617127208856E-015
          15  2.426621716618739E-012
          16  1.321453534566608E-009
          17  9.677168941496870E-011
          18  4.485100422241466E-010
          19  1.951415305069000E-010
          20  4.760372375227912E-009
          21  7.911554919792023E-010
          22  1.699745019110881E-009
          23  4.966190339527736E-009
          24  1.150740233746570E-008
          25  1.384608310984155E-008
          26  1.227685575268312E-008
          27  2.705506594887250E-009
          28  1.634131259297517E-009
          29  8.224593535518075E-010
          30  2.744651516621892E-009
          31  4.848293200000493E-010
          32  5.934576602804942E-010
          33  8.079082474243787E-010
          34  4.446693058752072E-009
          35  2.925351510095978E-010
          36  1.135650786301355E-009
          37  8.252202821066126E-010
          38  1.116275450938294E-009
          39  3.127620961485008E-010
          40  6.041320823365516E-010
          41  8.488038693892175E-010
          42  6.278882780595423E-009
          43  5.423415768574338E-010
          44  9.615555409677468E-010
          45  4.268844927690019E-009
          46  7.393891999505822E-009
          47  8.131506138146337E-009
          48  6.011206688976265E-009
          49  5.356448447730097E-010
          50  3.137982092574540E-009
          51  1.553784935383301E-009
          52  6.302090666651869E-009
          53  2.264027978341759E-010
          54  5.630329102988553E-010
          55  3.863300928154709E-010
          56  4.274847562746063E-010
          57  1.130064734297682E-010
          58  2.114290431371164E-010
          59  1.475204846131837E-010
          60  1.657517776795245E-010
          61  1.711939158812890E-010
          62  8.394480237789109E-010
          63  3.414183702962437E-010
          64  3.504322385479016E-010
          65  2.961291960227004E-010
          66  4.224317843645658E-010
          67  5.688549556995345E-010
          68  8.690252955854092E-010
          69  1.624434326591540E-010
          70  4.915226993569945E-010
          71  1.691696134047942E-010
          72  2.042247997347629E-010
          73  2.038291282993642E-010
          74  4.207679639885548E-010
          75  1.001125233668819E-009
          76  2.733555983354111E-009
          77  5.366392440908188E-009
          78  1.024352427064167E-008
          79  8.072494817519543E-009
          80  3.347979271343565E-008
          81  1.252838340875665E-008
          82  1.121359665053362E-008
          83  4.932630069246052E-009
          84  5.250664248713578E-009
          85  3.567135344955488E-009
          86  3.889867448095903E-009
          87  2.618709375370537E-009
          88  6.433875217865467E-009
          89  2.908793319325663E-009
          90  5.578406188905973E-009
          91  3.780915630350694E-009
          92  2.986569301131195E-009
          93  2.493220998705705E-009
          94  6.159161247581889E-009
          95  3.146050731330814E-009
          96  3.553527442423559E-009
          97  1.546501182893107E-009
          98  1.423307763962658E-009
          99  1.594639562863320E-009
         100  1.428598332480340E-009
         101  1.067336136483876E-009
         102  1.900580732098080E-009
         103  1.811194983895049E-009
         104  1.771502486267674E-009
         105  1.866192410493761E-009
         106  2.376155286289239E-009
         107  1.818453675185846E-009
         108  6.062779817476370E-009
         109  2.678029898080193E-009
         110  7.431168201340751E-009
         111  5.337736963550494E-009
         112  7.201739527634481E-009
         113  3.677509137587220E-009
         114  2.942509803203628E-009
         115  1.538847130462831E-009
         116  1.624364230575539E-009
         117  1.480541018618403E-009
         118  1.584675401363844E-009
         119  5.650831419778011E-010
         120  7.864615955677569E-010
         121  6.413114114214658E-010
         122  8.083945000595896E-010
         123  7.313239623483194E-010
         124  1.867494087694102E-008
         125  8.441562564016798E-008
         126  6.817157688182948E-007
         127  3.408959142740552E-006
         128  2.769468175721397E-005
         129  1.381121634346213E-004
         130  3.428923030555991E-004
         131  1.137211170231191E-003
         132  1.076390460972514E-003
         133  3.225653261430559E-005
         134  8.122543365601684E-005
         135  9.467697006022757E-005
         136  2.330076293484743E-004
         137  1.224906880550462E-004
         138  8.141256661395276E-005
         139  1.485288449398541E-005
         140  3.398909470707649E-005
         141  2.456887327494730E-005
         142  9.668713983525576E-006
         143  1.563718330943356E-006
         144  5.533574207755590E-006
         145  2.273711071714740E-006
         146  9.602006284288010E-006
         147  1.267560027870262E-005
         148  1.380779456724024E-005
         149  8.824515848322254E-006
         150  4.190536064445708E-005
         151  1.498590075766942E-005
         152  1.762359210365655E-005
         153  9.377688397710994E-006
         154  3.249459710368161E-005
         155  1.830698786454991E-005
         156  4.484297096657783E-005
         157  1.769610218693312E-005
         158  2.671616048418655E-005
         159  1.663956189616453E-005
         160  3.277907099738810E-005
         161  1.989233651052365E-005
         162  6.022246809357399E-005
         163  2.573432998401256E-005
         164  4.879265319806759E-005
         165  4.237275091677649E-005
         166  7.940427541500860E-005
         167  3.069565847401807E-005
         168  1.021100419141536E-004
         169  3.513345902590811E-005
         170  7.223099511605456E-005
         171  3.971762946513777E-005
         172  4.747028634616271E-005
         173  2.623693367887962E-005
         174  4.613939188082659E-005
         175  2.398357192158980E-005
         176  3.285858625651022E-005
         177  1.357114219301171E-005
         178  3.442417467490222E-005
         179  1.324591453895667E-005
         180  1.834377993842284E-005
         181  8.019861769859588E-006
         182  1.593063395656906E-005
         183  7.995457531758508E-006
         184  1.406706959569168E-005
         185  4.405142816027679E-006
         186  1.627946153232228E-005
         187  4.693030329082559E-006
         188  1.512037695375168E-005
         189  1.295517825103684E-005
         190  2.725576697630853E-005
         191  3.025964159114963E-005
         192  1.060454542181901E-004
         193  1.358473697344099E-004
         194  3.336334776176279E-004
         195  2.303596652213070E-004
         196  4.371981109532375E-004
         197  2.294665713870944E-004
         198  1.677131246277699E-004
         199  1.362249725273700E-005
         200  2.377988860884221E-006
         201  8.427317834462197E-008
         202  9.834702392152151E-008
         203  2.401834287543560E-008
         204  9.027082294165580E-008
         205  8.122240995038474E-008
         206  2.303296116743922E-006
         207  1.536318617171435E-006
         208  2.553242740843300E-006
         209  1.589927603207192E-006
         226  6.321336929128659E-014
         227  4.909007533961366E-015
         230  2.978928961085753E-012
         231  7.369412876238372E-012
         232  5.663106286117976E-007
         234  9.699136834693539E-012
         235  1.583585098287303E-007
         236  1.574981638920063E-009
         238  1.765106886678676E-007
         240  3.055506618026744E-013
         244  3.729866253860525E-009
