           1  7.424652255421367E-005
           2  6.470609901488105E-012
           3  1.574717819390911E-008
           4  8.220220136550174E-005
           6  5.674563962362780E-015
           7  3.114017005274736E-012
           8  2.708281752318958E-013
           9  1.912633244112939E-009
          10  2.713051082138141E-014
          14  2.162720809090453E-015
          15  2.158524909366810E-012
          16  1.237713480486344E-009
          17  9.198422683488922E-011
          18  4.516603032114981E-010
          19  2.030575913799462E-010
          20  4.687685344975435E-009
          21  7.576873843564555E-010
          22  1.509980909395895E-009
          23  4.930731115419973E-009
          24  1.137228161687864E-008
          25  1.392984646691053E-008
          26  1.191060093977782E-008
          27  2.502014983183365E-009
          28  1.562203191698779E-009
          29  8.622906897207821E-010
          30  2.685702917088883E-009
          31  4.644886869175007E-010
          32  6.396119382349667E-010
          33  8.302481221054219E-010
          34  4.253981689724169E-009
          35  2.930055824735818E-010
          36  1.196059307076918E-009
          37  8.088866016136318E-010
          38  1.092164768854863E-009
          39  3.152075919809189E-010
          40  6.353410851184029E-010
          41  8.910562863419342E-010
          42  6.038353620206903E-009
          43  5.164164653490974E-010
          44  1.018967237746258E-009
          45  4.554208524727871E-009
          46  7.433364328496134E-009
          47  7.964261954606264E-009
          48  5.873769544727927E-009
          49  5.292013028222736E-010
          50  3.130235268723357E-009
          51  1.560061798835292E-009
          52  6.354080100883893E-009
          53  2.208219966072222E-010
          54  5.369494803159188E-010
          55  3.453569831946632E-010
          56  4.149066806126203E-010
          57  1.106528915314318E-010
          58  2.167436823962619E-010
          59  1.500503336557059E-010
          60  1.792415019821739E-010
          61  1.885494276641904E-010
          62  8.810117494944678E-010
          63  3.589773834285553E-010
          64  3.686162784231812E-010
          65  3.095563623334895E-010
          66  4.435614049240214E-010
          67  5.812292087351986E-010
          68  8.374531597843342E-010
          69  1.561498426889310E-010
          70  4.658865809006814E-010
          71  1.608934435085627E-010
          72  2.036215537502838E-010
          73  2.208986445793142E-010
          74  4.545740564685303E-010
          75  1.083529828698532E-009
          76  2.838089472087412E-009
          77  5.554849281052124E-009
          78  1.008349489736336E-008
          79  7.970061947458316E-009
          80  3.183257394046628E-008
          81  1.239104717537538E-008
          82  1.084908677585075E-008
          83  4.702787612395283E-009
          84  5.208082492641725E-009
          85  3.488808419912157E-009
          86  3.787665023625017E-009
          87  2.558896119736883E-009
          88  6.098666570834144E-009
          89  2.700091265256682E-009
          90  5.131893713079532E-009
          91  3.540915456145482E-009
          92  3.011593490989144E-009
          93  2.491557323304438E-009
          94  5.682388108555284E-009
          95  2.946999945578454E-009
          96  3.515653145557084E-009
          97  1.539290634177567E-009
          98  1.417998707470545E-009
          99  1.557108643972479E-009
         100  1.372401362119259E-009
         101  1.012718291483680E-009
         102  1.769859188224921E-009
         103  1.687852694373930E-009
         104  1.653805753481467E-009
         105  1.760540797749873E-009
         106  2.280593039675441E-009
         107  1.761089471001473E-009
         108  5.944567916694730E-009
         109  2.630253665423579E-009
         110  7.040302705965522E-009
         111  4.999089152271906E-009
         112  6.547959185227113E-009
         113  3.309229934567372E-009
         114  2.608665707821925E-009
         115  1.352095449921348E-009
         116  1.399057235035546E-009
         117  1.282494592998377E-009
         118  1.373260604127902E-009
         119  4.878425254898546E-010
         120  6.867485260906108E-010
         121  5.614212704965847E-010
         122  7.268222804404592E-010
         123  6.735766265277740E-010
         124  1.888112347059098E-008
         125  8.577348057619487E-008
         126  6.974165196996991E-007
         127  3.542819370277963E-006
         128  2.875068083289744E-005
         129  1.389869450059889E-004
         130  3.280380132345911E-004
         131  1.095849263378867E-003
         132  1.043465542305323E-003
         133  3.472643950837302E-005
         134  8.725452145095563E-005
         135  8.615621498364259E-005
         136  2.257340512644439E-004
         137  1.219587154189638E-004
         138  8.656988312396509E-005
         139  1.449441441198843E-005
         140  3.306504634329896E-005
         141  2.527496976690338E-005
         142  9.538359372597989E-006
         143  1.844185557473055E-006
         144  9.862922796419134E-006
         145  6.279178688755151E-006
         146  2.678612154276558E-005
         147  2.377811084089654E-005
         148  2.068593170838157E-005
         149  1.150854368975602E-005
         150  3.079487479657843E-005
         151  1.942627344975829E-005
         152  4.339825713160243E-005
         153  1.612456064424535E-005
         154  3.807924024600987E-005
         155  1.581024516101478E-005
         156  1.871471029697084E-005
         157  1.445492145007994E-005
         158  4.876815525542662E-005
         159  2.571206261096194E-005
         160  5.081615828091605E-005
         161  3.093058918291838E-005
         162  7.353551950815640E-005
         163  4.158651506231380E-005
         164  1.051764799427170E-004
         165  7.878855810875572E-005
         166  1.138754548693998E-004
         167  5.042297293807861E-005
         168  7.756265806320179E-005
         169  3.135879121178715E-005
         170  2.567127951060556E-005
         171  1.339794978946540E-005
         172  4.582796244996816E-005
         173  2.199020273009767E-005
         174  2.868777217918822E-005
         175  1.416579965642771E-005
         176  2.344330789698859E-005
         177  1.234580773766681E-005
         178  1.462945829409990E-005
         179  6.496939397660622E-006
         180  1.223752216280138E-005
         181  5.662141680879645E-006
         182  1.204767439490182E-005
         183  6.356898668186801E-006
         184  1.180986750889188E-005
         185  3.830123404778180E-006
         186  1.494566112853410E-005
         187  4.410133590973317E-006
         188  1.481063443147348E-005
         189  1.297198145941182E-005
         190  2.735808680428107E-005
         191  2.999420992378083E-005
         192  1.066440039117735E-004
         193  1.398702877180531E-004
         194  3.447089290454233E-004
         195  2.326773132397380E-004
         196  4.314128521438356E-004
         197  2.242977093027242E-004
         198  1.599781113311237E-004
         199  1.299390520875354E-005
         200  2.293608127188708E-006
         201  8.449760016590994E-008
         202  1.030463188063977E-007
         203  2.580788437958634E-008
         204  8.135885799610687E-008
         205  7.051228146832071E-008
         206  2.282004671217689E-006
         207  1.496788695327705E-006
         208  2.508024679996393E-006
         209  1.594187540371056E-006
         226  6.253863676729395E-014
         227  4.811219334713118E-015
         230  2.947132202279144E-012
         231  7.222613017061402E-012
         232  5.592778053044916E-007
         234  9.595609319068376E-012
         235  1.552039835004133E-007
         236  1.575734098250335E-009
         238  1.746266330667847E-007
         240  3.059549873985042E-013
         244  3.734801868748612E-009
