           1  7.511815735523493E-005
           2  6.470609901488105E-012
           3  1.574717819390911E-008
           4  8.368984414985569E-005
           6  5.674563962362780E-015
           7  3.114017005274736E-012
           8  2.708281752318958E-013
           9  1.912633244112939E-009
          10  2.713051082138141E-014
          14  1.640357272007459E-015
          15  1.652179003661239E-012
          16  1.192656518341844E-009
          17  8.928571841959427E-011
          18  4.441140502798291E-010
          19  1.973080006208553E-010
          20  4.577974445022342E-009
          21  7.479381784118997E-010
          22  1.476215819327777E-009
          23  4.858248740120015E-009
          24  1.123220184229118E-008
          25  1.367655491143662E-008
          26  1.180592861193786E-008
          27  2.507211175080478E-009
          28  1.514628974502287E-009
          29  7.886051927053821E-010
          30  2.480389171273905E-009
          31  4.275242073856290E-010
          32  6.261705527307055E-010
          33  8.240691560213991E-010
          34  4.471455334690255E-009
          35  2.756934656671344E-010
          36  1.066202875648282E-009
          37  8.081269835416093E-010
          38  1.103101738527149E-009
          39  2.900109677906555E-010
          40  5.929463726908568E-010
          41  8.582646597443584E-010
          42  5.968303691410768E-009
          43  4.911606744299005E-010
          44  9.800009948913919E-010
          45  4.443521964926115E-009
          46  7.441438947796460E-009
          47  8.085642782456177E-009
          48  5.933711399633545E-009
          49  5.269982557127815E-010
          50  3.060588874469550E-009
          51  1.507449651305691E-009
          52  6.219377543741902E-009
          53  2.349977646539789E-010
          54  6.146571414623568E-010
          55  3.818543349115919E-010
          56  3.854600365751442E-010
          57  9.894160501644438E-011
          58  1.977002770859764E-010
          59  1.380884799518004E-010
          60  1.653623469762004E-010
          61  1.761309470158245E-010
          62  8.336117437569502E-010
          63  3.409850734608129E-010
          64  3.552912309477623E-010
          65  3.056716716295430E-010
          66  4.336547092813722E-010
          67  5.886380938581585E-010
          68  8.753251930179731E-010
          69  1.650667122888081E-010
          70  4.965338633986700E-010
          71  1.694799675001475E-010
          72  2.067440725914524E-010
          73  2.120933309703166E-010
          74  4.437675672931227E-010
          75  1.090057020862988E-009
          76  2.885942186823486E-009
          77  5.570315624748607E-009
          78  1.017252572960339E-008
          79  7.877964761889450E-009
          80  3.151601257329673E-008
          81  1.197128030999132E-008
          82  9.946684188102858E-009
          83  4.152883307287548E-009
          84  4.844602957458349E-009
          85  3.265280227258365E-009
          86  3.534172684304652E-009
          87  2.452986706703834E-009
          88  5.896010137686534E-009
          89  2.729674499516639E-009
          90  5.279414395188574E-009
          91  3.367219501810306E-009
          92  2.696952939534083E-009
          93  2.263869131166888E-009
          94  5.477455507363055E-009
          95  2.687372518754954E-009
          96  3.170455803518811E-009
          97  1.368003075825014E-009
          98  1.298914824741610E-009
          99  1.452658266196998E-009
         100  1.253873385027896E-009
         101  9.627061224921270E-010
         102  1.660753743104421E-009
         103  1.586109790136253E-009
         104  1.519972659617479E-009
         105  1.625491310635451E-009
         106  2.094266252983768E-009
         107  1.627373752027311E-009
         108  5.470597557731039E-009
         109  2.474675504889313E-009
         110  6.874875639453553E-009
         111  4.774544758825456E-009
         112  6.203336530199030E-009
         113  3.072679988453954E-009
         114  2.394897331138509E-009
         115  1.265980832638592E-009
         116  1.305523246876806E-009
         117  1.162217187658463E-009
         118  1.236626894101883E-009
         119  4.637968437848278E-010
         120  6.566480641747775E-010
         121  5.259608793917188E-010
         122  7.058315399717828E-010
         123  6.281672353073482E-010
         124  1.940322766563540E-008
         125  7.955635997166678E-008
         126  6.516322531168462E-007
         127  3.397311414470649E-006
         128  2.816660654824945E-005
         129  1.360521159946738E-004
         130  3.249759375565187E-004
         131  1.050821605381725E-003
         132  9.997835275115511E-004
         133  3.214996205995254E-005
         134  8.125453123775110E-005
         135  8.394037284084541E-005
         136  1.985300430770468E-004
         137  1.066447561247266E-004
         138  9.228757156140513E-005
         139  1.430054925705728E-005
         140  3.314066409481381E-005
         141  2.468183673192548E-005
         142  1.033717706942326E-005
         143  1.831329762915340E-006
         144  7.753805925812460E-006
         145  3.796331507617663E-006
         146  1.340734688913162E-005
         147  7.718248495391112E-006
         148  1.891360817668648E-005
         149  1.426431405480341E-005
         150  2.480669007048491E-005
         151  1.132643127610089E-005
         152  1.734211502425934E-005
         153  8.484391416984305E-006
         154  5.389656163198526E-005
         155  3.382231743906405E-005
         156  1.245060922062765E-004
         157  4.726768320393470E-005
         158  6.269996858581023E-005
         159  2.730702080362710E-005
         160  5.515492505134917E-005
         161  2.609942029703249E-005
         162  8.618606358831933E-005
         163  5.175769701806723E-005
         164  1.557781790267282E-004
         165  8.889789246821908E-005
         166  8.914594210518934E-005
         167  2.914552184227126E-005
         168  7.440950840077410E-005
         169  3.547582621489338E-005
         170  1.019700532897226E-004
         171  5.582165523442728E-005
         172  5.502424437729341E-005
         173  2.405601862740850E-005
         174  4.442331821456726E-005
         175  2.600937331325502E-005
         176  2.870782420279771E-005
         177  1.344357131630543E-005
         178  1.966807340400203E-005
         179  6.600201423952010E-006
         180  1.030640112139636E-005
         181  5.140454753539572E-006
         182  1.165707410825954E-005
         183  6.270172476820430E-006
         184  1.151257417022061E-005
         185  3.655277711719189E-006
         186  1.425487425596416E-005
         187  4.158618577239967E-006
         188  1.380889303366556E-005
         189  1.245017753470867E-005
         190  2.533446537232515E-005
         191  2.943922535799417E-005
         192  1.020946302921895E-004
         193  1.308895945941017E-004
         194  3.111461358643508E-004
         195  2.077538150582855E-004
         196  3.886377745085771E-004
         197  1.990137237780256E-004
         198  1.394228789862709E-004
         199  1.083032617756853E-005
         200  2.079832987301392E-006
         201  9.189163463449475E-008
         202  1.195643441179691E-007
         203  2.917216686862724E-008
         204  7.782113298724612E-008
         205  6.379369853451751E-008
         206  2.342253756119428E-006
         207  1.497121160255252E-006
         208  2.573382331305967E-006
         209  1.654408965652156E-006
         210  1.014923469167064E-015
         226  7.187590912739426E-014
         227  5.446546639978577E-015
         230  3.387151004676415E-012
         231  8.176367761102491E-012
         232  6.162959339306691E-007
         234  1.102827274610545E-011
         235  1.756988563681584E-007
         236  1.868256171667271E-009
         238  2.006990983227688E-007
         240  3.634623561690264E-013
         244  4.436796074423102E-009
