           1  7.384007064960128E-005
           2  6.470609901488105E-012
           3  1.574717819390911E-008
           4  8.228118515653437E-005
           6  5.674563962362780E-015
           7  3.114017005274736E-012
           8  2.708281752318958E-013
           9  1.912633244112939E-009
          10  2.713051082138141E-014
          14  2.344808580878153E-015
          15  2.402461641438994E-012
          16  1.268753276271321E-009
          17  9.387933264251768E-011
          18  4.442891308636054E-010
          19  1.902842495177983E-010
          20  4.766560470693187E-009
          21  7.853958789716857E-010
          22  1.473645110856394E-009
          23  4.996825888812912E-009
          24  1.150251355364333E-008
          25  1.395390773495167E-008
          26  1.168316408797033E-008
          27  2.578668928411897E-009
          28  1.631199970930392E-009
          29  8.347441652706786E-010
          30  2.692252324412488E-009
          31  4.856698869294147E-010
          32  6.418904713383758E-010
          33  8.427777897639079E-010
          34  4.350455507909889E-009
          35  2.918863361990887E-010
          36  1.139920183462706E-009
          37  8.120581483589454E-010
          38  1.099434025856373E-009
          39  3.324119510185573E-010
          40  6.452914464570789E-010
          41  8.757274824869215E-010
          42  6.209709770476933E-009
          43  5.424923704807244E-010
          44  9.959219643275015E-010
          45  4.516400884177485E-009
          46  7.374658172066514E-009
          47  7.902953047416260E-009
          48  5.843204980175460E-009
          49  5.332044283769387E-010
          50  3.117307638860388E-009
          51  1.558302918216743E-009
          52  6.469504356574808E-009
          53  2.300358245929194E-010
          54  5.588529367064077E-010
          55  3.785600750784153E-010
          56  4.390259117370336E-010
          57  1.188759356205834E-010
          58  2.105849337316476E-010
          59  1.494656785024588E-010
          60  1.803210658216713E-010
          61  1.911935983684241E-010
          62  9.149592978652777E-010
          63  3.677900641888398E-010
          64  3.556517491770122E-010
          65  2.960281260901613E-010
          66  4.357039761485068E-010
          67  5.814289193686371E-010
          68  8.783221132793704E-010
          69  1.619560151537197E-010
          70  4.749538730785467E-010
          71  1.650120158896259E-010
          72  2.052666374231082E-010
          73  2.101911422499671E-010
          74  4.522828509351409E-010
          75  1.083780291723797E-009
          76  2.856503865688680E-009
          77  5.416287095973607E-009
          78  9.960297358016613E-009
          79  7.927023123536575E-009
          80  3.236621829071681E-008
          81  1.221393046600552E-008
          82  1.096130819832693E-008
          83  4.835587856804976E-009
          84  5.244670706871402E-009
          85  3.496822206971896E-009
          86  3.815578129251818E-009
          87  2.623893610384205E-009
          88  6.304581331230424E-009
          89  2.812598536607101E-009
          90  5.301293462993590E-009
          91  3.613485241780753E-009
          92  3.047173468330478E-009
          93  2.551622461455891E-009
          94  6.019934873783266E-009
          95  3.089263652421617E-009
          96  3.393488485486813E-009
          97  1.484621868885949E-009
          98  1.377547881741574E-009
          99  1.546660852705308E-009
         100  1.402633472198107E-009
         101  1.042764233615404E-009
         102  1.840428271183120E-009
         103  1.745800425396318E-009
         104  1.706030403778394E-009
         105  1.802575905454078E-009
         106  2.358300948842841E-009
         107  1.820158966698701E-009
         108  6.064085756062554E-009
         109  2.640865199934056E-009
         110  7.047088586754626E-009
         111  5.058945435415850E-009
         112  6.741799434145115E-009
         113  3.441140543262585E-009
         114  2.748790615310166E-009
         115  1.435583520641615E-009
         116  1.496639668298739E-009
         117  1.364586976784132E-009
         118  1.447801675132894E-009
         119  5.024153889922451E-010
         120  6.904896473355760E-010
         121  5.641925365791578E-010
         122  7.234838629258578E-010
         123  6.657953244542391E-010
         124  1.755243257290521E-008
         125  8.014572761544497E-008
         126  6.565302236352438E-007
         127  3.328972607236922E-006
         128  2.715225889919983E-005
         129  1.344558637032581E-004
         130  3.267914590578909E-004
         131  1.108221772832374E-003
         132  1.066790602605328E-003
         133  3.517705711234392E-005
         134  8.869783525121301E-005
         135  9.063812391518001E-005
         136  2.363418403833280E-004
         137  1.274727028968155E-004
         138  8.858389063209165E-005
         139  1.457660468732339E-005
         140  3.335595037806553E-005
         141  2.564766520129908E-005
         142  9.843471053683856E-006
         143  1.815968275480501E-006
         144  9.093702170594312E-006
         145  5.557489458365573E-006
         146  2.148324858143952E-005
         147  1.485915642414522E-005
         148  1.885372275192174E-005
         149  1.292943176352060E-005
         150  2.555514134722713E-005
         151  1.367678851903928E-005
         152  2.244110387907048E-005
         153  9.887700223561155E-006
         154  4.469248168769915E-005
         155  2.610951094026534E-005
         156  5.498568183018746E-005
         157  2.243239662419059E-005
         158  2.992070839649739E-005
         159  1.767219415464836E-005
         160  4.174610095336721E-005
         161  2.800432499863214E-005
         162  1.162667763488619E-004
         163  4.928481112587699E-005
         164  8.418540212926344E-005
         165  4.815287414745826E-005
         166  6.882405436676496E-005
         167  2.094934666199261E-005
         168  9.467556997538664E-005
         169  3.766549395993337E-005
         170  3.388694284686609E-005
         171  1.816405983065535E-005
         172  2.756516084220703E-005
         173  1.838332218946599E-005
         174  3.843201955341504E-005
         175  1.933766169797806E-005
         176  1.416506416250887E-005
         177  6.106984914812409E-006
         178  1.104361361497978E-005
         179  6.447797951886094E-006
         180  1.315059852587818E-005
         181  5.732091651282557E-006
         182  1.144316688116201E-005
         183  5.923922878019658E-006
         184  1.095036624526755E-005
         185  3.599031298061024E-006
         186  1.420903933457566E-005
         187  4.108771984381734E-006
         188  1.338210736194144E-005
         189  1.163510957037137E-005
         190  2.534452808279224E-005
         191  2.893222983643173E-005
         192  1.039559695768629E-004
         193  1.361843808480695E-004
         194  3.423656588527092E-004
         195  2.381885437168235E-004
         196  4.520654780788328E-004
         197  2.400341214407951E-004
         198  1.766595492893989E-004
         199  1.460475559437564E-005
         200  2.552500234298532E-006
         201  8.791814479437575E-008
         202  1.034929866939938E-007
         203  2.601315502499928E-008
         204  8.280372303842866E-008
         205  7.229178710095975E-008
         206  2.308811427855583E-006
         207  1.533204308090898E-006
         208  2.573300333977409E-006
         209  1.617520136833672E-006
         226  6.066276460427563E-014
         227  4.669725981638407E-015
         230  2.858731758253450E-012
         231  7.010202885107607E-012
         232  5.463373858531910E-007
         234  9.307785066105874E-012
         235  1.506395829798257E-007
         236  1.486861910449437E-009
         238  1.693886352973336E-007
         240  2.881771503978277E-013
         244  3.517787269911712E-009
