           1  7.393983826298698E-005
           2  6.470609901488105E-012
           3  1.574717819390911E-008
           4  8.159130906405988E-005
           6  5.674563962362780E-015
           7  3.114017005274736E-012
           8  2.708281752318958E-013
           9  1.912633244112939E-009
          10  2.713051082138141E-014
          14  2.222025429566181E-015
          15  2.355154044753128E-012
          16  1.251260450311186E-009
          17  9.297111927510423E-011
          18  4.472042616781957E-010
          19  1.942591662364640E-010
          20  4.681049091918090E-009
          21  7.747452198148963E-010
          22  1.527180557988991E-009
          23  4.917159370945550E-009
          24  1.137559616782341E-008
          25  1.379356566054499E-008
          26  1.181312310467090E-008
          27  2.656418588452545E-009
          28  1.644509992907967E-009
          29  8.336592784616721E-010
          30  2.682197402502279E-009
          31  4.999712540153871E-010
          32  6.363380374353511E-010
          33  8.090692124494558E-010
          34  4.384976558119961E-009
          35  3.005961800968794E-010
          36  1.153946587770170E-009
          37  8.289096150473770E-010
          38  1.110788289504332E-009
          39  3.250231636830386E-010
          40  6.323481475070914E-010
          41  8.599468617558223E-010
          42  6.145936017362003E-009
          43  5.645099480441432E-010
          44  9.779608814755727E-010
          45  4.376377154634479E-009
          46  7.374861716161648E-009
          47  8.002824475194246E-009
          48  5.957804721765097E-009
          49  5.367189246130677E-010
          50  3.112196527066000E-009
          51  1.562741687489136E-009
          52  6.411233318521219E-009
          53  2.302047381658836E-010
          54  5.502462621791372E-010
          55  3.709522813341829E-010
          56  4.257511490998043E-010
          57  1.205881072654325E-010
          58  2.110504030117501E-010
          59  1.499724256049294E-010
          60  1.800892911226531E-010
          61  1.792622086255476E-010
          62  8.727920979237495E-010
          63  3.651700204426981E-010
          64  3.594052235090382E-010
          65  2.975325735552753E-010
          66  4.509760539849316E-010
          67  5.781752962185372E-010
          68  8.863583014329362E-010
          69  1.652567336200985E-010
          70  4.797957165321603E-010
          71  1.665043881628184E-010
          72  2.128722013464086E-010
          73  2.099769328356818E-010
          74  4.426214810821186E-010
          75  1.040326217331498E-009
          76  2.790978602410786E-009
          77  5.384472420137237E-009
          78  1.002296794165210E-008
          79  7.883358153751106E-009
          80  3.205752194062678E-008
          81  1.239628130587084E-008
          82  1.090610810868244E-008
          83  4.758661497990721E-009
          84  5.171141046201301E-009
          85  3.440869787585576E-009
          86  3.762936591229507E-009
          87  2.594820781496186E-009
          88  6.190143832677665E-009
          89  2.789769471506658E-009
          90  5.199102402118838E-009
          91  3.615536928093994E-009
          92  3.018167770756625E-009
          93  2.482036588998264E-009
          94  5.788349748629838E-009
          95  3.067226994810791E-009
          96  3.350821475632798E-009
          97  1.511436479825294E-009
          98  1.434661382455463E-009
          99  1.574043604551433E-009
         100  1.440522126322850E-009
         101  1.053685819431656E-009
         102  1.784993425675180E-009
         103  1.718024645862176E-009
         104  1.696438671067985E-009
         105  1.752179546218924E-009
         106  2.286598253845093E-009
         107  1.736227316979667E-009
         108  5.689680402374586E-009
         109  2.529135148782050E-009
         110  6.882849906887541E-009
         111  4.931484434580073E-009
         112  6.682884648792520E-009
         113  3.503102834716135E-009
         114  2.882314646837509E-009
         115  1.519263836914866E-009
         116  1.573331199532574E-009
         117  1.364408565868630E-009
         118  1.435824005383261E-009
         119  5.227133777361795E-010
         120  7.079010638007555E-010
         121  5.753270410344215E-010
         122  7.329817645514139E-010
         123  6.597160674756788E-010
         124  1.582086667556138E-008
         125  7.035575754062789E-008
         126  5.939294437370122E-007
         127  3.045986452448349E-006
         128  2.534719574571166E-005
         129  1.285791654725682E-004
         130  3.224300545075563E-004
         131  1.105758802111758E-003
         132  1.069105652367059E-003
         133  3.509410857798835E-005
         134  8.864317235968825E-005
         135  9.015334602048824E-005
         136  2.331766028725549E-004
         137  1.258883389779870E-004
         138  8.984657787350697E-005
         139  1.481561934834933E-005
         140  3.449538484914370E-005
         141  2.668207914353445E-005
         142  1.047644412909214E-005
         143  1.976721582792093E-006
         144  1.002894162499438E-005
         145  5.964936864629619E-006
         146  2.259267062180172E-005
         147  1.427181223538530E-005
         148  1.080241392629400E-005
         149  9.173765065489070E-006
         150  3.676683837970338E-005
         151  1.971688026024200E-005
         152  4.784352994441000E-005
         153  2.968959409374445E-005
         154  4.737861681200675E-005
         155  2.202099684810490E-005
         156  3.610516491764308E-005
         157  1.520308215628276E-005
         158  2.352058761497788E-005
         159  1.632724155057468E-005
         160  6.162522365974960E-005
         161  3.604651237601425E-005
         162  7.474032223023962E-005
         163  1.124953841363666E-004
         164  1.287095099071486E-004
         165  3.425430473652708E-005
         166  3.078625915746336E-005
         167  1.196855395187776E-005
         168  7.449318485996865E-005
         169  3.933291611522689E-005
         170  2.402238032934553E-005
         171  7.411321406774839E-006
         172  1.787117401329118E-005
         173  2.030452599323635E-005
         174  4.226936679522475E-005
         175  2.259834967256473E-005
         176  1.698682676149339E-005
         177  6.708232439925273E-006
         178  8.716407552118797E-006
         179  4.773047870445187E-006
         180  1.061327731328289E-005
         181  5.032155662982888E-006
         182  1.129180827304306E-005
         183  6.090451627134877E-006
         184  1.147802342029470E-005
         185  3.667919053188875E-006
         186  1.401228118961618E-005
         187  4.058019751174616E-006
         188  1.293562649877415E-005
         189  1.089138373625306E-005
         190  2.392177908304739E-005
         191  2.690530221808343E-005
         192  9.643353531812897E-005
         193  1.294016994626029E-004
         194  3.349788093643585E-004
         195  2.386085848624037E-004
         196  4.593192504793044E-004
         197  2.508149137159130E-004
         198  1.892276152703462E-004
         199  1.598882865744279E-005
         200  2.829854487560676E-006
         201  9.378007932851455E-008
         202  1.082921182447440E-007
         203  2.717157854831573E-008
         204  8.428142220370688E-008
         205  7.283191307486635E-008
         206  2.273146843244899E-006
         207  1.510197426552756E-006
         208  2.525381692391063E-006
         209  1.602015321500936E-006
         226  5.912962436847198E-014
         227  4.511328561144197E-015
         230  2.786482550513928E-012
         231  6.772416330070275E-012
         232  5.407276391866300E-007
         234  9.072547851248482E-012
         235  1.455298781572836E-007
         236  1.381047594610659E-009
         238  1.651076478752087E-007
         240  2.671935799951435E-013
         244  3.261640185599316E-009
