           1  7.456367456773659E-005
           2  6.470609901488105E-012
           3  1.574717819390911E-008
           4  8.084910631750559E-005
           6  5.674563962362780E-015
           7  3.114017005274736E-012
           8  2.708281752318958E-013
           9  1.912633244112939E-009
          10  2.713051082138141E-014
          14  1.815492016952831E-015
          15  1.942248411987658E-012
          16  1.210480958695454E-009
          17  9.044049841234425E-011
          18  4.404480433764804E-010
          19  1.896210197636021E-010
          20  4.592511762583392E-009
          21  7.494806761824792E-010
          22  1.560456692903099E-009
          23  4.838473660985830E-009
          24  1.121124418088603E-008
          25  1.369653171252389E-008
          26  1.176955535709329E-008
          27  2.515758658239390E-009
          28  1.564814130275371E-009
          29  8.352261930047259E-010
          30  2.688050661417232E-009
          31  4.656752908049810E-010
          32  5.953678604543348E-010
          33  8.185102881595384E-010
          34  4.312428165991003E-009
          35  2.904636052732611E-010
          36  1.168561146358403E-009
          37  7.905928714501240E-010
          38  1.063847908393218E-009
          39  3.066052437040995E-010
          40  6.195284242870000E-010
          41  8.722005178737022E-010
          42  6.176248079834201E-009
          43  5.248360208257803E-010
          44  9.948669857115269E-010
          45  4.426664809328030E-009
          46  7.323998540126466E-009
          47  7.945020745210421E-009
          48  5.891759024292116E-009
          49  5.301024568551128E-010
          50  3.141654857773920E-009
          51  1.560714370163965E-009
          52  6.300100351503285E-009
          53  2.224020377372855E-010
          54  5.558606346893180E-010
          55  3.661637963830071E-010
          56  4.273187263362947E-010
          57  1.127032151404444E-010
          58  2.249427728476606E-010
          59  1.565907192441208E-010
          60  1.781578696615584E-010
          61  1.826857617829791E-010
          62  8.686758312213372E-010
          63  3.556250321928857E-010
          64  3.715309075214259E-010
          65  3.170281855175580E-010
          66  4.473260076692709E-010
          67  5.847850511784951E-010
          68  8.584921293276611E-010
          69  1.621139675901245E-010
          70  4.892671302579489E-010
          71  1.695776181168560E-010
          72  2.116335219255306E-010
          73  2.233782381287984E-010
          74  4.544179945424509E-010
          75  1.071763743920305E-009
          76  2.847504021718460E-009
          77  5.543474765633656E-009
          78  9.999395632290517E-009
          79  7.826965177832724E-009
          80  3.181934532394491E-008
          81  1.183346959575389E-008
          82  1.039710506314016E-008
          83  4.504779626234490E-009
          84  5.010330229597006E-009
          85  3.413162683080934E-009
          86  3.690675356750165E-009
          87  2.427462888244300E-009
          88  5.912336535851593E-009
          89  2.670250380495021E-009
          90  5.048643095133617E-009
          91  3.389122730228324E-009
          92  2.831501571222725E-009
          93  2.363977564354171E-009
          94  5.556577771593706E-009
          95  2.816817982803903E-009
          96  3.350631691691789E-009
          97  1.451590382878399E-009
          98  1.338084296478850E-009
          99  1.491750441368782E-009
         100  1.308953503303181E-009
         101  9.809968296484104E-010
         102  1.726926256797165E-009
         103  1.636356302003975E-009
         104  1.585698261829339E-009
         105  1.688144059974644E-009
         106  2.155595655264314E-009
         107  1.664455191709450E-009
         108  5.552226716325853E-009
         109  2.468122560995127E-009
         110  6.701343078292358E-009
         111  4.752345528493085E-009
         112  6.244638172257373E-009
         113  3.131526858066160E-009
         114  2.458875558086566E-009
         115  1.293008433335213E-009
         116  1.332751004092735E-009
         117  1.179584976960822E-009
         118  1.266182693527938E-009
         119  4.732822759377706E-010
         120  6.706959559989538E-010
         121  5.466791644670103E-010
         122  7.000606530997448E-010
         123  6.393701882563607E-010
         124  1.757195778118677E-008
         125  7.835417713284021E-008
         126  6.389578576708408E-007
         127  3.314235939902983E-006
         128  2.740895527300980E-005
         129  1.333654516561367E-004
         130  3.194874496977712E-004
         131  1.078323519572239E-003
         132  1.020601314042796E-003
         133  3.420770078379557E-005
         134  8.638961283250777E-005
         135  8.179735014352290E-005
         136  2.149373897458985E-004
         137  1.175676138302457E-004
         138  9.043295389820541E-005
         139  1.372421554111185E-005
         140  3.113482520812649E-005
         141  2.300174012086638E-005
         142  8.710448097194197E-006
         143  1.656473186962438E-006
         144  8.465433994219151E-006
         145  5.366605202001608E-006
         146  2.382556226084108E-005
         147  2.291607079586729E-005
         148  2.734076143034371E-005
         149  1.497122442353120E-005
         150  2.200042531002046E-005
         151  1.308175166218589E-005
         152  5.583392182649440E-005
         153  3.904041768909007E-005
         154  4.781755757732004E-005
         155  2.134126298478746E-005
         156  5.764877060058215E-005
         157  2.416876655801509E-005
         158  2.793627378896830E-005
         159  1.521469285701103E-005
         160  6.140922054297362E-005
         161  3.469212902126950E-005
         162  1.408753287318208E-004
         163  5.128148977182774E-005
         164  7.118966045726006E-005
         165  3.477267106796828E-005
         166  8.613345177033652E-005
         167  3.832423043324583E-005
         168  1.487623470342841E-004
         169  6.217653397117955E-005
         170  4.733197989034088E-005
         171  2.027512847837077E-005
         172  2.611012185426380E-005
         173  2.404112255501773E-005
         174  3.133723510557895E-005
         175  1.329525823880970E-005
         176  2.005329499667042E-005
         177  1.146545938622962E-005
         178  2.219873832277163E-005
         179  6.423141330750049E-006
         180  9.503053257172554E-006
         181  5.030984490764911E-006
         182  1.210811296828208E-005
         183  6.536104490505653E-006
         184  1.201869913502738E-005
         185  3.852114827529155E-006
         186  1.495227783972166E-005
         187  4.369525438160765E-006
         188  1.440265890687512E-005
         189  1.256989011362166E-005
         190  2.615921210149826E-005
         191  2.964464780937506E-005
         192  1.043625251777730E-004
         193  1.344904181325295E-004
         194  3.265298886509582E-004
         195  2.228618125422993E-004
         196  4.187408947151375E-004
         197  2.165353655400065E-004
         198  1.536518207376034E-004
         199  1.226230078916093E-005
         200  2.193592149175842E-006
         201  8.216517580252951E-008
         202  1.052963663848954E-007
         203  2.746853811888756E-008
         204  7.686593304274152E-008
         205  6.396791780647770E-008
         206  2.165405339667011E-006
         207  1.426225875717331E-006
         208  2.386003396439414E-006
         209  1.524106231612671E-006
         226  5.940479205341604E-014
         227  4.566489710929608E-015
         230  2.799449823023286E-012
         231  6.855224369105549E-012
         232  5.264490839271883E-007
         234  9.114768176769499E-012
         235  1.473093086063153E-007
         236  1.492825320525415E-009
         238  1.658759985914126E-007
         240  2.898576005867928E-013
         244  3.538300576654809E-009
