           1  7.418785120443933E-005
           2  6.470609901488105E-012
           3  1.574717819390911E-008
           4  8.199841749939857E-005
           6  5.674563962362780E-015
           7  3.114017005274736E-012
           8  2.708281752318958E-013
           9  1.912633244112939E-009
          10  2.713051082138141E-014
          14  2.369107898530065E-015
          15  2.160581813413314E-012
          16  1.237809547936604E-009
          17  9.207669571248720E-011
          18  4.587697171466572E-010
          19  2.114441291073491E-010
          20  4.660725199318087E-009
          21  7.676682412126518E-010
          22  1.507438191458491E-009
          23  4.919549281754474E-009
          24  1.135225196693842E-008
          25  1.381952213300773E-008
          26  1.237959165756241E-008
          27  2.714868670952668E-009
          28  1.571217831342009E-009
          29  8.045850327216625E-010
          30  2.568594514357002E-009
          31  4.583919003752552E-010
          32  6.316685912730055E-010
          33  7.666729487871357E-010
          34  4.326333306833095E-009
          35  2.962448998952171E-010
          36  1.186943789013418E-009
          37  9.036283222135574E-010
          38  1.226242890656572E-009
          39  3.270630068257632E-010
          40  6.015201958023938E-010
          41  8.257440483199552E-010
          42  5.780602789345974E-009
          43  4.937281614025089E-010
          44  9.619540556739578E-010
          45  4.384784455625562E-009
          46  7.515582322454875E-009
          47  8.205378293817116E-009
          48  6.037112868431043E-009
          49  5.603641552949503E-010
          50  3.144306140491224E-009
          51  1.530155148086124E-009
          52  6.279309852268764E-009
          53  2.310371896442808E-010
          54  5.782781225498200E-010
          55  3.645623338105917E-010
          56  4.007015977394537E-010
          57  1.054516625301742E-010
          58  1.919240349884322E-010
          59  1.358969013905267E-010
          60  1.644782987855091E-010
          61  1.763538138160585E-010
          62  8.427626986634410E-010
          63  3.394595721154465E-010
          64  3.401798072302977E-010
          65  2.881740803225655E-010
          66  4.198293368443404E-010
          67  5.760687547248842E-010
          68  8.553076796987883E-010
          69  1.565323522125976E-010
          70  4.590028148338053E-010
          71  1.595939412268064E-010
          72  1.976566292247788E-010
          73  2.073586451782587E-010
          74  4.363068902643637E-010
          75  1.028610832627423E-009
          76  2.783084106623992E-009
          77  5.472027863490788E-009
          78  1.020928045367367E-008
          79  7.932583458144741E-009
          80  3.180628152618867E-008
          81  1.305275965721556E-008
          82  1.125625477819353E-008
          83  4.766335242308426E-009
          84  5.065636672193038E-009
          85  3.366678657608551E-009
          86  3.666124729704377E-009
          87  2.559149296439888E-009
          88  6.241649464506022E-009
          89  2.803590240558796E-009
          90  5.285742859026635E-009
          91  3.504328380262229E-009
          92  2.933919629103354E-009
          93  2.478772997642385E-009
          94  5.942057420770893E-009
          95  3.024545062311949E-009
          96  3.546092085891612E-009
          97  1.537950158565768E-009
          98  1.418527077832901E-009
          99  1.599523780600501E-009
         100  1.423565040982713E-009
         101  1.062103346728795E-009
         102  1.831621550461916E-009
         103  1.706638983773325E-009
         104  1.628203261328256E-009
         105  1.716409796482130E-009
         106  2.227798301736932E-009
         107  1.737596204384306E-009
         108  5.893221137794524E-009
         109  2.612132008971572E-009
         110  7.274352571207893E-009
         111  5.227824199212061E-009
         112  6.969964857490571E-009
         113  3.521932959678352E-009
         114  2.789761247624540E-009
         115  1.468849786741894E-009
         116  1.530458381726865E-009
         117  1.367773253992779E-009
         118  1.465900600450614E-009
         119  5.381925690187515E-010
         120  7.585536187273574E-010
         121  6.208254248441768E-010
         122  7.896586613459132E-010
         123  7.076204763639212E-010
         124  1.783015177050715E-008
         125  7.899019671137751E-008
         126  6.412408433959462E-007
         127  3.252781471929854E-006
         128  2.674507702477478E-005
         129  1.339829663944857E-004
         130  3.341298215136574E-004
         131  1.100744876231876E-003
         132  1.062099125210767E-003
         133  3.348084544853038E-005
         134  8.507525502055400E-005
         135  9.479125814648910E-005
         136  2.271524756680215E-004
         137  1.187800102283813E-004
         138  8.024612827309857E-005
         139  1.450834635600673E-005
         140  3.414542820318951E-005
         141  2.540037970432817E-005
         142  9.777588646560748E-006
         143  1.695894524598075E-006
         144  7.404687935727512E-006
         145  3.696570174493873E-006
         146  1.366833815187249E-005
         147  1.034865875667279E-005
         148  1.312561434153878E-005
         149  9.328008829765442E-006
         150  3.042081141700330E-005
         151  1.851509350928730E-005
         152  3.930803911974206E-005
         153  1.863449264885666E-005
         154  4.514897948399446E-005
         155  2.482287340580856E-005
         156  4.684156712428819E-005
         157  2.358101089564555E-005
         158  3.938655168355468E-005
         159  2.826146634290520E-005
         160  4.366546503895919E-005
         161  2.106533358449183E-005
         162  8.971195191721901E-005
         163  6.338653935513626E-005
         164  6.774885744501336E-005
         165  3.961388385634093E-005
         166  4.746199357802058E-005
         167  1.692848091220307E-005
         168  7.930446682731601E-005
         169  4.157971177589626E-005
         170  5.907281618367695E-005
         171  3.482424225808159E-005
         172  5.818147277993310E-005
         173  3.574193841277947E-005
         174  6.284013444246060E-005
         175  2.545239813935299E-005
         176  3.157960607848187E-005
         177  1.595748736312965E-005
         178  1.812799082712440E-005
         179  8.330940289600080E-006
         180  1.615470334536846E-005
         181  7.084528561992705E-006
         182  1.381319236535444E-005
         183  6.859694032326765E-006
         184  1.218061092321127E-005
         185  3.912313492952101E-006
         186  1.510009357567535E-005
         187  4.304622347468988E-006
         188  1.373478730996717E-005
         189  1.190796475859590E-005
         190  2.518465291642617E-005
         191  2.907037358878006E-005
         192  1.032085254072576E-004
         193  1.331898489503828E-004
         194  3.274558096544295E-004
         195  2.270514733868666E-004
         196  4.324448345525609E-004
         197  2.262533144107794E-004
         198  1.642317392262279E-004
         199  1.319863698549369E-005
         200  2.302175795777327E-006
         201  8.403763900766791E-008
         202  9.874464009317607E-008
         203  2.347786879619154E-008
         204  7.673549714226062E-008
         205  6.766634350774866E-008
         206  2.226569339008134E-006
         207  1.443268423255636E-006
         208  2.441821757706642E-006
         209  1.562213367134689E-006
         226  6.430869417915205E-014
         227  4.973615368671635E-015
         230  3.030546127942103E-012
         231  7.466402299400966E-012
         232  5.744708771690060E-007
         234  9.867197896537883E-012
         235  1.604426786463982E-007
         236  1.594536629372462E-009
         238  1.795691643105956E-007
         240  3.093805010669045E-013
         244  3.776617218643534E-009
