           1  7.384918258856325E-005
           2  6.470609901488105E-012
           3  1.574717819390911E-008
           4  8.215789986148582E-005
           6  5.674563962362780E-015
           7  3.114017005274736E-012
           8  2.708281752318958E-013
           9  1.912633244112939E-009
          10  2.713051082138141E-014
          14  2.315410472043567E-015
          15  2.362376990207999E-012
          16  1.214650152509397E-009
          17  9.083374239292691E-011
          18  4.724566991731356E-010
          19  2.293597302035407E-010
          20  4.583247630121390E-009
          21  7.396062996805567E-010
          22  1.520966268201555E-009
          23  4.855985781092393E-009
          24  1.122899252528577E-008
          25  1.381113936702433E-008
          26  1.247687735292035E-008
          27  2.622422204260119E-009
          28  1.544349439451094E-009
          29  8.668586940891147E-010
          30  2.653474176106112E-009
          31  4.623666557998601E-010
          32  6.699614405648069E-010
          33  7.792991675136681E-010
          34  4.424551118900347E-009
          35  3.050172374932843E-010
          36  1.241157375288410E-009
          37  8.875058366240764E-010
          38  1.194657015836821E-009
          39  3.022257585399302E-010
          40  5.947154177904580E-010
          41  8.522656733380372E-010
          42  5.691399489599732E-009
          43  4.881510722674985E-010
          44  9.940044219815801E-010
          45  4.452317865260667E-009
          46  7.614976274895948E-009
          47  8.273556034181165E-009
          48  6.040695023389484E-009
          49  5.436001203098547E-010
          50  3.088863695982634E-009
          51  1.516085181982735E-009
          52  6.326253253738599E-009
          53  2.403628738593429E-010
          54  6.080754516909859E-010
          55  3.548426582765213E-010
          56  3.826922564398079E-010
          57  1.004005698313937E-010
          58  1.967114931324603E-010
          59  1.368805529411791E-010
          60  1.667328421775420E-010
          61  1.741022528672629E-010
          62  8.096068405158814E-010
          63  3.323938246755938E-010
          64  3.512557028161361E-010
          65  2.991774652461644E-010
          66  4.335123399715822E-010
          67  5.777692260177598E-010
          68  8.237152124560159E-010
          69  1.524381004175774E-010
          70  4.492328070522339E-010
          71  1.559340419115146E-010
          72  1.986734517678790E-010
          73  2.171740118210672E-010
          74  4.344133746397589E-010
          75  1.008632637203840E-009
          76  2.715299223597495E-009
          77  5.529035389979153E-009
          78  1.027959169952392E-008
          79  7.981634145775938E-009
          80  3.121330385552292E-008
          81  1.333183334239545E-008
          82  1.120121659358020E-008
          83  4.670186082389399E-009
          84  5.142600673125953E-009
          85  3.423685826747511E-009
          86  3.726339357181564E-009
          87  2.617173896167725E-009
          88  6.219182677417175E-009
          89  2.785276798332627E-009
          90  5.293928586717979E-009
          91  3.596572726399557E-009
          92  3.023432362331723E-009
          93  2.491409188042064E-009
          94  5.630266661977558E-009
          95  2.950141119908984E-009
          96  3.714450809862594E-009
          97  1.627314130513187E-009
          98  1.499426582581236E-009
          99  1.659341423429490E-009
         100  1.465829734603265E-009
         101  1.072799614052159E-009
         102  1.825507451770533E-009
         103  1.703865552422663E-009
         104  1.645368763267343E-009
         105  1.738909404426051E-009
         106  2.227837740024140E-009
         107  1.722638068173047E-009
         108  5.907476341542384E-009
         109  2.635711075643573E-009
         110  7.314738708188688E-009
         111  5.251870863867158E-009
         112  6.970488772515874E-009
         113  3.531224377401302E-009
         114  2.793607187042842E-009
         115  1.452904358055823E-009
         116  1.520881807499613E-009
         117  1.401174344119061E-009
         118  1.503695454542645E-009
         119  5.426939305786792E-010
         120  7.709958806370028E-010
         121  6.332870126448882E-010
         122  7.914664882559854E-010
         123  7.191877802363515E-010
         124  1.746433503650423E-008
         125  8.144853733730826E-008
         126  6.606616783143492E-007
         127  3.349576723463204E-006
         128  2.750896105966058E-005
         129  1.364743947993670E-004
         130  3.352207510179611E-004
         131  1.087980992765952E-003
         132  1.081675564756622E-003
         133  3.436602052638222E-005
         134  8.698869215729093E-005
         135  9.636938404384303E-005
         136  2.321178550074634E-004
         137  1.218755431238207E-004
         138  8.647653225212825E-005
         139  1.403710204918446E-005
         140  3.079559484901027E-005
         141  2.071858936849100E-005
         142  8.058374487118886E-006
         143  1.556062393918953E-006
         144  8.214744015606145E-006
         145  4.639547470235786E-006
         146  1.778191662856379E-005
         147  1.303370091281802E-005
         148  1.650309631773360E-005
         149  1.121284158567184E-005
         150  3.824547204896841E-005
         151  2.201299019313712E-005
         152  2.966369345176882E-005
         153  1.142207520023372E-005
         154  1.770714380052562E-005
         155  8.005338240325319E-006
         156  1.705908058578167E-005
         157  1.114462423620597E-005
         158  3.796448965335105E-005
         159  3.548687743935070E-005
         160  7.584992417995678E-005
         161  3.938273841378128E-005
         162  1.302624821755418E-004
         163  4.637763808718027E-005
         164  4.851813472434724E-005
         165  2.678972304859550E-005
         166  7.436177245851153E-005
         167  2.386175178167437E-005
         168  8.349025925414893E-005
         169  4.801735996348010E-005
         170  8.125471003453116E-005
         171  3.611687092662808E-005
         172  5.496162941682539E-005
         173  2.272800631090290E-005
         174  2.799347985637836E-005
         175  1.339958468318591E-005
         176  2.192667648663891E-005
         177  7.859298917241878E-006
         178  1.457412424246654E-005
         179  8.733423623164475E-006
         180  1.727822775134616E-005
         181  7.240809712457108E-006
         182  1.324045703808405E-005
         183  6.357127574399243E-006
         184  1.093834742299067E-005
         185  3.423612008759357E-006
         186  1.272074049136779E-005
         187  3.724427352700123E-006
         188  1.238224707517102E-005
         189  1.085932791728982E-005
         190  2.312988371823657E-005
         191  2.642424909845936E-005
         192  9.739684060559140E-005
         193  1.312633371437324E-004
         194  3.314063202498274E-004
         195  2.330027385857239E-004
         196  4.487037746390301E-004
         197  2.364449645581866E-004
         198  1.727386553576213E-004
         199  1.408519399589927E-005
         200  2.535515994315068E-006
         201  1.000529518992004E-007
         202  1.176448719810369E-007
         203  2.690554823233726E-008
         204  8.517585159717362E-008
         205  7.391473109430882E-008
         206  2.310172779688647E-006
         207  1.489058816780535E-006
         208  2.501208547183802E-006
         209  1.607584561202504E-006
         226  5.963588474904216E-014
         227  4.712043231917580E-015
         230  2.810340062404829E-012
         231  7.073729634035344E-012
         232  5.610747669938884E-007
         234  9.150225860824395E-012
         235  1.520046851207164E-007
         236  1.440841268086969E-009
         238  1.665212787166204E-007
         240  2.791636689744517E-013
         244  3.407759427090150E-009
