           1  7.431757119427719E-005
           2  6.470609901488105E-012
           3  1.574717819390911E-008
           4  8.207029307213282E-005
           6  5.674563962362780E-015
           7  3.114017005274736E-012
           8  2.708281752318958E-013
           9  1.912633244112939E-009
          10  2.713051082138141E-014
          14  2.223571213594046E-015
          15  2.112771401041228E-012
          16  1.264055075251898E-009
          17  9.363181581161289E-011
          18  4.424600745720659E-010
          19  1.888863500784150E-010
          20  4.595540091769206E-009
          21  7.738534148467849E-010
          22  1.736220733672669E-009
          23  4.819235502263561E-009
          24  1.124346275726448E-008
          25  1.351708831838568E-008
          26  1.213644183542919E-008
          27  2.792958612851118E-009
          28  1.683841275124723E-009
          29  8.224572593339835E-010
          30  2.776668687746964E-009
          31  5.162542484683565E-010
          32  5.751566839757504E-010
          33  7.529086546975501E-010
          34  4.362926776402213E-009
          35  2.994522005287248E-010
          36  1.146361144061565E-009
          37  7.950693399214408E-010
          38  1.057235430257846E-009
          39  3.167886314483361E-010
          40  6.251458773932409E-010
          41  8.557539519854488E-010
          42  6.278448266912882E-009
          43  5.720519347381255E-010
          44  9.267616256666119E-010
          45  4.071595559817820E-009
          46  7.201081658023732E-009
          47  8.110323556435782E-009
          48  6.150962505515152E-009
          49  5.285093721840108E-010
          50  3.178435926223403E-009
          51  1.604773274497410E-009
          52  6.399115257851605E-009
          53  2.165655015112807E-010
          54  5.108860772022593E-010
          55  3.679579113702806E-010
          56  4.297078550101465E-010
          57  1.201732349783561E-010
          58  2.162249393831889E-010
          59  1.539289223752020E-010
          60  1.708125247071493E-010
          61  1.619001014189974E-010
          62  8.174341675388049E-010
          63  3.452316241461092E-010
          64  3.544214982049509E-010
          65  3.014045909930678E-010
          66  4.448321907754149E-010
          67  5.682945146282570E-010
          68  8.907789593033235E-010
          69  1.682801352208592E-010
          70  5.023131038633987E-010
          71  1.748743958778220E-010
          72  2.180463465146571E-010
          73  2.067567378506700E-010
          74  4.209393254436464E-010
          75  9.646655792618717E-010
          76  2.706886784328783E-009
          77  5.365015480150515E-009
          78  1.018770551249926E-008
          79  7.846304888222544E-009
          80  3.266838624852630E-008
          81  1.198212587913572E-008
          82  1.105775892142103E-008
          83  4.930800026646041E-009
          84  5.126550591932608E-009
          85  3.464584342616801E-009
          86  3.763290185677992E-009
          87  2.440602483151717E-009
          88  6.027524876929861E-009
          89  2.787822780078497E-009
          90  5.204765185958314E-009
          91  3.510961878160010E-009
          92  2.840307893554680E-009
          93  2.364370402320328E-009
          94  5.780785378440764E-009
          95  3.004758653245759E-009
          96  3.368506132824184E-009
          97  1.505584485928463E-009
          98  1.421831222987608E-009
          99  1.578460885301473E-009
         100  1.431205685733974E-009
         101  1.054987828008248E-009
         102  1.782827798294632E-009
         103  1.707070154325398E-009
         104  1.668940437374689E-009
         105  1.725750870365144E-009
         106  2.188261091830231E-009
         107  1.643695173607424E-009
         108  5.332407140381369E-009
         109  2.403845929874193E-009
         110  6.823950993690126E-009
         111  4.882860344552571E-009
         112  6.708311129688326E-009
         113  3.509975004501641E-009
         114  2.887862468685336E-009
         115  1.544264067265266E-009
         116  1.630411277516021E-009
         117  1.425377765426839E-009
         118  1.516214664908937E-009
         119  5.629847302553279E-010
         120  7.700313152870244E-010
         121  6.250129084072983E-010
         122  8.026782147921243E-010
         123  6.916995750499244E-010
         124  1.651636495628861E-008
         125  6.617613489131713E-008
         126  5.564261627503213E-007
         127  2.865219695730251E-006
         128  2.410614094544522E-005
         129  1.245095160855676E-004
         130  3.247792382778703E-004
         131  1.123047607986348E-003
         132  1.050210712487668E-003
         133  3.316325812837147E-005
         134  8.375165287142530E-005
         135  8.517464258267844E-005
         136  2.243835082898505E-004
         137  1.212746043531865E-004
         138  8.326525177407192E-005
         139  1.388111782722053E-005
         140  3.321739178983438E-005
         141  2.567663418041116E-005
         142  1.017782970137062E-005
         143  1.929238936794997E-006
         144  9.844239766988933E-006
         145  5.526294043952256E-006
         146  2.071702394062738E-005
         147  1.322677971522961E-005
         148  1.637406023942959E-005
         149  1.172832844340727E-005
         150  2.924382613724071E-005
         151  1.431082727141512E-005
         152  2.352102251106077E-005
         153  1.173392763849327E-005
         154  7.309217563089172E-005
         155  4.459682186003348E-005
         156  7.559702122172287E-005
         157  3.316493178577251E-005
         158  4.772278340468406E-005
         159  2.801095272244029E-005
         160  6.581347737441431E-005
         161  2.584692276346768E-005
         162  3.834795844437377E-005
         163  2.137274084558450E-005
         164  7.586822942246554E-005
         165  5.183531878283754E-005
         166  1.044106627073438E-004
         167  3.158420896785947E-005
         168  6.796861143813212E-005
         169  3.390750289087770E-005
         170  2.445977621874898E-005
         171  1.298234584437687E-005
         172  3.663295891141147E-005
         173  3.166815190792521E-005
         174  6.966160072877479E-005
         175  2.317342795123984E-005
         176  2.063538808506864E-005
         177  9.426164840064417E-006
         178  2.850651816921664E-005
         179  8.824412872139862E-006
         180  1.211716597842676E-005
         181  6.035959192709905E-006
         182  1.406672900501648E-005
         183  7.484857273793350E-006
         184  1.353577582616911E-005
         185  4.183720422121417E-006
         186  1.540057624725322E-005
         187  4.417344159729952E-006
         188  1.368864670660528E-005
         189  1.133636650690115E-005
         190  2.409755414429932E-005
         191  2.756784107443198E-005
         192  9.635565414775870E-005
         193  1.253623444306698E-004
         194  3.160333572203679E-004
         195  2.271786855429995E-004
         196  4.434664201437874E-004
         197  2.402910250429183E-004
         198  1.808167633719027E-004
         199  1.485857175720311E-005
         200  2.585174034444111E-006
         201  8.222991997809687E-008
         202  9.568716648148195E-008
         203  2.451069835775962E-008
         204  8.101233043759914E-008
         205  7.145461146377924E-008
         206  2.244407928431681E-006
         207  1.499284120269961E-006
         208  2.488846823655891E-006
         209  1.588681354260514E-006
         226  6.786419426504077E-014
         227  5.129013456850449E-015
         230  3.198099009488266E-012
         231  7.699686250188397E-012
         232  5.930623245219287E-007
         234  1.041273568760059E-011
         235  1.654556287190929E-007
         236  1.626941343458848E-009
         238  1.894971870651965E-007
         240  3.153247752434679E-013
         244  3.849179154932766E-009
