           1  7.442612717621321E-005
           2  6.470609901488105E-012
           3  1.574717819390911E-008
           4  8.155328255574982E-005
           6  5.674563962362780E-015
           7  3.114017005274736E-012
           8  2.708281752318958E-013
           9  1.912633244112939E-009
          10  2.713051082138141E-014
          14  2.161909417383991E-015
          15  2.041030749950555E-012
          16  1.263696419816585E-009
          17  9.338727523993065E-011
          18  4.581044597458486E-010
          19  2.117712775011863E-010
          20  4.655571465217178E-009
          21  7.633364332389070E-010
          22  1.660498555464447E-009
          23  4.893577675835956E-009
          24  1.134327831594144E-008
          25  1.378532234060111E-008
          26  1.211166706409390E-008
          27  2.591221175736163E-009
          28  1.592506868412136E-009
          29  8.677158328840105E-010
          30  2.746805646768097E-009
          31  4.763134965427254E-010
          32  6.314795712171580E-010
          33  7.924003494851901E-010
          34  4.350751157419275E-009
          35  2.936980090688646E-010
          36  1.179460914175165E-009
          37  7.540688947647757E-010
          38  1.002790357558182E-009
          39  2.882422837338192E-010
          40  6.243483121054582E-010
          41  9.074364350389074E-010
          42  6.130380248624908E-009
          43  5.212060710048458E-010
          44  9.810415417400092E-010
          45  4.345367114968328E-009
          46  7.390905858131267E-009
          47  8.164682178645393E-009
          48  6.079813971593526E-009
          49  4.963994269730582E-010
          50  3.128662785040058E-009
          51  1.587482657864983E-009
          52  6.259378379611655E-009
          53  2.080543207463449E-010
          54  4.981024462144935E-010
          55  3.311496655931758E-010
          56  3.999447955204680E-010
          57  1.053654135061138E-010
          58  2.100178151439983E-010
          59  1.455260686303946E-010
          60  1.669679468619985E-010
          61  1.734642937466324E-010
          62  8.362152642627214E-010
          63  3.422957129791778E-010
          64  3.632981891926228E-010
          65  3.096786981944776E-010
          66  4.368928801018549E-010
          67  5.823847056719494E-010
          68  8.528094071976548E-010
          69  1.589697204479871E-010
          70  4.795197894404840E-010
          71  1.652206910743570E-010
          72  2.031946456028260E-010
          73  2.146242521993495E-010
          74  4.344404582807284E-010
          75  1.024077003314955E-009
          76  2.763834054939523E-009
          77  5.463668217160815E-009
          78  1.035730889569801E-008
          79  8.068822184079550E-009
          80  3.241355501344280E-008
          81  1.224799863125083E-008
          82  1.080648274476581E-008
          83  4.716528986561915E-009
          84  5.360752073907107E-009
          85  3.574332642908358E-009
          86  3.847138670889298E-009
          87  2.480984441727492E-009
          88  5.954223386742122E-009
          89  2.738658584407751E-009
          90  5.316784095631679E-009
          91  3.560307209760037E-009
          92  2.944838952199034E-009
          93  2.441856342576484E-009
          94  5.638729908280233E-009
          95  2.899434595561775E-009
          96  3.513912385327578E-009
          97  1.523369619758176E-009
          98  1.393162690260395E-009
          99  1.553544554166192E-009
         100  1.365107875587473E-009
         101  1.015607563073658E-009
         102  1.776838805818428E-009
         103  1.679581430684781E-009
         104  1.644314997314723E-009
         105  1.757422425154593E-009
         106  2.228749202466427E-009
         107  1.716942398116764E-009
         108  5.804165462331640E-009
         109  2.583050334007877E-009
         110  7.089475540805489E-009
         111  5.069526528646531E-009
         112  6.729861098840154E-009
         113  3.385076519639242E-009
         114  2.665125832588876E-009
         115  1.398816011117467E-009
         116  1.451052714311810E-009
         117  1.303223752263653E-009
         118  1.407784963021531E-009
         119  5.166464859343785E-010
         120  7.305848068265611E-010
         121  5.966757978470317E-010
         122  7.593715749247033E-010
         123  6.927053071026958E-010
         124  1.890167818963819E-008
         125  8.458493966810517E-008
         126  6.818130309167837E-007
         127  3.469422888698457E-006
         128  2.837730889728965E-005
         129  1.391170880214333E-004
         130  3.386736258390812E-004
         131  1.109148869573647E-003
         132  1.037151693943745E-003
         133  3.294163396956094E-005
         134  8.165091298424575E-005
         135  8.205059567538183E-005
         136  2.150590714003953E-004
         137  1.163177630664107E-004
         138  8.556007080787378E-005
         139  1.437665632925740E-005
         140  3.280032243408229E-005
         141  2.469043237653813E-005
         142  9.704125058096210E-006
         143  1.857893044393156E-006
         144  9.731081188133836E-006
         145  5.537461515741095E-006
         146  2.186491049810502E-005
         147  1.734320622423372E-005
         148  2.831342794874697E-005
         149  1.889126865706365E-005
         150  3.125383441939857E-005
         151  1.491292152326489E-005
         152  3.649999330778640E-005
         153  2.309784339714167E-005
         154  2.204865158339766E-005
         155  9.092392957554705E-006
         156  2.644311671650712E-005
         157  1.810305132150723E-005
         158  3.913071182214109E-005
         159  1.806270260146549E-005
         160  4.881413516843811E-005
         161  3.510966380734717E-005
         162  1.081042731309908E-004
         163  4.300458063909711E-005
         164  6.926617287863003E-005
         165  4.645848323839615E-005
         166  7.117775774022176E-005
         167  2.710919641476232E-005
         168  1.602765131060121E-004
         169  6.530065980592187E-005
         170  3.529738591227560E-005
         171  1.764882631795301E-005
         172  4.217891298531040E-005
         173  2.568779549212862E-005
         174  4.021504064211864E-005
         175  2.210667185251948E-005
         176  2.636185923139021E-005
         177  1.343050743386949E-005
         178  3.690509360926173E-005
         179  1.041828726560566E-005
         180  1.347488167064808E-005
         181  6.621457902597454E-006
         182  1.468156732116931E-005
         183  7.600926764617948E-006
         184  1.375716553655359E-005
         185  4.355385932459647E-006
         186  1.643443606237545E-005
         187  4.769388741686450E-006
         188  1.561526265325136E-005
         189  1.345736967271026E-005
         190  2.782860211903403E-005
         191  3.058102397538324E-005
         192  1.067734707786154E-004
         193  1.363529969209314E-004
         194  3.301105145606574E-004
         195  2.240443719606815E-004
         196  4.187075175602900E-004
         197  2.160463161056787E-004
         198  1.537784809808080E-004
         199  1.226184639886904E-005
         200  2.205309390374851E-006
         201  8.594683391109794E-008
         202  1.049442801919828E-007
         203  2.556350917107783E-008
         204  8.919676220488594E-008
         205  7.815312338492064E-008
         206  2.246976677765726E-006
         207  1.477114556580162E-006
         208  2.457081053711596E-006
         209  1.550904453919695E-006
         226  6.218959162747919E-014
         227  4.820054389919179E-015
         230  2.930683455955734E-012
         231  7.235876221313461E-012
         232  5.535889608752366E-007
         234  9.542053613835390E-012
         235  1.554889914510035E-007
         236  1.600568647025028E-009
         238  1.736519943361553E-007
         240  3.108279667609963E-013
         244  3.794286476547156E-009
