           1  7.394328275342063E-005
           2  6.470609901488105E-012
           3  1.574717819390911E-008
           4  8.289031667430578E-005
           6  5.674563962362780E-015
           7  3.114017005274736E-012
           8  2.708281752318958E-013
           9  1.912633244112939E-009
          10  2.713051082138141E-014
          14  2.471415150051392E-015
          15  2.326563276398171E-012
          16  1.276684045516391E-009
          17  9.414552177556647E-011
          18  4.627293585382052E-010
          19  2.166474556831543E-010
          20  4.738623180603009E-009
          21  7.662812088953688E-010
          22  1.580175322388949E-009
          23  4.970417810544874E-009
          24  1.146335106257592E-008
          25  1.401758508815007E-008
          26  1.220828275880776E-008
          27  2.553935710372828E-009
          28  1.564561007596873E-009
          29  8.737931397554661E-010
          30  2.724219108171960E-009
          31  4.675700315344309E-010
          32  6.458472650317579E-010
          33  8.183304384550062E-010
          34  4.360419976163775E-009
          35  2.949540495822713E-010
          36  1.197202463018827E-009
          37  8.119468775373180E-010
          38  1.093156782623948E-009
          39  3.003368752371254E-010
          40  6.157648581205288E-010
          41  8.857107605263858E-010
          42  6.001901699172659E-009
          43  5.082221937029952E-010
          44  1.014868695700906E-009
          45  4.518013262338907E-009
          46  7.530154506203201E-009
          47  8.119291837440706E-009
          48  5.941304120562726E-009
          49  5.225854643772915E-010
          50  3.104285800488035E-009
          51  1.546056632271754E-009
          52  6.324675464820772E-009
          53  2.258700996114336E-010
          54  5.568271122989365E-010
          55  3.468804954357801E-010
          56  4.017466134381304E-010
          57  1.052697447415174E-010
          58  2.081667031903340E-010
          59  1.440221529483287E-010
          60  1.710230286342317E-010
          61  1.814526237939340E-010
          62  8.494743187858014E-010
          63  3.439407558056287E-010
          64  3.580561247731475E-010
          65  3.025835794768563E-010
          66  4.312493441573902E-010
          67  5.765393721932925E-010
          68  8.276236987256092E-010
          69  1.526430489245201E-010
          70  4.575984336847107E-010
          71  1.582174229872278E-010
          72  1.983319205522662E-010
          73  2.166379986921209E-010
          74  4.412239472367709E-010
          75  1.046265124223479E-009
          76  2.770532665163758E-009
          77  5.501657332186179E-009
          78  1.030151684414941E-008
          79  8.131771702100395E-009
          80  3.232554905996327E-008
          81  1.286268384556233E-008
          82  1.115833506213920E-008
          83  4.808097552279440E-009
          84  5.342176701179373E-009
          85  3.574078651355515E-009
          86  3.888018516568567E-009
          87  2.657897403695779E-009
          88  6.296011011228166E-009
          89  2.786810924280592E-009
          90  5.382794938770773E-009
          91  3.727252835891163E-009
          92  3.092942663174612E-009
          93  2.537534997408571E-009
          94  5.791611628336645E-009
          95  3.004160289560907E-009
          96  3.658138400321068E-009
          97  1.590148661637651E-009
          98  1.459889231191108E-009
          99  1.618605607797904E-009
         100  1.422738371522960E-009
         101  1.052209877766278E-009
         102  1.850211079980344E-009
         103  1.754469823418859E-009
         104  1.711394039344045E-009
         105  1.831510777187870E-009
         106  2.358654062106599E-009
         107  1.821314688684863E-009
         108  6.218615135072029E-009
         109  2.750179581585343E-009
         110  7.447999303591677E-009
         111  5.306959464862080E-009
         112  6.980215547078535E-009
         113  3.513238250840949E-009
         114  2.757253734779799E-009
         115  1.424952390726219E-009
         116  1.482693232604312E-009
         117  1.371255905373229E-009
         118  1.475487697768368E-009
         119  5.258109391291088E-010
         120  7.460867456273811E-010
         121  6.097984441170817E-010
         122  7.803883582672274E-010
         123  7.234197410230041E-010
         124  1.992819864768228E-008
         125  9.182078856160874E-008
         126  7.372632284305583E-007
         127  3.683114300284640E-006
         128  2.962309131352594E-005
         129  1.438583366578407E-004
         130  3.427817419484516E-004
         131  1.116324719855406E-003
         132  1.065723909433172E-003
         133  3.324274532545319E-005
         134  8.303062431085771E-005
         135  9.144393208460015E-005
         136  2.291972257304256E-004
         137  1.213556349369672E-004
         138  8.376181886983529E-005
         139  1.507659350979205E-005
         140  3.381004359090236E-005
         141  2.440764220801303E-005
         142  9.391539106863581E-006
         143  1.487973671716405E-006
         144  5.213858491854747E-006
         145  1.753807997343390E-006
         146  5.213185987770213E-006
         147  4.490874615884745E-006
         148  4.937235174275305E-006
         149  5.151640094023634E-006
         150  3.318881066078994E-005
         151  1.826578350879347E-005
         152  3.628921816719102E-005
         153  1.727839779584339E-005
         154  3.955766782571886E-005
         155  2.017469167392169E-005
         156  2.251407518088183E-005
         157  1.055307828495874E-005
         158  2.461442566471271E-005
         159  1.555688863578002E-005
         160  7.887827677761516E-005
         161  4.055253129298349E-005
         162  8.083557874063848E-005
         163  4.019331638876847E-005
         164  9.303936638408173E-005
         165  5.764879246729631E-005
         166  7.346251312861864E-005
         167  2.473786628460956E-005
         168  6.087464740156554E-005
         169  3.533966231603722E-005
         170  8.781696258659306E-005
         171  4.176965052111340E-005
         172  4.316274242503687E-005
         173  1.821387635057480E-005
         174  3.081668246258787E-005
         175  1.750984363566733E-005
         176  2.856255938637904E-005
         177  1.295701725171160E-005
         178  1.940775557054143E-005
         179  5.757041908745245E-006
         180  9.025750838809180E-006
         181  4.955955974771476E-006
         182  1.207345728455100E-005
         183  6.613962146536252E-006
         184  1.260511979759205E-005
         185  4.125147819716541E-006
         186  1.614531162407618E-005
         187  4.764001159704031E-006
         188  1.600614108574680E-005
         189  1.396940993698840E-005
         190  2.901970402136738E-005
         191  3.132840746297078E-005
         192  1.104696505119360E-004
         193  1.433183275445393E-004
         194  3.493187330890356E-004
         195  2.333614236717622E-004
         196  4.301255493165891E-004
         197  2.219899835056523E-004
         198  1.583425500704369E-004
         199  1.276681258237160E-005
         200  2.273293180742439E-006
         201  8.842836717470983E-008
         202  1.056483804832679E-007
         203  2.508663775684327E-008
         204  9.090099673057759E-008
         205  8.081324482482737E-008
         206  2.367032148315423E-006
         207  1.551036784285633E-006
         208  2.589200481770534E-006
         209  1.628121302666465E-006
         226  6.456231323740134E-014
         227  5.022494445719726E-015
         230  3.042497921782117E-012
         231  7.539779677065362E-012
         232  5.837815078287423E-007
         234  9.906111910731795E-012
         235  1.620194572008392E-007
         236  1.638743885906380E-009
         238  1.802773447972995E-007
         240  3.182146610145436E-013
         244  3.884456078737985E-009
