           1  7.489229160682575E-005
           2  6.470609901488105E-012
           3  1.574717819390911E-008
           4  8.226238876193713E-005
           6  5.674563962362780E-015
           7  3.114017005274736E-012
           8  2.708281752318958E-013
           9  1.912633244112939E-009
          10  2.713051082138141E-014
          14  1.813260313309358E-015
          15  1.787246181924388E-012
          16  1.235243400221240E-009
          17  9.164396741441540E-011
          18  4.456168698279409E-010
          19  1.981668687187085E-010
          20  4.637426710528608E-009
          21  7.531416718209216E-010
          22  1.631741518889944E-009
          23  4.872913406985909E-009
          24  1.128611101359203E-008
          25  1.379039294772811E-008
          26  1.177028459324257E-008
          27  2.461192718030771E-009
          28  1.552552671850698E-009
          29  8.659493284345574E-010
          30  2.733803258596935E-009
          31  4.614755026466462E-010
          32  6.022784689784582E-010
          33  8.181741515417928E-010
          34  4.260677722609797E-009
          35  2.868395733746597E-010
          36  1.177755921130247E-009
          37  7.172471048154887E-010
          38  9.540038289025637E-010
          39  2.851419416103797E-010
          40  6.309754473649149E-010
          41  9.198954728841048E-010
          42  6.242095728062513E-009
          43  5.151250459241048E-010
          44  1.007644986087992E-009
          45  4.450920760497801E-009
          46  7.317955601005682E-009
          47  7.992415713839572E-009
          48  5.944053379980146E-009
          49  4.933682499759011E-010
          50  3.149456539851125E-009
          51  1.595815035156453E-009
          52  6.198954147340145E-009
          53  2.034081856741334E-010
          54  4.956515064749830E-010
          55  3.318788735588208E-010
          56  4.173960068715759E-010
          57  1.083626219382481E-010
          58  2.255406163812455E-010
          59  1.554500042718967E-010
          60  1.746293904608653E-010
          61  1.811819370509450E-010
          62  8.632936610517888E-010
          63  3.519287661584522E-010
          64  3.754422481385191E-010
          65  3.227953757317748E-010
          66  4.452420549146731E-010
          67  5.853075337762378E-010
          68  8.434327935973391E-010
          69  1.585253434070415E-010
          70  4.862278475466882E-010
          71  1.680935773146376E-010
          72  2.087054122469766E-010
          73  2.265915784678335E-010
          74  4.563833587176516E-010
          75  1.080664949711783E-009
          76  2.852971027213727E-009
          77  5.557180701848623E-009
          78  1.020256252901557E-008
          79  7.982864528106452E-009
          80  3.221166699382372E-008
          81  1.165895930818720E-008
          82  1.032956756543525E-008
          83  4.520427774325515E-009
          84  5.250609613485639E-009
          85  3.538124233424494E-009
          86  3.792612524036008E-009
          87  2.395507384872641E-009
          88  5.758084062600852E-009
          89  2.617288943582700E-009
          90  5.081735857671882E-009
          91  3.412870269000324E-009
          92  2.868440271387952E-009
          93  2.376290765224857E-009
          94  5.445589986622577E-009
          95  2.722982836113478E-009
          96  3.366158675843201E-009
          97  1.441504883359933E-009
          98  1.327706570020836E-009
          99  1.481016244115199E-009
         100  1.268846573188678E-009
         101  9.578643661617720E-010
         102  1.701791329218477E-009
         103  1.625822119458504E-009
         104  1.583083247060282E-009
         105  1.722782089196232E-009
         106  2.186664155427231E-009
         107  1.685616232621042E-009
         108  5.678332715010702E-009
         109  2.541746233913565E-009
         110  6.879206540526499E-009
         111  4.798438026414382E-009
         112  6.215817400764813E-009
         113  3.065510226387038E-009
         114  2.371922913766277E-009
         115  1.243630154468420E-009
         116  1.280760936388023E-009
         117  1.149016141598297E-009
         118  1.240136050816649E-009
         119  4.662771290635793E-010
         120  6.714294022921472E-010
         121  5.433363690215705E-010
         122  7.161045034264651E-010
         123  6.573406569019227E-010
         124  2.020152291049514E-008
         125  8.698131211765466E-008
         126  7.010035959348653E-007
         127  3.601159640843356E-006
         128  2.942895763560215E-005
         129  1.403734174063129E-004
         130  3.293782076321794E-004
         131  1.091044325343278E-003
         132  9.990532926651909E-004
         133  3.291083724619271E-005
         134  8.165712931599074E-005
         135  7.474859119041506E-005
         136  2.036402399564794E-004
         137  1.123191211607962E-004
         138  8.759585783542963E-005
         139  1.379759864544749E-005
         140  3.134658218993002E-005
         141  2.357496835769206E-005
         142  8.879391355031287E-006
         143  1.432026738870255E-006
         144  5.218617990737093E-006
         145  2.089215599381084E-006
         146  8.829272527176944E-006
         147  1.112878586445945E-005
         148  2.041722782904125E-005
         149  1.309051868849020E-005
         150  2.224115556347581E-005
         151  1.868471417019479E-005
         152  5.212002058128521E-005
         153  2.058546580301451E-005
         154  6.030611895213367E-005
         155  2.622601819224863E-005
         156  4.176194387742206E-005
         157  1.771493603929702E-005
         158  2.937418904634933E-005
         159  2.353626626263625E-005
         160  9.553248179623799E-005
         161  5.157439851016145E-005
         162  8.394643535794450E-005
         163  7.015464075883921E-005
         164  1.251438652391369E-004
         165  7.324242453215800E-005
         166  1.741718839187962E-004
         167  3.806069448156650E-005
         168  7.117288819907083E-005
         169  2.584421032946299E-005
         170  3.646052089563170E-005
         171  2.755747864143682E-005
         172  4.715617779849195E-005
         173  1.873221522098780E-005
         174  2.488717701279541E-005
         175  1.649905382823906E-005
         176  2.432057492899378E-005
         177  1.132347540381116E-005
         178  3.145834966861871E-005
         179  1.021860664326113E-005
         180  1.402906961912000E-005
         181  6.741208555912701E-006
         182  1.481799512709975E-005
         183  7.747524336168412E-006
         184  1.396254281003001E-005
         185  4.419384160017607E-006
         186  1.707245076028918E-005
         187  5.011897827866370E-006
         188  1.663369847068755E-005
         189  1.456579228855219E-005
         190  2.901133953353543E-005
         191  3.197700946485926E-005
         192  1.097700806014881E-004
         193  1.389363370516415E-004
         194  3.270040812529091E-004
         195  2.147110182710762E-004
         196  3.945301201025295E-004
         197  1.996902376929586E-004
         198  1.384839747647277E-004
         199  1.073841307791954E-005
         200  1.980149212451381E-006
         201  8.062653087035065E-008
         202  1.054397318043913E-007
         203  2.703789088399833E-008
         204  8.494477742569962E-008
         205  7.274605571578765E-008
         206  2.291785684045650E-006
         207  1.510753270866270E-006
         208  2.520393959612934E-006
         209  1.589143661214717E-006
         226  6.657483820057084E-014
         227  5.080346429596745E-015
         230  3.137338126708831E-012
         231  7.626627202140396E-012
         232  5.725238911051525E-007
         234  1.021490347207178E-011
         235  1.638856906286798E-007
         236  1.769143990101773E-009
         238  1.858969181754151E-007
         240  3.442135950122957E-013
         244  4.201825859521468E-009
