           1  7.424964391684225E-005
           2  6.470609901488105E-012
           3  1.574717819390911E-008
           4  8.166316355245329E-005
           6  5.674563962362780E-015
           7  3.114017005274736E-012
           8  2.708281752318958E-013
           9  1.912633244112939E-009
          10  2.713051082138141E-014
          14  2.245778609987929E-015
          15  2.136623549425100E-012
          16  1.242672352777439E-009
          17  9.229796777907431E-011
          18  4.635663283801887E-010
          19  2.186133317802285E-010
          20  4.601118942523152E-009
          21  7.473963489823731E-010
          22  1.682544243530803E-009
          23  4.836776759513741E-009
          24  1.123413974883078E-008
          25  1.376711487089000E-008
          26  1.223106644741583E-008
          27  2.605971393478367E-009
          28  1.596745283981504E-009
          29  9.048290486346352E-010
          30  2.832907492642527E-009
          31  4.977897546308635E-010
          32  6.266328225509313E-010
          33  7.683757712049619E-010
          34  4.257295389779148E-009
          35  3.048060836909611E-010
          36  1.250325476685891E-009
          37  7.643534542927360E-010
          38  1.005265410546663E-009
          39  2.934858700031371E-010
          40  6.350228075689948E-010
          41  9.115349184164899E-010
          42  6.026814819242519E-009
          43  5.307920843061117E-010
          44  9.944777036920739E-010
          45  4.343370789059609E-009
          46  7.385974915887090E-009
          47  8.151032247882129E-009
          48  6.097118458988990E-009
          49  5.035791919159519E-010
          50  3.153451946538834E-009
          51  1.606502526741888E-009
          52  6.345444280367360E-009
          53  2.076275528608865E-010
          54  4.812290827383280E-010
          55  3.126408865690494E-010
          56  3.993868997424727E-010
          57  1.090883516517149E-010
          58  2.198914709217576E-010
          59  1.529506012630851E-010
          60  1.745347686958502E-010
          61  1.716958972780934E-010
          62  8.211450041988177E-010
          63  3.440316277242308E-010
          64  3.689898433864248E-010
          65  3.149655434021531E-010
          66  4.528254924605960E-010
          67  5.743721807669617E-010
          68  8.276656154796650E-010
          69  1.544453506496605E-010
          70  4.615443263326836E-010
          71  1.608422847338815E-010
          72  2.073174856892244E-010
          73  2.229848029086259E-010
          74  4.384179746104689E-010
          75  9.985134082058849E-010
          76  2.712337004050276E-009
          77  5.511689211342891E-009
          78  1.034314943984646E-008
          79  8.020004019992199E-009
          80  3.187136490122388E-008
          81  1.249219182353583E-008
          82  1.117808969283195E-008
          83  4.891822212853141E-009
          84  5.374894903315945E-009
          85  3.591054900023383E-009
          86  3.876306239080483E-009
          87  2.491201287055829E-009
          88  5.937239167549142E-009
          89  2.667901272026695E-009
          90  5.070555035266810E-009
          91  3.554863323045003E-009
          92  3.022812667115119E-009
          93  2.459472048853793E-009
          94  5.449643529041604E-009
          95  2.886529569593746E-009
          96  3.626500740048005E-009
          97  1.609213033722582E-009
          98  1.491948665054917E-009
          99  1.637117186725630E-009
         100  1.441901522608594E-009
         101  1.045306975233454E-009
         102  1.773016352950313E-009
         103  1.685695249540568E-009
         104  1.652723376632115E-009
         105  1.753126532961926E-009
         106  2.223158855430159E-009
         107  1.687351528820865E-009
         108  5.694465510588952E-009
         109  2.563763627421267E-009
         110  7.063147149243866E-009
         111  5.022990563089629E-009
         112  6.709448582457578E-009
         113  3.432539359306405E-009
         114  2.742540030375992E-009
         115  1.440461168556794E-009
         116  1.497156937114874E-009
         117  1.341291694270046E-009
         118  1.443636457333258E-009
         119  5.324683550021002E-010
         120  7.519410724330775E-010
         121  6.162062154576751E-010
         122  7.900626289206167E-010
         123  7.086497185320203E-010
         124  1.831493407496801E-008
         125  7.969448063338029E-008
         126  6.543846461879821E-007
         127  3.325670879308654E-006
         128  2.732789588811421E-005
         129  1.354894040750106E-004
         130  3.331628959561948E-004
         131  1.115932842925173E-003
         132  1.046957609741485E-003
         133  3.392923422489964E-005
         134  8.435841058994008E-005
         135  8.174898600442381E-005
         136  2.224541489608145E-004
         137  1.208499873608991E-004
         138  8.412414678395561E-005
         139  1.443516235146597E-005
         140  3.322325636440320E-005
         141  2.497060590583056E-005
         142  9.456224845171379E-006
         143  1.542572883613043E-006
         144  5.772538711093295E-006
         145  2.220494256480790E-006
         146  8.054910660079332E-006
         147  8.622282206116229E-006
         148  1.117105978855146E-005
         149  8.974670391347533E-006
         150  4.091726334238346E-005
         151  3.184293262955531E-005
         152  4.991681769884407E-005
         153  2.198201605926731E-005
         154  2.115182642562288E-005
         155  9.179908632163081E-006
         156  3.899061129529439E-005
         157  1.910863846264085E-005
         158  2.699582327332147E-005
         159  1.417491773409095E-005
         160  7.955466494746790E-005
         161  3.428970534198660E-005
         162  4.526785635078503E-005
         163  3.210010592679495E-005
         164  1.131472048042555E-004
         165  7.585792016926673E-005
         166  8.967487087862622E-005
         167  2.613246788767535E-005
         168  1.019538077469851E-004
         169  6.123031667097461E-005
         170  4.996272215769112E-005
         171  2.785032822405934E-005
         172  4.588627865728773E-005
         173  3.168078489571507E-005
         174  4.772182187770929E-005
         175  2.230116699504537E-005
         176  2.369464950649407E-005
         177  1.013771745152698E-005
         178  1.175532513473304E-005
         179  6.040323490424233E-006
         180  1.302430058471074E-005
         181  6.182640757385797E-006
         182  1.345744601705851E-005
         183  6.999397788816308E-006
         184  1.270660948108145E-005
         185  3.997325330501460E-006
         186  1.506878778577957E-005
         187  4.453352128429112E-006
         188  1.471560919288876E-005
         189  1.252975969366694E-005
         190  2.608328647200171E-005
         191  2.846508588415475E-005
         192  1.008207129592267E-004
         193  1.329401184142802E-004
         194  3.307867628610828E-004
         195  2.268842592797529E-004
         196  4.266546979083659E-004
         197  2.247356407559174E-004
         198  1.629383846078226E-004
         199  1.321441992416113E-005
         200  2.331853279704784E-006
         201  8.355284862568888E-008
         202  1.002191256726791E-007
         203  2.485783120415194E-008
         204  8.656202400384970E-008
         205  7.635277198933084E-008
         206  2.255200103720812E-006
         207  1.483992025504429E-006
         208  2.450587636484285E-006
         209  1.565430216235864E-006
         226  6.452204669259703E-014
         227  4.955077764752357E-015
         230  3.040600361537737E-012
         231  7.438573607741352E-012
         232  5.766346066192880E-007
         234  9.899933617559067E-012
         235  1.598446784779032E-007
         236  1.615258471824284E-009
         238  1.801649085257736E-007
         240  3.134385132007145E-013
         244  3.826153496609213E-009
