           1  7.409506790874972E-005
           2  6.470609901488105E-012
           3  1.574717819390911E-008
           4  8.235238224092927E-005
           6  5.674563962362780E-015
           7  3.114017005274736E-012
           8  2.708281752318958E-013
           9  1.912633244112939E-009
          10  2.713051082138141E-014
          14  2.234837315627189E-015
          15  2.237293008985099E-012
          16  1.305461405340121E-009
          17  9.587763253900045E-011
          18  4.341699366747662E-010
          19  1.770969970067157E-010
          20  4.764078183534850E-009
          21  7.981691867162114E-010
          22  1.660460339652707E-009
          23  4.962564367204298E-009
          24  1.149139389494128E-008
          25  1.380695334560650E-008
          26  1.166147420999670E-008
          27  2.636898132548842E-009
          28  1.668566962967553E-009
          29  8.240858052916033E-010
          30  2.781487045281852E-009
          31  5.040133537736574E-010
          32  5.782689962106642E-010
          33  8.229053629610703E-010
          34  4.364247844807324E-009
          35  2.917840123414300E-010
          36  1.126658804290736E-009
          37  7.506855321727774E-010
          38  1.001661377108477E-009
          39  3.154378549611656E-010
          40  6.362448465897740E-010
          41  8.782169652816757E-010
          42  6.551077909581796E-009
          43  5.740001749192648E-010
          44  9.671225351565444E-010
          45  4.303720917473789E-009
          46  7.220247276865144E-009
          47  7.925091379630620E-009
          48  5.936730423234977E-009
          49  5.148596798598126E-010
          50  3.154316220765511E-009
          51  1.595080535096554E-009
          52  6.336116492839230E-009
          53  2.138385122605998E-010
          54  5.126789428033041E-010
          55  3.802902829000628E-010
          56  4.601798840966836E-010
          57  1.249622184361187E-010
          58  2.225955295462529E-010
          59  1.583337045574575E-010
          60  1.773421829189932E-010
          61  1.795710649858378E-010
          62  8.946592693442109E-010
          63  3.625228806349112E-010
          64  3.571220524421783E-010
          65  3.016659659105610E-010
          66  4.361710086041643E-010
          67  5.757502301488482E-010
          68  8.969255270767689E-010
          69  1.672538675737765E-010
          70  5.038492145820096E-010
          71  1.756589006965857E-010
          72  2.148548241185810E-010
          73  2.105055792089390E-010
          74  4.447538262925954E-010
          75  1.049232817604115E-009
          76  2.825524919553974E-009
          77  5.322636711381673E-009
          78  1.003548832738916E-008
          79  7.947633290281377E-009
          80  3.343086286496860E-008
          81  1.164605038965672E-008
          82  1.073001292092739E-008
          83  4.833325738989832E-009
          84  5.284232225974886E-009
          85  3.573554266907130E-009
          86  3.878135039215871E-009
          87  2.519656652240955E-009
          88  6.162026846020501E-009
          89  2.799697487205852E-009
          90  5.318178529156407E-009
          91  3.611123119229564E-009
          92  2.961170978519332E-009
          93  2.479453707529441E-009
          94  6.022717731475957E-009
          95  3.030987412996352E-009
          96  3.277750818092993E-009
          97  1.426843128450536E-009
          98  1.328745820534821E-009
          99  1.507221587684591E-009
         100  1.359012227078811E-009
         101  1.018818901553779E-009
         102  1.826702850052799E-009
         103  1.750396286739686E-009
         104  1.714289141795923E-009
         105  1.821213327261481E-009
         106  2.339501494262568E-009
         107  1.781090670108129E-009
         108  5.831412356570118E-009
         109  2.558062569718276E-009
         110  6.940871730127444E-009
         111  4.951475441658768E-009
         112  6.652626836438923E-009
         113  3.391275838946871E-009
         114  2.717103158974398E-009
         115  1.438016117939375E-009
         116  1.504973427128953E-009
         117  1.334123699441204E-009
         118  1.427699004085687E-009
         119  5.150539950594092E-010
         120  7.091321651478814E-010
         121  5.770141303267695E-010
         122  7.477078364235047E-010
         123  6.715859294237716E-010
         124  1.815216702308622E-008
         125  7.762091192052923E-008
         126  6.369885925606784E-007
         127  3.245049449029700E-006
         128  2.667887711075071E-005
         129  1.331215675758411E-004
         130  3.298742712179200E-004
         131  1.127855214605491E-003
         132  1.047327989870810E-003
         133  3.333759014839591E-005
         134  8.334788904302392E-005
         135  8.385358499025690E-005
         136  2.252213856589495E-004
         137  1.226535984700538E-004
         138  8.685891943510290E-005
         139  1.434690120459183E-005
         140  3.330805683428797E-005
         141  2.567443043815054E-005
         142  9.792017469357538E-006
         143  1.520445332342541E-006
         144  5.004793701719686E-006
         145  1.841498559057852E-006
         146  6.599013147064525E-006
         147  7.414061979434761E-006
         148  9.260740168058947E-006
         149  7.575643618068243E-006
         150  2.704084667090699E-005
         151  1.266575250229579E-005
         152  3.371370687539674E-005
         153  2.042290088156400E-005
         154  6.228562235762585E-005
         155  3.536762533577829E-005
         156  5.255078984283379E-005
         157  1.935211268297499E-005
         158  2.013279332272458E-005
         159  9.090675833264831E-006
         160  4.149006278258939E-005
         161  2.809081928811034E-005
         162  9.805037371107870E-005
         163  5.922972364879942E-005
         164  1.172892121685821E-004
         165  6.519729493752269E-005
         166  9.638076910078963E-005
         167  2.988494596184063E-005
         168  8.110635650635549E-005
         169  3.394466576124915E-005
         170  3.313318613883692E-005
         171  1.756440292077957E-005
         172  2.631173224597367E-005
         173  2.004896836738824E-005
         174  6.216834198413656E-005
         175  2.917600540984053E-005
         176  2.033464085553739E-005
         177  6.149727822193322E-006
         178  1.055935704596158E-005
         179  6.798012902777649E-006
         180  1.474563690955537E-005
         181  6.739761113573688E-006
         182  1.422800199300338E-005
         183  7.427174057678490E-006
         184  1.346377261870396E-005
         185  4.303444536423228E-006
         186  1.653079975477987E-005
         187  4.716000828898646E-006
         188  1.482598223165983E-005
         189  1.251747578247977E-005
         190  2.627127822518233E-005
         191  2.980717308527703E-005
         192  1.038370196785384E-004
         193  1.325164082446559E-004
         194  3.269402292218349E-004
         195  2.272321681229915E-004
         196  4.339430072802093E-004
         197  2.300678710340389E-004
         198  1.696094869378989E-004
         199  1.377848464580678E-005
         200  2.440742005626441E-006
         201  8.420415858917003E-008
         202  1.023170054599530E-007
         203  2.658934206713351E-008
         204  9.110699502023987E-008
         205  8.052170501572252E-008
         206  2.341881859476601E-006
         207  1.587778064821828E-006
         208  2.623783955964595E-006
         209  1.629880069607374E-006
         226  6.489576990729664E-014
         227  4.936214344097848E-015
         230  3.058212061723637E-012
         231  7.410255799284239E-012
         232  5.622912255999707E-007
         234  9.957275800681282E-012
         235  1.592361678646164E-007
         236  1.639334720751928E-009
         238  1.812084558439656E-007
         240  3.183077060497421E-013
         244  3.885591882322335E-009
