           1  7.408425766437130E-005
           2  6.470609901488105E-012
           3  1.574717819390911E-008
           4  8.270910088202461E-005
           6  5.674563962362780E-015
           7  3.114017005274736E-012
           8  2.708281752318958E-013
           9  1.912633244112939E-009
          10  2.713051082138141E-014
          14  2.174857577224467E-015
          15  2.235426425403519E-012
          16  1.287533876053791E-009
          17  9.472395232266729E-011
          18  4.372394682658140E-010
          19  1.829080527736397E-010
          20  4.787887694781489E-009
          21  7.794268090352953E-010
          22  1.577228584643521E-009
          23  4.994159639295747E-009
          24  1.151702475039239E-008
          25  1.399962935848063E-008
          26  1.161128424243354E-008
          27  2.447647471608722E-009
          28  1.596583866078744E-009
          29  8.540034162906355E-010
          30  2.765785416844307E-009
          31  4.706700513321320E-010
          32  5.996925996454769E-010
          33  8.847777102206366E-010
          34  4.316250124975206E-009
          35  2.838024301720719E-010
          36  1.134108850201220E-009
          37  7.538144568313950E-010
          38  1.022148968851305E-009
          39  3.116665214250296E-010
          40  6.390676132583066E-010
          41  9.027658008221855E-010
          42  6.440854088682632E-009
          43  5.440616910433475E-010
          44  1.025896468599925E-009
          45  4.550773568360866E-009
          46  7.329387048031757E-009
          47  7.818126152767623E-009
          48  5.767830638036027E-009
          49  5.171547373792944E-010
          50  3.128217206855512E-009
          51  1.568026594584606E-009
          52  6.364503037191149E-009
          53  2.210005575385521E-010
          54  5.465512243986284E-010
          55  3.767551467201475E-010
          56  4.476203526925630E-010
          57  1.177976822704610E-010
          58  2.322405353772828E-010
          59  1.590870474825500E-010
          60  1.814976970237161E-010
          61  1.927301296961333E-010
          62  9.090305157850820E-010
          63  3.665993308598551E-010
          64  3.746613958991333E-010
          65  3.126638300784403E-010
          66  4.377515288969646E-010
          67  5.793200442077586E-010
          68  8.543936737722044E-010
          69  1.611184643570452E-010
          70  4.916522785639923E-010
          71  1.683531076364487E-010
          72  2.068201464165343E-010
          73  2.192019224494485E-010
          74  4.562221160254225E-010
          75  1.108554056508138E-009
          76  2.876835370810022E-009
          77  5.489437286582620E-009
          78  9.980805212017946E-009
          79  8.020223041385069E-009
          80  3.295054131385050E-008
          81  1.177453755268740E-008
          82  1.059227887824175E-008
          83  4.716420397148528E-009
          84  5.257952613783269E-009
          85  3.590272347837973E-009
          86  3.900913862185300E-009
          87  2.580233416160510E-009
          88  6.227815982383327E-009
          89  2.754000399727723E-009
          90  5.291797297779696E-009
          91  3.666219601504216E-009
          92  3.002544966189645E-009
          93  2.485218172004729E-009
          94  5.874281771257969E-009
          95  2.998211844605779E-009
          96  3.405582269334872E-009
          97  1.475309888120119E-009
          98  1.354375162137544E-009
          99  1.494664967684961E-009
         100  1.319163661701615E-009
         101  9.955736465533454E-010
         102  1.821586147610390E-009
         103  1.759317524679254E-009
         104  1.732832097292991E-009
         105  1.846605218045610E-009
         106  2.378107066057922E-009
         107  1.833148269530332E-009
         108  6.094401139790831E-009
         109  2.669766441036723E-009
         110  7.025027345888404E-009
         111  4.979014361826107E-009
         112  6.491170695920912E-009
         113  3.258447077758691E-009
         114  2.555306531506289E-009
         115  1.320879565119237E-009
         116  1.366155220359968E-009
         117  1.268133711453305E-009
         118  1.358739857770831E-009
         119  4.733908281974929E-010
         120  6.662412136190000E-010
         121  5.431032417618629E-010
         122  7.067552230309275E-010
         123  6.691942669067590E-010
         124  1.990350488079190E-008
         125  9.173288757206288E-008
         126  7.382727052459138E-007
         127  3.729456362833701E-006
         128  2.995782652398916E-005
         129  1.427928563094174E-004
         130  3.306433211896782E-004
         131  1.111328714356740E-003
         132  1.040145739063761E-003
         133  3.379600583213712E-005
         134  8.452535389822532E-005
         135  8.497689976916164E-005
         136  2.265217288043537E-004
         137  1.231821175147801E-004
         138  8.840958937076075E-005
         139  1.397008789360306E-005
         140  3.068500992346091E-005
         141  2.265461773672335E-005
         142  8.567449146602246E-006
         143  1.662248006408185E-006
         144  9.061901830342390E-006
         145  5.947364988628036E-006
         146  2.486211838286161E-005
         147  2.064216890014537E-005
         148  2.673129665237932E-005
         149  1.605488822950439E-005
         150  1.600302249283724E-005
         151  8.447699268142995E-006
         152  1.392016813206188E-005
         153  7.501525487588321E-006
         154  2.562042134851546E-005
         155  1.526752799446329E-005
         156  2.240447645589444E-005
         157  1.463854035857883E-005
         158  6.049927244973860E-005
         159  3.009964158691919E-005
         160  5.667141058652978E-005
         161  3.242846315895215E-005
         162  7.434951874520078E-005
         163  4.493559748918826E-005
         164  1.165724784928117E-004
         165  6.085814707438699E-005
         166  1.241655196923682E-004
         167  4.343883078214915E-005
         168  1.125804192167047E-004
         169  3.228963026356187E-005
         170  2.419750767852954E-005
         171  1.365249071334067E-005
         172  4.603326808402686E-005
         173  2.147102763627773E-005
         174  3.117702864755510E-005
         175  1.727126970429094E-005
         176  2.476192824964577E-005
         177  1.259934132802588E-005
         178  1.638680215769846E-005
         179  6.242852450166242E-006
         180  1.063596697249508E-005
         181  5.329281099069806E-006
         182  1.257727122276879E-005
         183  6.904179170570625E-006
         184  1.306450008674666E-005
         185  4.233482816734461E-006
         186  1.647351514841282E-005
         187  4.840841130807336E-006
         188  1.621627174973065E-005
         189  1.414694027422078E-005
         190  2.948064138187332E-005
         191  3.155645282708832E-005
         192  1.101001550022560E-004
         193  1.415714281285205E-004
         194  3.436257139993487E-004
         195  2.295999500430869E-004
         196  4.226918020965879E-004
         197  2.176493156145226E-004
         198  1.543003656587765E-004
         199  1.252605327576020E-005
         200  2.235208234653829E-006
         201  8.306083786951309E-008
         202  1.034227841270602E-007
         203  2.661975104949847E-008
         204  8.768352082393802E-008
         205  7.686934583846977E-008
         206  2.353416756802114E-006
         207  1.578174174545780E-006
         208  2.621678943672698E-006
         209  1.628670690420813E-006
         226  6.249571113643909E-014
         227  4.806648624980923E-015
         230  2.945109332649506E-012
         231  7.215751457587120E-012
         232  5.533558736152743E-007
         234  9.589023029300173E-012
         235  1.550565380591418E-007
         236  1.597583263540728E-009
         238  1.745067718293814E-007
         240  3.102755189476266E-013
         244  3.787542729228953E-009
