           1  7.447831559130796E-005
           2  6.470609901488105E-012
           3  1.574717819390911E-008
           4  8.104728918815087E-005
           6  5.674563962362780E-015
           7  3.114017005274736E-012
           8  2.708281752318958E-013
           9  1.912633244112939E-009
          10  2.713051082138141E-014
          14  2.020319056823956E-015
          15  2.004571894832465E-012
          16  1.270163668547298E-009
          17  9.375254171481746E-011
          18  4.426075778002199E-010
          19  1.909773401190583E-010
          20  4.673783686724038E-009
          21  7.733101425703485E-010
          22  1.640594693553539E-009
          23  4.907848609602427E-009
          24  1.137763637020304E-008
          25  1.372458994518241E-008
          26  1.183119020124244E-008
          27  2.558501469820820E-009
          28  1.608150424814892E-009
          29  8.335040041118946E-010
          30  2.709582817911446E-009
          31  4.684277193287625E-010
          32  6.135571131914967E-010
          33  8.332771583808374E-010
          34  4.423977593002705E-009
          35  2.811340422669671E-010
          36  1.090593734585148E-009
          37  7.474765708328636E-010
          38  1.009924844778924E-009
          39  2.958571320632250E-010
          40  6.259128933205382E-010
          41  9.013196516013170E-010
          42  6.361748964258976E-009
          43  5.345615831279352E-010
          44  9.711974563495851E-010
          45  4.322865048350479E-009
          46  7.300284691923326E-009
          47  8.039061044656258E-009
          48  5.990176860851551E-009
          49  4.997667310236550E-010
          50  3.113395251706948E-009
          51  1.573143817090629E-009
          52  6.317319715928273E-009
          53  2.136018593546530E-010
          54  5.260503574415724E-010
          55  3.665443811530823E-010
          56  4.163248029512394E-010
          57  1.086661777675482E-010
          58  2.149755806328812E-010
          59  1.483762174819307E-010
          60  1.677521226164907E-010
          61  1.763186005833254E-010
          62  8.565206064701579E-010
          63  3.496394774322975E-010
          64  3.661040470744721E-010
          65  3.103196811633546E-010
          66  4.333124800890896E-010
          67  5.840866710549067E-010
          68  8.792767358250389E-010
          69  1.663237531420588E-010
          70  5.075861835805498E-010
          71  1.729648158049896E-010
          72  2.071186258619826E-010
          73  2.093224948405833E-010
          74  4.328075823990150E-010
          75  1.049956191564448E-009
          76  2.821902194294036E-009
          77  5.448815285227535E-009
          78  1.018483534621270E-008
          79  7.984331880732074E-009
          80  3.284870154994838E-008
          81  1.166519411249233E-008
          82  1.040983388959524E-008
          83  4.593765763538987E-009
          84  5.204995778411318E-009
          85  3.515975392111234E-009
          86  3.789943824921217E-009
          87  2.457285132425596E-009
          88  6.008163112970625E-009
          89  2.791698482449048E-009
          90  5.423490265834330E-009
          91  3.541064772127574E-009
          92  2.832117848884899E-009
          93  2.378944433667877E-009
          94  5.784493018220743E-009
          95  2.909491963864822E-009
          96  3.339973338292681E-009
          97  1.442819474859042E-009
          98  1.331447600547074E-009
          99  1.482775116016582E-009
         100  1.302164815042575E-009
         101  9.924742166549699E-010
         102  1.764586454570613E-009
         103  1.688287605143201E-009
         104  1.651350062510810E-009
         105  1.750895445218666E-009
         106  2.222559913171960E-009
         107  1.717181352165288E-009
         108  5.713452514734780E-009
         109  2.545432885195995E-009
         110  6.977891137736975E-009
         111  4.953499295809188E-009
         112  6.538064842943707E-009
         113  3.280929127219846E-009
         114  2.583106288818241E-009
         115  1.356105838541263E-009
         116  1.399929536666007E-009
         117  1.235187363435190E-009
         118  1.325810224610339E-009
         119  4.951800475065665E-010
         120  6.974251617670197E-010
         121  5.644760361007406E-010
         122  7.210043752595981E-010
         123  6.610590869039752E-010
         124  1.867219433373176E-008
         125  8.338484025415624E-008
         126  6.733830724214730E-007
         127  3.446830259104035E-006
         128  2.825876666676107E-005
         129  1.376722246512005E-004
         130  3.327128788324594E-004
         131  1.098777823606469E-003
         132  1.028439857894958E-003
         133  3.282160014048963E-005
         134  8.208624456730001E-005
         135  8.269321616933028E-005
         136  2.143087708464589E-004
         137  1.165452930354513E-004
         138  8.971523770902949E-005
         139  1.418222839075479E-005
         140  3.245888330398598E-005
         141  2.475459570401172E-005
         142  9.991737460218729E-006
         143  1.607746348706668E-006
         144  5.255071563883960E-006
         145  1.948500648788649E-006
         146  8.963608598688727E-006
         147  1.403803056857858E-005
         148  3.725238952016952E-005
         149  2.562626361710103E-005
         150  2.975042394410010E-005
         151  1.186571001070991E-005
         152  2.297110729479824E-005
         153  1.228832604947802E-005
         154  1.932162235916349E-005
         155  9.697755343833768E-006
         156  3.237358173739678E-005
         157  2.164820422396170E-005
         158  4.321981624682655E-005
         159  2.470937559628469E-005
         160  7.994737067862004E-005
         161  4.969814856890300E-005
         162  1.401279118115843E-004
         163  5.322866685648237E-005
         164  9.241863866075557E-005
         165  5.883570312884888E-005
         166  6.507600829247529E-005
         167  2.061948384329739E-005
         168  1.010379714330472E-004
         169  5.153939952112037E-005
         170  3.715235073920312E-005
         171  2.167263855485868E-005
         172  7.085543449142789E-005
         173  2.894085730939580E-005
         174  4.839723422739303E-005
         175  3.271429068519753E-005
         176  2.890329656294306E-005
         177  1.134055493079977E-005
         178  1.588822824381261E-005
         179  6.364900840585364E-006
         180  1.136977228481032E-005
         181  5.774097220236535E-006
         182  1.337478466791644E-005
         183  7.129625995996797E-006
         184  1.309199373313263E-005
         185  4.143557715123566E-006
         186  1.577078247697141E-005
         187  4.570835624954594E-006
         188  1.500200797827451E-005
         189  1.313902316020324E-005
         190  2.728625563325483E-005
         191  3.054717734099397E-005
         192  1.059808840620881E-004
         193  1.345551906665203E-004
         194  3.235904381973084E-004
         195  2.205915876765761E-004
         196  4.155284378609605E-004
         197  2.139638607222255E-004
         198  1.519383551871332E-004
         199  1.205526504791967E-005
         200  2.176088364971769E-006
         201  8.378640894708002E-008
         202  1.043354429912957E-007
         203  2.608529587388919E-008
         204  8.395092089179055E-008
         205  7.254532224450864E-008
         206  2.206327367866899E-006
         207  1.459945991737097E-006
         208  2.446403245513156E-006
         209  1.533785285922807E-006
         226  6.065981355255620E-014
         227  4.675473349220215E-015
         230  2.858592689990974E-012
         231  7.018830845926332E-012
         232  5.322507927706423E-007
         234  9.307332271787933E-012
         235  1.508249859476143E-007
         236  1.563222983916795E-009
         238  1.693803950757296E-007
         240  3.036721218901419E-013
         244  3.706934859816254E-009
