           1  7.492468606748662E-005
           2  6.470609901488105E-012
           3  1.574717819390911E-008
           4  8.084520449072667E-005
           6  5.674563962362780E-015
           7  3.114017005274736E-012
           8  2.708281752318958E-013
           9  1.912633244112939E-009
          10  2.713051082138141E-014
          14  1.762012396272011E-015
          15  1.779690548842884E-012
          16  1.222027610608785E-009
          17  9.088839539241290E-011
          18  4.434556989690146E-010
          19  1.957265070398617E-010
          20  4.696066577644751E-009
          21  7.561934078341548E-010
          22  1.457639959807829E-009
          23  4.949766557030468E-009
          24  1.139255487958206E-008
          25  1.394987827759356E-008
          26  1.156313446144763E-008
          27  2.387308043193732E-009
          28  1.513801227463959E-009
          29  8.347387618707115E-010
          30  2.560827343161872E-009
          31  4.330557602457218E-010
          32  6.395715999092065E-010
          33  8.636923751535713E-010
          34  4.287135043159201E-009
          35  2.776883594361402E-010
          36  1.121175767007361E-009
          37  7.677915415772936E-010
          38  1.043727572895936E-009
          39  2.982024971920429E-010
          40  6.295767690952477E-010
          41  9.059393408150441E-010
          42  6.109173647872125E-009
          43  5.015776596678772E-010
          44  1.032477767698250E-009
          45  4.651188310253076E-009
          46  7.420517931804004E-009
          47  7.901387070408745E-009
          48  5.801640718584032E-009
          49  5.124985601084114E-010
          50  3.092306941594597E-009
          51  1.544154606621960E-009
          52  6.211161199852187E-009
          53  2.174633987611017E-010
          54  5.439557045100036E-010
          55  3.478353987636826E-010
          56  4.031667521566462E-010
          57  1.045032553520097E-010
          58  2.131735096481544E-010
          59  1.475985998450901E-010
          60  1.783084423561056E-010
          61  1.932054719028985E-010
          62  8.949086355634286E-010
          63  3.604133816189407E-010
          64  3.700212368823528E-010
          65  3.135874725397185E-010
          66  4.422044505504615E-010
          67  5.911945187610276E-010
          68  8.505601209616373E-010
          69  1.591104749849435E-010
          70  4.804123849471420E-010
          71  1.649980698147004E-010
          72  2.055009832490321E-010
          73  2.231134076520656E-010
          74  4.677907983065389E-010
          75  1.149643787883845E-009
          76  2.943548563849633E-009
          77  5.589723320703178E-009
          78  1.008063908018629E-008
          79  7.987216582285026E-009
          80  3.183117496573420E-008
          81  1.187371605572567E-008
          82  1.007739421457350E-008
          83  4.312192203447016E-009
          84  5.110689909555205E-009
          85  3.412603487896210E-009
          86  3.687479620898953E-009
          87  2.502881228347626E-009
          88  5.895412308014158E-009
          89  2.648334221334645E-009
          90  5.141359281012643E-009
          91  3.435930684066440E-009
          92  2.890378504882360E-009
          93  2.399552777014122E-009
          94  5.501963854230530E-009
          95  2.748259675016124E-009
          96  3.265652407164145E-009
          97  1.406496003885248E-009
          98  1.309760608238795E-009
          99  1.451873736796786E-009
         100  1.253568670261535E-009
         101  9.495839325422322E-010
         102  1.683397775977325E-009
         103  1.616630183185483E-009
         104  1.573772074645251E-009
         105  1.707252666301721E-009
         106  2.225834549438291E-009
         107  1.733408003205635E-009
         108  5.859168207552315E-009
         109  2.597708317033149E-009
         110  6.884659283106653E-009
         111  4.787268943004966E-009
         112  6.129421606010496E-009
         113  3.033403821314384E-009
         114  2.339295670426169E-009
         115  1.211556345778712E-009
         116  1.237765315470358E-009
         117  1.103979307231015E-009
         118  1.171764318334474E-009
         119  4.375699709481200E-010
         120  6.232897454886423E-010
         121  5.028623940670569E-010
         122  6.587627995915768E-010
         123  6.299286734756705E-010
         124  1.956686677955792E-008
         125  9.008137027629756E-008
         126  7.280112793246305E-007
         127  3.741276830411792E-006
         128  3.042312199842434E-005
         129  1.430991144612826E-004
         130  3.267090687302450E-004
         131  1.069245158716753E-003
         132  9.993578107937377E-004
         133  3.340473096413623E-005
         134  8.349176961551836E-005
         135  7.973900273940056E-005
         136  2.045659619628906E-004
         137  1.116052384551349E-004
         138  9.033392189910284E-005
         139  1.439525726629756E-005
         140  3.286624710046209E-005
         141  2.557572687342110E-005
         142  9.983952873844832E-006
         143  1.962228308614554E-006
         144  1.080529198014649E-005
         145  6.978345536455105E-006
         146  2.723308440224827E-005
         147  1.720566090839103E-005
         148  2.248916895694445E-005
         149  1.513352783904240E-005
         150  3.801475615845060E-005
         151  2.158959062358788E-005
         152  3.106395516351845E-005
         153  1.348211990062639E-005
         154  3.121646401605053E-005
         155  1.513857842331807E-005
         156  4.863983348998192E-005
         157  2.463465971340778E-005
         158  6.005474724549280E-005
         159  3.021800729991901E-005
         160  6.184148261739996E-005
         161  3.398281325162951E-005
         162  8.437281624870385E-005
         163  4.493040318678092E-005
         164  9.293716443349600E-005
         165  5.591647749331517E-005
         166  2.070875604024912E-004
         167  6.841798956379517E-005
         168  1.072623922518655E-004
         169  2.467320534962342E-005
         170  2.590699025641820E-005
         171  2.416687076272861E-005
         172  6.660310637604603E-005
         173  2.446157570933732E-005
         174  2.375945665255419E-005
         175  1.370169222526286E-005
         176  1.761613741683995E-005
         177  8.586372386459737E-006
         178  2.790166727160394E-005
         179  8.336091392994031E-006
         180  1.157051596345461E-005
         181  5.835542539916567E-006
         182  1.342314259265511E-005
         183  7.309582031225598E-006
         184  1.370730875008570E-005
         185  4.422819621847617E-006
         186  1.734712408785031E-005
         187  5.084086701449403E-006
         188  1.696186055453962E-005
         189  1.500619140190675E-005
         190  3.023635031484617E-005
         191  3.271740255983776E-005
         192  1.121646790229988E-004
         193  1.424563720214089E-004
         194  3.353530237617316E-004
         195  2.159595402084761E-004
         196  3.883416546704806E-004
         197  1.961057561022634E-004
         198  1.346051454213326E-004
         199  1.053209856865429E-005
         200  1.950169820792261E-006
         201  8.187514056348800E-008
         202  1.062836989941082E-007
         203  2.673643464656788E-008
         204  7.742883729669660E-008
         205  6.471678776784315E-008
         206  2.150644309811188E-006
         207  1.400489661872799E-006
         208  2.374037854644854E-006
         209  1.498907532113503E-006
         226  5.912323795407574E-014
         227  4.512604232022052E-015
         230  2.786181590843280E-012
         231  6.774331369989867E-012
         232  5.154920075669182E-007
         234  9.071567952410522E-012
         235  1.455710297215971E-007
         236  1.555054650187037E-009
         238  1.650898150905330E-007
         240  3.024829107693683E-013
         244  3.692418123370913E-009
