           1  7.473361938199357E-005
           2  6.470609901488105E-012
           3  1.574717819390911E-008
           4  8.073957777621617E-005
           6  5.674563962362780E-015
           7  3.114017005274736E-012
           8  2.708281752318958E-013
           9  1.912633244112939E-009
          10  2.713051082138141E-014
          14  1.719473425934343E-015
          15  1.855588591896206E-012
          16  1.244574370864195E-009
          17  9.230266078427833E-011
          18  4.316899130784085E-010
          19  1.776903261861950E-010
          20  4.619834267562680E-009
          21  7.695686216418731E-010
          22  1.641407562042581E-009
          23  4.856930545453850E-009
          24  1.127539385333677E-008
          25  1.358710164080865E-008
          26  1.153927202641753E-008
          27  2.520332004455289E-009
          28  1.621911202439015E-009
          29  8.296892466784142E-010
          30  2.747059091096539E-009
          31  4.733558119720801E-010
          32  5.882493763815118E-010
          33  8.340122008881144E-010
          34  4.350111351772248E-009
          35  2.809279560320615E-010
          36  1.105532321168677E-009
          37  7.070068983094613E-010
          38  9.478447225305418E-010
          39  2.980190229455693E-010
          40  6.401576532291605E-010
          41  9.141330730350816E-010
          42  6.529661609850692E-009
          43  5.406256824136417E-010
          44  9.629005902854582E-010
          45  4.289399096537583E-009
          46  7.158359614297173E-009
          47  7.928143808669780E-009
          48  5.968072398173268E-009
          49  4.892787602855248E-010
          50  3.152107402682408E-009
          51  1.603852771913069E-009
          52  6.289462554586437E-009
          53  2.020443100187284E-010
          54  4.930015713868821E-010
          55  3.651873503901948E-010
          56  4.433446030851764E-010
          57  1.151884085544190E-010
          58  2.266226333803103E-010
          59  1.568747609675710E-010
          60  1.725457426716345E-010
          61  1.803078239014405E-010
          62  8.873444621517344E-010
          63  3.603364511270167E-010
          64  3.756111350045757E-010
          65  3.211253580562482E-010
          66  4.408056716552682E-010
          67  5.916274678755293E-010
          68  8.952699591961799E-010
          69  1.703137690880022E-010
          70  5.240550085447194E-010
          71  1.791791551180932E-010
          72  2.128367119724898E-010
          73  2.148471256246571E-010
          74  4.453876426140964E-010
          75  1.072029734946405E-009
          76  2.873935595286203E-009
          77  5.444879508679979E-009
          78  1.002798011264520E-008
          79  7.846566822466963E-009
          80  3.274479782192610E-008
          81  1.098993140217282E-008
          82  1.006087133577246E-008
          83  4.504612730112649E-009
          84  5.158857228680596E-009
          85  3.503963923240785E-009
          86  3.747548715389962E-009
          87  2.314577501623974E-009
          88  5.743350945235899E-009
          89  2.703952662660209E-009
          90  5.231079979165035E-009
          91  3.341838522668433E-009
          92  2.733727745217918E-009
          93  2.334792799185472E-009
          94  5.739970912732667E-009
          95  2.805374526150934E-009
          96  3.206707689076666E-009
          97  1.368550563248445E-009
          98  1.259484473349535E-009
          99  1.415881368055634E-009
         100  1.233857708489338E-009
         101  9.494122938104284E-010
         102  1.706961446779301E-009
         103  1.631855048204979E-009
         104  1.592516277678899E-009
         105  1.704459895050761E-009
         106  2.151413498063297E-009
         107  1.658480905035714E-009
         108  5.450007450277623E-009
         109  2.428391073638681E-009
         110  6.653994181654237E-009
         111  4.676982540638511E-009
         112  6.125490503407941E-009
         113  3.032822191010004E-009
         114  2.371697441037617E-009
         115  1.256185369838881E-009
         116  1.303669279734755E-009
         117  1.149952396938944E-009
         118  1.239113268306802E-009
         119  4.636667590998428E-010
         120  6.557826652363387E-010
         121  5.306494601304273E-010
         122  6.818566927211677E-010
         123  6.233163296398214E-010
         124  1.796217520400449E-008
         125  7.890773087179019E-008
         126  6.379495374338427E-007
         127  3.323608687197539E-006
         128  2.757392902195693E-005
         129  1.335338710574763E-004
         130  3.219286573165595E-004
         131  1.084650026425435E-003
         132  1.005160648826308E-003
         133  3.368358901472160E-005
         134  8.439662102221057E-005
         135  7.508284032464907E-005
         136  2.071468376718169E-004
         137  1.156521329581743E-004
         138  9.354806875881733E-005
         139  1.388231390262030E-005
         140  3.243992206196974E-005
         141  2.592775148658154E-005
         142  1.024376700539670E-005
         143  1.992505241193745E-006
         144  1.049625638009658E-005
         145  6.760046753353074E-006
         146  2.903417744152017E-005
         147  2.501099757892632E-005
         148  3.683118763965585E-005
         149  2.204606946581200E-005
         150  2.621166033829369E-005
         151  1.167596343616422E-005
         152  1.762584904395431E-005
         153  6.174878199858267E-006
         154  2.813513422061115E-005
         155  1.761774422334826E-005
         156  2.366078918812400E-005
         157  1.492398551593474E-005
         158  4.086492794028538E-005
         159  3.331518435011754E-005
         160  7.057283820860183E-005
         161  3.810538676572898E-005
         162  2.087463389173913E-004
         163  9.105554907796105E-005
         164  9.140359423692946E-005
         165  3.512440099887360E-005
         166  7.418703429000573E-005
         167  3.021579720329764E-005
         168  1.003440788591597E-004
         169  3.738235324298606E-005
         170  5.221664269796322E-005
         171  2.961451171403477E-005
         172  3.936574268969385E-005
         173  2.564363043809513E-005
         174  5.788350570879944E-005
         175  3.506617955454033E-005
         176  2.781285605142070E-005
         177  1.037047436655253E-005
         178  1.643871722186247E-005
         179  9.112470964596749E-006
         180  1.781967962048418E-005
         181  7.820475208280457E-006
         182  1.562779370257241E-005
         183  7.881918129254438E-006
         184  1.372344237419818E-005
         185  4.271057265188859E-006
         186  1.603592686788878E-005
         187  4.573221800117347E-006
         188  1.463493792629629E-005
         189  1.278505440458507E-005
         190  2.605738365551316E-005
         191  3.008355515918042E-005
         192  1.037097883992626E-004
         193  1.302182991983250E-004
         194  3.099560778037194E-004
         195  2.132635791258562E-004
         196  4.075274409717208E-004
         197  2.090908665138639E-004
         198  1.478960235070209E-004
         199  1.154986895988185E-005
         200  2.116422089677655E-006
         201  8.241200009584849E-008
         202  1.083985206430911E-007
         203  2.868452366943669E-008
         204  8.320338170979339E-008
         205  6.932242831845654E-008
         206  2.183598288538287E-006
         207  1.459187072165387E-006
         208  2.434175697366770E-006
         209  1.526185750614245E-006
         226  5.886232247696979E-014
         227  4.520059041777934E-015
         230  2.773885953387778E-012
         231  6.785522546745012E-012
         232  5.083567785268280E-007
         234  9.031534412937585E-012
         235  1.458115126615459E-007
         236  1.525161591978098E-009
         238  1.643612608137335E-007
         240  2.963548084814983E-013
         244  3.617612191716629E-009
