           1  7.457099694672057E-005
           2  6.470609901488105E-012
           3  1.574717819390911E-008
           4  8.087800426664091E-005
           6  5.674563962362780E-015
           7  3.114017005274736E-012
           8  2.708281752318958E-013
           9  1.912633244112939E-009
          10  2.713051082138141E-014
          14  1.906848636840961E-015
          15  1.950879244243669E-012
          16  1.207617377440518E-009
          17  9.033548052100450E-011
          18  4.665390169001322E-010
          19  2.235981394891767E-010
          20  4.472071031184856E-009
          21  7.403058204103468E-010
          22  1.686948191503024E-009
          23  4.747592457579293E-009
          24  1.106006840117247E-008
          25  1.346054153642240E-008
          26  1.211302537687459E-008
          27  2.637996098562725E-009
          28  1.634431146805656E-009
          29  9.072956525952814E-010
          30  2.864952696784169E-009
          31  4.991624123516755E-010
          32  6.657216543370155E-010
          33  7.462606898598025E-010
          34  4.353057744056863E-009
          35  2.992199563426905E-010
          36  1.215969157505568E-009
          37  7.031519738981888E-010
          38  9.149724705870253E-010
          39  2.747176519081518E-010
          40  6.435607240693796E-010
          41  9.475189538112813E-010
          42  6.068743087263600E-009
          43  5.064735579024504E-010
          44  9.438420520747600E-010
          45  4.185468599410087E-009
          46  7.271090594572015E-009
          47  8.291532452064014E-009
          48  6.289925992003858E-009
          49  4.581891570454420E-010
          50  3.140645623141675E-009
          51  1.634263130599006E-009
          52  6.406085758989236E-009
          53  1.928802056180174E-010
          54  4.413741869801624E-010
          55  2.999029075779793E-010
          56  3.890859716113537E-010
          57  1.013607556449355E-010
          58  2.079838857480899E-010
          59  1.451278712303154E-010
          60  1.639364253208757E-010
          61  1.687419600051917E-010
          62  8.182385940503236E-010
          63  3.369511415399698E-010
          64  3.665564683375629E-010
          65  3.176389432847965E-010
          66  4.411518022943126E-010
          67  5.945112251876752E-010
          68  8.636675990316716E-010
          69  1.604328127635606E-010
          70  4.797844201360031E-010
          71  1.660403069924781E-010
          72  2.021959828838860E-010
          73  2.143610097044896E-010
          74  4.259637191638086E-010
          75  9.733779606831794E-010
          76  2.707875424428081E-009
          77  5.466287223774727E-009
          78  1.043102998850662E-008
          79  7.914352646139060E-009
          80  3.157492382207696E-008
          81  1.178746770074394E-008
          82  1.075898998134986E-008
          83  4.737495720118814E-009
          84  5.449201757882121E-009
          85  3.592511518704139E-009
          86  3.805531361826705E-009
          87  2.293754306447798E-009
          88  5.589766510370723E-009
          89  2.683928016078687E-009
          90  5.210152451819844E-009
          91  3.291913635622018E-009
          92  2.823770408290226E-009
          93  2.389462361342617E-009
          94  5.478187848965679E-009
          95  2.763049889555908E-009
          96  3.535223057087290E-009
          97  1.512970109375564E-009
          98  1.376488014566655E-009
          99  1.548959865549830E-009
         100  1.345310585264397E-009
         101  1.014570942322530E-009
         102  1.733078276921961E-009
         103  1.605330931081485E-009
         104  1.540433132638598E-009
         105  1.639419990818242E-009
         106  2.046162192705965E-009
         107  1.587826360773473E-009
         108  5.364661489676471E-009
         109  2.427565797216734E-009
         110  6.868350293511922E-009
         111  4.880955434564499E-009
         112  6.474041236850298E-009
         113  3.221426230536080E-009
         114  2.532522735404174E-009
         115  1.342159632940518E-009
         116  1.406362333027926E-009
         117  1.268050780684057E-009
         118  1.379988858293417E-009
         119  5.181951773328223E-010
         120  7.451440167860187E-010
         121  6.057768993878987E-010
         122  7.627330426251291E-010
         123  6.757293091785553E-010
         124  1.737142307328887E-008
         125  7.478117930451868E-008
         126  6.028166471881806E-007
         127  3.125130395505969E-006
         128  2.618238084426708E-005
         129  1.304922899198135E-004
         130  3.300921119694077E-004
         131  1.087024640342269E-003
         132  1.033419840258836E-003
         133  3.455790253584771E-005
         134  8.595183300005482E-005
         135  7.505742441237227E-005
         136  2.108755541867957E-004
         137  1.173736610243926E-004
         138  9.235945998384374E-005
         139  1.373304363688362E-005
         140  3.201050400710766E-005
         141  2.498851425912697E-005
         142  9.928591658622751E-006
         143  1.926655675046175E-006
         144  9.991555780883997E-006
         145  5.462521030615706E-006
         146  2.266076389194657E-005
         147  2.063793554294468E-005
         148  1.999433200517567E-005
         149  1.170169949784283E-005
         150  3.882534635337116E-005
         151  1.806272176997947E-005
         152  3.080576122318323E-005
         153  1.161528375028514E-005
         154  2.579222738065824E-005
         155  1.441197756385809E-005
         156  5.861425026356835E-005
         157  2.232899845488135E-005
         158  2.886482393129846E-005
         159  2.328847469047540E-005
         160  6.535481012246041E-005
         161  3.892620258514602E-005
         162  1.804898473508038E-004
         163  6.476831701023645E-005
         164  8.536765872542049E-005
         165  5.555347806132450E-005
         166  8.455754552315741E-005
         167  2.254847897045312E-005
         168  6.584111988302501E-005
         169  2.335608413397869E-005
         170  4.053609627900959E-005
         171  3.638036456742166E-005
         172  6.503817401193786E-005
         173  2.834901158280981E-005
         174  5.949406890729239E-005
         175  2.910672673093312E-005
         176  2.360754542335328E-005
         177  9.384749236091887E-006
         178  1.236416367233914E-005
         179  6.000023643377140E-006
         180  1.247813571631200E-005
         181  6.152289911273640E-006
         182  1.330980635440131E-005
         183  6.719126008077862E-006
         184  1.181862167371282E-005
         185  3.738012186138645E-006
         186  1.427712202834054E-005
         187  4.116581553178942E-006
         188  1.323899403312407E-005
         189  1.157123658597672E-005
         190  2.388655135803075E-005
         191  2.835887410114275E-005
         192  1.003426327927776E-004
         193  1.284945562995390E-004
         194  3.105296524755263E-004
         195  2.207555452576227E-004
         196  4.318407283629055E-004
         197  2.226987682727366E-004
         198  1.597702929055280E-004
         199  1.240810964559341E-005
         200  2.239280871888733E-006
         201  8.795293413191066E-008
         202  1.097176580868093E-007
         203  2.692960290130230E-008
         204  8.541519323729382E-008
         205  7.265059638371732E-008
         206  2.189029148228569E-006
         207  1.424203933012669E-006
         208  2.377519715116053E-006
         209  1.522363777448791E-006
         226  6.120912559268061E-014
         227  4.776020780659190E-015
         230  2.884479010611843E-012
         231  7.169772870519468E-012
         232  5.433785982718103E-007
         234  9.391615908332612E-012
         235  1.540685216927986E-007
         236  1.552791721388035E-009
         238  1.709142390644771E-007
         240  3.014322160078310E-013
         244  3.679592260350210E-009
