           1  7.484957273907279E-005
           2  6.470609901488105E-012
           3  1.574717819390911E-008
           4  8.067968689454242E-005
           6  5.674563962362780E-015
           7  3.114017005274736E-012
           8  2.708281752318958E-013
           9  1.912633244112939E-009
          10  2.713051082138141E-014
          14  1.790822708253087E-015
          15  1.817765068510600E-012
          16  1.194518038950919E-009
          17  8.943405951573587E-011
          18  4.449734966300465E-010
          19  1.974248898055068E-010
          20  4.566034898927874E-009
          21  7.405459931934277E-010
          22  1.519612373694467E-009
          23  4.835054823504713E-009
          24  1.118948741930632E-008
          25  1.368547927723297E-008
          26  1.202165881087927E-008
          27  2.495565313383902E-009
          28  1.508787622553718E-009
          29  8.096441703791025E-010
          30  2.570983289516382E-009
          31  4.300292334214459E-010
          32  6.070917473704504E-010
          33  8.216128762516005E-010
          34  4.362348910541570E-009
          35  2.825890384852628E-010
          36  1.142775555081028E-009
          37  8.348157545060201E-010
          38  1.141266035964454E-009
          39  3.018367986587406E-010
          40  5.962632562024842E-010
          41  8.549827122042505E-010
          42  5.964343130634196E-009
          43  4.865024687975768E-010
          44  9.909721101597811E-010
          45  4.447659702563620E-009
          46  7.434657100204649E-009
          47  8.045490157437409E-009
          48  5.900784528718517E-009
          49  5.418224250191624E-010
          50  3.117545568523660E-009
          51  1.519267055992913E-009
          52  6.224620019296645E-009
          53  2.306189745671128E-010
          54  6.019300308598449E-010
          55  3.741851334121921E-010
          56  3.993143095731260E-010
          57  1.010646835061142E-010
          58  2.116723400461756E-010
          59  1.440878997579276E-010
          60  1.675137149226632E-010
          61  1.797720964810628E-010
          62  8.392261282242346E-010
          63  3.424416648523522E-010
          64  3.679642276819530E-010
          65  3.133491071642952E-010
          66  4.319916881536320E-010
          67  5.856072128304159E-010
          68  8.462901348376422E-010
          69  1.612059474672062E-010
          70  4.900850908200898E-010
          71  1.668494991461696E-010
          72  2.037374468822570E-010
          73  2.189942460902037E-010
          74  4.451334047631498E-010
          75  1.079059882419923E-009
          76  2.858121321718803E-009
          77  5.625942623377837E-009
          78  1.008717152117880E-008
          79  7.856618662832980E-009
          80  3.155562599199916E-008
          81  1.214006593871068E-008
          82  1.030546135726183E-008
          83  4.346888515640582E-009
          84  4.865243973259463E-009
          85  3.324413204063435E-009
          86  3.594145780000400E-009
          87  2.428579497806540E-009
          88  5.941978427632275E-009
          89  2.699607360562600E-009
          90  5.173852526472584E-009
          91  3.362730616701166E-009
          92  2.733016392720531E-009
          93  2.304003340941100E-009
          94  5.562050530101769E-009
          95  2.786626537001064E-009
          96  3.403764121918261E-009
          97  1.456943783237924E-009
          98  1.335354939249415E-009
          99  1.474072809508719E-009
         100  1.268619248568635E-009
         101  9.703731193173715E-010
         102  1.712242602871220E-009
         103  1.619143970031456E-009
         104  1.556573515750141E-009
         105  1.653513694874624E-009
         106  2.108850591963953E-009
         107  1.654397617209234E-009
         108  5.590244211111580E-009
         109  2.509422383567380E-009
         110  6.898954199652055E-009
         111  4.868276870798628E-009
         112  6.300598297637787E-009
         113  3.110880476880304E-009
         114  2.408364401037950E-009
         115  1.257317560228342E-009
         116  1.290157125653809E-009
         117  1.145927902171051E-009
         118  1.234630527611647E-009
         119  4.717686568969385E-010
         120  6.795533442060368E-010
         121  5.507330747003850E-010
         122  7.011879399653442E-010
         123  6.474812575202283E-010
         124  1.850939194792028E-008
         125  8.426447635696316E-008
         126  6.764672448903195E-007
         127  3.499988288488726E-006
         128  2.876490832918202E-005
         129  1.376676223721930E-004
         130  3.244227365971327E-004
         131  1.061369647272061E-003
         132  1.013157026360586E-003
         133  3.313293431722013E-005
         134  8.410894805227173E-005
         135  8.549512726269387E-005
         136  2.090933063938684E-004
         137  1.122744792908102E-004
         138  8.931534293001985E-005
         139  1.462583954666327E-005
         140  3.399052718684438E-005
         141  2.539897283698027E-005
         142  1.009623178351038E-005
         143  1.994790684097256E-006
         144  1.060837804078976E-005
         145  6.793930686062912E-006
         146  2.883286575479698E-005
         147  2.414329175075015E-005
         148  2.375659374270336E-005
         149  1.275776307446467E-005
         150  1.673468709065233E-005
         151  1.122214089306039E-005
         152  2.617208601107692E-005
         153  1.015028909049122E-005
         154  2.844412526704409E-005
         155  1.831768671893040E-005
         156  8.895374790022785E-005
         157  3.839446223210739E-005
         158  6.596701294851336E-005
         159  2.812837503900918E-005
         160  6.215814521850431E-005
         161  4.273378817312696E-005
         162  8.473708268564979E-005
         163  5.902083928704363E-005
         164  1.240979243565124E-004
         165  9.522179050281913E-005
         166  1.228639539241997E-004
         167  4.449479221300871E-005
         168  1.210136107514667E-004
         169  3.423102366812699E-005
         170  4.143822514608682E-005
         171  1.574323473592288E-005
         172  1.458870108973305E-005
         173  9.364208252031387E-006
         174  3.292289434239172E-005
         175  1.859931759941179E-005
         176  2.028015841482159E-005
         177  7.125638930165117E-006
         178  7.454616010956003E-006
         179  4.284496194419116E-006
         180  1.002446185735641E-005
         181  5.143370202462040E-006
         182  1.198394193828676E-005
         183  6.481358438655979E-006
         184  1.203438360975705E-005
         185  3.886923603348815E-006
         186  1.525467652217312E-005
         187  4.504347365478065E-006
         188  1.525251716982205E-005
         189  1.369928065886889E-005
         190  2.808089314880192E-005
         191  3.161958679405517E-005
         192  1.103038335583094E-004
         193  1.405021294890439E-004
         194  3.321454894738673E-004
         195  2.219153825836003E-004
         196  4.115948289371108E-004
         197  2.075354416192151E-004
         198  1.428858974860266E-004
         199  1.115056364683343E-005
         200  2.012044851364335E-006
         201  8.166028211049309E-008
         202  1.052192606424141E-007
         203  2.638417693689864E-008
         204  7.193851696463286E-008
         205  5.960543428809296E-008
         206  2.109246043420404E-006
         207  1.362549188605650E-006
         208  2.307961174573184E-006
         209  1.482004571010014E-006
         226  5.934133689348126E-014
         227  4.591289364008677E-015
         230  2.796459499682206E-012
         231  6.892453662697538E-012
         232  5.253499100229018E-007
         234  9.105031940812217E-012
         235  1.481093147335623E-007
         236  1.519944718263465E-009
         238  1.656988127507400E-007
         240  2.953783087184297E-013
         244  3.605692029306625E-009
