           1  7.396667654548404E-005
           2  6.470609901488105E-012
           3  1.574717819390911E-008
           4  8.163965247764976E-005
           6  5.674563962362780E-015
           7  3.114017005274736E-012
           8  2.708281752318958E-013
           9  1.912633244112939E-009
          10  2.713051082138141E-014
          14  2.364206604699269E-015
          15  2.298648461607099E-012
          16  1.268156055699316E-009
          17  9.390095055478445E-011
          18  4.623916445450808E-010
          19  2.142013729788895E-010
          20  4.600650744000110E-009
          21  7.678763880885395E-010
          22  1.730552135241010E-009
          23  4.833742776002399E-009
          24  1.125547840398082E-008
          25  1.361781091498707E-008
          26  1.226641159039469E-008
          27  2.776273730159996E-009
          28  1.677670638883601E-009
          29  8.733627048495775E-010
          30  2.845753967617311E-009
          31  5.251430073882595E-010
          32  6.254260609492896E-010
          33  7.411207703003212E-010
          34  4.391608611704955E-009
          35  3.095079877075249E-010
          36  1.214725936145810E-009
          37  7.730652537491919E-010
          38  1.009273906458712E-009
          39  2.962684345390319E-010
          40  6.246276503528072E-010
          41  8.834977220613823E-010
          42  6.135149002082534E-009
          43  5.546741713273809E-010
          44  9.426929744193108E-010
          45  4.145960426611326E-009
          46  7.327203507020048E-009
          47  8.262380598148406E-009
          48  6.236176029662240E-009
          49  5.036157819579552E-010
          50  3.148101777123891E-009
          51  1.611630300548304E-009
          52  6.375446049708436E-009
          53  2.109045524554898E-010
          54  4.856777625739256E-010
          55  3.327242942969553E-010
          56  4.087715611593519E-010
          57  1.139966635628471E-010
          58  2.081756445127064E-010
          59  1.479477451066452E-010
          60  1.684101181108211E-010
          61  1.628964239288660E-010
          62  8.106447392004984E-010
          63  3.409440953174939E-010
          64  3.532153124523469E-010
          65  3.009850083731578E-010
          66  4.447788167233587E-010
          67  5.740486802936140E-010
          68  8.726418186782462E-010
          69  1.617887522410939E-010
          70  4.760086822719760E-010
          71  1.659994485451489E-010
          72  2.093469097783516E-010
          73  2.084957775339762E-010
          74  4.213995665418698E-010
          75  9.522737221244534E-010
          76  2.659781523003663E-009
          77  5.339006020558812E-009
          78  1.036998804647002E-008
          79  7.979772615459165E-009
          80  3.237351540072060E-008
          81  1.246174024930228E-008
          82  1.129840306740065E-008
          83  4.982544438142793E-009
          84  5.412783648627240E-009
          85  3.591366130461526E-009
          86  3.880651267297460E-009
          87  2.494070182740264E-009
          88  6.000341090809115E-009
          89  2.781306966038231E-009
          90  5.275089483648312E-009
          91  3.591520103334648E-009
          92  2.990303272776079E-009
          93  2.462882555285255E-009
          94  5.711312303453090E-009
          95  2.993596101152380E-009
          96  3.519158839477653E-009
          97  1.573328248616008E-009
          98  1.477279563731107E-009
          99  1.639020815243720E-009
         100  1.477387400684106E-009
         101  1.079190938488894E-009
         102  1.810171392584395E-009
         103  1.722021408912772E-009
         104  1.681559004845406E-009
         105  1.754067776544592E-009
         106  2.229128821720416E-009
         107  1.680093316308978E-009
         108  5.552269113519465E-009
         109  2.505647432549055E-009
         110  7.093711464377858E-009
         111  5.067899157306886E-009
         112  6.939776672799462E-009
         113  3.612451905320305E-009
         114  2.955641248718449E-009
         115  1.572878681156010E-009
         116  1.657623687250256E-009
         117  1.466153836591247E-009
         118  1.567172473619354E-009
         119  5.755864575999839E-010
         120  7.949770934749889E-010
         121  6.483955516789932E-010
         122  8.255701633490874E-010
         123  7.197769320209191E-010
         124  1.683386570090388E-008
         125  7.014999625876699E-008
         126  5.846456945677714E-007
         127  2.981624108338589E-006
         128  2.492889803040225E-005
         129  1.283117529604241E-004
         130  3.338813018028275E-004
         131  1.128814915993807E-003
         132  1.071618827025716E-003
         133  3.368441777245255E-005
         134  8.400065550193846E-005
         135  8.524265312739209E-005
         136  2.270868336360278E-004
         137  1.225896669832906E-004
         138  8.373915217288225E-005
         139  1.277190321792025E-005
         140  2.840414574744711E-005
         141  1.996747530709974E-005
         142  7.619413668674933E-006
         143  1.221213874040855E-006
         144  4.314415620455841E-006
         145  1.514980814829799E-006
         146  5.072524202506071E-006
         147  5.565030916333014E-006
         148  2.949555141933129E-005
         149  2.387320394778930E-005
         150  3.963754787140576E-005
         151  3.176351237679804E-005
         152  3.583462393216047E-005
         153  1.122544029416792E-005
         154  2.892845680133486E-005
         155  1.124737327254605E-005
         156  4.576852739883780E-005
         157  1.883744384437372E-005
         158  2.569494968496479E-005
         159  1.276354158686314E-005
         160  3.254493048659809E-005
         161  2.079732985409320E-005
         162  1.096350104920316E-004
         163  8.457467873523169E-005
         164  8.330815448441807E-005
         165  3.215293670548045E-005
         166  5.174269349281764E-005
         167  2.462636071721318E-005
         168  1.337065568423659E-004
         169  5.783886840902972E-005
         170  3.467082369620750E-005
         171  1.380529586221898E-005
         172  3.592080833113535E-005
         173  3.307805100652266E-005
         174  4.648080814887284E-005
         175  1.591362915935813E-005
         176  2.644859643979024E-005
         177  1.157293475417027E-005
         178  1.624322779415135E-005
         179  5.636858956357876E-006
         180  9.647591289894400E-006
         181  5.153245652341185E-006
         182  1.248576090834891E-005
         183  6.686804114438723E-006
         184  1.228233908124731E-005
         185  3.869953397739441E-006
         186  1.454281229688320E-005
         187  4.200435870443403E-006
         188  1.325412719660631E-005
         189  1.111256972971360E-005
         190  2.363492899010440E-005
         191  2.704690756382890E-005
         192  9.599565696511877E-005
         193  1.265499729418654E-004
         194  3.208723415274960E-004
         195  2.298895710078215E-004
         196  4.487636598029974E-004
         197  2.425306639519590E-004
         198  1.823560674176182E-004
         199  1.493962567903974E-005
         200  2.633182790809871E-006
         201  8.942741910850452E-008
         202  1.034246625446439E-007
         203  2.536775739957501E-008
         204  9.170158928183359E-008
         205  8.126930411019970E-008
         206  2.272815394071633E-006
         207  1.507917283383019E-006
         208  2.489309670795744E-006
         209  1.582203675107893E-006
         226  6.526280619318736E-014
         227  4.981439857626635E-015
         230  3.075508640502265E-012
         231  7.478148439380593E-012
         232  5.788026192336190E-007
         234  1.001359197556745E-011
         235  1.606950869799591E-007
         236  1.583753903121125E-009
         238  1.822333312510988E-007
         240  3.070166871927119E-013
         244  3.747762070538988E-009
