           1  7.444811916957692E-005
           2  6.470609901488105E-012
           3  1.574717819390911E-008
           4  8.230007149871244E-005
           6  5.674563962362780E-015
           7  3.114017005274736E-012
           8  2.708281752318958E-013
           9  1.912633244112939E-009
          10  2.713051082138141E-014
          14  2.129965636168118E-015
          15  2.022398549211766E-012
          16  1.203200176591168E-009
          17  9.003095518821868E-011
          18  4.638106883400285E-010
          19  2.205651911290375E-010
          20  4.624586793149695E-009
          21  7.466779875932200E-010
          22  1.423981917268979E-009
          23  4.907804704721899E-009
          24  1.130233549267530E-008
          25  1.388012787280604E-008
          26  1.221924609275396E-008
          27  2.564787724997986E-009
          28  1.517235316414303E-009
          29  8.331523904783326E-010
          30  2.531754301231178E-009
          31  4.398569786522637E-010
          32  6.749894253745870E-010
          33  7.972724009987710E-010
          34  4.364047176890082E-009
          35  2.921351613836181E-010
          36  1.180419381936302E-009
          37  8.775483295119458E-010
          38  1.192607976030037E-009
          39  3.067634589008875E-010
          40  5.985656997857699E-010
          41  8.499523579156308E-010
          42  5.659625385413213E-009
          43  4.749466510973986E-010
          44  9.983378283334804E-010
          45  4.547389833472129E-009
          46  7.601356518034456E-009
          47  8.175692050490950E-009
          48  5.954435743009420E-009
          49  5.459370060686235E-010
          50  3.081702160316870E-009
          51  1.506947602915494E-009
          52  6.330103670635763E-009
          53  2.408411468412859E-010
          54  6.143375766806821E-010
          55  3.600621535687295E-010
          56  3.809170219960246E-010
          57  9.878499087000449E-011
          58  1.891991531517353E-010
          59  1.322954556599332E-010
          60  1.666854907169472E-010
          61  1.809699887536898E-010
          62  8.350931618755296E-010
          63  3.373530661754565E-010
          64  3.457219890058769E-010
          65  2.931686629214255E-010
          66  4.260237438607672E-010
          67  5.819617044875309E-010
          68  8.332224790925498E-010
          69  1.533030255638222E-010
          70  4.503571661058206E-010
          71  1.556085195925742E-010
          72  1.956546678766211E-010
          73  2.136929081787677E-010
          74  4.443719726177427E-010
          75  1.064473033068882E-009
          76  2.816155949198429E-009
          77  5.585933953117314E-009
          78  1.023541442097883E-008
          79  7.961564400821890E-009
          80  3.106747163053044E-008
          81  1.304506877121313E-008
          82  1.087623368038508E-008
          83  4.519885293207646E-009
          84  5.053464421170191E-009
          85  3.342125467521505E-009
          86  3.637513800039685E-009
          87  2.599322694067641E-009
          88  6.142528623731878E-009
          89  2.754249309946828E-009
          90  5.257671523932966E-009
          91  3.484742941685976E-009
          92  2.940899457287779E-009
          93  2.453423496916410E-009
          94  5.630833362410939E-009
          95  2.884558575478627E-009
          96  3.518634646142081E-009
          97  1.527799790487087E-009
          98  1.413770718887931E-009
          99  1.573782893264690E-009
         100  1.383406340766170E-009
         101  1.029670762618868E-009
         102  1.764242746922149E-009
         103  1.650847802099138E-009
         104  1.585983421850081E-009
         105  1.687723123551095E-009
         106  2.198194680050350E-009
         107  1.720210091052962E-009
         108  5.906348128028373E-009
         109  2.624413057851264E-009
         110  7.207150839087748E-009
         111  5.139144568117357E-009
         112  6.727654518670609E-009
         113  3.375267226713447E-009
         114  2.640099302261407E-009
         115  1.372954242300983E-009
         116  1.424353939774512E-009
         117  1.303709764527727E-009
         118  1.395032451210190E-009
         119  5.044392669099109E-010
         120  7.161058040448642E-010
         121  5.850084479438874E-010
         122  7.513330019040716E-010
         123  6.858788069667892E-010
         124  1.849889327709610E-008
         125  8.368487412677316E-008
         126  6.779082181113796E-007
         127  3.455433884815193E-006
         128  2.827686679742102E-005
         129  1.382806354271973E-004
         130  3.328474251512573E-004
         131  1.073169748860283E-003
         132  1.048155359055161E-003
         133  3.380592124120443E-005
         134  8.547547518612935E-005
         135  9.266962543798610E-005
         136  2.200166500708923E-004
         137  1.157760873536976E-004
         138  8.596339436716129E-005
         139  1.460268623063344E-005
         140  3.336843907935994E-005
         141  2.437186252595086E-005
         142  9.638800783941949E-006
         143  1.731635685216247E-006
         144  7.939396723975599E-006
         145  4.289548347341646E-006
         146  1.554851188703036E-005
         147  9.744647110693051E-006
         148  3.205510943253616E-005
         149  2.621183958503739E-005
         150  2.769708820024797E-005
         151  1.727001471647387E-005
         152  4.638561484888606E-005
         153  1.965820248150873E-005
         154  4.437692585015497E-005
         155  2.201090346771934E-005
         156  2.725255613925805E-005
         157  1.349250739597816E-005
         158  2.855186302247966E-005
         159  1.703491409290476E-005
         160  4.502733243059354E-005
         161  2.934939035135068E-005
         162  1.336779249146433E-004
         163  4.712440330584004E-005
         164  5.720842005083840E-005
         165  3.448698018892783E-005
         166  1.306090685430378E-004
         167  5.803837662254324E-005
         168  9.754768476966349E-005
         169  3.531855358096783E-005
         170  5.216434975024315E-005
         171  2.611716150654611E-005
         172  4.601406631707683E-005
         173  2.129632036101054E-005
         174  2.641827033351184E-005
         175  1.688968245101653E-005
         176  3.255248491325257E-005
         177  1.790033358677814E-005
         178  2.771157273630749E-005
         179  7.738622067422158E-006
         180  1.028412818192994E-005
         181  5.173862686104640E-006
         182  1.172310406369481E-005
         183  6.263210986425576E-006
         184  1.175079886040891E-005
         185  3.837481125356941E-006
         186  1.503762032615089E-005
         187  4.371509679959559E-006
         188  1.442113522549275E-005
         189  1.271242066402478E-005
         190  2.661205253636903E-005
         191  2.985122840222995E-005
         192  1.059420366469272E-004
         193  1.376420108637294E-004
         194  3.350519516599754E-004
         195  2.260491728853629E-004
         196  4.205490718397162E-004
         197  2.172355713753907E-004
         198  1.542670252378789E-004
         199  1.234304884131898E-005
         200  2.218097042438968E-006
         201  9.007349056243466E-008
         202  1.083781543100147E-007
         203  2.503867913308714E-008
         204  7.535641078776722E-008
         205  6.468191548563393E-008
         206  2.243058509319427E-006
         207  1.429107651728027E-006
         208  2.438784800429316E-006
         209  1.575177422888903E-006
         226  6.404450540351816E-014
         227  4.969054365186836E-015
         230  3.018096236348711E-012
         231  7.459555310966558E-012
         232  5.786906099638835E-007
         234  9.826662118840989E-012
         235  1.602955463166595E-007
         236  1.604136119302320E-009
         238  1.788314700024410E-007
         240  3.114355242933300E-013
         244  3.801702949886671E-009
