           1  7.434772900087191E-005
           2  6.470609901488105E-012
           3  1.574717819390911E-008
           4  8.348712529562017E-005
           6  5.674563962362780E-015
           7  3.114017005274736E-012
           8  2.708281752318958E-013
           9  1.912633244112939E-009
          10  2.713051082138141E-014
          14  2.071331326074916E-015
          15  2.085173074562212E-012
          16  1.224666498847676E-009
          17  9.141085680338901E-011
          18  4.564002328303483E-010
          19  2.082513648301943E-010
          20  4.553581820473717E-009
          21  7.602328705124912E-010
          22  1.612176351872848E-009
          23  4.815772203597768E-009
          24  1.118889775176315E-008
          25  1.354987129987828E-008
          26  1.208039800381506E-008
          27  2.728889203343573E-009
          28  1.649261258904603E-009
          29  8.464200669533604E-010
          30  2.734970433861299E-009
          31  5.006415166246364E-010
          32  6.402138936010346E-010
          33  7.511225859146458E-010
          34  4.393297332817883E-009
          35  3.001323338379508E-010
          36  1.174830845947765E-009
          37  7.900372889751579E-010
          38  1.046022011418225E-009
          39  3.044581043759541E-010
          40  6.262533834272498E-010
          41  8.762974002874258E-010
          42  6.042180497462365E-009
          43  5.280438644783040E-010
          44  9.364177552302217E-010
          45  4.201409292615816E-009
          46  7.310349349845848E-009
          47  8.205973385758535E-009
          48  6.177189848520106E-009
          49  5.095183115385756E-010
          50  3.135044945156562E-009
          51  1.590998090738745E-009
          52  6.425584411527760E-009
          53  2.153795236519874E-010
          54  5.111894945930836E-010
          55  3.452016610489608E-010
          56  4.063795720880509E-010
          57  1.103185160817129E-010
          58  2.009414861928265E-010
          59  1.437696879107946E-010
          60  1.671498875335198E-010
          61  1.678939098068595E-010
          62  8.313255355448303E-010
          63  3.441416926618583E-010
          64  3.512918062498600E-010
          65  3.020316926293549E-010
          66  4.416093832275644E-010
          67  5.828446943303710E-010
          68  8.854678626939863E-010
          69  1.637625756699406E-010
          70  4.812873736641670E-010
          71  1.677533861130605E-010
          72  2.083720628381920E-010
          73  2.076960349061313E-010
          74  4.284559802720403E-010
          75  9.862153321137953E-010
          76  2.733165737032589E-009
          77  5.404713593228992E-009
          78  1.025452608579766E-008
          79  7.850664908652113E-009
          80  3.179916147570561E-008
          81  1.214873075746116E-008
          82  1.093495625346403E-008
          83  4.771901295039344E-009
          84  5.220206963623714E-009
          85  3.456862449575241E-009
          86  3.722893341358013E-009
          87  2.422005268719558E-009
          88  5.904465094750555E-009
          89  2.763556226271384E-009
          90  5.238135065870290E-009
          91  3.409430382408098E-009
          92  2.861189371629030E-009
          93  2.408255472887355E-009
          94  5.714371094290132E-009
          95  2.895025017101931E-009
          96  3.403745118453318E-009
          97  1.494025246142828E-009
          98  1.404458679319427E-009
          99  1.580736638063952E-009
         100  1.407186062033678E-009
         101  1.047062501906294E-009
         102  1.757420467632963E-009
         103  1.654915872395345E-009
         104  1.588376831799507E-009
         105  1.670350989034957E-009
         106  2.132706985158851E-009
         107  1.628732881559829E-009
         108  5.407325124193897E-009
         109  2.442515975767377E-009
         110  6.937989219064859E-009
         111  4.919411436879329E-009
         112  6.636239147307417E-009
         113  3.386286672829272E-009
         114  2.726258343187400E-009
         115  1.457433481474101E-009
         116  1.536150067581296E-009
         117  1.377367639965672E-009
         118  1.472934650560796E-009
         119  5.379403246659764E-010
         120  7.479870262114168E-010
         121  6.058949404433613E-010
         122  7.844401458949605E-010
         123  6.777259769214099E-010
         124  1.707844797634611E-008
         125  6.865807595426156E-008
         126  5.701323853872948E-007
         127  2.943631317677167E-006
         128  2.476049943814213E-005
         129  1.263438738334891E-004
         130  3.258336676411548E-004
         131  1.096960995897191E-003
         132  1.051697767711729E-003
         133  3.425522570477826E-005
         134  8.635446112422010E-005
         135  8.422545557727122E-005
         136  2.210334286146705E-004
         137  1.201378924836525E-004
         138  8.864979270800401E-005
         139  1.402911649198332E-005
         140  3.329183956760748E-005
         141  2.570757424818226E-005
         142  1.014809593330080E-005
         143  1.829892213475107E-006
         144  8.486488431391940E-006
         145  4.301412487914281E-006
         146  1.546938822774507E-005
         147  9.430919645086127E-006
         148  6.620844685995567E-006
         149  4.830156976512317E-006
         150  3.053416925680560E-005
         151  1.158097965513676E-005
         152  1.120242827655570E-005
         153  4.815921599832179E-006
         154  4.387610833438870E-005
         155  2.687228640938235E-005
         156  9.144045612138509E-005
         157  3.628745014558564E-005
         158  7.244188365233995E-005
         159  5.532116669958374E-005
         160  1.100950238904147E-004
         161  3.902534275762550E-005
         162  9.179926553959455E-005
         163  9.682462250749425E-005
         164  9.399191743218011E-005
         165  2.791409388773082E-005
         166  3.407823278500557E-005
         167  1.223259822679329E-005
         168  7.355903708794092E-005
         169  2.754319910297858E-005
         170  3.748799713775132E-005
         171  2.079043819019526E-005
         172  3.155562070506434E-005
         173  1.778491020027182E-005
         174  4.210844565922568E-005
         175  2.492107536014209E-005
         176  1.989295382306963E-005
         177  8.713379859473160E-006
         178  1.359015507978272E-005
         179  7.562021335924795E-006
         180  1.525484948954871E-005
         181  6.547136871553938E-006
         182  1.282111664265239E-005
         183  6.426323994438437E-006
         184  1.131168416435424E-005
         185  3.567415752504708E-006
         186  1.366081163732564E-005
         187  3.913036179986071E-006
         188  1.233367957067337E-005
         189  1.062643647789306E-005
         190  2.247916278087811E-005
         191  2.710383806036333E-005
         192  9.646478184439595E-005
         193  1.262953925544415E-004
         194  3.155848659955736E-004
         195  2.270300385368522E-004
         196  4.477767983535195E-004
         197  2.393759164689571E-004
         198  1.784565793492703E-004
         199  1.430573214488666E-005
         200  2.570393444785851E-006
         201  9.289110979432323E-008
         202  1.122877322676758E-007
         203  2.770900879553592E-008
         204  8.664574879983746E-008
         205  7.457865648242096E-008
         206  2.393453906118919E-006
         207  1.564712400558754E-006
         208  2.633002419719661E-006
         209  1.686574503576866E-006
         226  6.999905562250794E-014
         227  5.357163078911635E-015
         230  3.298704314931752E-012
         231  8.042184963196045E-012
         232  6.166358077911714E-007
         234  1.074029792105407E-011
         235  1.728154532697068E-007
         236  1.704920972984621E-009
         238  1.954583603524571E-007
         240  3.306608226585114E-013
         244  4.036386753775791E-009
