           1  7.458644044945536E-005
           2  6.470609901488105E-012
           3  1.574717819390911E-008
           4  8.170966174316459E-005
           6  5.674563962362780E-015
           7  3.114017005274736E-012
           8  2.708281752318958E-013
           9  1.912633244112939E-009
          10  2.713051082138141E-014
          14  1.908138774244223E-015
          15  1.946041545742451E-012
          16  1.239085677078950E-009
          17  9.200078554037936E-011
          18  4.438103775585058E-010
          19  1.937350839755897E-010
          20  4.668074414758546E-009
          21  7.644337069382281E-010
          22  1.550906624935771E-009
          23  4.909293910464399E-009
          24  1.134697972636187E-008
          25  1.380966902445687E-008
          26  1.167549630813941E-008
          27  2.508645980096112E-009
          28  1.581326752686693E-009
          29  8.418319052884752E-010
          30  2.680660353979207E-009
          31  4.672082809681060E-010
          32  6.206551885953645E-010
          33  8.299292646015564E-010
          34  4.356871459401194E-009
          35  2.861804039908659E-010
          36  1.131778636629690E-009
          37  7.567353830206498E-010
          38  1.016355459349276E-009
          39  2.984595704423072E-010
          40  6.271909259511953E-010
          41  8.938514337490889E-010
          42  6.223907152665657E-009
          43  5.272726099462078E-010
          44  9.967711667156470E-010
          45  4.462526077665850E-009
          46  7.348690383656999E-009
          47  7.971700242001947E-009
          48  5.906685898721054E-009
          49  5.097909487614603E-010
          50  3.112163691975622E-009
          51  1.566471284413443E-009
          52  6.318644505985220E-009
          53  2.199103842678147E-010
          54  5.426851958739417E-010
          55  3.605834958703119E-010
          56  4.204466031378612E-010
          57  1.108690802615689E-010
          58  2.151826609180501E-010
          59  1.503896055275427E-010
          60  1.749133865950616E-010
          61  1.835575000648709E-010
          62  8.759128503944121E-010
          63  3.553326428034784E-010
          64  3.643206219158947E-010
          65  3.091861417305892E-010
          66  4.396806833951525E-010
          67  5.855820146309570E-010
          68  8.657547634975127E-010
          69  1.616788303220441E-010
          70  4.860098355473150E-010
          71  1.680604826610189E-010
          72  2.077674754412891E-010
          73  2.178491335529782E-010
          74  4.529331434088851E-010
          75  1.083401903581019E-009
          76  2.863215806729510E-009
          77  5.494164603538315E-009
          78  1.009885630383463E-008
          79  7.937285250004370E-009
          80  3.215950023050565E-008
          81  1.183121775092878E-008
          82  1.039933496822015E-008
          83  4.535009827971631E-009
          84  5.172795951293765E-009
          85  3.474157534277007E-009
          86  3.753780755782845E-009
          87  2.481071775094570E-009
          88  5.956455821611061E-009
          89  2.710848727797189E-009
          90  5.204490780228033E-009
          91  3.475673216642503E-009
          92  2.888712484879298E-009
          93  2.404846162721559E-009
          94  5.610511912321204E-009
          95  2.836173933576256E-009
          96  3.302342509556445E-009
          97  1.429503985219760E-009
          98  1.322837987968285E-009
          99  1.482420267892986E-009
         100  1.305783082116159E-009
         101  9.839550248151004E-010
         102  1.740908745484192E-009
         103  1.655107043181486E-009
         104  1.609614800712580E-009
         105  1.721234908919457E-009
         106  2.214563259656746E-009
         107  1.713995252382102E-009
         108  5.739282369848072E-009
         109  2.538513412408407E-009
         110  6.845456966718506E-009
         111  4.855718536712072E-009
         112  6.373524020539123E-009
         113  3.197734828495924E-009
         114  2.506584217633802E-009
         115  1.316439932669759E-009
         116  1.354352724492350E-009
         117  1.199478547913972E-009
         118  1.284294797119458E-009
         119  4.755696442640148E-010
         120  6.698821762770894E-010
         121  5.450538505317338E-010
         122  7.097325348849616E-010
         123  6.489495436583192E-010
         124  1.875046558425050E-008
         125  8.206922508264436E-008
         126  6.672783032260129E-007
         127  3.435309614354000E-006
         128  2.818561751350443E-005
         129  1.368720198770350E-004
         130  3.271137198881383E-004
         131  1.087983165592683E-003
         132  1.021924838786161E-003
         133  3.353861716772128E-005
         134  8.386519875242948E-005
         135  8.133459329309845E-005
         136  2.127990458814814E-004
         137  1.161436721267306E-004
         138  8.978016577499620E-005
         139  1.339209901441273E-005
         140  2.967771119711616E-005
         141  2.164907701672225E-005
         142  8.327428522021017E-006
         143  1.477465653094372E-006
         144  6.672545122870614E-006
         145  3.908483236890017E-006
         146  1.641372023451878E-005
         147  1.473839581715970E-005
         148  1.330912444122183E-005
         149  8.917160800538518E-006
         150  5.595511996820384E-005
         151  2.300714297988270E-005
         152  2.384610656579030E-005
         153  9.230347602543347E-006
         154  5.692141161282242E-005
         155  3.320343769036651E-005
         156  4.207842552587082E-005
         157  2.155186019926327E-005
         158  5.963009272047227E-005
         159  4.954171182525592E-005
         160  5.923500113615607E-005
         161  2.432541379752172E-005
         162  6.715122900266714E-005
         163  2.971505409069237E-005
         164  7.375209409556632E-005
         165  5.605122303930347E-005
         166  1.158506061460905E-004
         167  4.273355632706310E-005
         168  1.743323660353538E-004
         169  7.166056230449623E-005
         170  4.616703492842117E-005
         171  1.728659885661628E-005
         172  3.471460431977520E-005
         173  1.613438894797553E-005
         174  4.163854592175316E-005
         175  2.437102278576813E-005
         176  1.896627014614076E-005
         177  7.320764729675096E-006
         178  9.380214842471142E-006
         179  4.834683209076187E-006
         180  1.044208896320389E-005
         181  5.159110795547610E-006
         182  1.181087708152101E-005
         183  6.382223788129787E-006
         184  1.195869765883520E-005
         185  3.893389808353198E-006
         186  1.537276801242741E-005
         187  4.472228304814767E-006
         188  1.473309254866101E-005
         189  1.288478411665632E-005
         190  2.685024221055833E-005
         191  3.017042153441156E-005
         192  1.056056136135161E-004
         193  1.352824517514088E-004
         194  3.275273970629548E-004
         195  2.214334652423925E-004
         196  4.129152691911725E-004
         197  2.131824367828267E-004
         198  1.512717642959952E-004
         199  1.205730826529052E-005
         200  2.181369906261148E-006
         201  8.426515538400407E-008
         202  1.061972028893516E-007
         203  2.685219015764135E-008
         204  8.132588610375246E-008
         205  6.925379447633710E-008
         206  2.237186445003458E-006
         207  1.472097472591493E-006
         208  2.470231608848939E-006
         209  1.565992010924777E-006
         226  6.344374108263141E-014
         227  4.846113211798576E-015
         230  2.989785227865206E-012
         231  7.274995781870067E-012
         232  5.523607921862224E-007
         234  9.734483906873960E-012
         235  1.563296168059586E-007
         236  1.640537808891227E-009
         238  1.771539558120776E-007
         240  3.188559685389290E-013
         244  3.892284539260505E-009
