           1  7.458330554143331E-005
           2  6.470609901488105E-012
           3  1.574717819390911E-008
           4  8.130298780623750E-005
           6  5.674563962362780E-015
           7  3.114017005274736E-012
           8  2.708281752318958E-013
           9  1.912633244112939E-009
          10  2.713051082138141E-014
          14  2.070791765736956E-015
          15  1.922845669518047E-012
          16  1.252821091196839E-009
          17  9.273732210272518E-011
          18  4.418975362155496E-010
          19  1.913621915143887E-010
          20  4.640843519917715E-009
          21  7.602650013089489E-010
          22  1.667034044615262E-009
          23  4.867361550422705E-009
          24  1.130203917517152E-008
          25  1.372574863468710E-008
          26  1.213196349098854E-008
          27  2.590895910654625E-009
          28  1.566280190811761E-009
          29  8.197508829061147E-010
          30  2.675072054433382E-009
          31  4.616190320867632E-010
          32  5.716387255775144E-010
          33  8.042285077384181E-010
          34  4.292298427517007E-009
          35  2.881693298606268E-010
          36  1.153838861027841E-009
          37  8.081656236191564E-010
          38  1.093456245722770E-009
          39  3.076966126085512E-010
          40  6.094856374899967E-010
          41  8.612645252722424E-010
          42  6.178497814616854E-009
          43  5.301057239079259E-010
          44  9.806994312341589E-010
          45  4.316533843167015E-009
          46  7.347909019563989E-009
          47  8.041704063077161E-009
          48  5.973038737855028E-009
          49  5.379231356663211E-010
          50  3.165155617016234E-009
          51  1.564393822275453E-009
          52  6.221108277434859E-009
          53  2.177348468876557E-010
          54  5.411386252061607E-010
          55  3.641172887810526E-010
          56  4.149627504990129E-010
          57  1.101037093840646E-010
          58  2.222762349160526E-010
          59  1.529267210774057E-010
          60  1.700596448114747E-010
          61  1.717628026714077E-010
          62  8.303050613735024E-010
          63  3.446841391704766E-010
          64  3.674652385493385E-010
          65  3.128075119584849E-010
          66  4.393732563175811E-010
          67  5.708692412501445E-010
          68  8.505467100731595E-010
          69  1.622190810736207E-010
          70  4.965531537252158E-010
          71  1.701785982708972E-010
          72  2.101747675799718E-010
          73  2.163840081811523E-010
          74  4.358891386070375E-010
          75  1.037632092380668E-009
          76  2.796536665083391E-009
          77  5.534571074960759E-009
          78  1.016576050604129E-008
          79  7.945280898007682E-009
          80  3.252850311672449E-008
          81  1.211799489851655E-008
          82  1.068857862521758E-008
          83  4.650352937013524E-009
          84  5.025580715350486E-009
          85  3.443384852913092E-009
          86  3.737239939537091E-009
          87  2.464137781340085E-009
          88  6.038080105375351E-009
          89  2.715928004993811E-009
          90  5.165690593577735E-009
          91  3.518344231835930E-009
          92  2.825167021018139E-009
          93  2.343886069049462E-009
          94  5.662258541521981E-009
          95  2.902818698028500E-009
          96  3.434016919140629E-009
          97  1.502470954283904E-009
          98  1.390199688979964E-009
          99  1.530939007736458E-009
         100  1.339379622401667E-009
         101  9.976325444339688E-010
         102  1.748616536623748E-009
         103  1.681264680808912E-009
         104  1.644938911263509E-009
         105  1.741050888210029E-009
         106  2.205419779636988E-009
         107  1.684887483926167E-009
         108  5.615218704512164E-009
         109  2.524321505888259E-009
         110  6.970475842602211E-009
         111  4.939381418910823E-009
         112  6.555088130848560E-009
         113  3.315523020964458E-009
         114  2.624229543921567E-009
         115  1.385167224168248E-009
         116  1.429088632378488E-009
         117  1.251423507936471E-009
         118  1.347967775420494E-009
         119  5.082567574130973E-010
         120  7.165606092082136E-010
         121  5.840258596575836E-010
         122  7.530698709218043E-010
         123  6.792165895848518E-010
         124  1.888472461470825E-008
         125  8.183733863571477E-008
         126  6.672918351021333E-007
         127  3.411972738640720E-006
         128  2.797637521047030E-005
         129  1.367121634952711E-004
         130  3.298261505440758E-004
         131  1.104688377138232E-003
         132  1.021448816344810E-003
         133  3.236214016170816E-005
         134  8.150962208559179E-005
         135  8.420493312453502E-005
         136  2.145293408654333E-004
         137  1.151053137565019E-004
         138  8.240303513957212E-005
         139  1.432873477853098E-005
         140  3.343286732905261E-005
         141  2.516012341457491E-005
         142  9.769311989983774E-006
         143  1.564251177437439E-006
         144  5.338716513858429E-006
         145  1.928408001728883E-006
         146  7.712245711147462E-006
         147  1.032932805910080E-005
         148  1.884964571400199E-005
         149  1.149961487333763E-005
         150  1.304938667948669E-005
         151  1.248301406652719E-005
         152  3.845361027515415E-005
         153  1.788805951570496E-005
         154  4.972633417829777E-005
         155  2.815810875153324E-005
         156  3.256550682693407E-005
         157  1.391372329324288E-005
         158  2.482132084003543E-005
         159  1.898843915073432E-005
         160  5.450238457765131E-005
         161  2.939208081896998E-005
         162  1.993314738713820E-004
         163  1.046096852342991E-004
         164  1.049693590602279E-004
         165  4.357323739908524E-005
         166  4.150229791944062E-005
         167  1.537462371206592E-005
         168  9.802163967317591E-005
         169  5.572213211153917E-005
         170  4.162328000936781E-005
         171  1.757069647087940E-005
         172  3.514683142403528E-005
         173  2.923984703676567E-005
         174  6.337831917114152E-005
         175  3.138740500451627E-005
         176  3.729398006332055E-005
         177  1.530043304359360E-005
         178  2.488411041606004E-005
         179  1.278263105902242E-005
         180  2.253261651325839E-005
         181  9.237932264919313E-006
         182  1.734243872368452E-005
         183  8.531352246688069E-006
         184  1.474525972967245E-005
         185  4.513527825240136E-006
         186  1.654759813365225E-005
         187  4.828318822601161E-006
         188  1.590529404938088E-005
         189  1.369353118178459E-005
         190  2.805778392130414E-005
         191  3.045000013141995E-005
         192  1.048584215107605E-004
         193  1.337789572726632E-004
         194  3.223566830205399E-004
         195  2.158280256460894E-004
         196  3.990096257861017E-004
         197  2.062702702369979E-004
         198  1.459309354123428E-004
         199  1.165463660311203E-005
         200  2.059278102218049E-006
         201  7.505407483957937E-008
         202  9.302746981353030E-008
         203  2.367504671884424E-008
         204  7.617963925395767E-008
         205  6.667984423975180E-008
         206  2.171811912619432E-006
         207  1.432998899497441E-006
         208  2.392343469895579E-006
         209  1.521114747977865E-006
         226  6.467195732536983E-014
         227  4.939528177702584E-015
         230  3.047664897577318E-012
         231  7.415230533559446E-012
         232  5.642346362852740E-007
         234  9.922935140125264E-012
         235  1.593430680369701E-007
         236  1.657572945325333E-009
         238  1.805835039799635E-007
         240  3.219513986536676E-013
         244  3.930070549141915E-009
