           1  7.374493459434297E-005
           2  6.470609901488105E-012
           3  1.574717819390911E-008
           4  8.231814634408702E-005
           6  5.674563962362780E-015
           7  3.114017005274736E-012
           8  2.708281752318958E-013
           9  1.912633244112939E-009
          10  2.713051082138141E-014
          14  2.537695498300500E-015
          15  2.444546315425145E-012
          16  1.270758562596600E-009
          17  9.390783487910489E-011
          18  4.660163825161830E-010
          19  2.201057195671153E-010
          20  4.695296444058426E-009
          21  7.605989543398996E-010
          22  1.615628287955305E-009
          23  4.925948827226351E-009
          24  1.139320310233635E-008
          25  1.394407758273273E-008
          26  1.228995330425258E-008
          27  2.596981620006433E-009
          28  1.592419466915953E-009
          29  8.931742356375250E-010
          30  2.787596729949287E-009
          31  4.872061536172679E-010
          32  6.465603825659757E-010
          33  8.015410288904382E-010
          34  4.339200485026502E-009
          35  3.025608905574932E-010
          36  1.222552430438408E-009
          37  8.116403628064553E-010
          38  1.085809852799927E-009
          39  3.045917620658210E-010
          40  6.284719900626137E-010
          41  8.963784911053496E-010
          42  5.986458715277397E-009
          43  5.283086418975890E-010
          44  1.008311840597796E-009
          45  4.444957933090378E-009
          46  7.499347054976546E-009
          47  8.137412277328552E-009
          48  6.009072283097710E-009
          49  5.206444680679847E-010
          50  3.114801076043249E-009
          51  1.565396729603926E-009
          52  6.398150414367611E-009
          53  2.233335630134811E-010
          54  5.324443993779933E-010
          55  3.354324080982025E-010
          56  3.997630100414652E-010
          57  1.080306469367170E-010
          58  2.123397051480182E-010
          59  1.461929497864674E-010
          60  1.729078655903495E-010
          61  1.780599124295384E-010
          62  8.370737977403791E-010
          63  3.455654791625539E-010
          64  3.642728351997255E-010
          65  3.041805916301349E-010
          66  4.396995675110123E-010
          67  5.743480709286671E-010
          68  8.261562992121467E-010
          69  1.534979893097137E-010
          70  4.553965543755197E-010
          71  1.574658452678629E-010
          72  2.005832855365790E-010
          73  2.175797504929360E-010
          74  4.360405882216103E-010
          75  1.015835873152361E-009
          76  2.722754023953940E-009
          77  5.483934653889998E-009
          78  1.030387295532301E-008
          79  8.105149441450031E-009
          80  3.209328872090243E-008
          81  1.294461130487965E-008
          82  1.137817514426390E-008
          83  4.948892879154065E-009
          84  5.376756976592456E-009
          85  3.594604400569968E-009
          86  3.913704246965229E-009
          87  2.637515130324317E-009
          88  6.264872770002026E-009
          89  2.779715912868557E-009
          90  5.294962181403405E-009
          91  3.738744422196617E-009
          92  3.116870380664776E-009
          93  2.536850226904219E-009
          94  5.688131496385596E-009
          95  3.072160341678569E-009
          96  3.731201873689833E-009
          97  1.655746301273635E-009
          98  1.512224669827348E-009
          99  1.648947559490140E-009
         100  1.477909620928395E-009
         101  1.074035027176351E-009
         102  1.862841910283136E-009
         103  1.762232453100277E-009
         104  1.739934503542537E-009
         105  1.822016795251153E-009
         106  2.333104196730873E-009
         107  1.792904568718342E-009
         108  6.091990973573551E-009
         109  2.690222896891187E-009
         110  7.267822949247749E-009
         111  5.274895388037218E-009
         112  7.060157530999862E-009
         113  3.628509058019251E-009
         114  2.906398957363980E-009
         115  1.504353407061122E-009
         116  1.564667162048958E-009
         117  1.445621692932395E-009
         118  1.556273702379917E-009
         119  5.443106764677658E-010
         120  7.613891604018302E-010
         121  6.284945213299439E-010
         122  7.975463571815479E-010
         123  7.294867548296023E-010
         124  1.869195773256670E-008
         125  8.589958844020923E-008
         126  6.973633044202598E-007
         127  3.505355939595486E-006
         128  2.834136366014550E-005
         129  1.398503624677649E-004
         130  3.395110165958136E-004
         131  1.122139570178294E-003
         132  1.077360589781416E-003
         133  3.402506327370680E-005
         134  8.489154612204353E-005
         135  9.149109015609623E-005
         136  2.354218401529455E-004
         137  1.252721000841199E-004
         138  8.403513971365683E-005
         139  1.509387232421699E-005
         140  3.393741312896184E-005
         141  2.486336706321145E-005
         142  9.687129499923425E-006
         143  1.772598522563700E-006
         144  8.624480123248022E-006
         145  4.530112479272720E-006
         146  1.597339770964703E-005
         147  1.032592713633514E-005
         148  1.310826299507904E-005
         149  1.060407200646709E-005
         150  2.780226117484171E-005
         151  1.805801279029868E-005
         152  3.879806348466081E-005
         153  1.509099630636132E-005
         154  2.640505193921518E-005
         155  1.250418294198584E-005
         156  1.582611519688617E-005
         157  1.127181510596290E-005
         158  3.859350259606185E-005
         159  2.227185994906802E-005
         160  5.013462007867815E-005
         161  2.936806119702154E-005
         162  5.436742324657824E-005
         163  3.463281294308091E-005
         164  8.131210955065544E-005
         165  4.633493646156447E-005
         166  1.239656389084186E-004
         167  2.789943816512946E-005
         168  6.703870903559601E-005
         169  4.024895472978035E-005
         170  2.244643582096952E-005
         171  9.644729581295588E-006
         172  3.507696179037582E-005
         173  2.962558264413846E-005
         174  7.603344636997215E-005
         175  3.601041680033568E-005
         176  2.842813425710020E-005
         177  9.026561808883575E-006
         178  1.200441508415105E-005
         179  5.819029327884309E-006
         180  1.201999195445482E-005
         181  5.931609551696610E-006
         182  1.335968606716250E-005
         183  6.993539609477074E-006
         184  1.294535911869202E-005
         185  4.135544362443440E-006
         186  1.554268285947968E-005
         187  4.572381374962404E-006
         188  1.519755252177382E-005
         189  1.290569147564332E-005
         190  2.768464052421699E-005
         191  2.923410931992426E-005
         192  1.043383180447684E-004
         193  1.374257101594265E-004
         194  3.451736369317084E-004
         195  2.376538913385544E-004
         196  4.430338399760780E-004
         197  2.330299390422095E-004
         198  1.691562954437056E-004
         199  1.410520146446546E-005
         200  2.472683430654237E-006
         201  8.930121765954331E-008
         202  1.028584254002996E-007
         203  2.462628690803159E-008
         204  8.976310012939248E-008
         205  8.002222551058194E-008
         206  2.317620077626258E-006
         207  1.521949099641312E-006
         208  2.518981222429614E-006
         209  1.603309821297649E-006
         226  6.315581820344792E-014
         227  4.899731380971244E-015
         230  2.976216867042568E-012
         231  7.355487495025482E-012
         232  5.781760886427874E-007
         234  9.690306489432862E-012
         235  1.580592726093338E-007
         236  1.562102222748711E-009
         238  1.763499887674845E-007
         240  3.028323755862649E-013
         244  3.696684051056240E-009
