           1  7.398539242166472E-005
           2  6.470609901488105E-012
           3  1.574717819390911E-008
           4  8.072454117475003E-005
           6  5.674563962362780E-015
           7  3.114017005274736E-012
           8  2.708281752318958E-013
           9  1.912633244112939E-009
          10  2.713051082138141E-014
          14  2.353408513929879E-015
          15  2.279860278033513E-012
          16  1.264860592117081E-009
          17  9.345045196271817E-011
          18  4.557896761785820E-010
          19  2.080824521468095E-010
          20  4.740877897625394E-009
          21  7.592403315610116E-010
          22  1.545267642661250E-009
          23  4.970450833740266E-009
          24  1.145351094710241E-008
          25  1.405246788097607E-008
          26  1.209167146743986E-008
          27  2.467786550701846E-009
          28  1.533772302004285E-009
          29  8.684180887165343E-010
          30  2.692561366039069E-009
          31  4.517581085328366E-010
          32  6.334912734813197E-010
          33  8.494804250317653E-010
          34  4.292800034396565E-009
          35  2.902756764814069E-010
          36  1.193175230096436E-009
          37  8.217386677845815E-010
          38  1.117967709376137E-009
          39  3.093863780273286E-010
          40  6.239714926279094E-010
          41  8.916900427730340E-010
          42  6.042591306829234E-009
          43  5.081357913182366E-010
          44  1.038840776328756E-009
          45  4.608501411383223E-009
          46  7.516272462905866E-009
          47  7.994997484231146E-009
          48  5.837987815327217E-009
          49  5.336586927022395E-010
          50  3.116318028134481E-009
          51  1.538944863934778E-009
          52  6.301044715878804E-009
          53  2.252744217046071E-010
          54  5.596537460153417E-010
          55  3.485893096833704E-010
          56  4.063344872221761E-010
          57  1.058770521353469E-010
          58  2.185306138098950E-010
          59  1.486863709470100E-010
          60  1.764337339421630E-010
          61  1.886617100836877E-010
          62  8.676037681147658E-010
          63  3.516656320078277E-010
          64  3.703232846604989E-010
          65  3.100551612882198E-010
          66  4.359325450070096E-010
          67  5.773953247028436E-010
          68  8.179319378891431E-010
          69  1.530589831052919E-010
          70  4.630213525103073E-010
          71  1.590868102391517E-010
          72  2.003649348031681E-010
          73  2.225502704889076E-010
          74  4.505379563451619E-010
          75  1.083519442458867E-009
          76  2.818834147194155E-009
          77  5.572745098157347E-009
          78  1.015592312727303E-008
          79  8.096588383175314E-009
          80  3.223183877702429E-008
          81  1.269433680095884E-008
          82  1.096312495444566E-008
          83  4.723906289365426E-009
          84  5.234455690977862E-009
          85  3.538484469251995E-009
          86  3.854850364319768E-009
          87  2.642628066751133E-009
          88  6.272135569825910E-009
          89  2.740790876168163E-009
          90  5.273704786467979E-009
          91  3.688745306671944E-009
          92  3.062066902661392E-009
          93  2.512813203510932E-009
          94  5.740847824713440E-009
          95  3.001481470280608E-009
          96  3.658478571484514E-009
          97  1.591094106908405E-009
          98  1.448338724811483E-009
          99  1.583377032262054E-009
         100  1.384549010897893E-009
         101  1.024765339562447E-009
         102  1.826930771463768E-009
         103  1.744681260570879E-009
         104  1.710395579905848E-009
         105  1.826240624843639E-009
         106  2.357013211769124E-009
         107  1.826985094913326E-009
         108  6.233622638314764E-009
         109  2.749218562363642E-009
         110  7.305061913090561E-009
         111  5.198643833443743E-009
         112  6.763979751705717E-009
         113  3.394379492582111E-009
         114  2.644656512269890E-009
         115  1.360033962248571E-009
         116  1.395391736186821E-009
         117  1.256119086734434E-009
         118  1.348954626648022E-009
         119  4.970093912871312E-010
         120  7.084237377345263E-010
         121  5.814148718506973E-010
         122  7.322467830422706E-010
         123  7.019493855833886E-010
         124  1.960176347921028E-008
         125  9.569816586520995E-008
         126  7.643242080673084E-007
         127  3.829641988719966E-006
         128  3.063416847972199E-005
         129  1.458878801354969E-004
         130  3.370518146555567E-004
         131  1.105628889979079E-003
         132  1.053607296311314E-003
         133  3.378204509116412E-005
         134  8.470839690422886E-005
         135  9.036681808294809E-005
         136  2.292471939958075E-004
         137  1.220743120943753E-004
         138  8.462286129407605E-005
         139  1.497493149037538E-005
         140  3.347070034390954E-005
         141  2.451597858496983E-005
         142  9.328021327492342E-006
         143  1.518092213202437E-006
         144  5.750784984352607E-006
         145  2.359056078299577E-006
         146  7.954828365689514E-006
         147  6.574518197018762E-006
         148  5.496778144659878E-006
         149  3.707645610731302E-006
         150  1.428721473627074E-005
         151  1.142973693776068E-005
         152  2.849501906816309E-005
         153  1.204225568001759E-005
         154  6.958757901452168E-005
         155  4.183228457265581E-005
         156  6.035362081814269E-005
         157  2.730846153717336E-005
         158  5.209965933558580E-005
         159  2.360673055833921E-005
         160  3.565637195245127E-005
         161  1.748838325456023E-005
         162  4.419956676382849E-005
         163  2.790820848485336E-005
         164  7.470420444481986E-005
         165  4.083624976370379E-005
         166  8.936976690178651E-005
         167  4.745467065398236E-005
         168  1.347303350132328E-004
         169  4.247953068279763E-005
         170  3.271385722327980E-005
         171  1.632509566543690E-005
         172  3.488818741342982E-005
         173  3.516161739164497E-005
         174  6.042806362735725E-005
         175  2.276863899134811E-005
         176  2.748281783484000E-005
         177  1.331107564831230E-005
         178  1.489357795403402E-005
         179  7.043372106013686E-006
         180  1.406029260083787E-005
         181  6.532333831804462E-006
         182  1.379736348607135E-005
         183  7.204623095905455E-006
         184  1.331025208295442E-005
         185  4.292727789377055E-006
         186  1.649245868596357E-005
         187  4.893312440889317E-006
         188  1.673111540684780E-005
         189  1.463683728929109E-005
         190  3.030975437092633E-005
         191  3.172961504300070E-005
         192  1.114794482119634E-004
         193  1.445106211640868E-004
         194  3.504912475287052E-004
         195  2.312878302421609E-004
         196  4.195522860836991E-004
         197  2.142364046997618E-004
         198  1.499841976236725E-004
         199  1.214108089497825E-005
         200  2.139259756077367E-006
         201  8.170701178298735E-008
         202  9.885885779286701E-008
         203  2.411337685919405E-008
         204  8.193808757170633E-008
         205  7.230832310349906E-008
         206  2.186870402026698E-006
         207  1.437552423778353E-006
         208  2.396139276377912E-006
         209  1.506029495652475E-006
         226  5.636960896112238E-014
         227  4.402967500781395E-015
         230  2.656416871019607E-012
         231  6.609744468600128E-012
         232  5.159791364893150E-007
         234  8.649065170260680E-012
         235  1.420342844097085E-007
         236  1.429753416507382E-009
         238  1.574008569582381E-007
         240  2.775427690842735E-013
         244  3.387973052661787E-009
