           1  7.454771157945153E-005
           2  6.470609901488105E-012
           3  1.574717819390911E-008
           4  8.273961991560459E-005
           6  5.674563962362780E-015
           7  3.114017005274736E-012
           8  2.708281752318958E-013
           9  1.912633244112939E-009
          10  2.713051082138141E-014
          14  1.825829426073428E-015
          15  1.985701479911393E-012
          16  1.214777849717118E-009
          17  9.071475040638475E-011
          18  4.390023151797248E-010
          19  1.871640654195791E-010
          20  4.589855726757203E-009
          21  7.501236851889490E-010
          22  1.588151849491404E-009
          23  4.828608081541197E-009
          24  1.120042147704781E-008
          25  1.367607597368583E-008
          26  1.168650305716059E-008
          27  2.508746934495065E-009
          28  1.582689950488015E-009
          29  8.450885723311910E-010
          30  2.739647177159358E-009
          31  4.771769612288065E-010
          32  5.865408916283357E-010
          33  8.236329359211394E-010
          34  4.339285935323078E-009
          35  2.907258676715527E-010
          36  1.159422074257083E-009
          37  7.651652831956108E-010
          38  1.025538174843826E-009
          39  3.043733412192429E-010
          40  6.286631713010476E-010
          41  8.859993865185879E-010
          42  6.272371287466961E-009
          43  5.391195404578930E-010
          44  9.962606538938128E-010
          45  4.400772521891296E-009
          46  7.279027514970736E-009
          47  7.908787994903328E-009
          48  5.886771172286482E-009
          49  5.208741281972321E-010
          50  3.134403691441250E-009
          51  1.570707968798165E-009
          52  6.344747461828126E-009
          53  2.224415915578482E-010
          54  5.527057738404528E-010
          55  3.674516755592896E-010
          56  4.314712164411962E-010
          57  1.156875196850838E-010
          58  2.291334253275225E-010
          59  1.590822021796109E-010
          60  1.795685103494884E-010
          61  1.805082546223323E-010
          62  8.631120971352520E-010
          63  3.587700469694803E-010
          64  3.753311667150207E-010
          65  3.189289075636805E-010
          66  4.525290531592390E-010
          67  5.825584271831647E-010
          68  8.603366414356746E-010
          69  1.632534455591446E-010
          70  4.935973910155977E-010
          71  1.706059402851665E-010
          72  2.149291198323538E-010
          73  2.244359714313858E-010
          74  4.546854843621560E-010
          75  1.067603322578490E-009
          76  2.838655529477759E-009
          77  5.532194441655454E-009
          78  9.991218124020284E-009
          79  7.821004956083624E-009
          80  3.191822265270578E-008
          81  1.166708924400272E-008
          82  1.039458948675362E-008
          83  4.547826470775883E-009
          84  5.035592343868459E-009
          85  3.444447053545805E-009
          86  3.725901242936909E-009
          87  2.426193067339516E-009
          88  5.901527515936836E-009
          89  2.665901223171209E-009
          90  5.035370668670911E-009
          91  3.419155256335116E-009
          92  2.835330926800893E-009
          93  2.345037093357645E-009
          94  5.512156772471143E-009
          95  2.809039897581475E-009
          96  3.316178340328253E-009
          97  1.456396634487184E-009
          98  1.364978375978100E-009
          99  1.498126140853644E-009
         100  1.311326908674191E-009
         101  9.852454922663223E-010
         102  1.718334405541801E-009
         103  1.656759257483910E-009
         104  1.609609639368085E-009
         105  1.698425649112079E-009
         106  2.169224582850924E-009
         107  1.661592857632351E-009
         108  5.490529296822152E-009
         109  2.472965074137413E-009
         110  6.732291419927184E-009
         111  4.713358917585507E-009
         112  6.187618536842238E-009
         113  3.127653098550226E-009
         114  2.485441961561540E-009
         115  1.304449619340770E-009
         116  1.345427211783113E-009
         117  1.204801217415365E-009
         118  1.288235171872627E-009
         119  4.752066569674714E-010
         120  6.724347111222931E-010
         121  5.437475768833479E-010
         122  7.118585520751390E-010
         123  6.408643356058486E-010
         124  1.800999955318231E-008
         125  7.672350447694733E-008
         126  6.332749632884472E-007
         127  3.280361745403838E-006
         128  2.716579526261009E-005
         129  1.323986795081728E-004
         130  3.182481486365821E-004
         131  1.082145000268114E-003
         132  1.021823452304862E-003
         133  3.418318166264718E-005
         134  8.632979549971281E-005
         135  8.062329085833919E-005
         136  2.161621119671591E-004
         137  1.191519094308292E-004
         138  9.299093798545198E-005
         139  1.453633518553057E-005
         140  3.373748524936764E-005
         141  2.583759895183792E-005
         142  1.004050561553824E-005
         143  2.050246489854479E-006
         144  1.173068416601875E-005
         145  7.862901972655101E-006
         146  3.284337563297370E-005
         147  2.472762860035553E-005
         148  2.902854716080862E-005
         149  1.621694166076197E-005
         150  2.153076440742578E-005
         151  7.415442135764375E-006
         152  9.564073505163028E-006
         153  5.357605174124638E-006
         154  4.833845595803121E-005
         155  3.028491146155372E-005
         156  6.432578076387757E-005
         157  2.945706714730249E-005
         158  6.583475882406604E-005
         159  2.971348220980096E-005
         160  6.414082229137875E-005
         161  3.131125255148873E-005
         162  8.046991443596154E-005
         163  1.626128381815987E-004
         164  1.834995060875170E-004
         165  5.729955574000261E-005
         166  5.432422005098883E-005
         167  1.484361356708966E-005
         168  1.935328116116667E-005
         169  1.157517161091043E-005
         170  2.883781415872396E-005
         171  2.396276861313672E-005
         172  3.272257342925302E-005
         173  1.949047744870210E-005
         174  3.627387199313107E-005
         175  1.851550582751065E-005
         176  2.696945937955239E-005
         177  1.400236832621383E-005
         178  2.155166086538018E-005
         179  6.225942924190687E-006
         180  8.548248494851803E-006
         181  4.444381557134498E-006
         182  1.064481217887423E-005
         183  5.778331933780465E-006
         184  1.062949900615357E-005
         185  3.380601923773276E-006
         186  1.322274219144412E-005
         187  3.921246350040943E-006
         188  1.309061037644435E-005
         189  1.154658891271272E-005
         190  2.424381071227046E-005
         191  2.789704610968239E-005
         192  9.946819386005276E-005
         193  1.318473138046443E-004
         194  3.265418529465689E-004
         195  2.267209618976475E-004
         196  4.343072288587434E-004
         197  2.279155223221676E-004
         198  1.645066148533804E-004
         199  1.323735564209584E-005
         200  2.407994679002126E-006
         201  8.977384743854704E-008
         202  1.158118785248278E-007
         203  3.041307738179713E-008
         204  8.491293425442159E-008
         205  7.055483789600195E-008
         206  2.345037212525373E-006
         207  1.557569917830258E-006
         208  2.597534294576703E-006
         209  1.650680684114569E-006
         226  6.484728070934842E-014
         227  4.929355927096093E-015
         230  3.055927009088614E-012
         231  7.399959928639574E-012
         232  5.689095785899167E-007
         234  9.949835865566650E-012
         235  1.590149238170837E-007
         236  1.623182061730953E-009
         238  1.810730594583788E-007
         240  3.150361335112335E-013
         244  3.845655696498197E-009
