           1  7.463618808143428E-005
           2  6.470609901488105E-012
           3  1.574717819390911E-008
           4  8.271092477661053E-005
           6  5.674563962362780E-015
           7  3.114017005274736E-012
           8  2.708281752318958E-013
           9  1.912633244112939E-009
          10  2.713051082138141E-014
          14  1.966942338940817E-015
          15  1.932364031873851E-012
          16  1.237109041128100E-009
          17  9.179516680793894E-011
          18  4.507781813152758E-010
          19  2.041743541580835E-010
          20  4.664672697857369E-009
          21  7.482465036463805E-010
          22  1.598995137245546E-009
          23  4.896188451248367E-009
          24  1.132268625022824E-008
          25  1.391594180187440E-008
          26  1.197402558343942E-008
          27  2.456415529191837E-009
          28  1.517766042530967E-009
          29  8.633484019244239E-010
          30  2.689419923610117E-009
          31  4.529023863306127E-010
          32  6.020599010183779E-010
          33  8.246571079947941E-010
          34  4.281094363978723E-009
          35  2.921634051716513E-010
          36  1.203766782903337E-009
          37  7.800379108360173E-010
          38  1.046021891486885E-009
          39  2.898593420865695E-010
          40  6.102543997966612E-010
          41  8.870876687761545E-010
          42  6.078596329154409E-009
          43  5.135778101466538E-010
          44  1.031321456068921E-009
          45  4.537190534119798E-009
          46  7.456902029620362E-009
          47  8.007026519141231E-009
          48  5.874736630428896E-009
          49  5.236452639669634E-010
          50  3.130887941966789E-009
          51  1.555483655737098E-009
          52  6.162823411410613E-009
          53  2.199640346780539E-010
          54  5.493732834014873E-010
          55  3.425569259376700E-010
          56  4.087362266893003E-010
          57  1.070456407475324E-010
          58  2.247705743304953E-010
          59  1.536683614439151E-010
          60  1.763568125216210E-010
          61  1.822482277669042E-010
          62  8.501129864565667E-010
          63  3.484727201536015E-010
          64  3.739421068316501E-010
          65  3.176342736257609E-010
          66  4.446834241195837E-010
          67  5.782859795735165E-010
          68  8.208756276344681E-010
          69  1.546119274471843E-010
          70  4.708166444106374E-010
          71  1.631656910606476E-010
          72  2.077545621269776E-010
          73  2.302416616159727E-010
          74  4.576543646713118E-010
          75  1.081032922706179E-009
          76  2.830271735115773E-009
          77  5.587152582908247E-009
          78  1.018463651069511E-008
          79  8.033836281483392E-009
          80  3.200254417470852E-008
          81  1.234590234808627E-008
          82  1.054914935326560E-008
          83  4.517086683178222E-009
          84  5.162686082687345E-009
          85  3.501593213587022E-009
          86  3.793244667466450E-009
          87  2.521018970305777E-009
          88  5.972550762120576E-009
          89  2.640222084489988E-009
          90  5.075339926298661E-009
          91  3.553574039833521E-009
          92  2.955303712545134E-009
          93  2.406050645648864E-009
          94  5.407986844426104E-009
          95  2.807167382280470E-009
          96  3.487222627323116E-009
          97  1.513685888705299E-009
          98  1.385829315416688E-009
          99  1.525559522144383E-009
         100  1.324262207764654E-009
         101  9.814388232842468E-010
         102  1.742975099661345E-009
         103  1.662132180589310E-009
         104  1.629089212904887E-009
         105  1.754815035310792E-009
         106  2.241509254785970E-009
         107  1.729341691345919E-009
         108  5.865362493270679E-009
         109  2.603588208560316E-009
         110  6.955182022152785E-009
         111  4.933743863295878E-009
         112  6.421828953899472E-009
         113  3.209451487325508E-009
         114  2.496003727409324E-009
         115  1.298577045438895E-009
         116  1.335463582865920E-009
         117  1.219020924836122E-009
         118  1.315285324269440E-009
         119  4.811830945429521E-010
         120  6.883765673206726E-010
         121  5.629988896083147E-010
         122  7.346425578314997E-010
         123  6.802910261866807E-010
         124  2.021269521078811E-008
         125  8.995119021214778E-008
         126  7.254538913700302E-007
         127  3.703557908648628E-006
         128  3.000801646065994E-005
         129  1.431188490034367E-004
         130  3.323190504971486E-004
         131  1.094630075272815E-003
         132  1.018616366045463E-003
         133  3.280589101932838E-005
         134  8.163063166707343E-005
         135  8.185231309122500E-005
         136  2.113316810343898E-004
         137  1.141126657741123E-004
         138  8.565711540793852E-005
         139  1.468695295278926E-005
         140  3.303574484370895E-005
         141  2.398309855070139E-005
         142  9.023928138907679E-006
         143  1.532513636882029E-006
         144  6.024674175338297E-006
         145  3.045319074430636E-006
         146  1.644112471419911E-005
         147  2.499123482568690E-005
         148  3.871840512381264E-005
         149  2.183458825277971E-005
         150  2.210671629221822E-005
         151  9.859711493601359E-006
         152  2.127306391974539E-005
         153  1.176908513029788E-005
         154  4.962194736039967E-005
         155  2.648517296932278E-005
         156  4.751191436382510E-005
         157  2.692634398094279E-005
         158  8.138646916380848E-005
         159  4.664124542083645E-005
         160  6.520841721491987E-005
         161  3.166775634159390E-005
         162  8.076249558023415E-005
         163  3.405278180797644E-005
         164  6.676412908763626E-005
         165  3.563945258590300E-005
         166  1.252421461314857E-004
         167  3.454226165853982E-005
         168  9.384454889909728E-005
         169  6.014639471716010E-005
         170  3.092618472742689E-005
         171  1.039391130533430E-005
         172  3.571109660861791E-005
         173  2.164461903380766E-005
         174  4.068840309759517E-005
         175  2.345093408465996E-005
         176  2.706406574477833E-005
         177  1.505464511671876E-005
         178  3.850048897238964E-005
         179  1.098359371362996E-005
         180  1.304955887507929E-005
         181  6.070323165999116E-006
         182  1.330642931726926E-005
         183  6.971519897581013E-006
         184  1.276790256108022E-005
         185  4.077440856062685E-006
         186  1.572798139772135E-005
         187  4.694248695531470E-006
         188  1.604330171006230E-005
         189  1.400399903483820E-005
         190  2.877294831069493E-005
         191  3.082782914875095E-005
         192  1.084085451456011E-004
         193  1.405697772581400E-004
         194  3.398861675174656E-004
         195  2.246597376036984E-004
         196  4.094506342063947E-004
         197  2.090975305787507E-004
         198  1.460136904168824E-004
         199  1.169158326490446E-005
         200  2.136387164967407E-006
         201  8.579728072760897E-008
         202  1.085438551584086E-007
         203  2.715461228266487E-008
         204  8.694554323260235E-008
         205  7.533743514354021E-008
         206  2.340719248681902E-006
         207  1.537193538091993E-006
         208  2.554322823654766E-006
         209  1.622730557739656E-006
         226  6.588074560318538E-014
         227  5.062341076420764E-015
         230  3.104629024770298E-012
         231  7.599597526463931E-012
         232  5.828963872963183E-007
         234  1.010840544557096E-011
         235  1.633048602106855E-007
         236  1.722239822170826E-009
         238  1.839588034421342E-007
         240  3.347467584046916E-013
         244  4.086263896129887E-009
