           1  7.475186686607454E-005
           2  6.470609901488105E-012
           3  1.574717819390911E-008
           4  8.037343907558618E-005
           6  5.674563962362780E-015
           7  3.114017005274736E-012
           8  2.708281752318958E-013
           9  1.912633244112939E-009
          10  2.713051082138141E-014
          14  1.763829965017373E-015
          15  1.850003644104510E-012
          16  1.195487942876312E-009
          17  8.955627527179852E-011
          18  4.503760593256633E-010
          19  2.039057471151674E-010
          20  4.548057290259142E-009
          21  7.410258369751312E-010
          22  1.548880501779218E-009
          23  4.815647682556885E-009
          24  1.116256283854282E-008
          25  1.365402264413312E-008
          26  1.186889830937666E-008
          27  2.518950793250734E-009
          28  1.553452116673949E-009
          29  8.468719370101122E-010
          30  2.659761736401092E-009
          31  4.592536003963769E-010
          32  6.282388805586249E-010
          33  8.032480141445735E-010
          34  4.383692348673500E-009
          35  2.888951206174162E-010
          36  1.152525446623143E-009
          37  7.759019554017156E-010
          38  1.041593241995491E-009
          39  2.912225751792927E-010
          40  6.174363903079186E-010
          41  8.906608529152800E-010
          42  6.030598551149097E-009
          43  5.080692124740462E-010
          44  9.876564726113160E-010
          45  4.408614455715040E-009
          46  7.380064443666483E-009
          47  8.073121573228268E-009
          48  5.984992264095517E-009
          49  5.113025278071879E-010
          50  3.099828358617965E-009
          51  1.554349304044337E-009
          52  6.326496159634341E-009
          53  2.229825218666659E-010
          54  5.568205238549821E-010
          55  3.522054838458980E-010
          56  3.983204895459188E-010
          57  1.040916821026343E-010
          58  2.106599305418503E-010
          59  1.462415227441941E-010
          60  1.706298051663887E-010
          61  1.772779572936740E-010
          62  8.393021936801577E-010
          63  3.452578382627922E-010
          64  3.668278763719696E-010
          65  3.141179069352559E-010
          66  4.435618338917433E-010
          67  5.878019338216145E-010
          68  8.546142556652972E-010
          69  1.608382390681834E-010
          70  4.829323363872423E-010
          71  1.666160756057993E-010
          72  2.074056825571229E-010
          73  2.205223691010354E-010
          74  4.465275302324872E-010
          75  1.056228587998564E-009
          76  2.824089741183627E-009
          77  5.562062667511002E-009
          78  1.016821481208447E-008
          79  7.872916428059927E-009
          80  3.142118757220606E-008
          81  1.196899546826613E-008
          82  1.035290846879494E-008
          83  4.434209659361301E-009
          84  5.047738805399744E-009
          85  3.398551883259082E-009
          86  3.661588755549215E-009
          87  2.415757502990833E-009
          88  5.827468376036785E-009
          89  2.680663978652237E-009
          90  5.132411509606008E-009
          91  3.371525753509533E-009
          92  2.799789511757443E-009
          93  2.331807921255203E-009
          94  5.407924186749658E-009
          95  2.749651274936508E-009
          96  3.360362198325737E-009
          97  1.455768179057803E-009
          98  1.347478344491359E-009
          99  1.498743923116857E-009
         100  1.307676951339058E-009
         101  9.840767434537214E-010
         102  1.703111981434222E-009
         103  1.605346000563299E-009
         104  1.551128615045693E-009
         105  1.649173438431978E-009
         106  2.100610337756051E-009
         107  1.630361963423499E-009
         108  5.494426949644720E-009
         109  2.462213433720185E-009
         110  6.763227170032000E-009
         111  4.797945192983021E-009
         112  6.287787092559440E-009
         113  3.146170561790641E-009
         114  2.464915877554677E-009
         115  1.293254804266279E-009
         116  1.327434705748056E-009
         117  1.159821795925839E-009
         118  1.244789563158488E-009
         119  4.783323840626708E-010
         120  6.815148195353792E-010
         121  5.530216250934848E-010
         122  7.047472730679562E-010
         123  6.420237502393144E-010
         124  1.754888887329376E-008
         125  7.824620034548017E-008
         126  6.372103466528382E-007
         127  3.314338124396477E-006
         128  2.752194594936061E-005
         129  1.341623913163301E-004
         130  3.236501797537441E-004
         131  1.067791297406555E-003
         132  1.017357333275545E-003
         133  3.367034076534022E-005
         134  8.467405220968874E-005
         135  8.131233677305813E-005
         136  2.089494938936966E-004
         137  1.140957811347487E-004
         138  9.260132805396908E-005
         139  1.442515578764829E-005
         140  3.327566010381107E-005
         141  2.513926599191120E-005
         142  1.010648124848382E-005
         143  1.940660128824228E-006
         144  9.937163426828312E-006
         145  5.789079957957629E-006
         146  2.208890218019744E-005
         147  1.423873924524330E-005
         148  1.689810779431268E-005
         149  1.155747153919233E-005
         150  5.330070109033907E-005
         151  2.042034074817303E-005
         152  2.223918102836054E-005
         153  9.161014273651713E-006
         154  3.758740647412316E-005
         155  2.271313763721569E-005
         156  5.465824445706373E-005
         157  2.288411006022553E-005
         158  4.666535029973068E-005
         159  4.612061732215117E-005
         160  6.457884539596111E-005
         161  2.493201516488219E-005
         162  7.415753447995201E-005
         163  4.882500297126939E-005
         164  1.502407923876306E-004
         165  9.794956887636722E-005
         166  1.925031751199142E-004
         167  3.876078618122291E-005
         168  8.787597377695129E-005
         169  3.528596679951990E-005
         170  1.745380342139321E-005
         171  7.553342132876385E-006
         172  2.259449456337480E-005
         173  1.963923568558142E-005
         174  4.778848212602851E-005
         175  2.224028704659887E-005
         176  1.230356403384365E-005
         177  4.691743157424619E-006
         178  9.980917193573664E-006
         179  6.383024193275137E-006
         180  1.368084117364434E-005
         181  6.193562906007589E-006
         182  1.292569178141414E-005
         183  6.679253407639363E-006
         184  1.208559810246060E-005
         185  3.850284646074387E-006
         186  1.491492983089471E-005
         187  4.365161755361822E-006
         188  1.439929516660429E-005
         189  1.261557972906282E-005
         190  2.615944482278348E-005
         191  2.965952047044443E-005
         192  1.041680746438720E-004
         193  1.341184367039362E-004
         194  3.237950645945551E-004
         195  2.206575846367195E-004
         196  4.144270692006597E-004
         197  2.131823332329539E-004
         198  1.502964106304182E-004
         199  1.187193959382835E-005
         200  2.154757574943710E-006
         201  8.545811702012764E-008
         202  1.085712399719161E-007
         203  2.713179091876245E-008
         204  7.598829905610579E-008
         205  6.299612794965497E-008
         206  2.111514731021151E-006
         207  1.370870272830946E-006
         208  2.309323131226117E-006
         209  1.484094898600063E-006
         226  5.887945758664022E-014
         227  4.537511907659620E-015
         230  2.774693445141831E-012
         231  6.811722827283586E-012
         232  5.227381216184436E-007
         234  9.034163536732666E-012
         235  1.463745205229403E-007
         236  1.494484436274641E-009
         238  1.644091071798143E-007
         240  2.902100690683094E-013
         244  3.542603170165823E-009
