           1  7.450646907057976E-005
           2  6.470609901488105E-012
           3  1.574717819390911E-008
           4  8.338742517721611E-005
           6  5.674563962362780E-015
           7  3.114017005274736E-012
           8  2.708281752318958E-013
           9  1.912633244112939E-009
          10  2.713051082138141E-014
          14  1.905478963273761E-015
          15  1.989529300111921E-012
          16  1.211650384538139E-009
          17  9.049676036925330E-011
          18  4.351593933987775E-010
          19  1.824307726821911E-010
          20  4.579944926011532E-009
          21  7.492968970332778E-010
          22  1.568997426941465E-009
          23  4.828278958558771E-009
          24  1.119492374175458E-008
          25  1.363441336611904E-008
          26  1.195747137493444E-008
          27  2.532779725930114E-009
          28  1.558234219682284E-009
          29  8.111602634694939E-010
          30  2.675410581831634E-009
          31  4.509615611417276E-010
          32  5.776399794506132E-010
          33  8.292646624350891E-010
          34  4.306486716300354E-009
          35  2.841474371519426E-010
          36  1.149312811849095E-009
          37  8.329924036932609E-010
          38  1.140505947055112E-009
          39  3.213749855096265E-010
          40  6.129773423372000E-010
          41  8.528344816888941E-010
          42  6.173334335200473E-009
          43  5.093382334507297E-010
          44  9.804083590275837E-010
          45  4.374916183416308E-009
          46  7.302788268397242E-009
          47  7.928192725392326E-009
          48  5.867142153770467E-009
          49  5.504905121614707E-010
          50  3.167276121969997E-009
          51  1.544196628851580E-009
          52  6.341809201527330E-009
          53  2.271710985454646E-010
          54  5.851521155850875E-010
          55  3.901710846601385E-010
          56  4.333247306773037E-010
          57  1.104782817092896E-010
          58  2.287918419087427E-010
          59  1.562355664938270E-010
          60  1.737298174421072E-010
          61  1.831040034084347E-010
          62  8.655247934290306E-010
          63  3.513755228672868E-010
          64  3.739708687623310E-010
          65  3.178150905380464E-010
          66  4.345859833010583E-010
          67  5.826585505830807E-010
          68  8.566943521053401E-010
          69  1.641271600324707E-010
          70  5.020206729788001E-010
          71  1.716403112390699E-010
          72  2.074892700212046E-010
          73  2.184184580033551E-010
          74  4.431767534289900E-010
          75  1.063994643514156E-009
          76  2.847422459118085E-009
          77  5.594037182237544E-009
          78  9.930358354392469E-009
          79  7.771909242293011E-009
          80  3.201464727214890E-008
          81  1.178589445987554E-008
          82  1.050553042479986E-008
          83  4.565417023902161E-009
          84  4.867226628495418E-009
          85  3.372109439769575E-009
          86  3.649281507621316E-009
          87  2.403093785197932E-009
          88  6.039575562614918E-009
          89  2.723439884071055E-009
          90  5.137145304618137E-009
          91  3.362691373062336E-009
          92  2.740182523302141E-009
          93  2.335308548831396E-009
          94  5.783495212911999E-009
          95  2.895281195291209E-009
          96  3.446803138388967E-009
          97  1.469421341162933E-009
          98  1.330992728943308E-009
          99  1.481309143414917E-009
         100  1.289455134866801E-009
         101  9.851293812197179E-010
         102  1.769307064505576E-009
         103  1.663908780032063E-009
         104  1.601224390932734E-009
         105  1.691894009856558E-009
         106  2.138994963970079E-009
         107  1.671118792809567E-009
         108  5.574631155607594E-009
         109  2.476414924676639E-009
         110  6.783769529933722E-009
         111  4.834961819120629E-009
         112  6.321731928940083E-009
         113  3.132737237758713E-009
         114  2.437082515241847E-009
         115  1.280039981181157E-009
         116  1.337901505679971E-009
         117  1.261874712714705E-009
         118  1.366376556762182E-009
         119  4.809399462487327E-010
         120  6.863163893812684E-010
         121  5.593740852629518E-010
         122  7.238548134830510E-010
         123  6.521244539251823E-010
         124  1.885045798686682E-008
         125  8.161093411770265E-008
         126  6.549843547731759E-007
         127  3.383782865779422E-006
         128  2.773214923825600E-005
         129  1.338469179101949E-004
         130  3.188466571376707E-004
         131  1.076553599131496E-003
         132  1.025344056739888E-003
         133  3.418444150135452E-005
         134  8.742116584758026E-005
         135  8.630312091743330E-005
         136  2.210494467531657E-004
         137  1.196662332987331E-004
         138  8.877582749614694E-005
         139  1.454015308186822E-005
         140  3.429296028735041E-005
         141  2.628078397497000E-005
         142  1.010563765480577E-005
         143  1.621728869535265E-006
         144  5.543761445504096E-006
         145  2.140856816279786E-006
         146  8.493759916146763E-006
         147  1.045059180497203E-005
         148  2.556307009377054E-005
         149  1.839615007281263E-005
         150  4.863779226505637E-005
         151  2.798238508073231E-005
         152  4.645409227029190E-005
         153  1.738856139866206E-005
         154  3.199846488674207E-005
         155  1.561582077179567E-005
         156  6.250135928116252E-005
         157  3.336766304268297E-005
         158  5.296267904669234E-005
         159  2.263948640785653E-005
         160  4.534746620591149E-005
         161  2.485879081300186E-005
         162  1.513859877964319E-004
         163  5.235778575481892E-005
         164  5.654288529008370E-005
         165  4.080203186473292E-005
         166  6.615742599682624E-005
         167  3.158365617525806E-005
         168  1.435597232123160E-004
         169  4.548968892868677E-005
         170  5.059476685940983E-005
         171  3.678179013761932E-005
         172  4.465301063487844E-005
         173  1.950518339979702E-005
         174  3.982654569818381E-005
         175  2.635478803236172E-005
         176  2.209907679762988E-005
         177  6.870428164274143E-006
         178  9.254909476187630E-006
         179  5.668564591238404E-006
         180  1.256020705004963E-005
         181  5.823596908656266E-006
         182  1.236605096798825E-005
         183  6.376770246976058E-006
         184  1.135967966325773E-005
         185  3.609202938692942E-006
         186  1.382955856868611E-005
         187  4.044895378990709E-006
         188  1.354363940432603E-005
         189  1.208250203886340E-005
         190  2.523312482772637E-005
         191  2.905182413565982E-005
         192  1.033372094919554E-004
         193  1.329353214347856E-004
         194  3.211336411617383E-004
         195  2.232975782226370E-004
         196  4.277718258473012E-004
         197  2.191497040588953E-004
         198  1.552616989296429E-004
         199  1.238803900404010E-005
         200  2.205762188497186E-006
         201  8.266008633215961E-008
         202  1.068278140396862E-007
         203  2.813530449530227E-008
         204  7.724334127419919E-008
         205  6.449020113623673E-008
         206  2.367677533744649E-006
         207  1.552631591262034E-006
         208  2.609787021358423E-006
         209  1.672706035969933E-006
         226  6.744964728771703E-014
         227  5.215596819138705E-015
         230  3.178563490177631E-012
         231  7.829665383546988E-012
         232  5.946114470286985E-007
         234  1.034912971464661E-011
         235  1.682487008692318E-007
         236  1.696831497886105E-009
         238  1.883396475561820E-007
         240  3.294890070103655E-013
         244  4.022082364395715E-009
