           1  7.426408884140849E-005
           2  6.470609901488105E-012
           3  1.574717819390911E-008
           4  8.250988108832989E-005
           6  5.674563962362780E-015
           7  3.114017005274736E-012
           8  2.708281752318958E-013
           9  1.912633244112939E-009
          10  2.713051082138141E-014
          14  2.031676973905292E-015
          15  2.125823340247004E-012
          16  1.212497387795146E-009
          17  9.062444303537002E-011
          18  4.581694738474523E-010
          19  2.121457790111873E-010
          20  4.581934754253284E-009
          21  7.411309224079219E-010
          22  1.586671097140169E-009
          23  4.829584938666562E-009
          24  1.119349972712969E-008
          25  1.377430057190815E-008
          26  1.202127888173509E-008
          27  2.558642458340591E-009
          28  1.575222850534152E-009
          29  8.904632918439256E-010
          30  2.776352580572398E-009
          31  4.895548369460697E-010
          32  6.254442885444916E-010
          33  7.826925793395478E-010
          34  4.280150684059741E-009
          35  3.041303349674643E-010
          36  1.245202908177805E-009
          37  7.875586823826481E-010
          38  1.041238361356699E-009
          39  2.995611951652283E-010
          40  6.295774110085916E-010
          41  8.931266879641601E-010
          42  5.989408276952814E-009
          43  5.247939057750402E-010
          44  1.007766790730056E-009
          45  4.444046328196225E-009
          46  7.409905633951394E-009
          47  8.068310165245306E-009
          48  5.992528026286410E-009
          49  5.191966266661167E-010
          50  3.136519609887929E-009
          51  1.580682799772661E-009
          52  6.366465805105155E-009
          53  2.196297091533537E-010
          54  5.259582252285043E-010
          55  3.304418479494476E-010
          56  4.091572625590573E-010
          57  1.114662993932202E-010
          58  2.199688735771198E-010
          59  1.545250542949872E-010
          60  1.799749007830361E-010
          61  1.783277133102669E-010
          62  8.439570255140661E-010
          63  3.508477844828993E-010
          64  3.680624372162305E-010
          65  3.152179030955354E-010
          66  4.569379359457072E-010
          67  5.786457410779823E-010
          68  8.308275983995734E-010
          69  1.544268664070902E-010
          70  4.583904707502446E-010
          71  1.608486741651224E-010
          72  2.098439344945202E-010
          73  2.276907265733685E-010
          74  4.529450271085459E-010
          75  1.031632512739662E-009
          76  2.761856467081761E-009
          77  5.539073777487770E-009
          78  1.017544121363270E-008
          79  7.913360879193137E-009
          80  3.138523994844183E-008
          81  1.242885505250892E-008
          82  1.094202039401825E-008
          83  4.727212168869342E-009
          84  5.220277317115312E-009
          85  3.502228264424718E-009
          86  3.791976466193128E-009
          87  2.500901526808695E-009
          88  5.938682799982941E-009
          89  2.645279975815810E-009
          90  4.980625051647436E-009
          91  3.484514115870429E-009
          92  2.999360711607713E-009
          93  2.446355069936346E-009
          94  5.410402580843932E-009
          95  2.823804789545359E-009
          96  3.519500222227449E-009
          97  1.555814536081200E-009
          98  1.455640645576287E-009
          99  1.610440861177812E-009
         100  1.418871678891047E-009
         101  1.031209452970772E-009
         102  1.748881857732224E-009
         103  1.658284433161795E-009
         104  1.613958120823625E-009
         105  1.720902394073782E-009
         106  2.202522020380314E-009
         107  1.674456586167376E-009
         108  5.634492473732693E-009
         109  2.526700290832357E-009
         110  6.911752713248561E-009
         111  4.888004776498574E-009
         112  6.475471826602720E-009
         113  3.290133845588951E-009
         114  2.617560869636140E-009
         115  1.375306307138371E-009
         116  1.435022094690564E-009
         117  1.309309957825007E-009
         118  1.401515637921845E-009
         119  5.064681261837219E-010
         120  7.150908389407574E-010
         121  5.849030988263556E-010
         122  7.566636866849572E-010
         123  6.793904191366016E-010
         124  1.773145485979587E-008
         125  7.686448309015578E-008
         126  6.353791958427568E-007
         127  3.259994776608154E-006
         128  2.696783355964700E-005
         129  1.332554920913035E-004
         130  3.248057237311085E-004
         131  1.096285267568397E-003
         132  1.044754611090391E-003
         133  3.464434785139296E-005
         134  8.686556136708554E-005
         135  8.302847109224665E-005
         136  2.230900168932552E-004
         137  1.216251369792735E-004
         138  8.868806355568219E-005
         139  1.479653776346105E-005
         140  3.418827966831220E-005
         141  2.569479221635346E-005
         142  9.701593954973001E-006
         143  1.710088792377222E-006
         144  7.773502088383639E-006
         145  3.875193745981831E-006
         146  1.435190835028616E-005
         147  1.067235854393500E-005
         148  1.009889215344291E-005
         149  8.559173267173831E-006
         150  5.390434039135711E-005
         151  2.095545663723503E-005
         152  3.579520477785268E-005
         153  1.992221438429857E-005
         154  3.493462914171304E-005
         155  1.195701565066127E-005
         156  3.422351651712950E-005
         157  2.613337211471505E-005
         158  4.696901863411266E-005
         159  3.012240291198227E-005
         160  5.319473193835951E-005
         161  2.742948117834900E-005
         162  5.342980716594318E-005
         163  4.197080532152798E-005
         164  1.502728220284733E-004
         165  6.306086050904287E-005
         166  1.414075532372232E-004
         167  3.639532550727364E-005
         168  7.460430878122047E-005
         169  2.455735991830303E-005
         170  2.593694315679832E-005
         171  1.888391506343939E-005
         172  6.383328545002963E-005
         173  2.701163531302963E-005
         174  4.333122657772544E-005
         175  2.540883232512073E-005
         176  1.760275062759510E-005
         177  6.694361722880849E-006
         178  1.035795053012492E-005
         179  5.755408546866938E-006
         180  1.233927952000277E-005
         181  5.679605060687901E-006
         182  1.193006940618151E-005
         183  6.152468098031918E-006
         184  1.107736828155031E-005
         185  3.510063775214894E-006
         186  1.345538775820655E-005
         187  3.974572346283306E-006
         188  1.312990187973103E-005
         189  1.131747596470897E-005
         190  2.369629791103995E-005
         191  2.682976560693469E-005
         192  9.691375663468444E-005
         193  1.300811028754817E-004
         194  3.276172372846412E-004
         195  2.272826686560193E-004
         196  4.334243312969249E-004
         197  2.299075066618594E-004
         198  1.681308525399015E-004
         199  1.364801843758051E-005
         200  2.449272219799738E-006
         201  8.973404008184668E-008
         202  1.101248417396164E-007
         203  2.765611621641567E-008
         204  8.578095044112311E-008
         205  7.381964363143201E-008
         206  2.337488077991229E-006
         207  1.534918188539970E-006
         208  2.550903189602767E-006
         209  1.634261417216777E-006
         226  6.452648513284435E-014
         227  4.958272398263739E-015
         230  3.040809522959491E-012
         231  7.443369398574988E-012
         232  5.811313019265488E-007
         234  9.900614629183256E-012
         235  1.599477334027146E-007
         236  1.595360087932679E-009
         238  1.801773019823074E-007
         240  3.093750292980501E-013
         244  3.776550424594133E-009
