           1  7.413154885555811E-005
           2  6.470609901488105E-012
           3  1.574717819390911E-008
           4  8.204445502503623E-005
           6  5.674563962362780E-015
           7  3.114017005274736E-012
           8  2.708281752318958E-013
           9  1.912633244112939E-009
          10  2.713051082138141E-014
          14  2.160653947954002E-015
          15  2.235874233394699E-012
          16  1.266382074483327E-009
          17  9.359075876159838E-011
          18  4.425625867073062E-010
          19  1.899596492454385E-010
          20  4.696028886760629E-009
          21  7.695010333743484E-010
          22  1.598599866410783E-009
          23  4.924684892824238E-009
          24  1.139020594288067E-008
          25  1.381982334736061E-008
          26  1.185570198259424E-008
          27  2.516876842660183E-009
          28  1.599001680493080E-009
          29  8.497427400884188E-010
          30  2.758250989230055E-009
          31  4.692748672346356E-010
          32  6.122382016791712E-010
          33  8.495760394975637E-010
          34  4.341708489954564E-009
          35  2.868520771981503E-010
          36  1.151548457546057E-009
          37  7.757176894673713E-010
          38  1.051405926270616E-009
          39  3.119651778105461E-010
          40  6.344559731831202E-010
          41  8.978794452313391E-010
          42  6.323422513208492E-009
          43  5.283844040384493E-010
          44  9.945780854383966E-010
          45  4.425834108116813E-009
          46  7.325520425488331E-009
          47  7.945414690540140E-009
          48  5.887712606531534E-009
          49  5.165654403763802E-010
          50  3.139547941344900E-009
          51  1.570030008712435E-009
          52  6.360222228175129E-009
          53  2.168295031669719E-010
          54  5.361138727745583E-010
          55  3.684005575550036E-010
          56  4.334379647319007E-010
          57  1.127271918591764E-010
          58  2.246994737503681E-010
          59  1.534478018905080E-010
          60  1.741734826378587E-010
          61  1.853662532923903E-010
          62  8.837365359603553E-010
          63  3.582299811641255E-010
          64  3.739866563343323E-010
          65  3.142924975729870E-010
          66  4.357274699638759E-010
          67  5.844308478107688E-010
          68  8.608305304326638E-010
          69  1.627047268247743E-010
          70  4.957421895126530E-010
          71  1.689066238488924E-010
          72  2.044523224855107E-010
          73  2.148591538538203E-010
          74  4.422700978761190E-010
          75  1.068259590034898E-009
          76  2.830977847300541E-009
          77  5.493550119775162E-009
          78  1.004402576298029E-008
          79  7.955592803789615E-009
          80  3.267340324640059E-008
          81  1.185180769123118E-008
          82  1.068178455235264E-008
          83  4.726010084998359E-009
          84  5.213734873743544E-009
          85  3.546933496135759E-009
          86  3.833468039677849E-009
          87  2.495963998905933E-009
          88  6.124045948583863E-009
          89  2.769987105298525E-009
          90  5.326812152188803E-009
          91  3.561996958835224E-009
          92  2.917365956569804E-009
          93  2.452526609743117E-009
          94  5.905343490411356E-009
          95  2.996203269074160E-009
          96  3.487456344198368E-009
          97  1.503332845264917E-009
          98  1.369441255401628E-009
          99  1.509740716475910E-009
         100  1.324040205711402E-009
         101  1.002871045833438E-009
         102  1.805114048497795E-009
         103  1.725603919265735E-009
         104  1.690397242979081E-009
         105  1.791508016780407E-009
         106  2.283209891444918E-009
         107  1.769107336540150E-009
         108  5.904908495522131E-009
         109  2.612766189044468E-009
         110  7.051846015957059E-009
         111  5.012746379470965E-009
         112  6.564362644931102E-009
         113  3.284089177941318E-009
         114  2.578784390129245E-009
         115  1.337852342265134E-009
         116  1.389016607285313E-009
         117  1.278703253935244E-009
         118  1.374938374672643E-009
         119  4.898000450631225E-010
         120  6.931789948783594E-010
         121  5.635009902725447E-010
         122  7.157268861608906E-010
         123  6.690053266806912E-010
         124  1.876843341462675E-008
         125  8.731205259099234E-008
         126  7.002296200231054E-007
         127  3.555180080427181E-006
         128  2.885960833082644E-005
         129  1.391150963398905E-004
         130  3.296929275540940E-004
         131  1.102516526467090E-003
         132  1.045748906544466E-003
         133  3.421648468488725E-005
         134  8.606813058635427E-005
         135  8.569865633138115E-005
         136  2.267974869398740E-004
         137  1.232234361503633E-004
         138  8.900065426388574E-005
         139  1.443311584331382E-005
         140  3.283245793581916E-005
         141  2.496169370439791E-005
         142  9.583667570069935E-006
         143  1.780275463022036E-006
         144  8.835669495489311E-006
         145  5.458131993515730E-006
         146  2.313402579547105E-005
         147  2.087441452486835E-005
         148  3.730950700641452E-005
         149  2.473555430019514E-005
         150  4.000663461634931E-005
         151  1.598883626184724E-005
         152  2.011623846626443E-005
         153  7.223602562387870E-006
         154  2.338942415899379E-005
         155  1.438087196441659E-005
         156  2.459938128898044E-005
         157  1.950418588499295E-005
         158  6.151395546447318E-005
         159  3.029733746167771E-005
         160  5.426220892972491E-005
         161  2.801069723925011E-005
         162  1.032237859269620E-004
         163  4.802552849764922E-005
         164  1.138684226048370E-004
         165  5.859061656161407E-005
         166  6.307427250054695E-005
         167  2.366446129284088E-005
         168  7.904278140298915E-005
         169  2.761148115534242E-005
         170  4.600702580538883E-005
         171  2.685234856719013E-005
         172  4.522320271060162E-005
         173  1.860464282447157E-005
         174  1.979769591186428E-005
         175  9.412355953184199E-006
         176  2.513718424260188E-005
         177  1.105519056245438E-005
         178  9.919570139531822E-006
         179  4.805735043238711E-006
         180  1.035105880023594E-005
         181  5.242836089166950E-006
         182  1.211772203476877E-005
         183  6.544236345230776E-006
         184  1.221503674807889E-005
         185  3.951210524139317E-006
         186  1.536116924481924E-005
         187  4.514288021726447E-006
         188  1.512771023084787E-005
         189  1.336426658200410E-005
         190  2.800519772481522E-005
         191  3.110267210117470E-005
         192  1.096248486177228E-004
         193  1.412268409220429E-004
         194  3.429483830062764E-004
         195  2.347665106942163E-004
         196  4.431435139942624E-004
         197  2.282384375913722E-004
         198  1.624223943691438E-004
         199  1.305559858332155E-005
         200  2.320272541585304E-006
         201  8.647032813111541E-008
         202  1.073801062624100E-007
         203  2.735666646775749E-008
         204  8.744440215839163E-008
         205  7.592672697927658E-008
         206  2.321024302089199E-006
         207  1.546992157233282E-006
         208  2.576468714895287E-006
         209  1.608236317059689E-006
         226  5.914715837875485E-014
         227  4.613771096600898E-015
         230  2.787308840452611E-012
         231  6.926203288971094E-012
         232  5.340363773395070E-007
         234  9.075238180318128E-012
         235  1.488345476135371E-007
         236  1.482323264836032E-009
         238  1.651566080914550E-007
         240  2.876949033785413E-013
         244  3.511900465829375E-009
