           1  7.421838329107446E-005
           2  6.470609901488105E-012
           3  1.574717819390911E-008
           4  8.074766556233764E-005
           6  5.674563962362780E-015
           7  3.114017005274736E-012
           8  2.708281752318958E-013
           9  1.912633244112939E-009
          10  2.713051082138141E-014
          14  2.191766122553237E-015
          15  2.174457707064439E-012
          16  1.264168314659579E-009
          17  9.351166486483289E-011
          18  4.458798675495040E-010
          19  1.941499674202579E-010
          20  4.783828982014187E-009
          21  7.821885975508363E-010
          22  1.454688617260252E-009
          23  5.015608878288661E-009
          24  1.153040119903523E-008
          25  1.402996035852324E-008
          26  1.171728917501269E-008
          27  2.549576368115865E-009
          28  1.574105987456895E-009
          29  8.129358340229286E-010
          30  2.579772491282177E-009
          31  4.635212186111545E-010
          32  6.325452047281723E-010
          33  8.411488299435125E-010
          34  4.361638391287109E-009
          35  2.901294987648683E-010
          36  1.134496861476198E-009
          37  8.295387430877393E-010
          38  1.123145352362917E-009
          39  3.193662764013546E-010
          40  6.189376121664103E-010
          41  8.546177981001231E-010
          42  6.103714442984959E-009
          43  5.319625262792731E-010
          44  1.011339779029483E-009
          45  4.583677661577056E-009
          46  7.476900432480006E-009
          47  7.948361474761949E-009
          48  5.816907666999004E-009
          49  5.426062758987286E-010
          50  3.097403039074922E-009
          51  1.531494957780189E-009
          52  6.263993954193452E-009
          53  2.341605613377459E-010
          54  5.831025893145246E-010
          55  3.762689076401922E-010
          56  4.207895387404102E-010
          57  1.140860112863735E-010
          58  2.043009784854946E-010
          59  1.452223261775316E-010
          60  1.779960287929018E-010
          61  1.882943617348625E-010
          62  8.953442513369909E-010
          63  3.621975894114221E-010
          64  3.510994660662226E-010
          65  2.933151211254275E-010
          66  4.357668579621998E-010
          67  5.796363268172783E-010
          68  8.705715556831164E-010
          69  1.601693753157919E-010
          70  4.703842187282542E-010
          71  1.634654778304900E-010
          72  2.062692279830294E-010
          73  2.132304891565159E-010
          74  4.593658468191363E-010
          75  1.108372208396946E-009
          76  2.882663356588266E-009
          77  5.435596185305715E-009
          78  1.003354286611606E-008
          79  7.996906455733762E-009
          80  3.229315647040153E-008
          81  1.251486441962024E-008
          82  1.069399512985694E-008
          83  4.588443168442081E-009
          84  5.153550222039706E-009
          85  3.432669242389147E-009
          86  3.758777352481847E-009
          87  2.662596673901473E-009
          88  6.251762726233813E-009
          89  2.768151772495995E-009
          90  5.260068707163158E-009
          91  3.638817840412092E-009
          92  3.038117165779271E-009
          93  2.507085991181020E-009
          94  5.841473617456836E-009
          95  2.985073111639454E-009
          96  3.300664668742807E-009
          97  1.451307164606190E-009
          98  1.368583525639562E-009
          99  1.530750284887410E-009
         100  1.374458918723948E-009
         101  1.021292249234510E-009
         102  1.786147394349457E-009
         103  1.713618073265582E-009
         104  1.675662400438295E-009
         105  1.784785884269039E-009
         106  2.356087685322970E-009
         107  1.812953805114558E-009
         108  6.050351876305664E-009
         109  2.658734897796074E-009
         110  7.097760302090219E-009
         111  5.031404599772848E-009
         112  6.650086060086934E-009
         113  3.387002834854647E-009
         114  2.696816392138672E-009
         115  1.407745676400231E-009
         116  1.446538664979516E-009
         117  1.258835991746431E-009
         118  1.329033291823821E-009
         119  4.896602091493276E-010
         120  6.773966357801850E-010
         121  5.501578113416825E-010
         122  7.093569929948774E-010
         123  6.613035575447430E-010
         124  1.794931642896737E-008
         125  8.255484275226326E-008
         126  6.802482142491928E-007
         127  3.451354314072851E-006
         128  2.816979973369212E-005
         129  1.381961004535823E-004
         130  3.307357833703653E-004
         131  1.101275225381717E-003
         132  1.048324807706659E-003
         133  3.367634181576301E-005
         134  8.458968264784354E-005
         135  8.986989990858336E-005
         136  2.235167887084319E-004
         137  1.193023217512966E-004
         138  8.671691569685513E-005
         139  1.483643102168831E-005
         140  3.384476446653654E-005
         141  2.531087428597312E-005
         142  9.757503635134307E-006
         143  1.671869781679447E-006
         144  6.952622371290832E-006
         145  3.888546258894794E-006
         146  1.666850303593313E-005
         147  1.676995507226011E-005
         148  2.804654499639646E-005
         149  1.780602463724696E-005
         150  2.640800266867920E-005
         151  1.075388599621115E-005
         152  3.143158458133258E-005
         153  2.148201844560368E-005
         154  2.232817416335379E-005
         155  8.077447890948165E-006
         156  1.923029409134665E-005
         157  1.578035647075887E-005
         158  4.311321495887532E-005
         159  2.311491448109395E-005
         160  5.277119034664760E-005
         161  3.127079833375197E-005
         162  9.699323298551044E-005
         163  5.654348990531619E-005
         164  1.510219620406899E-004
         165  7.298376629215269E-005
         166  6.881426722354869E-005
         167  2.758970857713881E-005
         168  7.241891228371588E-005
         169  4.320710691837051E-005
         170  2.707594482061801E-005
         171  1.361182446350941E-005
         172  6.224699800841571E-005
         173  2.913123378355361E-005
         174  3.435700628900431E-005
         175  1.774624698049683E-005
         176  2.510796126292939E-005
         177  1.380544315218920E-005
         178  2.021718970250741E-005
         179  1.014227778589358E-005
         180  1.918987236152628E-005
         181  7.971975076866228E-006
         182  1.495193246093560E-005
         183  7.458637271748871E-006
         184  1.331824868083594E-005
         185  4.209712960440541E-006
         186  1.598616513313543E-005
         187  4.582599985835172E-006
         188  1.472110943026700E-005
         189  1.266549986226386E-005
         190  2.678310261688697E-005
         191  2.967493492498862E-005
         192  1.045077420302220E-004
         193  1.365162274698204E-004
         194  3.388958626474457E-004
         195  2.276239880362564E-004
         196  4.200585927229620E-004
         197  2.212661848109611E-004
         198  1.599863896435584E-004
         199  1.303835959063281E-005
         200  2.324190852850055E-006
         201  8.564206132085358E-008
         202  1.029319924367651E-007
         203  2.530494416050594E-008
         204  8.046768304077663E-008
         205  6.994410270632800E-008
         206  2.168694233702491E-006
         207  1.432861728600386E-006
         208  2.410103668666299E-006
         209  1.514033311632151E-006
         226  5.832183842692074E-014
         227  4.443851153902779E-015
         230  2.748415651650231E-012
         231  6.671119098330481E-012
         232  5.175432726243729E-007
         234  8.948605298144815E-012
         235  1.433531404798748E-007
         236  1.466166079300889E-009
         238  1.628520672213378E-007
         240  2.846777194077514E-013
         244  3.475069609015175E-009
