           1  7.445510051575404E-005
           2  6.470609901488105E-012
           3  1.574717819390911E-008
           4  7.875814459593364E-005
           6  5.674563962362780E-015
           7  3.114017005274736E-012
           8  2.708281752318958E-013
           9  1.912633244112939E-009
          10  2.713051082138141E-014
          14  2.111058441946887E-015
          15  2.032104786723192E-012
          16  1.247598487210634E-009
          17  9.261298634662409E-011
          18  4.545918017802424E-010
          19  2.061812213745842E-010
          20  4.568384057004354E-009
          21  7.631400284305212E-010
          22  1.702415495142436E-009
          23  4.815828000742977E-009
          24  1.121128687158980E-008
          25  1.353852470519243E-008
          26  1.223154708815152E-008
          27  2.721687021263051E-009
          28  1.636171534604298E-009
          29  8.382150122181741E-010
          30  2.752540188599347E-009
          31  4.901039108842496E-010
          32  6.096399654257178E-010
          33  7.548256833811487E-010
          34  4.390716141610125E-009
          35  2.978171794924253E-010
          36  1.173424768603555E-009
          37  7.782438330769057E-010
          38  1.033293958943960E-009
          39  2.972194465826547E-010
          40  6.171661305538145E-010
          41  8.792930022745079E-010
          42  6.136265047908355E-009
          43  5.306255342633659E-010
          44  9.342670374252254E-010
          45  4.145911621655925E-009
          46  7.303199211804293E-009
          47  8.233116622559890E-009
          48  6.200450371793104E-009
          49  5.067311894611951E-010
          50  3.154003363065068E-009
          51  1.594682209190682E-009
          52  6.298311212407710E-009
          53  2.089025049201362E-010
          54  4.997670710526777E-010
          55  3.437310914714681E-010
          56  4.054315944058091E-010
          57  1.079615152983477E-010
          58  2.062914597460185E-010
          59  1.439876492840084E-010
          60  1.619776960170910E-010
          61  1.648593180573050E-010
          62  8.152323909474048E-010
          63  3.376473512937643E-010
          64  3.573713501562459E-010
          65  3.048966789831159E-010
          66  4.330824162281074E-010
          67  5.809138435706773E-010
          68  8.770511830712449E-010
          69  1.644815347330718E-010
          70  4.931432061027911E-010
          71  1.699268442520236E-010
          72  2.064105436095979E-010
          73  2.082235193065928E-010
          74  4.220369879996354E-010
          75  9.795846700824467E-010
          76  2.722668399348350E-009
          77  5.405928215402498E-009
          78  1.031610677983619E-008
          79  7.926441108968409E-009
          80  3.233798867588082E-008
          81  1.211863359974192E-008
          82  1.089353546241191E-008
          83  4.774490977350098E-009
          84  5.222474092442493E-009
          85  3.502281682861570E-009
          86  3.764751501451556E-009
          87  2.386241115848021E-009
          88  5.884202561109251E-009
          89  2.769669802460379E-009
          90  5.300944212850885E-009
          91  3.447046072217030E-009
          92  2.813125222075161E-009
          93  2.370831700404399E-009
          94  5.719213110564179E-009
          95  2.933641396628205E-009
          96  3.469003558860218E-009
          97  1.512948473789088E-009
          98  1.386779476665602E-009
          99  1.544770648569553E-009
         100  1.372221711955218E-009
         101  1.028314829533447E-009
         102  1.773592014743108E-009
         103  1.669486794632678E-009
         104  1.620162408548081E-009
         105  1.693197907697066E-009
         106  2.133303587432723E-009
         107  1.642177180333040E-009
         108  5.463661047921654E-009
         109  2.455327463161398E-009
         110  6.936131597690880E-009
         111  4.991673080532908E-009
         112  6.728503995403314E-009
         113  3.424528383108534E-009
         114  2.743706695978490E-009
         115  1.453910654956008E-009
         116  1.508870513558750E-009
         117  1.284557328866154E-009
         118  1.385391626682057E-009
         119  5.405285004533074E-010
         120  7.615013885080335E-010
         121  6.215748749331626E-010
         122  7.699225740246777E-010
         123  6.888630691486398E-010
         124  1.645355342317222E-008
         125  7.386804968105402E-008
         126  6.013248829985073E-007
         127  3.096408404248577E-006
         128  2.587809929982627E-005
         129  1.305188923962764E-004
         130  3.323320818822089E-004
         131  1.106305451851826E-003
         132  1.042640507147534E-003
         133  3.306057738149746E-005
         134  8.279940191862119E-005
         135  8.298725771070879E-005
         136  2.164020253464650E-004
         137  1.170900354788297E-004
         138  8.548964046720253E-005
         139  1.386042337603071E-005
         140  3.238130436342641E-005
         141  2.446477540657756E-005
         142  9.710935002007039E-006
         143  1.938680437674315E-006
         144  1.078324503600871E-005
         145  6.336009229911597E-006
         146  2.458716403678043E-005
         147  1.726218888080631E-005
         148  2.880841491112470E-005
         149  2.055640755355372E-005
         150  5.007002595355143E-005
         151  2.333578339619071E-005
         152  3.066639105096699E-005
         153  1.589926126240317E-005
         154  6.710683437318108E-005
         155  2.648565699501083E-005
         156  2.526281180753629E-005
         157  1.250628215924622E-005
         158  2.888457763613698E-005
         159  1.513690943031567E-005
         160  4.104567087350390E-005
         161  2.833978846918139E-005
         162  1.249402596000821E-004
         163  5.492908583703591E-005
         164  6.928611962897941E-005
         165  3.593999424284303E-005
         166  7.420696953456309E-005
         167  2.678989577884757E-005
         168  7.518620578356890E-005
         169  2.645184316648726E-005
         170  2.666680357770875E-005
         171  1.688529874490647E-005
         172  4.045279738440315E-005
         173  3.210171256199596E-005
         174  9.133508111306130E-005
         175  4.723325352185574E-005
         176  3.689584533155179E-005
         177  1.272304480042266E-005
         178  1.362277728415001E-005
         179  6.943154964398809E-006
         180  1.506962212522967E-005
         181  7.287604790109510E-006
         182  1.578041501438740E-005
         183  7.975597508996545E-006
         184  1.404440436423233E-005
         185  4.367978654898135E-006
         186  1.617669838803934E-005
         187  4.615832253932117E-006
         188  1.455613980959366E-005
         189  1.237175469832321E-005
         190  2.597238547600220E-005
         191  2.962774037392978E-005
         192  1.033043376849807E-004
         193  1.312239833338776E-004
         194  3.198330673950844E-004
         195  2.248977646940588E-004
         196  4.319634682531812E-004
         197  2.254249746220556E-004
         198  1.624063984701774E-004
         199  1.293549611639659E-005
         200  2.246429011018068E-006
         201  7.957753729245941E-008
         202  9.495539594036597E-008
         203  2.342991811234530E-008
         204  7.751480075077590E-008
         205  6.747129574316688E-008
         206  1.983445125309676E-006
         207  1.308538493520174E-006
         208  2.175152808247645E-006
         209  1.383906425594136E-006
         226  5.518461709832969E-014
         227  4.271893781103882E-015
         230  2.600574149482999E-012
         231  6.412976313154162E-012
         232  4.907835963382415E-007
         234  8.467246065313697E-012
         235  1.378060083717840E-007
         236  1.375317556229348E-009
         238  1.540920042248307E-007
         240  2.667893784155705E-013
         244  3.256706084581462E-009
