           1  7.500941347317571E-005
           2  6.470609901488105E-012
           3  1.574717819390911E-008
           4  8.333963372660138E-005
           6  5.674563962362780E-015
           7  3.114017005274736E-012
           8  2.708281752318958E-013
           9  1.912633244112939E-009
          10  2.713051082138141E-014
          14  1.685313268016257E-015
          15  1.738566330864280E-012
          16  1.190527177593152E-009
          17  8.916779095855251E-011
          18  4.502272149059232E-010
          19  2.052863819578199E-010
          20  4.667713590714549E-009
          21  7.525551430775861E-010
          22  1.337056519823172E-009
          23  4.951499147425789E-009
          24  1.136347012750058E-008
          25  1.395585618016520E-008
          26  1.159016311691590E-008
          27  2.434337417435852E-009
          28  1.493196460574800E-009
          29  8.090449077518436E-010
          30  2.436531746641436E-009
          31  4.254947710994403E-010
          32  6.718315077885426E-010
          33  8.416069353418919E-010
          34  4.382400473157168E-009
          35  2.815476142919344E-010
          36  1.113450675138472E-009
          37  8.176246744728976E-010
          38  1.110535750619689E-009
          39  2.965370246421494E-010
          40  6.072452086326075E-010
          41  8.688172838480558E-010
          42  5.826386300956255E-009
          43  4.852949631488617E-010
          44  1.023371082650298E-009
          45  4.700903869018962E-009
          46  7.552583505142011E-009
          47  7.997834981510788E-009
          48  5.814312039215469E-009
          49  5.296395646707181E-010
          50  3.043719488098198E-009
          51  1.502279868458528E-009
          52  6.210182938012226E-009
          53  2.377833764791790E-010
          54  6.104041886495736E-010
          55  3.623623731852790E-010
          56  3.859768300568371E-010
          57  1.008741909294128E-010
          58  1.909663665333957E-010
          59  1.352033645415295E-010
          60  1.747927990198311E-010
          61  1.923102877383326E-010
          62  8.830449891190292E-010
          63  3.543121592220152E-010
          64  3.507667512495077E-010
          65  2.968195502758658E-010
          66  4.362906894009966E-010
          67  5.965733721678632E-010
          68  8.619519995748491E-010
          69  1.580058062107697E-010
          70  4.628806318997870E-010
          71  1.600870812585097E-010
          72  2.020430631170115E-010
          73  2.183985916829802E-010
          74  4.706812975556540E-010
          75  1.154643994748772E-009
          76  2.953479493852521E-009
          77  5.568505947074771E-009
          78  1.010192990184681E-008
          79  7.942541912312676E-009
          80  3.103790156339266E-008
          81  1.238662442283764E-008
          82  1.006055088399879E-008
          83  4.155580790202936E-009
          84  4.988341405311452E-009
          85  3.284525482376639E-009
          86  3.570736645156103E-009
          87  2.568712375011187E-009
          88  5.927359464945822E-009
          89  2.676019656313377E-009
          90  5.161023057802123E-009
          91  3.399561032727722E-009
          92  2.883682812535334E-009
          93  2.396144366202542E-009
          94  5.445421082635801E-009
          95  2.722191068077876E-009
          96  3.171306968384645E-009
          97  1.375582569457288E-009
          98  1.299045109765321E-009
          99  1.455911334562946E-009
         100  1.275788878717744E-009
         101  9.640830247259788E-010
         102  1.666219525581054E-009
         103  1.583569974831221E-009
         104  1.525642145658251E-009
         105  1.646780142525023E-009
         106  2.186173845821448E-009
         107  1.712087545093362E-009
         108  5.808094679886397E-009
         109  2.571225067058151E-009
         110  6.863988742592291E-009
         111  4.803517270290118E-009
         112  6.183422387555694E-009
         113  3.077531801926891E-009
         114  2.386533394825853E-009
         115  1.247733162541195E-009
         116  1.275231767822177E-009
         117  1.143991329605369E-009
         118  1.213359029280541E-009
         119  4.413665881022880E-010
         120  6.213138693473954E-010
         121  5.031610713063937E-010
         122  6.776948079596755E-010
         123  6.237058847938951E-010
         124  1.927153583023569E-008
         125  8.341770248442381E-008
         126  6.838419472895803E-007
         127  3.549028487059028E-006
         128  2.915514445031845E-005
         129  1.396323100693785E-004
         130  3.256374814649422E-004
         131  1.050631107668911E-003
         132  1.008135246749619E-003
         133  3.339847524178463E-005
         134  8.380262999819747E-005
         135  8.448740760596480E-005
         136  2.024836651601615E-004
         137  1.088153394138567E-004
         138  9.211180748610560E-005
         139  1.465724126028073E-005
         140  3.348023489041746E-005
         141  2.523761102204256E-005
         142  1.012667368835109E-005
         143  1.929229473204745E-006
         144  9.639060490344937E-006
         145  6.116904994741608E-006
         146  2.554943798901196E-005
         147  2.040312391400124E-005
         148  2.052936713399846E-005
         149  1.192813895665693E-005
         150  3.815650890728521E-005
         151  2.100560665052427E-005
         152  3.116709299680064E-005
         153  1.178764894561964E-005
         154  4.748800916554703E-005
         155  3.010423271547051E-005
         156  5.404533584038393E-005
         157  2.720633764289101E-005
         158  3.920191312918580E-005
         159  2.278920578403300E-005
         160  9.331216801777190E-005
         161  5.933295461134874E-005
         162  1.552377607807347E-004
         163  5.545110112609052E-005
         164  1.030614697925037E-004
         165  5.348281830025013E-005
         166  6.362090830049121E-005
         167  2.475482648981234E-005
         168  1.070958732830716E-004
         169  6.236493928506786E-005
         170  5.216391348929074E-005
         171  2.735952917540816E-005
         172  3.430304259442420E-005
         173  1.978498439420241E-005
         174  4.323440258333225E-005
         175  2.145346704892584E-005
         176  1.896580496443842E-005
         177  9.291470852355125E-006
         178  2.747088725878353E-005
         179  7.710655812385889E-006
         180  1.093269605781446E-005
         181  5.385958667388869E-006
         182  1.207904970747139E-005
         183  6.505361412790415E-006
         184  1.227167187447802E-005
         185  3.998825535782328E-006
         186  1.582974942769061E-005
         187  4.554598368740775E-006
         188  1.491818185536279E-005
         189  1.323270508709378E-005
         190  2.727674138180280E-005
         191  3.055899995452724E-005
         192  1.065358335059468E-004
         193  1.372427692143734E-004
         194  3.298615054830532E-004
         195  2.167492475761683E-004
         196  3.959312463190036E-004
         197  2.034811440550891E-004
         198  1.425911089595492E-004
         199  1.131114394311261E-005
         200  2.163773942463640E-006
         201  9.608658330551921E-008
         202  1.229002628629095E-007
         203  2.958375726242039E-008
         204  8.032897918864858E-008
         205  6.599448480685852E-008
         206  2.338539612815372E-006
         207  1.491279590753415E-006
         208  2.563487237822043E-006
         209  1.647151812739648E-006
         226  6.766790127475935E-014
         227  5.130900426938788E-015
         230  3.188848705633824E-012
         231  7.702518973823446E-012
         232  5.894225715146025E-007
         234  1.038261749276655E-011
         235  1.655165000396630E-007
         236  1.759381610857625E-009
         238  1.889490781558992E-007
         240  3.421972889780840E-013
         244  4.177212750225312E-009
