           1  7.395535425254221E-005
           2  6.470609901488105E-012
           3  1.574717819390911E-008
           4  7.959811930088182E-005
           6  5.674563962362780E-015
           7  3.114017005274736E-012
           8  2.708281752318958E-013
           9  1.912633244112939E-009
          10  2.713051082138141E-014
          14  2.270905361484940E-015
          15  2.307863473319511E-012
          16  1.313776005783433E-009
          17  9.623273840519285E-011
          18  4.377520207031475E-010
          19  1.824153059197736E-010
          20  4.845339973978510E-009
          21  7.947984754431188E-010
          22  1.569233167658347E-009
          23  5.044814040658071E-009
          24  1.162082394060780E-008
          25  1.405577914603164E-008
          26  1.159276821794811E-008
          27  2.499136871001996E-009
          28  1.606567888510462E-009
          29  8.285984519142869E-010
          30  2.705498234404293E-009
          31  4.720539633517216E-010
          32  6.034050085507903E-010
          33  8.859635515730217E-010
          34  4.420535536778492E-009
          35  2.802893989329554E-010
          36  1.078451750917209E-009
          37  7.654667702994599E-010
          38  1.042893162200152E-009
          39  3.139838207022617E-010
          40  6.374051292435668E-010
          41  8.959646506659982E-010
          42  6.484694737120414E-009
          43  5.540975335974077E-010
          44  1.017346477398240E-009
          45  4.540041333862656E-009
          46  7.358427011104341E-009
          47  7.859314151175612E-009
          48  5.784147951328839E-009
          49  5.181148019008753E-010
          50  3.092368431036191E-009
          51  1.549372269659636E-009
          52  6.337446976639454E-009
          53  2.262321422378239E-010
          54  5.607402014947712E-010
          55  3.859772920035803E-010
          56  4.346142397858284E-010
          57  1.152151104795369E-010
          58  2.192663142393847E-010
          59  1.535686452377010E-010
          60  1.780689050897069E-010
          61  1.890285649556965E-010
          62  9.040341150130093E-010
          63  3.627685237607185E-010
          64  3.605836212480116E-010
          65  3.023489931615808E-010
          66  4.327163848877664E-010
          67  5.783532707698327E-010
          68  8.765502937368290E-010
          69  1.634167009254950E-010
          70  4.942061380185653E-010
          71  1.703356055513310E-010
          72  2.085330302894179E-010
          73  2.130586156667905E-010
          74  4.531075162190099E-010
          75  1.106527699748765E-009
          76  2.877922055368328E-009
          77  5.400097241790956E-009
          78  1.003740382977401E-008
          79  8.082035144038299E-009
          80  3.336191977776415E-008
          81  1.189641546422498E-008
          82  1.058859858067300E-008
          83  4.698467597401674E-009
          84  5.250856751060164E-009
          85  3.562648256464495E-009
          86  3.891522459912278E-009
          87  2.659386035043257E-009
          88  6.361967013002206E-009
          89  2.826295597975722E-009
          90  5.454558829648539E-009
          91  3.765683881657529E-009
          92  3.023104865222002E-009
          93  2.496444101299848E-009
          94  5.981991351997877E-009
          95  3.022991022283804E-009
          96  3.324100116069529E-009
          97  1.442692714403660E-009
          98  1.348618277376388E-009
          99  1.518370759502004E-009
         100  1.355432065557255E-009
         101  1.020800934034611E-009
         102  1.855260674672716E-009
         103  1.787894140826708E-009
         104  1.753320371265349E-009
         105  1.874883752833891E-009
         106  2.431889194437569E-009
         107  1.865211388821278E-009
         108  6.205183006377408E-009
         109  2.706427398065506E-009
         110  7.161477499214001E-009
         111  5.078288282482535E-009
         112  6.686744365387973E-009
         113  3.368541078128649E-009
         114  2.654856778587878E-009
         115  1.380441786375636E-009
         116  1.416186562934944E-009
         117  1.221885137249220E-009
         118  1.293644397426701E-009
         119  4.846014272390120E-010
         120  6.754768207828233E-010
         121  5.491145147242405E-010
         122  6.892504471248813E-010
         123  6.658155400780265E-010
         124  1.825818053924509E-008
         125  8.983818795416701E-008
         126  7.262744528486448E-007
         127  3.653655716404946E-006
         128  2.952492335778846E-005
         129  1.426921103766936E-004
         130  3.359951323318139E-004
         131  1.118680608678366E-003
         132  1.049591177398410E-003
         133  3.288431502415413E-005
         134  8.221257070113075E-005
         135  8.876851306085075E-005
         136  2.276307517669639E-004
         137  1.224520629285626E-004
         138  8.858904237748583E-005
         139  1.468720298667456E-005
         140  3.270722961933158E-005
         141  2.432033157838295E-005
         142  9.611065025566537E-006
         143  1.542280126448510E-006
         144  5.320358842642222E-006
         145  2.260583317987493E-006
         146  9.636398370604093E-006
         147  1.232081140307583E-005
         148  2.868748512895538E-005
         149  1.981367036185445E-005
         150  2.961794568244861E-005
         151  1.442751911323969E-005
         152  2.586809734685667E-005
         153  1.229250266694024E-005
         154  2.856930224248184E-005
         155  1.452743760883852E-005
         156  2.709398208637460E-005
         157  1.574092950209328E-005
         158  4.544151472134434E-005
         159  3.008067292867193E-005
         160  6.602864246897846E-005
         161  3.727599761675317E-005
         162  6.856201254794368E-005
         163  6.962201251901561E-005
         164  9.999552405748357E-005
         165  4.135264785735345E-005
         166  5.038000673974634E-005
         167  2.023059822172513E-005
         168  1.018191946232186E-004
         169  3.800683282470758E-005
         170  2.898901033940097E-005
         171  1.593113552291276E-005
         172  4.044908846016751E-005
         173  2.427810103567771E-005
         174  3.980896962598236E-005
         175  2.250996061206362E-005
         176  3.004631685007888E-005
         177  1.623286642526414E-005
         178  2.562816136507048E-005
         179  1.122661383627329E-005
         180  1.866355948967962E-005
         181  8.068040705136572E-006
         182  1.611497593809977E-005
         183  8.325403229967553E-006
         184  1.512680576502412E-005
         185  4.813124008865837E-006
         186  1.828365119232253E-005
         187  5.270048373426508E-006
         188  1.712089878092576E-005
         189  1.468026773142978E-005
         190  3.030167449781891E-005
         191  3.244311697533090E-005
         192  1.119595494395463E-004
         193  1.427459206472182E-004
         194  3.467083665962004E-004
         195  2.300038235876759E-004
         196  4.215914213996979E-004
         197  2.188060642756460E-004
         198  1.564558714177942E-004
         199  1.264499032971467E-005
         200  2.247695339593718E-006
         201  8.299910877334536E-008
         202  1.007915595101928E-007
         203  2.521316743461605E-008
         204  8.631078752192532E-008
         205  7.599026205415307E-008
         206  2.131604197338435E-006
         207  1.438429088007171E-006
         208  2.389318275373898E-006
         209  1.461799629483789E-006
         226  5.123465398374161E-014
         227  3.971872106617085E-015
         230  2.414432204366195E-012
         231  5.962583117418034E-012
         232  4.638058739660936E-007
         234  7.861183879894593E-012
         235  1.281276803269888E-007
         236  1.284657493024098E-009
         238  1.430625223701952E-007
         240  2.494134582779036E-013
         244  3.044597697157599E-009
