           1  7.473233574138595E-005
           2  6.470609901488105E-012
           3  1.574717819390911E-008
           4  8.293049210703295E-005
           6  5.674563962362780E-015
           7  3.114017005274736E-012
           8  2.708281752318958E-013
           9  1.912633244112939E-009
          10  2.713051082138141E-014
          14  1.888970706287419E-015
          15  1.883870048240383E-012
          16  1.195505430588379E-009
          17  8.951730774760883E-011
          18  4.583987356323432E-010
          19  2.148860853914430E-010
          20  4.527276714515783E-009
          21  7.359102390398223E-010
          22  1.570336557904219E-009
          23  4.804825016989184E-009
          24  1.114045260332170E-008
          25  1.363751190509928E-008
          26  1.220950925111261E-008
          27  2.546933305254268E-009
          28  1.539870069771104E-009
          29  8.529848911050224E-010
          30  2.666850098818273E-009
          31  4.491944260636628E-010
          32  6.387906986515558E-010
          33  7.869065552882545E-010
          34  4.366831341358913E-009
          35  2.917677334661395E-010
          36  1.193075935880802E-009
          37  8.030399612806498E-010
          38  1.080384249523042E-009
          39  2.876640330444515E-010
          40  6.015017379441332E-010
          41  8.788141108542292E-010
          42  5.873885038411037E-009
          43  4.830317953250580E-010
          44  9.778444351560667E-010
          45  4.371561300330835E-009
          46  7.449640884537583E-009
          47  8.192493695163227E-009
          48  6.051146094567997E-009
          49  5.162583812437754E-010
          50  3.116222972675423E-009
          51  1.548450168455435E-009
          52  6.297862504959440E-009
          53  2.221355448977451E-010
          54  5.618704335156048E-010
          55  3.475127813393024E-010
          56  3.890922817816916E-010
          57  9.890740428636893E-011
          58  2.064065327425276E-010
          59  1.404100936351891E-010
          60  1.637879461713201E-010
          61  1.747106519387742E-010
          62  8.186497669266062E-010
          63  3.356118458152814E-010
          64  3.664080918249928E-010
          65  3.123168113341771E-010
          66  4.314165516037307E-010
          67  5.866195783984638E-010
          68  8.369831030474512E-010
          69  1.578828120670840E-010
          70  4.764738148291364E-010
          71  1.626992008319569E-010
          72  1.992268436907904E-010
          73  2.174307746935986E-010
          74  4.347569960319821E-010
          75  1.031632403237536E-009
          76  2.783634996510441E-009
          77  5.598777743948963E-009
          78  1.027339471718848E-008
          79  7.911242196229929E-009
          80  3.133268019791529E-008
          81  1.233657777270053E-008
          82  1.059464784121523E-008
          83  4.494179960328280E-009
          84  5.080302928586127E-009
          85  3.420733570239324E-009
          86  3.674468384891845E-009
          87  2.407231125159294E-009
          88  5.862875983805851E-009
          89  2.704486650774844E-009
          90  5.213489781832937E-009
          91  3.373597121059767E-009
          92  2.794954022132424E-009
          93  2.348008610078285E-009
          94  5.490592828943954E-009
          95  2.800388899340986E-009
          96  3.534801192012085E-009
          97  1.515586290151182E-009
          98  1.372594851107797E-009
          99  1.513962940696683E-009
         100  1.307052186410458E-009
         101  9.906097611341535E-010
         102  1.726606355475622E-009
         103  1.615872560395131E-009
         104  1.557011920631837E-009
         105  1.650235372447380E-009
         106  2.085776125384104E-009
         107  1.636354752281979E-009
         108  5.572239693683322E-009
         109  2.506762908822100E-009
         110  6.952025311764090E-009
         111  4.957748378885836E-009
         112  6.468284592184539E-009
         113  3.209460421074526E-009
         114  2.493262799495538E-009
         115  1.303795720284343E-009
         116  1.350239121950880E-009
         117  1.241290239699490E-009
         118  1.351347086041090E-009
         119  4.970794682771409E-010
         120  7.164974908554180E-010
         121  5.841961775502521E-010
         122  7.517006894103643E-010
         123  6.751585575801666E-010
         124  1.910929468321188E-008
         125  8.289165826094225E-008
         126  6.641474507338033E-007
         127  3.430598902032818E-006
         128  2.822791605094883E-005
         129  1.368712910654142E-004
         130  3.299329830009050E-004
         131  1.070769292336677E-003
         132  1.026859126870757E-003
         133  3.346337719649488E-005
         134  8.418718774953521E-005
         135  8.388739489193376E-005
         136  2.107977828255217E-004
         137  1.136540287090095E-004
         138  8.908022617794637E-005
         139  1.453085113079897E-005
         140  3.354145889345164E-005
         141  2.475885591276041E-005
         142  9.810562972171530E-006
         143  1.626043563553994E-006
         144  5.554890077182289E-006
         145  2.127187855851369E-006
         146  1.183407849707982E-005
         147  2.151569625591023E-005
         148  4.749657137763914E-005
         149  2.999576324925062E-005
         150  2.845549497756053E-005
         151  1.232874464812943E-005
         152  2.257665607191077E-005
         153  1.202270901565691E-005
         154  5.807031545220269E-005
         155  3.277117103418067E-005
         156  8.800424270467059E-005
         157  3.393130196493253E-005
         158  3.548398005292628E-005
         159  1.631491762160340E-005
         160  5.194424352532975E-005
         161  3.528937775913983E-005
         162  7.377853421009512E-005
         163  3.857882509569670E-005
         164  1.078239684924470E-004
         165  7.890486486920195E-005
         166  1.013463964825752E-004
         167  3.067435318199367E-005
         168  1.153075335961481E-004
         169  5.872803528004433E-005
         170  4.273100773576925E-005
         171  1.850301613896061E-005
         172  2.817430431887212E-005
         173  1.345747568186583E-005
         174  2.391362850473930E-005
         175  1.381212394265925E-005
         176  1.904135514800760E-005
         177  1.017548584538469E-005
         178  1.468167408558101E-005
         179  7.695580245052740E-006
         180  1.541935312510759E-005
         181  6.864585700279006E-006
         182  1.372926749610814E-005
         183  6.872696022937878E-006
         184  1.220536137729472E-005
         185  3.883433399836969E-006
         186  1.492317041307452E-005
         187  4.378721288789958E-006
         188  1.467582818270362E-005
         189  1.303696930509265E-005
         190  2.696366007478890E-005
         191  3.041133690609691E-005
         192  1.072015828059379E-004
         193  1.373333725720129E-004
         194  3.284976615347528E-004
         195  2.251239222370197E-004
         196  4.255395324545394E-004
         197  2.162792754675521E-004
         198  1.514232296524862E-004
         199  1.192317270831284E-005
         200  2.174388297132496E-006
         201  8.989643650969004E-008
         202  1.131216223385533E-007
         203  2.744178422447680E-008
         204  8.111899912527948E-008
         205  6.866820634122902E-008
         206  2.326395226074388E-006
         207  1.493532597874272E-006
         208  2.521874707976273E-006
         209  1.629845725103843E-006
         226  6.736028533059946E-014
         227  5.244900154570022E-015
         230  3.174352309456505E-012
         231  7.873655614963482E-012
         232  6.004044348741881E-007
         234  1.033541847192032E-011
         235  1.691939902173966E-007
         236  1.725697967548036E-009
         238  1.880901221667211E-007
         240  3.351535330687144E-013
         244  4.091229406868148E-009
