           1  7.436837848672622E-005
           2  6.470609901488105E-012
           3  1.574717819390911E-008
           4  8.046996069423859E-005
           6  5.674563962362780E-015
           7  3.114017005274736E-012
           8  2.708281752318958E-013
           9  1.912633244112939E-009
          10  2.713051082138141E-014
          14  2.031428792816434E-015
          15  2.089044159973413E-012
          16  1.228807537318320E-009
          17  9.151280913360129E-011
          18  4.497412714285301E-010
          19  2.005945974722306E-010
          20  4.596093084975760E-009
          21  7.561502143403010E-010
          22  1.585893087189656E-009
          23  4.850545573606145E-009
          24  1.124248947661045E-008
          25  1.366900233336043E-008
          26  1.198442619655193E-008
          27  2.585296629991468E-009
          28  1.599737040868304E-009
          29  8.505203131732370E-010
          30  2.727766181086174E-009
          31  4.736034344952221E-010
          32  6.310329403704459E-010
          33  8.021401304271154E-010
          34  4.339188486706842E-009
          35  2.920462626191099E-010
          36  1.173786299218212E-009
          37  7.896776434996252E-010
          38  1.061380678556497E-009
          39  3.068165349622462E-010
          40  6.281139196465450E-010
          41  8.891585959375799E-010
          42  6.126756708917604E-009
          43  5.159294866962783E-010
          44  9.713925099459048E-010
          45  4.345011226030196E-009
          46  7.335833658095734E-009
          47  8.072305482571552E-009
          48  6.015247949918629E-009
          49  5.142993139378183E-010
          50  3.139843304262780E-009
          51  1.575139639270425E-009
          52  6.377903795491434E-009
          53  2.147002896759194E-010
          54  5.239478076423055E-010
          55  3.518642724957311E-010
          56  4.156213904601103E-010
          57  1.087956733461997E-010
          58  2.144830820894033E-010
          59  1.486815304030379E-010
          60  1.708639236094260E-010
          61  1.791975275375386E-010
          62  8.583603448944738E-010
          63  3.502426672714179E-010
          64  3.668402211584541E-010
          65  3.117040404035199E-010
          66  4.378223355200764E-010
          67  5.869478487137456E-010
          68  8.634228943548296E-010
          69  1.618832250738283E-010
          70  4.864034660640216E-010
          71  1.672388232508032E-010
          72  2.043109529588872E-010
          73  2.139002538515499E-010
          74  4.375159796230885E-010
          75  1.035931617880604E-009
          76  2.796899184965924E-009
          77  5.501457553662036E-009
          78  1.013133415746384E-008
          79  7.880579720918722E-009
          80  3.198910094041920E-008
          81  1.199275590915260E-008
          82  1.071814724193473E-008
          83  4.682022200723802E-009
          84  5.172725563125791E-009
          85  3.476576759734979E-009
          86  3.742390614051270E-009
          87  2.426889614775821E-009
          88  5.957820440191750E-009
          89  2.739260232096016E-009
          90  5.233027020925777E-009
          91  3.424386093480850E-009
          92  2.858901882294772E-009
          93  2.414185338764430E-009
          94  5.739059666334282E-009
          95  2.912753112127281E-009
          96  3.479910132807337E-009
          97  1.503305642764927E-009
          98  1.373996444394579E-009
          99  1.526133017314682E-009
         100  1.338995514132321E-009
         101  1.009000354963999E-009
         102  1.763450546355704E-009
         103  1.662634693588939E-009
         104  1.610632599514041E-009
         105  1.701804450394259E-009
         106  2.165303392602285E-009
         107  1.682199803866564E-009
         108  5.639889532809877E-009
         109  2.516424289690445E-009
         110  6.931331143080551E-009
         111  4.942492011059756E-009
         112  6.519561856963767E-009
         113  3.271600767735337E-009
         114  2.580069107838426E-009
         115  1.349903562651772E-009
         116  1.395675313862373E-009
         117  1.233008823405702E-009
         118  1.326195353624828E-009
         119  4.995657419545058E-010
         120  7.096279220496185E-010
         121  5.767847793556741E-010
         122  7.230615263698098E-010
         123  6.620803661633282E-010
         124  1.727735456534923E-008
         125  7.932780087585890E-008
         126  6.413035222255813E-007
         127  3.293482318680048E-006
         128  2.719486608033137E-005
         129  1.336051081591732E-004
         130  3.262920641192488E-004
         131  1.089421867774395E-003
         132  1.041051811173460E-003
         133  3.450486779407975E-005
         134  8.703288821365146E-005
         135  8.412453712851347E-005
         136  2.214479374924143E-004
         137  1.205365190854917E-004
         138  8.950122506362400E-005
         139  1.436106671689966E-005
         140  3.350864500014047E-005
         141  2.587453202551677E-005
         142  9.996171438075134E-006
         143  1.641781645982993E-006
         144  5.551193814610514E-006
         145  2.471939525613066E-006
         146  1.505805164638268E-005
         147  2.774522344938702E-005
         148  5.026177139278613E-005
         149  2.932696779143888E-005
         150  3.216462893308625E-005
         151  1.878896718200719E-005
         152  3.750073679796501E-005
         153  2.395601493801925E-005
         154  4.531646732514265E-005
         155  2.001643012660730E-005
         156  3.183433617039739E-005
         157  1.490942642006882E-005
         158  5.792886095968193E-005
         159  4.844416453245045E-005
         160  5.888539845833712E-005
         161  2.672563374178674E-005
         162  6.119038247641130E-005
         163  3.404692617045783E-005
         164  9.404972534489966E-005
         165  5.657598528335442E-005
         166  8.255418961035820E-005
         167  3.138737993751999E-005
         168  5.486933254689771E-005
         169  2.301891391570658E-005
         170  5.164464155908881E-005
         171  3.774859382750882E-005
         172  5.068189030337739E-005
         173  2.359067879106964E-005
         174  4.396237476396207E-005
         175  2.159518081882563E-005
         176  1.341466419276626E-005
         177  5.258072843625507E-006
         178  1.128646119537963E-005
         179  7.017307544908498E-006
         180  1.468867521039913E-005
         181  6.612702116313237E-006
         182  1.351060798112719E-005
         183  6.879312442588046E-006
         184  1.232126601697945E-005
         185  3.924711003803960E-006
         186  1.509428152278543E-005
         187  4.382009329503986E-006
         188  1.432303235080565E-005
         189  1.254978180762103E-005
         190  2.632342574701207E-005
         191  3.010669584750567E-005
         192  1.062383423872761E-004
         193  1.366629574496895E-004
         194  3.321821991101973E-004
         195  2.307340503962040E-004
         196  4.408154394058000E-004
         197  2.280990038098239E-004
         198  1.631033367113067E-004
         199  1.297899781391978E-005
         200  2.284204575223077E-006
         201  8.393019389565316E-008
         202  1.036541445792866E-007
         203  2.613089965227524E-008
         204  7.945648272695931E-008
         205  6.784304819283668E-008
         206  2.162448156044676E-006
         207  1.421714386409015E-006
         208  2.383392543627192E-006
         209  1.510299871290333E-006
         226  5.661050432853166E-014
         227  4.424768004312108E-015
         230  2.667769061143506E-012
         231  6.642471432312500E-012
         232  5.132600322270975E-007
         234  8.686026926255362E-012
         235  1.427375416829467E-007
         236  1.402703581568451E-009
         238  1.580735090834929E-007
         240  2.720729766567305E-013
         244  3.321203129563763E-009
