           1  7.450223166841610E-005
           2  6.470609901488105E-012
           3  1.574717819390911E-008
           4  8.230607295819260E-005
           6  5.674563962362780E-015
           7  3.114017005274736E-012
           8  2.708281752318958E-013
           9  1.912633244112939E-009
          10  2.713051082138141E-014
          14  2.162113687257706E-015
          15  2.000569148482321E-012
          16  1.264202642325691E-009
          17  9.360420920279471E-011
          18  4.505091031441435E-010
          19  2.001147696333238E-010
          20  4.562659370514068E-009
          21  7.731754440382857E-010
          22  1.788958606519919E-009
          23  4.793275404900491E-009
          24  1.119961065123942E-008
          25  1.344952755064156E-008
          26  1.233909914677377E-008
          27  2.863952761891585E-009
          28  1.675596766396408E-009
          29  8.092732036147656E-010
          30  2.747171425031847E-009
          31  5.103382423246072E-010
          32  5.710040461955356E-010
          33  7.190590662708388E-010
          34  4.472980708563512E-009
          35  3.019453026224258E-010
          36  1.144390521346136E-009
          37  7.940767030301072E-010
          38  1.048111333367618E-009
          39  2.971262602109358E-010
          40  5.957657725255118E-010
          41  8.367725974014113E-010
          42  6.181148722983410E-009
          43  5.563065945424720E-010
          44  9.062907564264006E-010
          45  3.989783707911097E-009
          46  7.255721879106455E-009
          47  8.292483849955632E-009
          48  6.277731077300977E-009
          49  5.222212573243729E-010
          50  3.161509859856187E-009
          51  1.592382806776935E-009
          52  6.269378210075241E-009
          53  2.180669971687465E-010
          54  5.264492081594197E-010
          55  3.662923959606991E-010
          56  4.130806806410660E-010
          57  1.128959794441302E-010
          58  2.033280787975881E-010
          59  1.453890981665848E-010
          60  1.604771620682183E-010
          61  1.543410849049903E-010
          62  7.841475678716680E-010
          63  3.285647300957503E-010
          64  3.421756574271700E-010
          65  2.941056525868037E-010
          66  4.310422398894681E-010
          67  5.697230148599833E-010
          68  8.947420156216164E-010
          69  1.675055355744485E-010
          70  4.990312071724304E-010
          71  1.746824143927918E-010
          72  2.151196168031515E-010
          73  2.051764033870007E-010
          74  4.148819855823896E-010
          75  9.372744899440598E-010
          76  2.669472272397847E-009
          77  5.310593818108380E-009
          78  1.036503580713703E-008
          79  7.902550368200082E-009
          80  3.269704419597316E-008
          81  1.222143135026738E-008
          82  1.101601795313623E-008
          83  4.829384026284072E-009
          84  5.128939571493352E-009
          85  3.456339707168038E-009
          86  3.740564791206927E-009
          87  2.408637408192688E-009
          88  5.960528799697809E-009
          89  2.815952257943032E-009
          90  5.321428210618256E-009
          91  3.501117990072214E-009
          92  2.791733437657266E-009
          93  2.327549596259385E-009
          94  5.704808705826629E-009
          95  2.944105325092490E-009
          96  3.366840728358843E-009
          97  1.486298686013797E-009
          98  1.387452229400725E-009
          99  1.566099056022433E-009
         100  1.419210792164236E-009
         101  1.058323652714407E-009
         102  1.800512134714208E-009
         103  1.693416413199298E-009
         104  1.634708989415626E-009
         105  1.692109404224371E-009
         106  2.129849094274765E-009
         107  1.616958609486085E-009
         108  5.290885400859229E-009
         109  2.381724456483271E-009
         110  6.855755659097715E-009
         111  4.963819075043789E-009
         112  6.854658489824019E-009
         113  3.551816354287021E-009
         114  2.904112329561889E-009
         115  1.565293481967848E-009
         116  1.649976553863780E-009
         117  1.434572633565741E-009
         118  1.548204303772795E-009
         119  5.834915764766210E-010
         120  8.074249017386592E-010
         121  6.585509886793915E-010
         122  8.397627956159194E-010
         123  7.155394353945225E-010
         124  1.678586531125245E-008
         125  6.581328053488895E-008
         126  5.474287800098129E-007
         127  2.832167006413262E-006
         128  2.396830333538949E-005
         129  1.249967787439671E-004
         130  3.328160672129522E-004
         131  1.122492768600527E-003
         132  1.047460557714687E-003
         133  3.151200392572087E-005
         134  7.898675349862568E-005
         135  8.521297779815845E-005
         136  2.148801453733443E-004
         137  1.148951440486069E-004
         138  8.249330599402717E-005
         139  1.395289587388026E-005
         140  3.319900093292562E-005
         141  2.443619151281196E-005
         142  9.895075296905405E-006
         143  1.883497850405229E-006
         144  9.532021235306449E-006
         145  5.052603203041676E-006
         146  1.866843124760234E-005
         147  1.238114491119480E-005
         148  2.127900049016024E-005
         149  1.474176777284662E-005
         150  1.665792797326831E-005
         151  1.437634107525590E-005
         152  5.691008415479162E-005
         153  2.931267179397321E-005
         154  3.052810815731397E-005
         155  1.069621619067001E-005
         156  2.671615672985397E-005
         157  1.381903811124625E-005
         158  4.714721464786956E-005
         159  4.670644779955392E-005
         160  6.104958948687032E-005
         161  2.845668906741530E-005
         162  1.260675726937021E-004
         163  4.686561307360769E-005
         164  6.978646335641773E-005
         165  3.583318472053658E-005
         166  4.285229287791791E-005
         167  2.023078567019021E-005
         168  1.483736618218795E-004
         169  7.800532540960730E-005
         170  4.320680307196278E-005
         171  1.467388613651167E-005
         172  4.424797566707790E-005
         173  2.250717063082304E-005
         174  5.368224332969407E-005
         175  3.071632905946953E-005
         176  2.499067226418233E-005
         177  1.107995526062198E-005
         178  2.216440235346450E-005
         179  6.658252293036265E-006
         180  1.021132723592734E-005
         181  5.512508490819959E-006
         182  1.360678610640104E-005
         183  7.243471781225059E-006
         184  1.315823526344998E-005
         185  4.116261481089837E-006
         186  1.537492624427466E-005
         187  4.363631780337508E-006
         188  1.339887824330669E-005
         189  1.107911812001148E-005
         190  2.346974341521741E-005
         191  2.736071169883524E-005
         192  9.562813886707161E-005
         193  1.223547663615104E-004
         194  3.050356982012691E-004
         195  2.215614731502173E-004
         196  4.362949497734826E-004
         197  2.340143854690860E-004
         198  1.751391459499863E-004
         199  1.421625846661433E-005
         200  2.524526015100958E-006
         201  8.733271683106904E-008
         202  1.025463654878656E-007
         203  2.523838155230853E-008
         204  8.670566842425345E-008
         205  7.660729723441287E-008
         206  2.270348466708020E-006
         207  1.504761976701784E-006
         208  2.493821593871154E-006
         209  1.596724955182332E-006
         226  6.985483459904071E-014
         227  5.316567185589240E-015
         230  3.291907901634681E-012
         231  7.981242319107041E-012
         232  6.079611970515121E-007
         234  1.071816938310821E-011
         235  1.715058799746516E-007
         236  1.713156388202295E-009
         238  1.950556519941147E-007
         240  3.322028414938165E-013
         244  4.055210224759913E-009
