           1  7.415617660391950E-005
           2  6.470609901488105E-012
           3  1.574717819390911E-008
           4  8.286836822786096E-005
           6  5.674563962362780E-015
           7  3.114017005274736E-012
           8  2.708281752318958E-013
           9  1.912633244112939E-009
          10  2.713051082138141E-014
          14  2.217384265619286E-015
          15  2.201954093520906E-012
          16  1.260532787593226E-009
          17  9.338528499377452E-011
          18  4.531187325786350E-010
          19  2.032289516607391E-010
          20  4.665112326576220E-009
          21  7.714154572419465E-010
          22  1.604131589648537E-009
          23  4.900820353522708E-009
          24  1.135887619353742E-008
          25  1.376927823535994E-008
          26  1.201141346253247E-008
          27  2.670863186429745E-009
          28  1.625661832342094E-009
          29  8.382797262921347E-010
          30  2.693350209803535E-009
          31  4.921615438217189E-010
          32  6.273644187381915E-010
          33  7.919612529871557E-010
          34  4.448262822850445E-009
          35  2.967033271474215E-010
          36  1.135985157225913E-009
          37  8.056689292712885E-010
          38  1.077644099078581E-009
          39  3.045312139366028E-010
          40  6.160681624291684E-010
          41  8.653394543647592E-010
          42  6.117572987073583E-009
          43  5.489761052631382E-010
          44  9.703159961471811E-010
          45  4.317755079863112E-009
          46  7.397954052542974E-009
          47  8.124110603561045E-009
          48  6.040319130965719E-009
          49  5.236111065548750E-010
          50  3.097970337228745E-009
          51  1.558612577708516E-009
          52  6.366875496526229E-009
          53  2.288076977721061E-010
          54  5.544026864216686E-010
          55  3.649743908064839E-010
          56  4.079907254237447E-010
          57  1.123683247461440E-010
          58  2.053214456799904E-010
          59  1.456345853754945E-010
          60  1.713570708954919E-010
          61  1.714044612060786E-010
          62  8.362606968484535E-010
          63  3.478567148386897E-010
          64  3.529950312810986E-010
          65  2.979110951256854E-010
          66  4.421274931952228E-010
          67  5.756741710818483E-010
          68  8.755024407338620E-010
          69  1.629670322771647E-010
          70  4.796272277633639E-010
          71  1.665474660296586E-010
          72  2.099709286068709E-010
          73  2.095068238075892E-010
          74  4.334442438686268E-010
          75  1.014729077347165E-009
          76  2.754324096246942E-009
          77  5.395933129107682E-009
          78  1.022467248085683E-008
          79  7.974935312376516E-009
          80  3.226510951501797E-008
          81  1.244513824766995E-008
          82  1.088195247908644E-008
          83  4.721427865004685E-009
          84  5.194734899595891E-009
          85  3.469197674341914E-009
          86  3.780693942481228E-009
          87  2.576486983526856E-009
          88  6.163250251030540E-009
          89  2.810024484942055E-009
          90  5.325252930767060E-009
          91  3.641674247193892E-009
          92  2.970176233759649E-009
          93  2.438293073698682E-009
          94  5.704425824922891E-009
          95  2.978543234975186E-009
          96  3.388378324042620E-009
          97  1.511053269256666E-009
          98  1.427084383939514E-009
          99  1.584637984959179E-009
         100  1.433599126382966E-009
         101  1.052975184907720E-009
         102  1.793478296090884E-009
         103  1.712742231905428E-009
         104  1.677258105205294E-009
         105  1.750945291580258E-009
         106  2.254783607095673E-009
         107  1.712780764616745E-009
         108  5.686944991519962E-009
         109  2.534599088941919E-009
         110  7.010494476390862E-009
         111  5.018347922120322E-009
         112  6.786519299787193E-009
         113  3.522169474473914E-009
         114  2.859760793652081E-009
         115  1.507083145239842E-009
         116  1.579195744567930E-009
         117  1.410055021602598E-009
         118  1.497310462453696E-009
         119  5.368470025192128E-010
         120  7.345508585358082E-010
         121  5.977923926038298E-010
         122  7.743052049809643E-010
         123  6.848792132479777E-010
         124  1.750352340002896E-008
         125  7.396555179121145E-008
         126  6.164369834503823E-007
         127  3.153730387419002E-006
         128  2.613895913768714E-005
         129  1.320033437838785E-004
         130  3.316177398092160E-004
         131  1.109330713557819E-003
         132  1.059311376877500E-003
         133  3.329207833181514E-005
         134  8.349016673010218E-005
         135  8.907873948108225E-005
         136  2.245077442719442E-004
         137  1.202427653434974E-004
         138  8.779551386263384E-005
         139  1.461412661164917E-005
         140  3.358651656079471E-005
         141  2.498738149968149E-005
         142  1.006939860245641E-005
         143  1.747787529449995E-006
         144  7.115457796161832E-006
         145  3.472968721625336E-006
         146  1.395629879161981E-005
         147  1.406944983966969E-005
         148  2.372967112847300E-005
         149  1.505806799253770E-005
         150  2.469644767263268E-005
         151  1.050295406864414E-005
         152  1.827168128035017E-005
         153  9.016300889682071E-006
         154  4.807574145413442E-005
         155  2.135733389616267E-005
         156  2.656189212782507E-005
         157  1.363371791225043E-005
         158  4.112346429976255E-005
         159  2.820650821907280E-005
         160  6.115776653900853E-005
         161  3.197992714221200E-005
         162  7.967847392467222E-005
         163  4.170852404763635E-005
         164  8.478707702869091E-005
         165  4.308576324259061E-005
         166  1.510096086104875E-004
         167  4.443872163555596E-005
         168  1.099010804442790E-004
         169  6.204365441805402E-005
         170  4.374387502831978E-005
         171  1.536457565570106E-005
         172  3.153522580531277E-005
         173  1.603397703218933E-005
         174  2.426661355060978E-005
         175  1.420663778978302E-005
         176  3.104256548445736E-005
         177  1.135294229424713E-005
         178  9.107838536636624E-006
         179  4.487195076663011E-006
         180  1.000905088303905E-005
         181  4.999325562675445E-006
         182  1.158309137442547E-005
         183  6.286336276060058E-006
         184  1.180204524801064E-005
         185  3.778600543489397E-006
         186  1.446723851638055E-005
         187  4.205877568000121E-006
         188  1.350343582032106E-005
         189  1.144977877778066E-005
         190  2.456064560454033E-005
         191  2.765786986513581E-005
         192  9.816077580916780E-005
         193  1.293372241652096E-004
         194  3.268572018459496E-004
         195  2.291418331000481E-004
         196  4.378202186675841E-004
         197  2.351572479333260E-004
         198  1.746598877763506E-004
         199  1.442777408322194E-005
         200  2.593161147514042E-006
         201  9.346192669551710E-008
         202  1.097225237114657E-007
         203  2.663143744325784E-008
         204  8.788364380476828E-008
         205  7.689919020596040E-008
         206  2.350168541995872E-006
         207  1.547911829220003E-006
         208  2.588650446055824E-006
         209  1.650053887895325E-006
         226  6.715629091171910E-014
         227  5.119077732435126E-015
         230  3.164739075909305E-012
         231  7.684770718905448E-012
         232  5.965482250736477E-007
         234  1.030411860917899E-011
         235  1.651351145415134E-007
         236  1.649206158190666E-009
         238  1.875205085586402E-007
         240  3.197283030729823E-013
         244  3.902933153540855E-009
