           1  7.425379685192003E-005
           2  6.470609901488105E-012
           3  1.574717819390911E-008
           4  8.274443294963417E-005
           6  5.674563962362780E-015
           7  3.114017005274736E-012
           8  2.708281752318958E-013
           9  1.912633244112939E-009
          10  2.713051082138141E-014
          14  2.156025619193587E-015
          15  2.139585768435761E-012
          16  1.228288426302468E-009
          17  9.159152939916960E-011
          18  4.580545713753835E-010
          19  2.104296690704875E-010
          20  4.576882503570027E-009
          21  7.557224714718952E-010
          22  1.594429952848669E-009
          23  4.835929682701235E-009
          24  1.122444829207989E-008
          25  1.363787622643213E-008
          26  1.218108658218668E-008
          27  2.681951020675154E-009
          28  1.613354493677261E-009
          29  8.448721722766906E-010
          30  2.690125282708797E-009
          31  4.842724698480088E-010
          32  6.409057231847087E-010
          33  7.709748157285272E-010
          34  4.388029552979174E-009
          35  2.992990367270025E-010
          36  1.178946763683822E-009
          37  8.222165437074946E-010
          38  1.099229218820852E-009
          39  3.060462033747376E-010
          40  6.170351969496899E-010
          41  8.688135957920455E-010
          42  5.976008378172703E-009
          43  5.254254321796442E-010
          44  9.570699634280663E-010
          45  4.273189143500578E-009
          46  7.395351771260986E-009
          47  8.192951984988079E-009
          48  6.114479192963056E-009
          49  5.230972012604678E-010
          50  3.121594597523742E-009
          51  1.566497381391817E-009
          52  6.363187638784825E-009
          53  2.213211554704470E-010
          54  5.345466865963166E-010
          55  3.493884522525613E-010
          56  3.979457033833367E-010
          57  1.079041752561129E-010
          58  2.031794943807050E-010
          59  1.428227877740638E-010
          60  1.676952061424933E-010
          61  1.697534897814852E-010
          62  8.243059917616181E-010
          63  3.432295378203253E-010
          64  3.567356848365947E-010
          65  3.031637579183425E-010
          66  4.419153286004433E-010
          67  5.799571438859267E-010
          68  8.674797318758846E-010
          69  1.620057630348799E-010
          70  4.782600774253047E-010
          71  1.651567037329009E-010
          72  2.062328556529332E-010
          73  2.096851484196074E-010
          74  4.282832494438023E-010
          75  9.995027258117106E-010
          76  2.736923485950945E-009
          77  5.452034685827627E-009
          78  1.024247542599669E-008
          79  7.908240189426666E-009
          80  3.177925533102823E-008
          81  1.247653061081883E-008
          82  1.093637336663454E-008
          83  4.714657338354838E-009
          84  5.165585523201825E-009
          85  3.440134442486488E-009
          86  3.723120704227498E-009
          87  2.482122343099166E-009
          88  6.010389761030511E-009
          89  2.771323337061432E-009
          90  5.252087626142553E-009
          91  3.498204034588204E-009
          92  2.899312844270558E-009
          93  2.415127432933058E-009
          94  5.672509157387965E-009
          95  2.947364047023500E-009
          96  3.480758162956611E-009
          97  1.539725298319120E-009
          98  1.435962564111107E-009
          99  1.589088328853466E-009
         100  1.416938623326118E-009
         101  1.045775936484500E-009
         102  1.766808320001928E-009
         103  1.671607410860340E-009
         104  1.624849977116019E-009
         105  1.698095972720061E-009
         106  2.168899148757467E-009
         107  1.660827943319198E-009
         108  5.547581201256290E-009
         109  2.495011276033272E-009
         110  6.988111370487859E-009
         111  5.005233762034935E-009
         112  6.734053026080630E-009
         113  3.454463892489007E-009
         114  2.779767756409812E-009
         115  1.473019218453771E-009
         116  1.535125349195742E-009
         117  1.365083807409620E-009
         118  1.460668363360791E-009
         119  5.347857958905862E-010
         120  7.433705426795038E-010
         121  6.063441296958498E-010
         122  7.772713642425531E-010
         123  6.852436693514908E-010
         124  1.727038567811496E-008
         125  7.319323130934623E-008
         126  6.049026184486265E-007
         127  3.108303144353753E-006
         128  2.586043762120292E-005
         129  1.303099066834337E-004
         130  3.283907434099555E-004
         131  1.095437305375581E-003
         132  1.055480402823506E-003
         133  3.415048741924001E-005
         134  8.611223098839556E-005
         135  8.756415156521668E-005
         136  2.231541387394635E-004
         137  1.200250071379705E-004
         138  8.782360663118053E-005
         139  1.445936118658970E-005
         140  3.384479174443185E-005
         141  2.566538328302324E-005
         142  1.018648358582896E-005
         143  1.694401577125504E-006
         144  6.311752374759957E-006
         145  2.665415968610070E-006
         146  9.322114721116050E-006
         147  7.768107750783159E-006
         148  1.184376986877575E-005
         149  1.025423325655962E-005
         150  4.590660177828604E-005
         151  2.123496734698580E-005
         152  2.476145750922887E-005
         153  1.050056042351873E-005
         154  6.255378087825813E-005
         155  3.509374448195798E-005
         156  7.342998372409953E-005
         157  2.736260891688123E-005
         158  3.710023845029135E-005
         159  2.887732046361338E-005
         160  5.069118357790830E-005
         161  2.580087916452211E-005
         162  5.619826567131761E-005
         163  7.521532737186530E-005
         164  1.044584999395874E-004
         165  3.825874927750251E-005
         166  4.818330503213784E-005
         167  2.465680311409326E-005
         168  1.604059969017314E-004
         169  5.493416873973966E-005
         170  4.240208069187696E-005
         171  1.841623616031463E-005
         172  2.225431966020106E-005
         173  1.151054412109452E-005
         174  3.633176542849222E-005
         175  2.524334586803638E-005
         176  1.524865999174007E-005
         177  5.120682228314211E-006
         178  1.609214601711820E-005
         179  5.391545219485494E-006
         180  8.611773862166205E-006
         181  4.497429900221942E-006
         182  1.082064458978223E-005
         183  5.867641383247588E-006
         184  1.098404779833198E-005
         185  3.522590848255284E-006
         186  1.356943504356478E-005
         187  3.943813540816507E-006
         188  1.279836050778097E-005
         189  1.104625060891819E-005
         190  2.364557700682435E-005
         191  2.726123730603175E-005
         192  9.756792519984475E-005
         193  1.286911530620101E-004
         194  3.235261722264578E-004
         195  2.298666166355608E-004
         196  4.458680686506611E-004
         197  2.376930245154516E-004
         198  1.755178472211848E-004
         199  1.432375346846516E-005
         200  2.568820737842238E-006
         201  9.377488643832138E-008
         202  1.119078868196532E-007
         203  2.725778417873919E-008
         204  8.563013842932759E-008
         205  7.394035830407198E-008
         206  2.348440083599322E-006
         207  1.531439554546716E-006
         208  2.571514850166223E-006
         209  1.651492926894444E-006
         226  6.617252339319831E-014
         227  5.096403247026266E-015
         230  3.118379048200721E-012
         231  7.650731731680815E-012
         232  5.945697408525771E-007
         234  1.015317434085986E-011
         235  1.644036636941395E-007
         236  1.617315144102451E-009
         238  1.847735345540900E-007
         240  3.134374356143156E-013
         244  3.826140342479155E-009
