           1  7.402542072580571E-005
           2  6.470609901488105E-012
           3  1.574717819390911E-008
           4  8.056998471991276E-005
           6  5.674563962362780E-015
           7  3.114017005274736E-012
           8  2.708281752318958E-013
           9  1.912633244112939E-009
          10  2.713051082138141E-014
          14  2.339572779199163E-015
          15  2.284145774515185E-012
          16  1.229865051627597E-009
          17  9.174301785330075E-011
          18  4.540133459391345E-010
          19  2.042417978723984E-010
          20  4.578125625466114E-009
          21  7.536476253331799E-010
          22  1.628368665481033E-009
          23  4.817836607946209E-009
          24  1.119497745358108E-008
          25  1.365605263076245E-008
          26  1.236778097215054E-008
          27  2.737358873963320E-009
          28  1.606892978053599E-009
          29  8.319900632290869E-010
          30  2.718814954612480E-009
          31  4.925366236889606E-010
          32  5.917198682471694E-010
          33  7.569179333926789E-010
          34  4.379284806826704E-009
          35  3.049872483402133E-010
          36  1.206254123947129E-009
          37  8.769529170413433E-010
          38  1.176564681729242E-009
          39  3.203625685667670E-010
          40  6.017773819429817E-010
          41  8.266038327917223E-010
          42  5.940549028751504E-009
          43  5.315066745429727E-010
          44  9.614617598011442E-010
          45  4.257196760726230E-009
          46  7.408115698176079E-009
          47  8.154126557931753E-009
          48  6.049830585293846E-009
          49  5.600616170724314E-010
          50  3.154970948392511E-009
          51  1.549131015859223E-009
          52  6.363940815441838E-009
          53  2.377253483539236E-010
          54  5.921689507418252E-010
          55  3.766121625028640E-010
          56  4.166876642491513E-010
          57  1.135527611794275E-010
          58  2.121831302014589E-010
          59  1.502047728589640E-010
          60  1.717865547901264E-010
          61  1.680799933512547E-010
          62  8.119476921119954E-010
          63  3.386090174098452E-010
          64  3.512311162049889E-010
          65  2.996139894371711E-010
          66  4.400695052253933E-010
          67  5.676150685729021E-010
          68  8.505797012481306E-010
          69  1.589352769510091E-010
          70  4.695284317250234E-010
          71  1.644581835841673E-010
          72  2.099588544388181E-010
          73  2.148876700031699E-010
          74  4.318452859386669E-010
          75  9.813806027190721E-010
          76  2.704943057333483E-009
          77  5.465034316552503E-009
          78  1.014620334205108E-008
          79  7.847559131371621E-009
          80  3.181987253817090E-008
          81  1.280161264528460E-008
          82  1.130829009147969E-008
          83  4.862689499310134E-009
          84  5.012421334516553E-009
          85  3.402487657302929E-009
          86  3.718054994506107E-009
          87  2.539180129454743E-009
          88  6.218692991932148E-009
          89  2.781847187251165E-009
          90  5.149144693499544E-009
          91  3.549411513012019E-009
          92  2.924658894504564E-009
          93  2.411932505259472E-009
          94  5.703113888946616E-009
          95  2.987059646371482E-009
          96  3.556018539274672E-009
          97  1.578030092173328E-009
          98  1.475505769750701E-009
          99  1.643302299085176E-009
         100  1.478671765366657E-009
         101  1.082596860491682E-009
         102  1.836756884718136E-009
         103  1.728810877632147E-009
         104  1.668238743932745E-009
         105  1.734845246598243E-009
         106  2.210044464703191E-009
         107  1.681442444269307E-009
         108  5.593328700713603E-009
         109  2.504934470444295E-009
         110  7.038831825116613E-009
         111  5.064447693834829E-009
         112  6.877311384427085E-009
         113  3.547605603597701E-009
         114  2.875382048419365E-009
         115  1.520541228813952E-009
         116  1.591932980012031E-009
         117  1.402981174099189E-009
         118  1.503571396972999E-009
         119  5.597293982570137E-010
         120  7.827958651931500E-010
         121  6.413222003631732E-010
         122  8.063357147958115E-010
         123  7.128202453240457E-010
         124  1.625423324159537E-008
         125  7.129737793676993E-008
         126  5.908100324934000E-007
         127  3.016728741525188E-006
         128  2.513442455438825E-005
         129  1.281366111727625E-004
         130  3.261888804392878E-004
         131  1.108440920177763E-003
         132  1.070299282036486E-003
         133  3.371975944311868E-005
         134  8.586346256931563E-005
         135  9.349880941464233E-005
         136  2.328484134716190E-004
         137  1.233529468757932E-004
         138  8.366529869602689E-005
         139  1.476901343508277E-005
         140  3.471863279982993E-005
         141  2.509399942361070E-005
         142  9.736342716590024E-006
         143  1.590869660107377E-006
         144  5.537611585579913E-006
         145  2.065805088035693E-006
         146  8.747230478281284E-006
         147  1.285745352980731E-005
         148  1.475310896845358E-005
         149  8.458749660082195E-006
         150  3.084822561785150E-005
         151  1.291090372208607E-005
         152  3.346443548956873E-005
         153  2.322556259828168E-005
         154  5.682126113494608E-005
         155  2.679585142459874E-005
         156  3.357060640714361E-005
         157  1.328744343451049E-005
         158  2.222343353555980E-005
         159  1.118703677339536E-005
         160  2.386774816597049E-005
         161  1.771958480896922E-005
         162  2.065611747599856E-004
         163  1.326085178235015E-004
         164  1.005226597410965E-004
         165  2.552551519072136E-005
         166  4.429418832256243E-005
         167  1.463257668728531E-005
         168  7.824805378382710E-005
         169  2.584895122646617E-005
         170  1.906562115097982E-005
         171  1.040672097499993E-005
         172  2.182727738095523E-005
         173  1.589795722512806E-005
         174  3.109233641674698E-005
         175  1.991984128363556E-005
         176  3.165163799239218E-005
         177  1.571667251841590E-005
         178  1.669375466409565E-005
         179  7.276686275048050E-006
         180  1.359558493273814E-005
         181  6.068103678439328E-006
         182  1.249968059800105E-005
         183  6.437637282732141E-006
         184  1.157523186676734E-005
         185  3.675584589771034E-006
         186  1.401716478325147E-005
         187  4.091898081703968E-006
         188  1.318836875787647E-005
         189  1.119853690337705E-005
         190  2.395895567158210E-005
         191  2.750549536976033E-005
         192  9.872803346949005E-005
         193  1.306732335600349E-004
         194  3.304173473992408E-004
         195  2.342888864302417E-004
         196  4.517792081254198E-004
         197  2.418181810496805E-004
         198  1.792138874658437E-004
         199  1.469673410019379E-005
         200  2.524396411138923E-006
         201  8.281311512991484E-008
         202  9.537382550140976E-008
         203  2.353391056497602E-008
         204  7.364966272842356E-008
         205  6.458228396441505E-008
         206  2.120093372430056E-006
         207  1.395274631291928E-006
         208  2.321787529972152E-006
         209  1.496455582994747E-006
         226  6.091154118670809E-014
         227  4.682938104613475E-015
         230  2.870455350502316E-012
         231  7.030036953094123E-012
         232  5.494603286941590E-007
         234  9.345956075519422E-012
         235  1.510657897215207E-007
         236  1.455922915053529E-009
         238  1.700832941389980E-007
         240  2.819600741889841E-013
         244  3.441895230888670E-009
