           1  7.446718692535921E-005
           2  6.470609901488105E-012
           3  1.574717819390911E-008
           4  8.256687835232045E-005
           6  5.674563962362780E-015
           7  3.114017005274736E-012
           8  2.708281752318958E-013
           9  1.912633244112939E-009
          10  2.713051082138141E-014
          14  2.169787191386079E-015
          15  2.015900487685113E-012
          16  1.270093169507213E-009
          17  9.395586192500201E-011
          18  4.480318852648160E-010
          19  1.964637895240481E-010
          20  4.593121082602543E-009
          21  7.799003080824248E-010
          22  1.766764991660642E-009
          23  4.819241517833072E-009
          24  1.124516548966975E-008
          25  1.349011755806388E-008
          26  1.212614002492660E-008
          27  2.839808935271867E-009
          28  1.698510788942630E-009
          29  8.228003104453650E-010
          30  2.781795019863593E-009
          31  5.234908642198843E-010
          32  5.821188773781253E-010
          33  7.275593572483432E-010
          34  4.411040895114462E-009
          35  3.003521572485451E-010
          36  1.138454587713071E-009
          37  7.623195767368184E-010
          38  1.001432879468175E-009
          39  3.026395865164635E-010
          40  6.223174625486992E-010
          41  8.638510493854178E-010
          42  6.278239840646378E-009
          43  5.674627194961711E-010
          44  9.116522808293634E-010
          45  4.021879853402653E-009
          46  7.189410346888043E-009
          47  8.209839778821647E-009
          48  6.256082584592717E-009
          49  5.086432924491638E-010
          50  3.165290117935874E-009
          51  1.616564944199160E-009
          52  6.357274598717036E-009
          53  2.095073520113078E-010
          54  4.860396884711484E-010
          55  3.511633256614960E-010
          56  4.194955974592620E-010
          57  1.168072274615971E-010
          58  2.058212725953946E-010
          59  1.488210773336705E-010
          60  1.660466854470774E-010
          61  1.583318040973080E-010
          62  8.108611449174110E-010
          63  3.397155010899372E-010
          64  3.447429626522652E-010
          65  2.963529422617092E-010
          66  4.391942324033395E-010
          67  5.716031140763195E-010
          68  9.034060537124876E-010
          69  1.681095938546590E-010
          70  4.980978115741309E-010
          71  1.749898940581015E-010
          72  2.176036311875111E-010
          73  2.051190795994746E-010
          74  4.212063416861052E-010
          75  9.525333810460102E-010
          76  2.695420883223961E-009
          77  5.296913698227152E-009
          78  1.032830359607225E-008
          79  7.892217751256229E-009
          80  3.276144067657537E-008
          81  1.192973249160594E-008
          82  1.101385460363967E-008
          83  4.905967866193252E-009
          84  5.230655451153700E-009
          85  3.495365280177563E-009
          86  3.777977646610708E-009
          87  2.412686302288738E-009
          88  5.922525219426138E-009
          89  2.789901066323872E-009
          90  5.267299541579766E-009
          91  3.481850058274182E-009
          92  2.833538780054100E-009
          93  2.365548429347407E-009
          94  5.756256962895226E-009
          95  2.934197247868519E-009
          96  3.309944344001692E-009
          97  1.468658468578752E-009
          98  1.394274238071891E-009
          99  1.575897509644066E-009
         100  1.426435187515080E-009
         101  1.057900807861738E-009
         102  1.780864552348891E-009
         103  1.693276128591440E-009
         104  1.633967204813298E-009
         105  1.703212872329480E-009
         106  2.163415822837771E-009
         107  1.626589393501508E-009
         108  5.297803435637826E-009
         109  2.395026390272851E-009
         110  6.880774857807637E-009
         111  4.889985237448098E-009
         112  6.736820030906308E-009
         113  3.499203797074565E-009
         114  2.869886159442020E-009
         115  1.548436248253408E-009
         116  1.646149313053216E-009
         117  1.444310716470614E-009
         118  1.544195771088422E-009
         119  5.727592836486255E-010
         120  7.852253664721156E-010
         121  6.358169327781025E-010
         122  8.221419604243112E-010
         123  6.985507816353321E-010
         124  1.682498873754359E-008
         125  6.475285158257576E-008
         126  5.439385495117338E-007
         127  2.806363943286879E-006
         128  2.377470663878848E-005
         129  1.239183467466957E-004
         130  3.296569782096453E-004
         131  1.126629892556153E-003
         132  1.044303360297971E-003
         133  3.227517190943570E-005
         134  8.081111474353132E-005
         135  8.212610299650647E-005
         136  2.167834802443549E-004
         137  1.174678982785268E-004
         138  8.334712923730821E-005
         139  1.362021503622975E-005
         140  3.263641291486580E-005
         141  2.510033947329766E-005
         142  1.003795458396153E-005
         143  1.917128162296823E-006
         144  9.911801407167699E-006
         145  5.327027110912201E-006
         146  1.969876312868798E-005
         147  1.228344329089561E-005
         148  1.128538728136442E-005
         149  8.799296440678618E-006
         150  4.513502985392225E-005
         151  1.725710823335310E-005
         152  2.178383104450118E-005
         153  8.737679958946190E-006
         154  3.466458150772065E-005
         155  2.005961040154046E-005
         156  5.641051337898878E-005
         157  2.119271039056801E-005
         158  2.711210756188848E-005
         159  2.159899699413243E-005
         160  3.848427402225508E-005
         161  2.277258086905777E-005
         162  1.553432932164496E-004
         163  1.118065554168975E-004
         164  9.920974470427526E-005
         165  2.811316236176068E-005
         166  6.637824676028868E-005
         167  1.806064043901312E-005
         168  7.719504215603060E-005
         169  5.129462239241251E-005
         170  4.533286081421883E-005
         171  2.303460348253663E-005
         172  4.707392984428949E-005
         173  3.389474476931410E-005
         174  5.986968176001397E-005
         175  2.437433620502094E-005
         176  2.164674896864782E-005
         177  1.049554278769414E-005
         178  1.890916346518664E-005
         179  6.609671447476709E-006
         180  1.085077276714635E-005
         181  5.767333404595437E-006
         182  1.398184940616067E-005
         183  7.525016816053104E-006
         184  1.367923554179742E-005
         185  4.285084201990603E-006
         186  1.613407096059521E-005
         187  4.572967465601139E-006
         188  1.386125449681018E-005
         189  1.140739860093621E-005
         190  2.379124858071885E-005
         191  2.784165611140080E-005
         192  9.622551847758142E-005
         193  1.232503863248443E-004
         194  3.066975787562293E-004
         195  2.204420653879786E-004
         196  4.325211166406066E-004
         197  2.335786274364964E-004
         198  1.759630420075609E-004
         199  1.419740093612359E-005
         200  2.517569727899178E-006
         201  8.460904524507239E-008
         202  9.993671716923682E-008
         203  2.512879528997204E-008
         204  8.701975202532001E-008
         205  7.688421110643309E-008
         206  2.290066547155113E-006
         207  1.525778380921142E-006
         208  2.534392234900878E-006
         209  1.611934726735659E-006
         210  1.004743866673249E-015
         226  7.115499941749827E-014
         227  5.357952464831949E-015
         230  3.353178146763379E-012
         231  8.043369991070874E-012
         232  6.099464046674237E-007
         234  1.091766003869667E-011
         235  1.728409178829012E-007
         236  1.737551762040385E-009
         238  1.986861021672448E-007
         240  3.370767188162713E-013
         244  4.114705793983129E-009
