           1  7.459686432026967E-005
           2  6.470609901488105E-012
           3  1.574717819390911E-008
           4  8.403625091071712E-005
           6  5.674563962362780E-015
           7  3.114017005274736E-012
           8  2.708281752318958E-013
           9  1.912633244112939E-009
          10  2.713051082138141E-014
          14  1.869307305045895E-015
          15  1.938516089336437E-012
          16  1.192750932716304E-009
          17  8.980549560593746E-011
          18  4.521385761582107E-010
          19  2.018598122545822E-010
          20  4.358736007074802E-009
          21  7.513927701907029E-010
          22  1.760102897512611E-009
          23  4.634211867242126E-009
          24  1.088569140952953E-008
          25  1.303502426407330E-008
          26  1.231043008077528E-008
          27  2.966029626336703E-009
          28  1.733973880389280E-009
          29  8.075833071088525E-010
          30  2.778310320982944E-009
          31  5.307715358418810E-010
          32  5.904360070222098E-010
          33  6.748618692587950E-010
          34  4.510134849517446E-009
          35  3.096944365633427E-010
          36  1.163399857453291E-009
          37  7.999529997763812E-010
          38  1.044717261844693E-009
          39  2.993591049944831E-010
          40  5.975100424613987E-010
          41  8.275702073035717E-010
          42  6.076312527004413E-009
          43  5.504351131973942E-010
          44  8.565215466121021E-010
          45  3.793270456512352E-009
          46  7.126237894089241E-009
          47  8.375511723156203E-009
          48  6.454551967378180E-009
          49  5.157635481514967E-010
          50  3.175092798731471E-009
          51  1.613771065811158E-009
          52  6.426638954232102E-009
          53  2.165820326549491E-010
          54  5.158157791914214E-010
          55  3.661307703766439E-010
          56  4.131337304837671E-010
          57  1.141312529130647E-010
          58  1.988963979482177E-010
          59  1.437284499870749E-010
          60  1.584820594079579E-010
          61  1.479794668575337E-010
          62  7.648927302775679E-010
          63  3.269366112818765E-010
          64  3.418062585459089E-010
          65  2.963498019616075E-010
          66  4.377856147297043E-010
          67  5.765592587469051E-010
          68  9.238819720576145E-010
          69  1.739988479697793E-010
          70  5.105186018673057E-010
          71  1.790565192723559E-010
          72  2.199583525950593E-010
          73  2.012187898086898E-010
          74  4.043462408398432E-010
          75  8.893937531549262E-010
          76  2.618819819492306E-009
          77  5.287218862501075E-009
          78  1.029608091446706E-008
          79  7.648927848728386E-009
          80  3.167947247444200E-008
          81  1.185909588883734E-008
          82  1.089869099338911E-008
          83  4.775436845894785E-009
          84  5.009532462799125E-009
          85  3.357637132473364E-009
          86  3.602103699480101E-009
          87  2.240940611753855E-009
          88  5.647765361252590E-009
          89  2.788867185724770E-009
          90  5.209570429383070E-009
          91  3.231877979312472E-009
          92  2.613813457123941E-009
          93  2.230413204683115E-009
          94  5.609197774454548E-009
          95  2.866023941345034E-009
          96  3.299320227280379E-009
          97  1.463867679050118E-009
          98  1.380786769240783E-009
          99  1.546092995470786E-009
         100  1.403751194211087E-009
         101  1.059621609835575E-009
         102  1.734425265682715E-009
         103  1.624582919874245E-009
         104  1.542519566015409E-009
         105  1.562349430270341E-009
         106  1.956030626505828E-009
         107  1.478596906730948E-009
         108  4.716318872876632E-009
         109  2.176769700118432E-009
         110  6.528226756554584E-009
         111  4.680826821573550E-009
         112  6.506756478106440E-009
         113  3.397009203227112E-009
         114  2.826375818360162E-009
         115  1.542990452603601E-009
         116  1.658527440535087E-009
         117  1.471975048663358E-009
         118  1.590856634941170E-009
         119  5.953039663317386E-010
         120  8.210110072979805E-010
         121  6.634636002110485E-010
         122  8.601444591376560E-010
         123  6.990159747328410E-010
         124  1.566002276145324E-008
         125  5.302663669934399E-008
         126  4.506770444214210E-007
         127  2.392649351420577E-006
         128  2.090740473131421E-005
         129  1.123233103979142E-004
         130  3.155821954316531E-004
         131  1.089672936920093E-003
         132  1.050867348906376E-003
         133  3.344223971946183E-005
         134  8.528125908901894E-005
         135  8.252227489927204E-005
         136  2.142387335594663E-004
         137  1.170764632427942E-004
         138  9.022075717592369E-005
         139  1.355778865435103E-005
         140  3.373531110283491E-005
         141  2.577736684745749E-005
         142  1.058013896812066E-005
         143  1.875613493052839E-006
         144  7.570259171324512E-006
         145  3.237069869824120E-006
         146  1.145338089485422E-005
         147  9.053879668669915E-006
         148  1.650140849550284E-005
         149  1.263638036141510E-005
         150  7.600512707005523E-005
         151  2.840252181049994E-005
         152  4.537829524224116E-005
         153  2.772445425637568E-005
         154  3.983004783027861E-005
         155  1.782803719698208E-005
         156  3.977341676398474E-005
         157  1.646576048464476E-005
         158  3.461525872619624E-005
         159  3.362582162551183E-005
         160  4.788711676787821E-005
         161  2.432694514031558E-005
         162  8.759440182853432E-005
         163  1.074362345203965E-004
         164  1.355527726873621E-004
         165  7.372766234864232E-005
         166  1.519240858548079E-004
         167  3.073819170872362E-005
         168  5.262528551752294E-005
         169  3.784037198958635E-005
         170  3.268270427499561E-005
         171  1.478919117728432E-005
         172  3.167838479144987E-005
         173  1.530043043645144E-005
         174  2.831352263761706E-005
         175  1.347664938125914E-005
         176  2.376500563553832E-005
         177  1.387867372550371E-005
         178  2.386595699619590E-005
         179  7.036044874073205E-006
         180  9.857250286221045E-006
         181  4.998215437819284E-006
         182  1.140686257150544E-005
         183  5.794405496016907E-006
         184  9.978379599569626E-006
         185  3.058661146104281E-006
         186  1.134717627836395E-005
         187  3.214040716544950E-006
         188  9.669978576609729E-006
         189  8.124059540268649E-006
         190  1.772881674742607E-005
         191  2.298739867641178E-005
         192  8.224680750600146E-005
         193  1.081013458720715E-004
         194  2.769631108752661E-004
         195  2.189201335947566E-004
         196  4.604495571471726E-004
         197  2.527746798947141E-004
         198  1.960769601175048E-004
         199  1.590060527418214E-005
         200  2.872658198645026E-006
         201  9.708717893502377E-008
         202  1.166355764492708E-007
         203  2.948779434478066E-008
         204  8.480805558825421E-008
         205  7.136604606890393E-008
         206  2.409756085269731E-006
         207  1.574456637835970E-006
         208  2.633520026008356E-006
         209  1.734487150121113E-006
         210  1.116233003334684E-015
         226  7.905055341623509E-014
         227  5.945451110064035E-015
         230  3.725255995711318E-012
         231  8.925324245773798E-012
         232  6.757270618872784E-007
         234  1.212911355680579E-011
         235  1.917928973495685E-007
         236  1.863735163385510E-009
         238  2.207328572976262E-007
         240  3.609039385993003E-013
         244  4.405565393067983E-009
