           1  7.431420289822621E-005
           2  6.470609901488105E-012
           3  1.574717819390911E-008
           4  8.280357554451070E-005
           6  5.674563962362780E-015
           7  3.114017005274736E-012
           8  2.708281752318958E-013
           9  1.912633244112939E-009
          10  2.713051082138141E-014
          14  2.188618427252967E-015
          15  2.104410266293845E-012
          16  1.221391599055283E-009
          17  9.108192555005990E-011
          18  4.592014566896284E-010
          19  2.136700851339861E-010
          20  4.520945618923722E-009
          21  7.352980490405599E-010
          22  1.710544526583377E-009
          23  4.767624336268494E-009
          24  1.110620195169359E-008
          25  1.360379052911794E-008
          26  1.239104793479129E-008
          27  2.608833288323060E-009
          28  1.588978252132781E-009
          29  8.940620625703830E-010
          30  2.856091813616751E-009
          31  4.869332821765446E-010
          32  6.089838406724648E-010
          33  7.668270897143927E-010
          34  4.275800146325251E-009
          35  3.007142804316646E-010
          36  1.244228415851982E-009
          37  7.848343001204383E-010
          38  1.044443005515316E-009
          39  2.964459890721561E-010
          40  6.231432965252504E-010
          41  8.965990016313905E-010
          42  6.014938969431679E-009
          43  5.137943447183697E-010
          44  9.773375204524049E-010
          45  4.259173151166278E-009
          46  7.346593222338549E-009
          47  8.161703670877982E-009
          48  6.103993913072418E-009
          49  5.142537631342480E-010
          50  3.172876649236619E-009
          51  1.595537567816706E-009
          52  6.415108929130436E-009
          53  2.123338184869409E-010
          54  5.107248854654797E-010
          55  3.308863009152190E-010
          56  4.032862720955792E-010
          57  1.062996113395988E-010
          58  2.259215068612100E-010
          59  1.540673351820689E-010
          60  1.700966762196842E-010
          61  1.693693725670850E-010
          62  8.049212112668421E-010
          63  3.372804697226548E-010
          64  3.742849531117123E-010
          65  3.204849391888069E-010
          66  4.442874083664403E-010
          67  5.736233102268441E-010
          68  8.219003094967597E-010
          69  1.560445640851581E-010
          70  4.735967779988411E-010
          71  1.631949201808233E-010
          72  2.049131359574124E-010
          73  2.212063419991313E-010
          74  4.272144395895127E-010
          75  9.791413889636318E-010
          76  2.697567907776861E-009
          77  5.582882406923053E-009
          78  1.028573738154654E-008
          79  7.912617343006131E-009
          80  3.174955315896941E-008
          81  1.230605693384970E-008
          82  1.116652373187295E-008
          83  4.889499380897827E-009
          84  5.208764452735666E-009
          85  3.542913128612187E-009
          86  3.813568255517968E-009
          87  2.412488463570702E-009
          88  5.934122639301799E-009
          89  2.687427802900269E-009
          90  5.095161597800722E-009
          91  3.460245186271872E-009
          92  2.883324452312230E-009
          93  2.383982928551474E-009
          94  5.498286927635197E-009
          95  2.877748175074817E-009
          96  3.711224627890493E-009
          97  1.622190296045654E-009
          98  1.478444328543947E-009
          99  1.614551082725512E-009
         100  1.402192807095466E-009
         101  1.033797795950741E-009
         102  1.776919659087979E-009
         103  1.678746503919229E-009
         104  1.631666552006047E-009
         105  1.719481143247746E-009
         106  2.142237548108695E-009
         107  1.640866423027851E-009
         108  5.548287866249535E-009
         109  2.516066368018046E-009
         110  7.039000081019286E-009
         111  5.008538566202667E-009
         112  6.653161724999276E-009
         113  3.363790702203752E-009
         114  2.662401613747063E-009
         115  1.395303839626304E-009
         116  1.465055854374682E-009
         117  1.366947246327820E-009
         118  1.486558310034600E-009
         119  5.357810808658436E-010
         120  7.672426740870634E-010
         121  6.277853829006330E-010
         122  8.030676081458914E-010
         123  7.109258483691676E-010
         124  1.871077370290479E-008
         125  7.990865533806945E-008
         126  6.472835663794176E-007
         127  3.302572380316477E-006
         128  2.715959452841913E-005
         129  1.338867022882917E-004
         130  3.292681195582331E-004
         131  1.104091015219501E-003
         132  1.044930470699963E-003
         133  3.398676764796752E-005
         134  8.551994471119642E-005
         135  8.346674919711865E-005
         136  2.240697745931306E-004
         137  1.214940897635963E-004
         138  8.478030060141355E-005
         139  1.438083839583704E-005
         140  3.346707219618384E-005
         141  2.508223863900491E-005
         142  9.589565605508895E-006
         143  1.744875614589748E-006
         144  8.449712046737971E-006
         145  4.337663425938455E-006
         146  1.560422687438280E-005
         147  1.004048587265618E-005
         148  8.398932897917031E-006
         149  7.690198943875228E-006
         150  4.250155810099085E-005
         151  2.407858114208914E-005
         152  2.990662534785814E-005
         153  1.079223989284706E-005
         154  4.604872004315589E-005
         155  2.755129477971087E-005
         156  3.435921423513308E-005
         157  1.678890353347667E-005
         158  4.003971137857290E-005
         159  1.975528991686792E-005
         160  7.488273620218433E-005
         161  4.610825413009095E-005
         162  1.303182156523307E-004
         163  5.702903655377846E-005
         164  7.737525126455678E-005
         165  5.210703588354190E-005
         166  1.007011075866995E-004
         167  2.525351180633299E-005
         168  8.582152312853381E-005
         169  2.750166151604122E-005
         170  2.552737640694476E-005
         171  1.684465510212390E-005
         172  5.082016616396825E-005
         173  3.598065776627327E-005
         174  4.183973643452564E-005
         175  1.900719817446577E-005
         176  1.442650685374442E-005
         177  4.972038219867923E-006
         178  9.482066595321934E-006
         179  6.290782488964350E-006
         180  1.385695943194980E-005
         181  6.362970884452353E-006
         182  1.329292036524466E-005
         183  6.792560164167496E-006
         184  1.208559853087687E-005
         185  3.792177402628519E-006
         186  1.429991857866075E-005
         187  4.268323294429127E-006
         188  1.435487476766262E-005
         189  1.249170207881740E-005
         190  2.591339289162705E-005
         191  2.891617488440734E-005
         192  1.029363676015727E-004
         193  1.347873713106900E-004
         194  3.303125853661302E-004
         195  2.295074998121078E-004
         196  4.383768959347171E-004
         197  2.276184018941878E-004
         198  1.632098982022273E-004
         199  1.305890593838048E-005
         200  2.280081833897478E-006
         201  8.174635652542803E-008
         202  9.970313330383480E-008
         203  2.504043361920111E-008
         204  8.166419787579310E-008
         205  7.148235197650362E-008
         206  2.315644500927078E-006
         207  1.514059362995508E-006
         208  2.512394340998499E-006
         209  1.619042000019393E-006
         226  6.808998696704167E-014
         227  5.279389715530698E-015
         230  3.208739486759662E-012
         231  7.925431419518889E-012
         232  6.090096222546966E-007
         234  1.044738016767711E-011
         235  1.703065807849593E-007
         236  1.701737066043166E-009
         238  1.901276680184062E-007
         240  3.302070053356480E-013
         244  4.030846991865347E-009
