           1  7.477919519071028E-005
           2  6.470609901488105E-012
           3  1.574717819390911E-008
           4  8.222422026203518E-005
           6  5.674563962362780E-015
           7  3.114017005274736E-012
           8  2.708281752318958E-013
           9  1.912633244112939E-009
          10  2.713051082138141E-014
          14  1.842772066714804E-015
          15  1.853325913044985E-012
          16  1.180267975636682E-009
          17  8.879605880367951E-011
          18  4.470473856693360E-010
          19  1.990862004503755E-010
          20  4.565683047035843E-009
          21  7.476044520217385E-010
          22  1.438961442383978E-009
          23  4.841134126440873E-009
          24  1.119544100142914E-008
          25  1.368740781479511E-008
          26  1.196568793508962E-008
          27  2.629419260819354E-009
          28  1.547556967314762E-009
          29  7.892815208370390E-010
          30  2.493452108963417E-009
          31  4.544553951445115E-010
          32  6.230819474702342E-010
          33  7.847663271424432E-010
          34  4.392253987192387E-009
          35  2.918537781960638E-010
          36  1.127379361921927E-009
          37  8.851464410358683E-010
          38  1.201347790364230E-009
          39  3.173680463408308E-010
          40  5.929566461542277E-010
          41  8.142127183494847E-010
          42  5.781409870092905E-009
          43  5.124982848578590E-010
          44  9.736167074974912E-010
          45  4.414586102632412E-009
          46  7.468203000097236E-009
          47  8.073186031970079E-009
          48  5.939660460959487E-009
          49  5.647008487013609E-010
          50  3.096726856502851E-009
          51  1.510072814822051E-009
          52  6.315695596393217E-009
          53  2.479683865698205E-010
          54  6.338680806364864E-010
          55  3.877188884781805E-010
          56  3.983199139258214E-010
          57  1.083246544964151E-010
          58  1.970445146085397E-010
          59  1.403444658512114E-010
          60  1.718843843662304E-010
          61  1.750788699654079E-010
          62  8.329951775351598E-010
          63  3.460768067256728E-010
          64  3.476716487668875E-010
          65  2.941941985402334E-010
          66  4.408096053017124E-010
          67  5.776418641035078E-010
          68  8.690390571444138E-010
          69  1.621744541120844E-010
          70  4.721402652511146E-010
          71  1.641888876891892E-010
          72  2.101147833122099E-010
          73  2.135205942525746E-010
          74  4.472516980951058E-010
          75  1.057820874711010E-009
          76  2.834090575131540E-009
          77  5.537918397059459E-009
          78  1.007016370688320E-008
          79  7.784333569071951E-009
          80  3.097425714811562E-008
          81  1.258953207482485E-008
          82  1.054495700880435E-008
          83  4.397429561235591E-009
          84  4.792467485430899E-009
          85  3.214562568665934E-009
          86  3.518553318141709E-009
          87  2.520766895214830E-009
          88  6.041090004718035E-009
          89  2.726333258071884E-009
          90  5.069537682920755E-009
          91  3.402331131336235E-009
          92  2.809841534903352E-009
          93  2.329041074328942E-009
          94  5.493843267715730E-009
          95  2.837679026107877E-009
          96  3.249396272861636E-009
          97  1.445582537813820E-009
          98  1.376642103244655E-009
          99  1.531349105896366E-009
         100  1.374868031057458E-009
         101  1.017737764473754E-009
         102  1.707304570159360E-009
         103  1.618826363407013E-009
         104  1.556020912013911E-009
         105  1.619879869235415E-009
         106  2.112582219486421E-009
         107  1.624290399707495E-009
         108  5.414124554428036E-009
         109  2.429066909766547E-009
         110  6.731315613641229E-009
         111  4.796405258688830E-009
         112  6.405905133686657E-009
         113  3.291042569489067E-009
         114  2.646566950299112E-009
         115  1.406646865801808E-009
         116  1.449062811836875E-009
         117  1.252480912633772E-009
         118  1.329749095323211E-009
         119  4.972229948969379E-010
         120  6.871293870871557E-010
         121  5.595723164622545E-010
         122  7.327767259939942E-010
         123  6.432123149372034E-010
         124  1.674812825007156E-008
         125  6.938592710934286E-008
         126  5.831214873816524E-007
         127  3.043794423110015E-006
         128  2.553686404974423E-005
         129  1.282140032728990E-004
         130  3.184332236890016E-004
         131  1.064624065065448E-003
         132  1.030109758248775E-003
         133  3.356050793998743E-005
         134  8.561435245231160E-005
         135  9.007877161088368E-005
         136  2.141995874503650E-004
         137  1.138349644549955E-004
         138  8.847193157780753E-005
         139  1.451935972683993E-005
         140  3.426143646146098E-005
         141  2.570932298783137E-005
         142  1.042958545457279E-005
         143  2.051727211160063E-006
         144  1.072659942359631E-005
         145  6.655106570222813E-006
         146  2.644958251485272E-005
         147  1.804313940254913E-005
         148  1.846238074985286E-005
         149  1.272235043287350E-005
         150  2.880287016449810E-005
         151  1.683473048945206E-005
         152  5.126072911270593E-005
         153  3.271143896993606E-005
         154  5.357559937676633E-005
         155  2.452069214083588E-005
         156  3.036254940618089E-005
         157  1.532563471233325E-005
         158  5.084068662445570E-005
         159  4.932097275476628E-005
         160  7.677630720227611E-005
         161  2.596309735058044E-005
         162  6.087878630769233E-005
         163  8.198263157241489E-005
         164  1.233969357343548E-004
         165  4.053376124816975E-005
         166  5.975435056467365E-005
         167  2.472785379589556E-005
         168  1.432881644964221E-004
         169  8.942095679410371E-005
         170  5.986717284503435E-005
         171  1.958519431017607E-005
         172  2.544506299145340E-005
         173  1.979439922738393E-005
         174  3.608019222724252E-005
         175  1.727547513392098E-005
         176  1.436307734805403E-005
         177  5.905996863016335E-006
         178  1.116004101150953E-005
         179  6.329630494081471E-006
         180  1.340656246124839E-005
         181  6.055744370070182E-006
         182  1.282263158867763E-005
         183  6.681202125904500E-006
         184  1.216268412131271E-005
         185  3.840149350860475E-006
         186  1.463849636126799E-005
         187  4.203908779085158E-006
         188  1.337581781629537E-005
         189  1.143087432062658E-005
         190  2.433569728228904E-005
         191  2.781725969546382E-005
         192  9.810906177318564E-005
         193  1.285894962766901E-004
         194  3.207522094865630E-004
         195  2.216444880509025E-004
         196  4.173458126264414E-004
         197  2.218634328654463E-004
         198  1.614175019777331E-004
         199  1.317089821772544E-005
         200  2.366456763292382E-006
         201  8.752578307354972E-008
         202  1.070535768529054E-007
         203  2.642212763631953E-008
         204  6.994579906752471E-008
         205  5.791083304043146E-008
         206  2.195526556503047E-006
         207  1.408004471605433E-006
         208  2.400450165739026E-006
         209  1.572733066085793E-006
         226  6.751626998440310E-014
         227  5.100451199192977E-015
         230  3.181703083634660E-012
         231  7.656808526351301E-012
         232  5.940302300167254E-007
         234  1.035935196128049E-011
         235  1.645342456230821E-007
         236  1.647816035012946E-009
         238  1.885256781096043E-007
         240  3.195521824745192E-013
         244  3.900783244020313E-009
