           1  7.462051632593150E-005
           2  6.470609901488105E-012
           3  1.574717819390911E-008
           4  8.042809382400465E-005
           6  5.674563962362780E-015
           7  3.114017005274736E-012
           8  2.708281752318958E-013
           9  1.912633244112939E-009
          10  2.713051082138141E-014
          14  1.878609353561367E-015
          15  1.935143740597599E-012
          16  1.223672147197058E-009
          17  9.112467719394355E-011
          18  4.515845933296488E-010
          19  2.044854081245047E-010
          20  4.576573238939703E-009
          21  7.452511484731746E-010
          22  1.632116733413532E-009
          23  4.827432563916237E-009
          24  1.120100920252230E-008
          25  1.367828364508609E-008
          26  1.198433352191362E-008
          27  2.509961444858692E-009
          28  1.552150662922158E-009
          29  8.573751675177848E-010
          30  2.720354683087943E-009
          31  4.580844975483245E-010
          32  6.128427505416434E-010
          33  8.090972088878550E-010
          34  4.385858030109550E-009
          35  2.890729227267921E-010
          36  1.172904065426821E-009
          37  7.592056189480197E-010
          38  1.016833439993541E-009
          39  2.843924958955819E-010
          40  6.142724740308536E-010
          41  9.009427148102712E-010
          42  6.153965929516874E-009
          43  5.058569784312324E-010
          44  9.904210050587718E-010
          45  4.379813631387667E-009
          46  7.369548739847472E-009
          47  8.098709369450659E-009
          48  5.998888495255664E-009
          49  5.027886998445137E-010
          50  3.119704417941556E-009
          51  1.564626801276781E-009
          52  6.224084819685442E-009
          53  2.135924114818170E-010
          54  5.350372096165107E-010
          55  3.454148120344418E-010
          56  4.033415398652345E-010
          57  1.033489543978020E-010
          58  2.183710295064053E-010
          59  1.497133618479911E-010
          60  1.688376051163316E-010
          61  1.759636194647779E-010
          62  8.366129303136737E-010
          63  3.429775004915340E-010
          64  3.726322507254114E-010
          65  3.209304699554624E-010
          66  4.405992547959252E-010
          67  5.872103920132143E-010
          68  8.475161853398887E-010
          69  1.601193836435128E-010
          70  4.894908151115390E-010
          71  1.680620840439917E-010
          72  2.063225346749874E-010
          73  2.217396100764297E-010
          74  4.423025619657994E-010
          75  1.046423487961640E-009
          76  2.800602763306573E-009
          77  5.541820354445185E-009
          78  1.021834607549062E-008
          79  7.948564100822000E-009
          80  3.205364749042546E-008
          81  1.192955640657797E-008
          82  1.039826352107524E-008
          83  4.481260829363636E-009
          84  5.152966031525202E-009
          85  3.492051167808476E-009
          86  3.747937204207209E-009
          87  2.407058236042069E-009
          88  5.849051090457841E-009
          89  2.692212171195554E-009
          90  5.224122707021272E-009
          91  3.433372540066647E-009
          92  2.824796925134208E-009
          93  2.355589680883232E-009
          94  5.520960023022315E-009
          95  2.762257609237579E-009
          96  3.455963167357128E-009
          97  1.478210197602186E-009
          98  1.358718517520788E-009
          99  1.512330553603918E-009
         100  1.297300530638840E-009
         101  9.824689778022002E-010
         102  1.729678248983570E-009
         103  1.639576377546241E-009
         104  1.587457892884317E-009
         105  1.707943535465704E-009
         106  2.152366324460625E-009
         107  1.664962764016538E-009
         108  5.622398605619677E-009
         109  2.530626877587309E-009
         110  6.987716105465338E-009
         111  4.901561988015671E-009
         112  6.379446061556862E-009
         113  3.149593714882945E-009
         114  2.443908861015628E-009
         115  1.279539524772824E-009
         116  1.321447435069695E-009
         117  1.162207580692381E-009
         118  1.254606678736264E-009
         119  4.864347721319308E-010
         120  7.016192623826464E-010
         121  5.677385109864922E-010
         122  7.191530212232445E-010
         123  6.636357851945694E-010
         124  1.861667768166770E-008
         125  8.461687846021279E-008
         126  6.791375867734614E-007
         127  3.491016308604013E-006
         128  2.872367927335779E-005
         129  1.383104671800090E-004
         130  3.300206267426479E-004
         131  1.081528841379559E-003
         132  1.021318976807905E-003
         133  3.317003586749385E-005
         134  8.304378581845513E-005
         135  8.057107043123779E-005
         136  2.097689585891503E-004
         137  1.145314523325263E-004
         138  9.130435230004857E-005
         139  1.467064829923644E-005
         140  3.374161161627716E-005
         141  2.509876453545570E-005
         142  9.838721883975409E-006
         143  1.617366605521947E-006
         144  5.716305028388155E-006
         145  2.151609799974448E-006
         146  1.047191355628985E-005
         147  1.662834243518352E-005
         148  2.730778653590836E-005
         149  1.591940775476155E-005
         150  3.111794181125392E-005
         151  1.253454134314132E-005
         152  2.119331245111015E-005
         153  1.061745540802668E-005
         154  4.975891208066167E-005
         155  2.848629069162717E-005
         156  4.791721968411708E-005
         157  1.828782254247014E-005
         158  2.984538977944019E-005
         159  2.554683605481054E-005
         160  7.825599090671772E-005
         161  4.742465370686207E-005
         162  9.116546067922149E-005
         163  8.449586155124435E-005
         164  1.550254884937241E-004
         165  6.346389274896077E-005
         166  1.322090006985785E-004
         167  3.319594926975074E-005
         168  6.896346404631206E-005
         169  2.261213282956768E-005
         170  3.106805765372963E-005
         171  2.448212649329103E-005
         172  5.975603928010254E-005
         173  2.567151236821935E-005
         174  2.924536741531838E-005
         175  1.340687646254826E-005
         176  1.353035492003750E-005
         177  7.783813377307091E-006
         178  1.692810952238791E-005
         179  9.759632573706247E-006
         180  1.804604548949811E-005
         181  7.450971183464736E-006
         182  1.377366111384707E-005
         183  6.763031170848875E-006
         184  1.171699641302480E-005
         185  3.684944159768222E-006
         186  1.411593955223181E-005
         187  4.181643107318578E-006
         188  1.415129701283989E-005
         189  1.267820934798306E-005
         190  2.582557484554685E-005
         191  2.971376547370766E-005
         192  1.050922454146919E-004
         193  1.358847760884331E-004
         194  3.258121121067424E-004
         195  2.212390294034378E-004
         196  4.186430239627640E-004
         197  2.132606763768171E-004
         198  1.494506080807738E-004
         199  1.160866411871143E-005
         200  2.128809496122403E-006
         201  8.678504729643553E-008
         202  1.113884683886353E-007
         203  2.782086169206552E-008
         204  8.391736369996696E-008
         205  7.101254989756609E-008
         206  2.173248667176198E-006
         207  1.426474424417260E-006
         208  2.379421582591107E-006
         209  1.506424099960445E-006
         226  5.805487210638038E-014
         227  4.503951172393423E-015
         230  2.735834868299995E-012
         231  6.761341377897794E-012
         232  5.141445078655382E-007
         234  8.907643348130030E-012
         235  1.452918927231775E-007
         236  1.506198364346960E-009
         238  1.621066171746463E-007
         240  2.927404019815337E-013
         244  3.573491021261898E-009
