           1  7.432057221576065E-005
           2  6.470609901488105E-012
           3  1.574717819390911E-008
           4  8.115323176501611E-005
           6  5.674563962362780E-015
           7  3.114017005274736E-012
           8  2.708281752318958E-013
           9  1.912633244112939E-009
          10  2.713051082138141E-014
          14  2.190352481602147E-015
          15  2.074579081715924E-012
          16  1.227972290379450E-009
          17  9.143353791561645E-011
          18  4.690755158618001E-010
          19  2.266407481955539E-010
          20  4.528006321821421E-009
          21  7.360672251273274E-010
          22  1.720960736466788E-009
          23  4.780885425394542E-009
          24  1.112608672099507E-008
          25  1.363850122829637E-008
          26  1.251991818111914E-008
          27  2.620683905670267E-009
          28  1.568718077007671E-009
          29  8.928142815199190E-010
          30  2.822440166470110E-009
          31  4.765014065327863E-010
          32  6.217193551317218E-010
          33  7.540802502203483E-010
          34  4.342821908318436E-009
          35  3.018823497272749E-010
          36  1.253656792456377E-009
          37  7.808545713607970E-010
          38  1.034443523478570E-009
          39  2.815878943240504E-010
          40  6.094432508072621E-010
          41  8.980473719684164E-010
          42  5.933887390510709E-009
          43  4.955360099101318E-010
          44  9.749032004732203E-010
          45  4.269097855247539E-009
          46  7.427400064092024E-009
          47  8.294905841788745E-009
          48  6.174482964246963E-009
          49  5.032477871298474E-010
          50  3.149105171964032E-009
          51  1.583581818995538E-009
          52  6.288000080775584E-009
          53  2.100827925526719E-010
          54  5.119549374363519E-010
          55  3.212281127137982E-010
          56  3.853881325383242E-010
          57  9.908042553113826E-011
          58  2.135981909596131E-010
          59  1.458310172486444E-010
          60  1.628495394019959E-010
          61  1.667044025604280E-010
          62  7.901573261899134E-010
          63  3.274347214151415E-010
          64  3.666356209007279E-010
          65  3.159895509485512E-010
          66  4.344744492491648E-010
          67  5.781015489983264E-010
          68  8.203198936686811E-010
          69  1.540002963148901E-010
          70  4.675008162544022E-010
          71  1.614960850692484E-010
          72  2.007869967073583E-010
          73  2.209549713528248E-010
          74  4.262550002759247E-010
          75  9.741792782993933E-010
          76  2.683189142986325E-009
          77  5.543577047743806E-009
          78  1.043857358462117E-008
          79  8.009637287203081E-009
          80  3.181727822048132E-008
          81  1.256898241990628E-008
          82  1.111845839020629E-008
          83  4.791640000680854E-009
          84  5.284588906766734E-009
          85  3.566180287665818E-009
          86  3.824261130507460E-009
          87  2.418342898285256E-009
          88  5.906882566278538E-009
          89  2.705063480964723E-009
          90  5.213448083189033E-009
          91  3.482199779727411E-009
          92  2.899892066791466E-009
          93  2.400636742780211E-009
          94  5.492406707388614E-009
          95  2.840070307933280E-009
          96  3.750440801086739E-009
          97  1.613178633047849E-009
          98  1.459937032450937E-009
          99  1.617431589374098E-009
         100  1.393990674568450E-009
         101  1.037084307322305E-009
         102  1.795165487297372E-009
         103  1.675154389282165E-009
         104  1.613366084846747E-009
         105  1.717521930585297E-009
         106  2.138175148183641E-009
         107  1.653762838528802E-009
         108  5.662523825887715E-009
         109  2.562576872482386E-009
         110  7.202585152213645E-009
         111  5.129512596804782E-009
         112  6.777414345692477E-009
         113  3.378293649369307E-009
         114  2.641989893714422E-009
         115  1.383489947931650E-009
         116  1.445080699917927E-009
         117  1.313123010635924E-009
         118  1.434299011963655E-009
         119  5.415067989551607E-010
         120  7.871521960544301E-010
         121  6.439695243237429E-010
         122  8.061687286370425E-010
         123  7.251758382101811E-010
         124  1.871177733702080E-008
         125  8.382104309313432E-008
         126  6.692847836383293E-007
         127  3.403233984027090E-006
         128  2.796328506177696E-005
         129  1.373966017605538E-004
         130  3.382921560079257E-004
         131  1.102900220542710E-003
         132  1.045808767835545E-003
         133  3.303016669285853E-005
         134  8.247988707154593E-005
         135  8.363372828730131E-005
         136  2.180724883945277E-004
         137  1.173652938074989E-004
         138  8.479767730976002E-005
         139  1.465241921905118E-005
         140  3.376200472932023E-005
         141  2.448503116748789E-005
         142  9.443338707419697E-006
         143  1.582282715096611E-006
         144  6.290254366880367E-006
         145  2.368704422967984E-006
         146  8.006030839909132E-006
         147  7.314081005062280E-006
         148  2.499028036917452E-005
         149  1.926872762389105E-005
         150  3.483489164213295E-005
         151  1.290507944006678E-005
         152  2.608671257027806E-005
         153  1.691967776519969E-005
         154  1.763676454972920E-005
         155  7.414198332319503E-006
         156  2.465905067101532E-005
         157  1.542145222340597E-005
         158  3.240411614065053E-005
         159  2.250704501103307E-005
         160  7.735790427715269E-005
         161  3.657473088302757E-005
         162  1.081573833577549E-004
         163  4.332115783659997E-005
         164  1.091083300891678E-004
         165  8.700825768208772E-005
         166  9.884832484648757E-005
         167  3.084329061862108E-005
         168  9.440498018306866E-005
         169  3.283390629429849E-005
         170  4.044921262869478E-005
         171  2.862969456696941E-005
         172  4.546081129468620E-005
         173  3.093165100494274E-005
         174  6.004275184576350E-005
         175  2.406840312574863E-005
         176  2.181389194448206E-005
         177  1.078393754036091E-005
         178  2.981512393363980E-005
         179  9.500816791127585E-006
         180  1.293507660951487E-005
         181  6.255901100980834E-006
         182  1.344622616779866E-005
         183  6.813001336029292E-006
         184  1.202242965265206E-005
         185  3.794935863183125E-006
         186  1.439755478670896E-005
         187  4.271237221385265E-006
         188  1.435844502780269E-005
         189  1.259945625968355E-005
         190  2.580397452901987E-005
         191  2.914274961463229E-005
         192  1.036103857531675E-004
         193  1.340926484443981E-004
         194  3.236872266866679E-004
         195  2.230159585577573E-004
         196  4.244642003289224E-004
         197  2.171191015917271E-004
         198  1.537169224383061E-004
         199  1.206047719065915E-005
         200  2.147512872140283E-006
         201  8.425180758430689E-008
         202  1.033655731407810E-007
         203  2.490411176951779E-008
         204  8.510382650333892E-008
         205  7.453197885555710E-008
         206  2.208020375128140E-006
         207  1.437812239439493E-006
         208  2.381956207746459E-006
         209  1.524168322447485E-006
         226  6.202639591484213E-014
         227  4.865828808293884E-015
         230  2.922992860751745E-012
         231  7.304592878568348E-012
         232  5.591814131110254E-007
         234  9.517013696402601E-012
         235  1.569656175575937E-007
         236  1.581520318993706E-009
         238  1.731963029539655E-007
         240  3.070626579727919E-013
         244  3.748323237254427E-009
