           1  7.443128748734020E-005
           2  6.470609901488105E-012
           3  1.574717819390911E-008
           4  8.062610461187503E-005
           6  5.674563962362780E-015
           7  3.114017005274736E-012
           8  2.708281752318958E-013
           9  1.912633244112939E-009
          10  2.713051082138141E-014
          14  2.084552206405507E-015
          15  2.020383109187885E-012
          16  1.259463370710813E-009
          17  9.313674640714331E-011
          18  4.599824052997444E-010
          19  2.146016044188173E-010
          20  4.591462234882418E-009
          21  7.541977478188735E-010
          22  1.756289376989161E-009
          23  4.827261362768465E-009
          24  1.123344983348754E-008
          25  1.366194018523868E-008
          26  1.220817461890150E-008
          27  2.601586212234463E-009
          28  1.603470820043522E-009
          29  8.880352212458313E-010
          30  2.848082986909498E-009
          31  4.867022598779278E-010
          32  6.135549340181818E-010
          33  7.751313065511363E-010
          34  4.353722609521504E-009
          35  2.960711912811530E-010
          36  1.202810038116426E-009
          37  7.180824181125152E-010
          38  9.450036194135800E-010
          39  2.776475669382460E-010
          40  6.288729364288976E-010
          41  9.283757364754353E-010
          42  6.210454691586027E-009
          43  5.222684356742478E-010
          44  9.718739937874440E-010
          45  4.248234575710911E-009
          46  7.329176609701273E-009
          47  8.216376604248050E-009
          48  6.165002667954581E-009
          49  4.792355655799066E-010
          50  3.150759804214029E-009
          51  1.613956337299399E-009
          52  6.256345207836296E-009
          53  1.989558838898668E-010
          54  4.707252938825914E-010
          55  3.179986360319661E-010
          56  3.993814050683497E-010
          57  1.043759297978686E-010
          58  2.173921612127472E-010
          59  1.492526599320257E-010
          60  1.648622890866171E-010
          61  1.680045828066246E-010
          62  8.150459609995777E-010
          63  3.372323873547154E-010
          64  3.699690897538756E-010
          65  3.182926487190951E-010
          66  4.391513461414747E-010
          67  5.820077352543926E-010
          68  8.466210431290211E-010
          69  1.589834340359615E-010
          70  4.852928920142561E-010
          71  1.668225107116101E-010
          72  2.043691825295445E-010
          73  2.174932876623826E-010
          74  4.289290756664191E-010
          75  9.944537801397093E-010
          76  2.720979040117492E-009
          77  5.469036683389191E-009
          78  1.042349495119836E-008
          79  8.050593022296660E-009
          80  3.247513747840882E-008
          81  1.200792013691429E-008
          82  1.083052127536163E-008
          83  4.773421221725694E-009
          84  5.407772496123023E-009
          85  3.634415196437517E-009
          86  3.887256060383085E-009
          87  2.394843269844336E-009
          88  5.812026037837823E-009
          89  2.705303223364403E-009
          90  5.276105023705648E-009
          91  3.505383564394723E-009
          92  2.888041147626049E-009
          93  2.395886240843884E-009
          94  5.553187423186834E-009
          95  2.833778531135534E-009
          96  3.563709417581300E-009
          97  1.539591563628502E-009
          98  1.406430453783043E-009
          99  1.561714831201788E-009
         100  1.353561312538264E-009
         101  1.010496565667418E-009
         102  1.764543728121216E-009
         103  1.674074941655708E-009
         104  1.633544418378757E-009
         105  1.747681879212831E-009
         106  2.180644376539384E-009
         107  1.668648785895113E-009
         108  5.629963239478108E-009
         109  2.540106300651221E-009
         110  7.090946794119674E-009
         111  5.011836204911889E-009
         112  6.639142618390264E-009
         113  3.324607369405647E-009
         114  2.611269541760102E-009
         115  1.372607610871872E-009
         116  1.433122066009751E-009
         117  1.279535114704360E-009
         118  1.388567372621369E-009
         119  5.233339793849958E-010
         120  7.488925950860790E-010
         121  6.104428520793394E-010
         122  7.699735679535678E-010
         123  6.982703662373481E-010
         124  1.861883711048986E-008
         125  8.330655841000366E-008
         126  6.694754084687526E-007
         127  3.416157877822437E-006
         128  2.813356229290564E-005
         129  1.379309306253353E-004
         130  3.386322232831265E-004
         131  1.112577814393045E-003
         132  1.032833465562711E-003
         133  3.269062344008879E-005
         134  8.086283639804700E-005
         135  7.841537524840856E-005
         136  2.129097162434939E-004
         137  1.163593299837749E-004
         138  8.643652802516870E-005
         139  1.428272593372559E-005
         140  3.274374525552911E-005
         141  2.443621862836663E-005
         142  9.562764174900068E-006
         143  1.580267032455393E-006
         144  5.724449266379614E-006
         145  2.195026902834154E-006
         146  1.089354834481287E-005
         147  1.783194127215966E-005
         148  3.615740547018559E-005
         149  2.281931109802861E-005
         150  3.341695218524009E-005
         151  1.305000306603856E-005
         152  1.113783560693612E-005
         153  4.837826322541395E-006
         154  2.659359985393033E-005
         155  1.526850874565258E-005
         156  2.662306154084454E-005
         157  1.537463766032760E-005
         158  2.564890786907872E-005
         159  2.394559167023537E-005
         160  5.293696474291837E-005
         161  3.554144803325208E-005
         162  1.334991495597191E-004
         163  5.399847931633885E-005
         164  9.538786002426697E-005
         165  4.243633749844520E-005
         166  8.863878160328229E-005
         167  3.982658856997689E-005
         168  1.416429032404402E-004
         169  4.999077772327620E-005
         170  3.258291803212876E-005
         171  1.725499899611605E-005
         172  5.778238493148752E-005
         173  4.260003123254347E-005
         174  7.346523378412085E-005
         175  2.840287960976355E-005
         176  1.492647241479446E-005
         177  5.708475500387468E-006
         178  1.252287793050627E-005
         179  7.481418343075143E-006
         180  1.574558050137097E-005
         181  7.352938739180013E-006
         182  1.530086976036526E-005
         183  7.724013889839600E-006
         184  1.357647238868540E-005
         185  4.233599336650901E-006
         186  1.578727620966281E-005
         187  4.616151510229283E-006
         188  1.517988423933689E-005
         189  1.315882098191742E-005
         190  2.670366230502001E-005
         191  2.979230443926803E-005
         192  1.040588154485220E-004
         193  1.332606337830156E-004
         194  3.209159371911349E-004
         195  2.197961400522353E-004
         196  4.173552218220882E-004
         197  2.146500486894082E-004
         198  1.525297305038987E-004
         199  1.197493889360077E-005
         200  2.159127908570671E-006
         201  8.431889532360589E-008
         202  1.046246764879190E-007
         203  2.579782588310955E-008
         204  9.113473687061564E-008
         205  7.977632604457968E-008
         206  2.197204886352104E-006
         207  1.453175234217649E-006
         208  2.394951543704607E-006
         209  1.507763354624023E-006
         226  6.002061370138466E-014
         227  4.665858048182877E-015
         230  2.828470407791422E-012
         231  7.004396334921156E-012
         232  5.322535007215687E-007
         234  9.209256708173210E-012
         235  1.505148082317943E-007
         236  1.550048839840127E-009
         238  1.675955573556141E-007
         240  3.011084329699122E-013
         244  3.675639830924659E-009
