           1  7.464377236262328E-005
           2  6.470609901488105E-012
           3  1.574717819390911E-008
           4  8.178977724230788E-005
           6  5.674563962362780E-015
           7  3.114017005274736E-012
           8  2.708281752318958E-013
           9  1.912633244112939E-009
          10  2.713051082138141E-014
          14  1.992456630920410E-015
          15  1.909789965028603E-012
          16  1.224254398193672E-009
          17  9.115787561025612E-011
          18  4.737829133056231E-010
          19  2.341534301764104E-010
          20  4.575923724102655E-009
          21  7.429677533275830E-010
          22  1.636524842204516E-009
          23  4.839540594746109E-009
          24  1.121558742981680E-008
          25  1.376223481133644E-008
          26  1.216158443679217E-008
          27  2.570045585218752E-009
          28  1.566809557743580E-009
          29  9.092988584404791E-010
          30  2.764096003980785E-009
          31  4.799250486613256E-010
          32  6.669491284239629E-010
          33  7.566472761607743E-010
          34  4.305977117177594E-009
          35  3.023271811052913E-010
          36  1.252494202563698E-009
          37  7.263759527182489E-010
          38  9.438086171015541E-010
          39  2.678943720260211E-010
          40  6.283487040759944E-010
          41  9.353636592407418E-010
          42  5.907406683050660E-009
          43  4.970192222818056E-010
          44  9.902297579739561E-010
          45  4.390458243096054E-009
          46  7.454589879953392E-009
          47  8.296037829275643E-009
          48  6.188149020683161E-009
          49  4.720565364628635E-010
          50  3.118681972556689E-009
          51  1.606529692903064E-009
          52  6.191774196008903E-009
          53  1.978137586457661E-010
          54  4.618898413663856E-010
          55  2.909742900295824E-010
          56  3.768211996528117E-010
          57  9.987058406015369E-011
          58  2.035418407183147E-010
          59  1.427205505626401E-010
          60  1.679767417873204E-010
          61  1.722528967331336E-010
          62  8.205284283379873E-010
          63  3.387347780865259E-010
          64  3.628864708540378E-010
          65  3.145548666988669E-010
          66  4.475734597296229E-010
          67  5.887263098705090E-010
          68  8.351285357869377E-010
          69  1.529574279374624E-010
          70  4.560051989183075E-010
          71  1.589491693444237E-010
          72  2.019766180147988E-010
          73  2.224732810942689E-010
          74  4.430322210985992E-010
          75  1.015013831307298E-009
          76  2.737618376088984E-009
          77  5.497739743538229E-009
          78  1.052924383240326E-008
          79  8.086496578340669E-009
          80  3.153823222709785E-008
          81  1.246588022348727E-008
          82  1.078639181847135E-008
          83  4.619160753610028E-009
          84  5.502836708636052E-009
          85  3.599330940292908E-009
          86  3.841819499570974E-009
          87  2.435471127971313E-009
          88  5.699865533243377E-009
          89  2.631212022429335E-009
          90  5.138962038601177E-009
          91  3.451660124734976E-009
          92  2.998826292598374E-009
          93  2.458007013317313E-009
          94  5.344572378133425E-009
          95  2.722677800447236E-009
          96  3.524381891998810E-009
          97  1.530296639789286E-009
          98  1.427489944517147E-009
          99  1.591091083652308E-009
         100  1.367480963813306E-009
         101  1.012438226240880E-009
         102  1.713446962073121E-009
         103  1.621236759019334E-009
         104  1.565555890244027E-009
         105  1.699876215569197E-009
         106  2.165241553985346E-009
         107  1.661793572661664E-009
         108  5.676608849911137E-009
         109  2.577896859696349E-009
         110  7.158605963176224E-009
         111  4.984717995912845E-009
         112  6.534435620676660E-009
         113  3.258305833478421E-009
         114  2.551489145332999E-009
         115  1.341722861112775E-009
         116  1.390492805574918E-009
         117  1.239164892685460E-009
         118  1.333042998623720E-009
         119  5.086915556936149E-010
         120  7.339628956580692E-010
         121  5.942323108395644E-010
         122  7.698493812638342E-010
         123  6.940837024645401E-010
         124  1.913945622771355E-008
         125  8.244491989827957E-008
         126  6.704486976652042E-007
         127  3.421092019763548E-006
         128  2.824719601633300E-005
         129  1.384495193403622E-004
         130  3.386439336992818E-004
         131  1.096920759263808E-003
         132  1.027813236748858E-003
         133  3.329130821729428E-005
         134  8.197922557336323E-005
         135  7.651240664835018E-005
         136  2.062162740740748E-004
         137  1.128637295142837E-004
         138  8.748572517169835E-005
         139  1.434765373012800E-005
         140  3.286846740064951E-005
         141  2.461419686796416E-005
         142  9.419550302383115E-006
         143  1.653138920502259E-006
         144  7.374541273996897E-006
         145  3.438110639853779E-006
         146  1.365307801500142E-005
         147  1.294599935089629E-005
         148  1.833094064246257E-005
         149  1.107528130534717E-005
         150  1.520528295576065E-005
         151  8.475879878310869E-006
         152  2.149913724896993E-005
         153  1.088234624380468E-005
         154  3.199257528474393E-005
         155  1.638104974645380E-005
         156  5.442720481114904E-005
         157  2.228722713627265E-005
         158  5.889529869858098E-005
         159  4.621711038520757E-005
         160  8.404373859531458E-005
         161  4.146740383134095E-005
         162  7.696648499601090E-005
         163  8.729330421657173E-005
         164  1.242645199891446E-004
         165  5.395695891488590E-005
         166  8.643360650643846E-005
         167  1.633457097614848E-005
         168  3.253810210964942E-005
         169  1.992084079650509E-005
         170  5.509254229625712E-005
         171  5.366611461454987E-005
         172  1.156088959294305E-004
         173  4.311229191510621E-005
         174  5.830748662714390E-005
         175  2.755648607020436E-005
         176  1.708976178809739E-005
         177  6.610633521310343E-006
         178  1.315579715440456E-005
         179  8.358734386681196E-006
         180  1.776141397545206E-005
         181  7.702631715461923E-006
         182  1.482509307188764E-005
         183  7.265975305064540E-006
         184  1.263940110370563E-005
         185  3.946026707598176E-006
         186  1.508022995747402E-005
         187  4.416446389679139E-006
         188  1.452061414979828E-005
         189  1.271867543526157E-005
         190  2.565293269872353E-005
         191  2.919561716788324E-005
         192  1.025673944600374E-004
         193  1.335150332886209E-004
         194  3.222051221384816E-004
         195  2.164102378873680E-004
         196  4.060859390961543E-004
         197  2.092690717463854E-004
         198  1.484921886334343E-004
         199  1.153176384169144E-005
         200  2.139294500925128E-006
         201  8.973288395479127E-008
         202  1.121240225783741E-007
         203  2.667161174842707E-008
         204  9.223343030801432E-008
         205  7.982882182837291E-008
         206  2.269789029421237E-006
         207  1.473395588787898E-006
         208  2.458841562661511E-006
         209  1.560132520163004E-006
         226  6.531192433976200E-014
         227  5.011168194807651E-015
         230  3.077823332330695E-012
         231  7.522776684355837E-012
         232  5.737681348284913E-007
         234  1.002112841335007E-011
         235  1.616540863587751E-007
         236  1.697349467409356E-009
         238  1.823704838499109E-007
         240  3.299716654670953E-013
         244  4.027974190907483E-009
