           1  7.427934603061918E-005
           2  6.470609901488105E-012
           3  1.574717819390911E-008
           4  8.186402429797726E-005
           6  5.674563962362780E-015
           7  3.114017005274736E-012
           8  2.708281752318958E-013
           9  1.912633244112939E-009
          10  2.713051082138141E-014
          14  2.247477757201845E-015
          15  2.131401463698543E-012
          16  1.269645880422907E-009
          17  9.378420297664090E-011
          18  4.548452748774653E-010
          19  2.065843747452168E-010
          20  4.687473838195729E-009
          21  7.664899338553033E-010
          22  1.642737541282755E-009
          23  4.912167776003664E-009
          24  1.138280482834519E-008
          25  1.385571986862865E-008
          26  1.209638242391358E-008
          27  2.609546175656664E-009
          28  1.588084384934061E-009
          29  8.493032646103807E-010
          30  2.707029854656881E-009
          31  4.801409098244903E-010
          32  6.119678797925780E-010
          33  8.029971289538330E-010
          34  4.423502563153756E-009
          35  2.937341003332090E-010
          36  1.143110378881209E-009
          37  7.922398098559297E-010
          38  1.062077013336652E-009
          39  2.958720649187099E-010
          40  6.127064546442629E-010
          41  8.771889068335202E-010
          42  6.116947913670510E-009
          43  5.416175011638330E-010
          44  9.924354393656283E-010
          45  4.371972354491938E-009
          46  7.435157742973041E-009
          47  8.113310280034567E-009
          48  6.001227445715670E-009
          49  5.208763122278585E-010
          50  3.096755934446143E-009
          51  1.553782138368218E-009
          52  6.303927856370895E-009
          53  2.274974274737048E-010
          54  5.566035924335348E-010
          55  3.571258379223597E-010
          56  4.003104381542590E-010
          57  1.085832901865874E-010
          58  2.101955997293573E-010
          59  1.466477102155000E-010
          60  1.702072239639195E-010
          61  1.715552082928584E-010
          62  8.238226039970454E-010
          63  3.425396834401792E-010
          64  3.581379663264768E-010
          65  3.022812446392688E-010
          66  4.398477726702932E-010
          67  5.724306840569015E-010
          68  8.510672528586738E-010
          69  1.592687819112011E-010
          70  4.759898434753179E-010
          71  1.647756858064304E-010
          72  2.083483655699745E-010
          73  2.153605205149222E-010
          74  4.365466071113540E-010
          75  1.025377456481134E-009
          76  2.758137173374871E-009
          77  5.454309597801249E-009
          78  1.029532122571157E-008
          79  8.065017255502155E-009
          80  3.240373252067765E-008
          81  1.252896995976128E-008
          82  1.087986631150292E-008
          83  4.710411211383826E-009
          84  5.202771749763032E-009
          85  3.505380786334480E-009
          86  3.821952237089857E-009
          87  2.595025802796093E-009
          88  6.177481934863678E-009
          89  2.779409573315757E-009
          90  5.308935079625889E-009
          91  3.695626857403228E-009
          92  2.980325612575118E-009
          93  2.419655357233742E-009
          94  5.589828409683295E-009
          95  2.945927545488656E-009
          96  3.462353059807925E-009
          97  1.537618802595410E-009
          98  1.437860066425780E-009
          99  1.586849466391202E-009
         100  1.418942314988087E-009
         101  1.043411893716372E-009
         102  1.803624055471140E-009
         103  1.724906222285786E-009
         104  1.693761283348754E-009
         105  1.777683031400249E-009
         106  2.276218304853609E-009
         107  1.736411998770084E-009
         108  5.824030320140408E-009
         109  2.594691118403639E-009
         110  7.096816780064018E-009
         111  5.088214241697957E-009
         112  6.821232420208604E-009
         113  3.506597637944615E-009
         114  2.815734587784947E-009
         115  1.476750715837983E-009
         116  1.525267563024641E-009
         117  1.340879904365012E-009
         118  1.433868430356615E-009
         119  5.291216160840265E-010
         120  7.363363681612332E-010
         121  6.019440719646875E-010
         122  7.721384054051486E-010
         123  6.985523898344973E-010
         124  1.836348796062366E-008
         125  8.119018093133651E-008
         126  6.674189949908466E-007
         127  3.391753113260238E-006
         128  2.778107687758474E-005
         129  1.377377713485700E-004
         130  3.372669770579107E-004
         131  1.113770838856806E-003
         132  1.048284284208096E-003
         133  3.231931043097499E-005
         134  8.058116054407350E-005
         135  8.798894664270861E-005
         136  2.206589479871206E-004
         137  1.176067254742157E-004
         138  8.472047264481755E-005
         139  1.393626304080601E-005
         140  3.082845299708105E-005
         141  2.187382775995744E-005
         142  8.789353151549377E-006
         143  1.812113915095897E-006
         144  1.042513494509721E-005
         145  6.385344742710756E-006
         146  2.592659182336563E-005
         147  2.067097344356465E-005
         148  1.677276215750269E-005
         149  9.201855307474330E-006
         150  1.712966894186310E-005
         151  1.900096543515897E-005
         152  4.037732439731809E-005
         153  2.311068774737071E-005
         154  4.563729890559602E-005
         155  2.292667698030268E-005
         156  4.128500575064809E-005
         157  1.539997165216018E-005
         158  1.906548087961477E-005
         159  1.221619327664854E-005
         160  4.597531995629587E-005
         161  2.499917494319082E-005
         162  5.462204390441216E-005
         163  3.606816034888044E-005
         164  9.928153268338490E-005
         165  8.442002327428889E-005
         166  9.778073083387468E-005
         167  2.653259807174814E-005
         168  9.885472514237636E-005
         169  6.592695124870889E-005
         170  6.477893183707463E-005
         171  2.220528368324771E-005
         172  2.243751138392939E-005
         173  1.688634795856401E-005
         174  4.433246631439802E-005
         175  2.063110433857825E-005
         176  2.058804175161158E-005
         177  1.132566767799906E-005
         178  3.668938404443781E-005
         179  1.039832921493418E-005
         180  1.309503963105681E-005
         181  6.311547597455031E-006
         182  1.412844407222770E-005
         183  7.420588166568689E-006
         184  1.356225477543817E-005
         185  4.258680327734452E-006
         186  1.591845951507438E-005
         187  4.651638820970107E-006
         188  1.523874807486504E-005
         189  1.293219234922338E-005
         190  2.726585910684095E-005
         191  2.938761570812489E-005
         192  1.031170459263263E-004
         193  1.345260174709169E-004
         194  3.343205367422930E-004
         195  2.277446702827061E-004
         196  4.236072646505789E-004
         197  2.231958521188936E-004
         198  1.616444690767565E-004
         199  1.325601122038301E-005
         200  2.374177858838381E-006
         201  8.815543211349800E-008
         202  1.044235672520514E-007
         203  2.516782221097757E-008
         204  8.647733221241699E-008
         205  7.618950476286847E-008
         206  2.250444699077424E-006
         207  1.483657463710825E-006
         208  2.467421205990759E-006
         209  1.565506850920191E-006
         226  6.371101493033426E-014
         227  4.878661589256929E-015
         230  3.002380503427785E-012
         231  7.323857477494455E-012
         232  5.681253144640700E-007
         234  9.775493042287381E-012
         235  1.573795871952867E-007
         236  1.598611693475448E-009
         238  1.779002645668531E-007
         240  3.102404132476076E-013
         244  3.787114192877416E-009
