           1  7.445917832329257E-005
           2  6.470609901488105E-012
           3  1.574717819390911E-008
           4  8.230608271533979E-005
           6  5.674563962362780E-015
           7  3.114017005274736E-012
           8  2.708281752318958E-013
           9  1.912633244112939E-009
          10  2.713051082138141E-014
          14  2.009413062925881E-015
          15  1.997651420212948E-012
          16  1.161694124521103E-009
          17  8.776185007611389E-011
          18  4.734793977648219E-010
          19  2.342566735588237E-010
          20  4.443567952507707E-009
          21  7.136584736984284E-010
          22  1.560539964554136E-009
          23  4.734638452744989E-009
          24  1.099665944569412E-008
          25  1.360944039589727E-008
          26  1.250237029305427E-008
          27  2.596882132202087E-009
          28  1.535165798345151E-009
          29  8.972778888481737E-010
          30  2.715020830385207E-009
          31  4.685960250493134E-010
          32  6.609589505859999E-010
          33  7.411119240915992E-010
          34  4.262953826931327E-009
          35  3.092080104767721E-010
          36  1.298926316214011E-009
          37  8.428285796852323E-010
          38  1.118918513017734E-009
          39  2.920663881462835E-010
          40  6.072958997530650E-010
          41  8.778849293738271E-010
          42  5.587125729211549E-009
          43  4.814103626735830E-010
          44  9.865532302266528E-010
          45  4.370817977674067E-009
          46  7.520655949702336E-009
          47  8.283614716649628E-009
          48  6.139543282018796E-009
          49  5.267937840049834E-010
          50  3.133629971949346E-009
          51  1.561679545801455E-009
          52  6.358802010088965E-009
          53  2.227039483754440E-010
          54  5.437489965466048E-010
          55  3.176120250400613E-010
          56  3.725421983658405E-010
          57  9.896038815383273E-011
          58  2.055062891704652E-010
          59  1.411422222479407E-010
          60  1.683718673648399E-010
          61  1.703445247967862E-010
          62  7.891643890823322E-010
          63  3.322409687215085E-010
          64  3.661021678964173E-010
          65  3.129010651702993E-010
          66  4.472207242884213E-010
          67  5.783016190438569E-010
          68  8.054739741918374E-010
          69  1.509272128500725E-010
          70  4.463274494873505E-010
          71  1.548726334197039E-010
          72  2.013981732066524E-010
          73  2.256435391911706E-010
          74  4.365042979330031E-010
          75  9.906610636119180E-010
          76  2.702932323303256E-009
          77  5.641490940987555E-009
          78  1.033984240496223E-008
          79  7.879543783988310E-009
          80  3.037302806592772E-008
          81  1.299509434569519E-008
          82  1.111245252741794E-008
          83  4.660038007113473E-009
          84  5.127754092260597E-009
          85  3.414792839458243E-009
          86  3.677715680237892E-009
          87  2.433381845445511E-009
          88  5.821148807820556E-009
          89  2.627591531622787E-009
          90  4.947293158996931E-009
          91  3.364352665991657E-009
          92  2.914439741797191E-009
          93  2.393822249844701E-009
          94  5.244185944595625E-009
          95  2.794832472237702E-009
          96  3.704476825241011E-009
          97  1.635991177268551E-009
          98  1.503528835736859E-009
          99  1.630960707631018E-009
         100  1.418544072046252E-009
         101  1.034950582572861E-009
         102  1.723523629590304E-009
         103  1.610865092651330E-009
         104  1.553063016139815E-009
         105  1.629798014742541E-009
         106  2.064467144042742E-009
         107  1.596457342029816E-009
         108  5.468890083363297E-009
         109  2.490106425523578E-009
         110  6.952183038599078E-009
         111  4.970097440237033E-009
         112  6.558967717993456E-009
         113  3.320583813292844E-009
         114  2.631508709564268E-009
         115  1.378274947376465E-009
         116  1.425625276205873E-009
         117  1.299942859766635E-009
         118  1.413499202339336E-009
         119  5.248335854801490E-010
         120  7.567112949644221E-010
         121  6.220830776475962E-010
         122  7.952254406711755E-010
         123  7.031541472212574E-010
         124  1.772692583697960E-008
         125  7.618454797835396E-008
         126  6.235585729930862E-007
         127  3.217222720022696E-006
         128  2.671330735035689E-005
         129  1.323111650473051E-004
         130  3.261528318707679E-004
         131  1.073474995985817E-003
         132  1.045869727657858E-003
         133  3.484380734962801E-005
         134  8.789523866254314E-005
         135  8.542531800489286E-005
         136  2.192404771347784E-004
         137  1.179442610515014E-004
         138  8.684269638650404E-005
         139  1.473682889177121E-005
         140  3.437977436370535E-005
         141  2.537614545423815E-005
         142  9.720958019051523E-006
         143  1.783504968701801E-006
         144  8.382154218339083E-006
         145  4.367460842714297E-006
         146  1.779019701431962E-005
         147  1.662394141393727E-005
         148  2.563218403183643E-005
         149  1.605426689424275E-005
         150  2.592792052986451E-005
         151  1.485828926234692E-005
         152  2.729523521165354E-005
         153  1.063500872996249E-005
         154  6.747882944548297E-005
         155  2.721097289862910E-005
         156  2.851425517327467E-005
         157  1.959948360325963E-005
         158  6.484835036220065E-005
         159  4.385919125914064E-005
         160  6.791638291550507E-005
         161  3.120638914740074E-005
         162  5.602422150273807E-005
         163  3.335280159131878E-005
         164  1.498958840511678E-004
         165  7.743770416950198E-005
         166  7.748738872745082E-005
         167  2.838515093893857E-005
         168  1.114778038541702E-004
         169  3.299021144899494E-005
         170  2.547660916092714E-005
         171  1.484067657630679E-005
         172  4.044031008914449E-005
         173  2.122966406293365E-005
         174  5.765861229498028E-005
         175  3.079102878904948E-005
         176  1.998552268494055E-005
         177  6.167864300243984E-006
         178  1.087522880055274E-005
         179  7.065600830179554E-006
         180  1.535406801532653E-005
         181  6.674824743855460E-006
         182  1.297432114639029E-005
         183  6.302548957346105E-006
         184  1.090446425230670E-005
         185  3.385795058478667E-006
         186  1.268785461220726E-005
         187  3.766475640661876E-006
         188  1.266069127265015E-005
         189  1.107769873647237E-005
         190  2.343327011242123E-005
         191  2.655238731514441E-005
         192  9.666105335641286E-005
         193  1.297190804983415E-004
         194  3.238299411990024E-004
         195  2.267598868418189E-004
         196  4.337995476954924E-004
         197  2.268595720877172E-004
         198  1.630273075481434E-004
         199  1.315758136289988E-005
         200  2.346125385454446E-006
         201  8.981236199463749E-008
         202  1.090718859542066E-007
         203  2.615722564877243E-008
         204  7.764885421799651E-008
         205  6.599480996691638E-008
         206  2.262316328791477E-006
         207  1.440117397191864E-006
         208  2.420173845256443E-006
         209  1.593240784411937E-006
         226  6.636281750399246E-014
         227  5.148102317042178E-015
         230  3.127346654960560E-012
         231  7.728342488973209E-012
         232  6.047939996007615E-007
         234  1.018237209823495E-011
         235  1.660714117329462E-007
         236  1.633898619584432E-009
         238  1.853048927924230E-007
         240  3.168379150231694E-013
         244  3.867650098403762E-009
