           1  7.398997907813664E-005
           2  6.470609901488105E-012
           3  1.574717819390911E-008
           4  8.456930086554828E-005
           6  5.674563962362780E-015
           7  3.114017005274736E-012
           8  2.708281752318958E-013
           9  1.912633244112939E-009
          10  2.713051082138141E-014
          14  2.286929591150585E-015
          15  2.307925877964070E-012
          16  1.292452139551152E-009
          17  9.502111837515693E-011
          18  4.335769073149644E-010
          19  1.775721309429773E-010
          20  4.903309665875453E-009
          21  7.968846626485011E-010
          22  1.389797319513563E-009
          23  5.117089689327106E-009
          24  1.170776647882526E-008
          25  1.422422310945541E-008
          26  1.147223700886182E-008
          27  2.453018758364834E-009
          28  1.572267818089447E-009
          29  7.957394789346203E-010
          30  2.572444776080373E-009
          31  4.508020972770406E-010
          32  6.227494810946272E-010
          33  9.163325677004283E-010
          34  4.349141220044622E-009
          35  2.763702493417495E-010
          36  1.073029065008873E-009
          37  8.339313818943524E-010
          38  1.153014922793137E-009
          39  3.389014852628276E-010
          40  6.321271596307976E-010
          41  8.561135282659772E-010
          42  6.276979246569503E-009
          43  5.319854009995709E-010
          44  1.041253588524252E-009
          45  4.744547235603190E-009
          46  7.448946985239464E-009
          47  7.734831219162221E-009
          48  5.617717266201261E-009
          49  5.554982983167560E-010
          50  3.090520293977405E-009
          51  1.512033775063625E-009
          52  6.371047825719204E-009
          53  2.437086425705052E-010
          54  6.213264697019827E-010
          55  4.093468435282038E-010
          56  4.382024081600526E-010
          57  1.164829644502476E-010
          58  2.132410037151755E-010
          59  1.509975510146212E-010
          60  1.854635627869021E-010
          61  2.027644604674418E-010
          62  9.428070879503888E-010
          63  3.741878765112015E-010
          64  3.533129927522847E-010
          65  2.932762259888376E-010
          66  4.299982796746924E-010
          67  5.776135405047363E-010
          68  8.742183601890017E-010
          69  1.614724068503152E-010
          70  4.792963316497145E-010
          71  1.650166504123701E-010
          72  2.045499023364489E-010
          73  2.107635346815790E-010
          74  4.675648788902321E-010
          75  1.169431644269434E-009
          76  2.961171630367867E-009
          77  5.469090720624966E-009
          78  9.851758923178718E-009
          79  8.015401492059691E-009
          80  3.280792156076714E-008
          81  1.221953546371625E-008
          82  1.061949898074974E-008
          83  4.622748223293225E-009
          84  5.098709139794190E-009
          85  3.449695378561105E-009
          86  3.805851209687047E-009
          87  2.777770859514673E-009
          88  6.523600187611540E-009
          89  2.813949572699672E-009
          90  5.366711953732477E-009
          91  3.741383701487447E-009
          92  3.064772143074948E-009
          93  2.545193179177449E-009
          94  6.146731365959685E-009
          95  3.060815680061527E-009
          96  3.254467127118479E-009
          97  1.415853717727466E-009
          98  1.346731476409917E-009
          99  1.512848279050477E-009
         100  1.350480482500948E-009
         101  1.020638274334194E-009
         102  1.838572707386018E-009
         103  1.785554051398122E-009
         104  1.739272662820216E-009
         105  1.867872002979806E-009
         106  2.491123861002101E-009
         107  1.916526073533972E-009
         108  6.359167675285115E-009
         109  2.771022503263268E-009
         110  7.250082301545842E-009
         111  5.056278681148908E-009
         112  6.567372513051863E-009
         113  3.307131934810178E-009
         114  2.598059463734968E-009
         115  1.344045202174899E-009
         116  1.399771172077991E-009
         117  1.315074564025715E-009
         118  1.381570800006121E-009
         119  4.653368616524289E-010
         120  6.418214813930871E-010
         121  5.181229350106318E-010
         122  6.978286843401376E-010
         123  6.592316885259414E-010
         124  2.036818679191608E-008
         125  9.144984920450424E-008
         126  7.477958435821827E-007
         127  3.744460635619231E-006
         128  2.995825472307042E-005
         129  1.433627230063305E-004
         130  3.300674916010361E-004
         131  1.105888243499050E-003
         132  1.051953745540645E-003
         133  3.374940737579917E-005
         134  8.545961472839476E-005
         135  9.402554731740477E-005
         136  2.325160599799701E-004
         137  1.236995521624393E-004
         138  8.713767165768725E-005
         139  1.503669877601822E-005
         140  3.396873176647023E-005
         141  2.557787044233150E-005
         142  9.888346189841433E-006
         143  1.537159969691773E-006
         144  4.874058306281687E-006
         145  1.995405151216647E-006
         146  8.901672687458816E-006
         147  1.229692753634735E-005
         148  2.305845487308695E-005
         149  1.422537407198824E-005
         150  1.828044655303554E-005
         151  1.185308615556677E-005
         152  1.557826914728365E-005
         153  5.253214019802888E-006
         154  1.744631621605443E-005
         155  1.259719821916461E-005
         156  3.545349506545472E-005
         157  1.838416234657878E-005
         158  2.946225879119290E-005
         159  1.888714591241514E-005
         160  6.450277597327172E-005
         161  4.196513761116347E-005
         162  1.207112621116808E-004
         163  1.106988243772699E-004
         164  1.118372464929358E-004
         165  3.656339312550149E-005
         166  5.549665480376187E-005
         167  2.524866595096065E-005
         168  5.440595467719563E-005
         169  2.265294913393040E-005
         170  6.779842446748383E-005
         171  4.380303062055585E-005
         172  6.826420451163596E-005
         173  2.637155440322559E-005
         174  2.631891928905400E-005
         175  1.344180731588375E-005
         176  3.214166484050732E-005
         177  1.309978825060415E-005
         178  1.064363714950999E-005
         179  4.782115746474797E-006
         180  9.851906646031291E-006
         181  4.798754816278987E-006
         182  1.093000032947969E-005
         183  6.144209719281425E-006
         184  1.192711593189514E-005
         185  3.938410664439969E-006
         186  1.571558061895317E-005
         187  4.578785754719420E-006
         188  1.525133715246714E-005
         189  1.354904443823250E-005
         190  2.833271302416457E-005
         191  3.114144214516981E-005
         192  1.091930667375787E-004
         193  1.425382284169875E-004
         194  3.498980267691367E-004
         195  2.296082119200200E-004
         196  4.194912680304102E-004
         197  2.194251467187297E-004
         198  1.581625032700206E-004
         199  1.289140478127918E-005
         200  2.322199329126093E-006
         201  8.690796105033286E-008
         202  1.065063735431437E-007
         203  2.666602190440997E-008
         204  8.505195088865948E-008
         205  7.471679531103071E-008
         206  2.481722442069336E-006
         207  1.648179087125336E-006
         208  2.795811760766885E-006
         209  1.731286038322189E-006
         226  6.849796041681430E-014
         227  5.178937179664920E-015
         230  3.227965228695383E-012
         231  7.774631852368361E-012
         232  5.967188408030757E-007
         234  1.050997753210540E-011
         235  1.670661062535656E-007
         236  1.737117531918840E-009
         238  1.912668522666902E-007
         240  3.376516468934239E-013
         244  4.121723958567414E-009
