           1  7.434046754216894E-005
           2  6.470609901488105E-012
           3  1.574717819390911E-008
           4  8.106904542531774E-005
           6  5.674563962362780E-015
           7  3.114017005274736E-012
           8  2.708281752318958E-013
           9  1.912633244112939E-009
          10  2.713051082138141E-014
          14  2.162083134381164E-015
          15  2.099410480197045E-012
          16  1.265526684489475E-009
          17  9.349940576680999E-011
          18  4.594520477560538E-010
          19  2.131506154133054E-010
          20  4.663266800429853E-009
          21  7.634488066766601E-010
          22  1.658410011513259E-009
          23  4.901001666444064E-009
          24  1.134930570197547E-008
          25  1.381054259753886E-008
          26  1.201655003139161E-008
          27  2.555605649905976E-009
          28  1.601908094026441E-009
          29  8.908577044527041E-010
          30  2.807581617065257E-009
          31  4.814246313606915E-010
          32  6.416464629285684E-010
          33  7.995454830143721E-010
          34  4.318761145191941E-009
          35  2.930974852326451E-010
          36  1.194605031229964E-009
          37  7.244009243850392E-010
          38  9.590749913137961E-010
          39  2.876687859044109E-010
          40  6.422610652244136E-010
          41  9.363599094046534E-010
          42  6.194095377654290E-009
          43  5.155966713690590E-010
          44  9.879414510163089E-010
          45  4.381817237590580E-009
          46  7.352769955018057E-009
          47  8.131846812429206E-009
          48  6.072967853274808E-009
          49  4.798987594643209E-010
          50  3.135853393998137E-009
          51  1.606426822634456E-009
          52  6.303593671536893E-009
          53  1.992799324670976E-010
          54  4.682500227552372E-010
          55  3.174158534317313E-010
          56  4.061645479272314E-010
          57  1.059164023368470E-010
          58  2.136191390493826E-010
          59  1.480846833498504E-010
          60  1.695174775006891E-010
          61  1.782349771556258E-010
          62  8.560575506599715E-010
          63  3.471993495145113E-010
          64  3.673074420801418E-010
          65  3.146046975637579E-010
          66  4.381929031073386E-010
          67  5.870895586815637E-010
          68  8.501530742748565E-010
          69  1.575092623455790E-010
          70  4.765488689719427E-010
          71  1.644585212032922E-010
          72  2.016759811709362E-010
          73  2.169141164973763E-010
          74  4.395401452302532E-010
          75  1.033338177848624E-009
          76  2.774341240925943E-009
          77  5.466458669873602E-009
          78  1.034914894038956E-008
          79  8.073325792793690E-009
          80  3.245116730031497E-008
          81  1.202877486893035E-008
          82  1.082888242931266E-008
          83  4.776355270955070E-009
          84  5.474492680471060E-009
          85  3.638745295487562E-009
          86  3.896894755654610E-009
          87  2.453637818472435E-009
          88  5.905318486379802E-009
          89  2.720943104886201E-009
          90  5.314797479069529E-009
          91  3.528135371395876E-009
          92  2.977736889700179E-009
          93  2.482567333296003E-009
          94  5.691210091432641E-009
          95  2.875215008557859E-009
          96  3.547743633230778E-009
          97  1.522551818442665E-009
          98  1.392750387646367E-009
          99  1.560688214308178E-009
         100  1.355219082566370E-009
         101  1.014191695530173E-009
         102  1.782700518601050E-009
         103  1.684576044259625E-009
         104  1.640273440465059E-009
         105  1.771967373499017E-009
         106  2.246175271727724E-009
         107  1.732183204136481E-009
         108  5.874480815003679E-009
         109  2.617273291179080E-009
         110  7.169409024801193E-009
         111  5.060998744810635E-009
         112  6.647376711179673E-009
         113  3.305492929555193E-009
         114  2.579607491691309E-009
         115  1.348640309445356E-009
         116  1.405253877616070E-009
         117  1.271781682587258E-009
         118  1.370351490445024E-009
         119  5.055814277390345E-010
         120  7.225277062704147E-010
         121  5.873895581939324E-010
         122  7.435383982329988E-010
         123  6.889967630999615E-010
         124  1.894590816399483E-008
         125  8.711456063209245E-008
         126  6.974107862735264E-007
         127  3.533052734446975E-006
         128  2.883901261979512E-005
         129  1.401845250029235E-004
         130  3.385453015744081E-004
         131  1.110355776472808E-003
         132  1.038244607806998E-003
         133  3.357778675016484E-005
         134  8.308796067627610E-005
         135  7.970799617538570E-005
         136  2.172487203078322E-004
         137  1.187067574211420E-004
         138  8.681272657695134E-005
         139  1.386030073966632E-005
         140  3.126329865047764E-005
         141  2.367797162474597E-005
         142  9.100040328851423E-006
         143  1.838671058596921E-006
         144  1.080771579923812E-005
         145  6.475289837482021E-006
         146  2.458900941532382E-005
         147  1.564601358236850E-005
         148  1.144811510320261E-005
         149  7.335423889276934E-006
         150  2.224274470260059E-005
         151  1.543891217105473E-005
         152  3.338301361165692E-005
         153  1.304059135501881E-005
         154  3.024560076645860E-005
         155  1.716249198254027E-005
         156  5.439123201771747E-005
         157  2.810362886249859E-005
         158  6.366554535134234E-005
         159  3.486883814880790E-005
         160  4.373253885485953E-005
         161  2.149727361316096E-005
         162  1.376925953117683E-004
         163  5.004067763491432E-005
         164  6.450682330328404E-005
         165  3.434851095047493E-005
         166  7.204576630640867E-005
         167  3.614061902503275E-005
         168  7.290516426518520E-005
         169  2.686458479808181E-005
         170  5.601547995030754E-005
         171  4.281052862664373E-005
         172  6.922822892628839E-005
         173  2.679712435752560E-005
         174  3.480449097354974E-005
         175  1.575231143838082E-005
         176  2.472095302231844E-005
         177  1.318635381797730E-005
         178  1.601198926498764E-005
         179  7.285174743587971E-006
         180  1.424082830549262E-005
         181  6.822830665737677E-006
         182  1.453468829162151E-005
         183  7.498282206292007E-006
         184  1.355041404979362E-005
         185  4.334750800714492E-006
         186  1.665638216733223E-005
         187  4.844229618507123E-006
         188  1.589019689391929E-005
         189  1.386362108280743E-005
         190  2.819626371974643E-005
         191  3.148384501985828E-005
         192  1.098419146957841E-004
         193  1.400505986593808E-004
         194  3.355964639182706E-004
         195  2.263921200076287E-004
         196  4.245449732011538E-004
         197  2.173952255565017E-004
         198  1.538986593981360E-004
         199  1.205699635665627E-005
         200  2.164391100891112E-006
         201  8.499440255261242E-008
         202  1.053378760484684E-007
         203  2.591667522859559E-008
         204  9.127451389737449E-008
         205  7.989467299003251E-008
         206  2.229575667882441E-006
         207  1.473386899938457E-006
         208  2.444509651188782E-006
         209  1.527085209606281E-006
         226  5.898674862664942E-014
         227  4.594821108522882E-015
         230  2.779749533591659E-012
         231  6.897755525307955E-012
         232  5.262472802071326E-007
         234  9.050625726453811E-012
         235  1.482232444422654E-007
         236  1.519531833565411E-009
         238  1.647086959467518E-007
         240  2.951660770754819E-013
         244  3.603101311163970E-009
