           1  7.464470863585269E-005
           2  6.470609901488105E-012
           3  1.574717819390911E-008
           4  8.177231727947278E-005
           6  5.674563962362780E-015
           7  3.114017005274736E-012
           8  2.708281752318958E-013
           9  1.912633244112939E-009
          10  2.713051082138141E-014
          14  1.850088223765892E-015
          15  1.889925017860412E-012
          16  1.239163198120498E-009
          17  9.207749464332148E-011
          18  4.497738852693930E-010
          19  2.011524659445057E-010
          20  4.569241752631959E-009
          21  7.543994680941566E-010
          22  1.727123800559553E-009
          23  4.800141806728196E-009
          24  1.118242825211983E-008
          25  1.359411201814156E-008
          26  1.182028989854241E-008
          27  2.595094783384008E-009
          28  1.620833144030720E-009
          29  8.758750197471322E-010
          30  2.816658178818536E-009
          31  5.024974880512339E-010
          32  5.991198429959272E-010
          33  7.756134674465781E-010
          34  4.358438860930417E-009
          35  2.977798866751144E-010
          36  1.178198020919334E-009
          37  6.995998743657227E-010
          38  9.103852723382138E-010
          39  2.771790483128538E-010
          40  6.317082096880191E-010
          41  9.181555544973708E-010
          42  6.325886109692965E-009
          43  5.551636999116896E-010
          44  9.727971868395022E-010
          45  4.240825509306449E-009
          46  7.243039098286623E-009
          47  8.100296534282226E-009
          48  6.112899119543114E-009
          49  4.810655969815760E-010
          50  3.141387096617394E-009
          51  1.621106307332640E-009
          52  6.231415774390553E-009
          53  2.019938506272371E-010
          54  4.730237487168382E-010
          55  3.268920570448316E-010
          56  4.151645004497527E-010
          57  1.134509459679045E-010
          58  2.238736544023435E-010
          59  1.579091872864246E-010
          60  1.748088467107809E-010
          61  1.687923351147972E-010
          62  8.302587314150912E-010
          63  3.479674813780488E-010
          64  3.699237440135187E-010
          65  3.196510844047548E-010
          66  4.581060337135998E-010
          67  5.835282393703157E-010
          68  8.699133100176813E-010
          69  1.632975906762421E-010
          70  4.924828423793308E-010
          71  1.718997013042866E-010
          72  2.168560499751836E-010
          73  2.220137303860997E-010
          74  4.426894031635355E-010
          75  1.011575364644168E-009
          76  2.756383239972210E-009
          77  5.423830921642790E-009
          78  1.027630551134568E-008
          79  7.944711041738195E-009
          80  3.229960720793046E-008
          81  1.166262298719753E-008
          82  1.044124550675326E-008
          83  4.606535947571933E-009
          84  5.319151608237853E-009
          85  3.564518246258018E-009
          86  3.823791194332945E-009
          87  2.380839399493604E-009
          88  5.682746095718442E-009
          89  2.648142121197299E-009
          90  5.085767031339537E-009
          91  3.442332301363658E-009
          92  2.874723230466455E-009
          93  2.356799766533554E-009
          94  5.362747163613418E-009
          95  2.747208736322255E-009
          96  3.310308476998473E-009
          97  1.456267261289589E-009
          98  1.366291197761103E-009
          99  1.526681094215474E-009
         100  1.345431932804621E-009
         101  9.956375256980318E-010
         102  1.705496077110714E-009
         103  1.630534070774186E-009
         104  1.598569662758998E-009
         105  1.707357452182689E-009
         106  2.155082389490838E-009
         107  1.628837765545793E-009
         108  5.379465026125203E-009
         109  2.425285570604600E-009
         110  6.716491361342406E-009
         111  4.742522876606670E-009
         112  6.343409733041246E-009
         113  3.224524886971818E-009
         114  2.574887898999444E-009
         115  1.371289185703643E-009
         116  1.420979323616207E-009
         117  1.233451359410899E-009
         118  1.326583659312304E-009
         119  5.044399248219505E-010
         120  7.081611309021699E-010
         121  5.749814857667418E-010
         122  7.507914268945421E-010
         123  6.617414941171465E-010
         124  1.809112268342642E-008
         125  7.365627640284408E-008
         126  6.101947974204069E-007
         127  3.164852703662180E-006
         128  2.644104587288036E-005
         129  1.315569148354583E-004
         130  3.270124204121446E-004
         131  1.101302677303542E-003
         132  1.016848336363039E-003
         133  3.309610903120936E-005
         134  8.197463145644223E-005
         135  7.402836106750547E-005
         136  2.059594271818881E-004
         137  1.145385627293541E-004
         138  9.105822181120979E-005
         139  1.417168906966261E-005
         140  3.282210558216333E-005
         141  2.504255933222428E-005
         142  9.835732111046676E-006
         143  1.684776488294920E-006
         144  6.972288621683203E-006
         145  3.012207973855642E-006
         146  1.047663768981097E-005
         147  7.710916087655408E-006
         148  6.911122223618573E-006
         149  4.579374208621762E-006
         150  3.250307944422952E-005
         151  1.985624862442685E-005
         152  3.385873026511452E-005
         153  1.293876928439504E-005
         154  2.234453650150334E-005
         155  1.116594567007839E-005
         156  2.958453764155740E-005
         157  1.689641754081096E-005
         158  4.827803259671679E-005
         159  5.199303136905717E-005
         160  6.865287630454081E-005
         161  2.373082545472888E-005
         162  1.010831749604647E-004
         163  4.938248096380105E-005
         164  1.823831218242915E-004
         165  1.067783835243809E-004
         166  1.180383818152894E-004
         167  3.106587703852183E-005
         168  1.228854897678998E-004
         169  6.995922734903638E-005
         170  4.176152690471920E-005
         171  1.582704321736511E-005
         172  2.282976800788463E-005
         173  1.877416753685101E-005
         174  5.050548754299120E-005
         175  2.124023764262599E-005
         176  3.023838852897765E-005
         177  1.566400170390688E-005
         178  1.950954340264330E-005
         179  7.859924680591081E-006
         180  1.373559770267423E-005
         181  6.408704702735340E-006
         182  1.376398661772106E-005
         183  7.050972798880158E-006
         184  1.246596007463112E-005
         185  3.839145692655274E-006
         186  1.429489666479299E-005
         187  4.149818870119181E-006
         188  1.334422418978508E-005
         189  1.135600892665605E-005
         190  2.346499072079390E-005
         191  2.680000828738856E-005
         192  9.429036180615275E-005
         193  1.231039205657567E-004
         194  3.046888404134783E-004
         195  2.124627770686841E-004
         196  4.075763982152493E-004
         197  2.152258304626295E-004
         198  1.568076545307838E-004
         199  1.252978013709814E-005
         200  2.320461197724033E-006
         201  8.847735162720361E-008
         202  1.121684340000770E-007
         203  2.870846213312046E-008
         204  9.119555114481197E-008
         205  7.795597140333467E-008
         206  2.286708408170998E-006
         207  1.520005391472859E-006
         208  2.508493053736345E-006
         209  1.595614354356239E-006
         226  6.644525949516569E-014
         227  5.032250890444581E-015
         230  3.131231732403336E-012
         231  7.554426073283790E-012
         232  5.730892292803927E-007
         234  1.019502157669620E-011
         235  1.623341880374015E-007
         236  1.710403056485560E-009
         238  1.855350955612404E-007
         240  3.323447437145640E-013
         244  4.056942429499354E-009
