           1  7.410167654376836E-005
           2  6.470609901488105E-012
           3  1.574717819390911E-008
           4  8.156943131069405E-005
           6  5.674563962362780E-015
           7  3.114017005274736E-012
           8  2.708281752318958E-013
           9  1.912633244112939E-009
          10  2.713051082138141E-014
          14  2.316800501281671E-015
          15  2.258018919648375E-012
          16  1.289889691157674E-009
          17  9.484910771328063E-011
          18  4.400338616659386E-010
          19  1.867722810056623E-010
          20  4.828111025845057E-009
          21  7.834510541744150E-010
          22  1.519506698844668E-009
          23  5.035957295678333E-009
          24  1.158677087792625E-008
          25  1.410180463557008E-008
          26  1.167827599359219E-008
          27  2.470126738541165E-009
          28  1.585011564877198E-009
          29  8.424715546061587E-010
          30  2.692239109049703E-009
          31  4.668058889540064E-010
          32  6.143625551393288E-010
          33  8.798264188229463E-010
          34  4.275039326243882E-009
          35  2.855215294330882E-010
          36  1.135215981133343E-009
          37  7.900144603357375E-010
          38  1.076351055817271E-009
          39  3.241286843782667E-010
          40  6.426719767148330E-010
          41  8.909702188934659E-010
          42  6.291309577459171E-009
          43  5.458071438923293E-010
          44  1.033676466679615E-009
          45  4.609636700984042E-009
          46  7.396611776382030E-009
          47  7.815895573587433E-009
          48  5.749643900639115E-009
          49  5.326096089763834E-010
          50  3.122779890518891E-009
          51  1.556205804919815E-009
          52  6.358831472798789E-009
          53  2.259350278070184E-010
          54  5.524671730259700E-010
          55  3.724328130293995E-010
          56  4.355664235772994E-010
          57  1.171074833203166E-010
          58  2.235399167976017E-010
          59  1.540441523656083E-010
          60  1.822412387644410E-010
          61  1.940264952125702E-010
          62  9.088032965633717E-010
          63  3.679512847505790E-010
          64  3.685311181158116E-010
          65  3.033699771176385E-010
          66  4.366931345483005E-010
          67  5.753657993450588E-010
          68  8.508846570198271E-010
          69  1.594972668905937E-010
          70  4.792104264643309E-010
          71  1.645403595919957E-010
          72  2.055272294309247E-010
          73  2.175796533461009E-010
          74  4.587775513847891E-010
          75  1.118653880031905E-009
          76  2.886333948888368E-009
          77  5.494579410457533E-009
          78  9.993864666398676E-009
          79  8.057123940404119E-009
          80  3.274567317294848E-008
          81  1.218273100020135E-008
          82  1.079788402620427E-008
          83  4.773618752874496E-009
          84  5.236290653958908E-009
          85  3.542004557952910E-009
          86  3.874746201170232E-009
          87  2.656149683928666E-009
          88  6.319177271193419E-009
          89  2.756271334969275E-009
          90  5.247635210117784E-009
          91  3.710719191695344E-009
          92  3.063022796581239E-009
          93  2.517379291752193E-009
          94  5.866518938873867E-009
          95  3.073859534012153E-009
          96  3.426920583470535E-009
          97  1.506390164313641E-009
          98  1.385107298373025E-009
          99  1.516084937338285E-009
         100  1.359179504480948E-009
         101  1.010245596862810E-009
         102  1.825215466127328E-009
         103  1.765915398129001E-009
         104  1.750647009494372E-009
         105  1.846825648578845E-009
         106  2.411968161043334E-009
         107  1.860719303407283E-009
         108  6.209761472242284E-009
         109  2.706961074740855E-009
         110  7.055417683163874E-009
         111  5.045441536794813E-009
         112  6.633669908007447E-009
         113  3.382465642609927E-009
         114  2.683554608899737E-009
         115  1.383751534603295E-009
         116  1.418702337229547E-009
         117  1.280403248790905E-009
         118  1.363121569850077E-009
         119  4.805323787363793E-010
         120  6.675325562806642E-010
         121  5.474265956905843E-010
         122  7.062097605937474E-010
         123  6.733518233334406E-010
         124  1.922641892142792E-008
         125  9.104145699524569E-008
         126  7.387055942124745E-007
         127  3.721087810350677E-006
         128  2.981835842767658E-005
         129  1.431425947649997E-004
         130  3.320561678234817E-004
         131  1.115311709536748E-003
         132  1.045388199002157E-003
         133  3.387311970110060E-005
         134  8.474208959556268E-005
         135  8.803948404963589E-005
         136  2.293747814727239E-004
         137  1.233755306583063E-004
         138  8.515945182051216E-005
         139  1.473836255616870E-005
         140  3.314460193147616E-005
         141  2.529507527371370E-005
         142  9.703416176146888E-006
         143  1.888651877007100E-006
         144  1.007715595945413E-005
         145  6.685513827935174E-006
         146  2.934746267485413E-005
         147  2.788175407563149E-005
         148  3.246632693049485E-005
         149  1.915290691625578E-005
         150  2.694178791436570E-005
         151  1.333957095758034E-005
         152  2.080785090594631E-005
         153  8.504443580618101E-006
         154  4.381019002348064E-005
         155  1.793668219253878E-005
         156  1.353399509759978E-005
         157  8.497659998823938E-006
         158  4.576063671434600E-005
         159  2.452322977525743E-005
         160  4.944394320042201E-005
         161  2.882242778416667E-005
         162  6.001542067747760E-005
         163  3.290941502890268E-005
         164  7.280493259665693E-005
         165  3.695244588548634E-005
         166  8.147893178450813E-005
         167  2.864722402023152E-005
         168  1.023605297220297E-004
         169  6.728967267826315E-005
         170  5.727236805476521E-005
         171  2.684055349325862E-005
         172  3.485993821596739E-005
         173  2.403111863826836E-005
         174  4.615356012680985E-005
         175  2.546789144208212E-005
         176  2.374291530688315E-005
         177  1.034029250044678E-005
         178  1.441168285940560E-005
         179  6.328981037868568E-006
         180  1.189873624742377E-005
         181  5.794464695786931E-006
         182  1.329545321984894E-005
         183  7.227173067035022E-006
         184  1.375379443618482E-005
         185  4.459313773463635E-006
         186  1.720638675561279E-005
         187  5.033491260669773E-006
         188  1.676216399424140E-005
         189  1.439804295178653E-005
         190  3.058848164485493E-005
         191  3.176458065590620E-005
         192  1.106439265153339E-004
         193  1.429617406910739E-004
         194  3.518856604251643E-004
         195  2.343023406425618E-004
         196  4.246444564268004E-004
         197  2.205316297879494E-004
         198  1.569037454687964E-004
         199  1.300617563762988E-005
         200  2.277612921854363E-006
         201  8.109856696083262E-008
         202  9.711551519101397E-008
         203  2.458926414125353E-008
         204  8.272403078680660E-008
         205  7.309901888798633E-008
         206  2.238801649945385E-006
         207  1.494477205420004E-006
         208  2.488848602869655E-006
         209  1.553807276288413E-006
         226  5.905791894458742E-014
         227  4.529454608082215E-015
         230  2.783103433623443E-012
         231  6.799627191487012E-012
         232  5.290951808210032E-007
         234  9.061545736888130E-012
         235  1.461146020067241E-007
         236  1.489646156754177E-009
         238  1.649074248228233E-007
         240  2.891329775099439E-013
         244  3.529455080640624E-009
