           1  7.477068238102865E-005
           2  6.470609901488105E-012
           3  1.574717819390911E-008
           4  8.146260973166936E-005
           6  5.674563962362780E-015
           7  3.114017005274736E-012
           8  2.708281752318958E-013
           9  1.912633244112939E-009
          10  2.713051082138141E-014
          14  1.723756565327894E-015
          15  1.835814986206837E-012
          16  1.202866799811933E-009
          17  8.994146155094966E-011
          18  4.602204059653902E-010
          19  2.170596788404950E-010
          20  4.453946890268147E-009
          21  7.249630066670396E-010
          22  1.763200039253280E-009
          23  4.710334266491902E-009
          24  1.099919957839089E-008
          25  1.348108645150315E-008
          26  1.210590519550874E-008
          27  2.515989343583034E-009
          28  1.575486702252384E-009
          29  9.154921027031867E-010
          30  2.892804775263518E-009
          31  4.810179966462990E-010
          32  6.133177791174666E-010
          33  7.714109668296743E-010
          34  4.344548812495040E-009
          35  2.973581362347432E-010
          36  1.234119118833486E-009
          37  6.840448124422954E-010
          38  8.906897192505291E-010
          39  2.594737897916258E-010
          40  6.249523861916882E-010
          41  9.462524882974299E-010
          42  6.175748411840347E-009
          43  5.103240618576481E-010
          44  9.796621658411187E-010
          45  4.237069652359687E-009
          46  7.286714882426491E-009
          47  8.209984908507795E-009
          48  6.179102641394038E-009
          49  4.631372154402232E-010
          50  3.152021602029830E-009
          51  1.624361700879820E-009
          52  6.223756610288311E-009
          53  1.946022635696142E-010
          54  4.657846267999264E-010
          55  3.064420256289652E-010
          56  3.959056525287905E-010
          57  1.018708503788196E-010
          58  2.314401641502903E-010
          59  1.560004301845038E-010
          60  1.686309026535655E-010
          61  1.693656155179236E-010
          62  8.051470794076628E-010
          63  3.383549846359686E-010
          64  3.887381430400352E-010
          65  3.356751300547198E-010
          66  4.507531206694638E-010
          67  5.906499466071742E-010
          68  8.344291132909783E-010
          69  1.592522738417740E-010
          70  4.889670389770257E-010
          71  1.676498153763460E-010
          72  2.073991641685397E-010
          73  2.279107304817091E-010
          74  4.338349741365644E-010
          75  9.933628253333021E-010
          76  2.720136615191422E-009
          77  5.554210586252711E-009
          78  1.038528377603737E-008
          79  7.943068247356089E-009
          80  3.172379120145936E-008
          81  1.167123325320918E-008
          82  1.039891433719514E-008
          83  4.537523559874819E-009
          84  5.340327242684206E-009
          85  3.611256028348066E-009
          86  3.827624008735966E-009
          87  2.267643359027562E-009
          88  5.514288082539678E-009
          89  2.603609416479227E-009
          90  5.082145041722481E-009
          91  3.334614000099863E-009
          92  2.792656616312227E-009
          93  2.310725407354105E-009
          94  5.217575445750290E-009
          95  2.667070097091883E-009
          96  3.547253582698687E-009
          97  1.521821658780307E-009
          98  1.380131083478262E-009
          99  1.514872790896095E-009
         100  1.287211314532124E-009
         101  9.713198976589179E-010
         102  1.691396966823674E-009
         103  1.599394230980232E-009
         104  1.557127145062723E-009
         105  1.666226061191028E-009
         106  2.048135500140374E-009
         107  1.577425238088753E-009
         108  5.321287553264877E-009
         109  2.430949784471094E-009
         110  6.769904013156910E-009
         111  4.759036398277743E-009
         112  6.209874574422118E-009
         113  3.071890821611486E-009
         114  2.388291683249931E-009
         115  1.255883344391889E-009
         116  1.298911228735414E-009
         117  1.158195837452383E-009
         118  1.270263614299187E-009
         119  4.934175230539282E-010
         120  7.200645741611821E-010
         121  5.853629469982228E-010
         122  7.472251189968941E-010
         123  6.703614184514211E-010
         124  1.885550644951403E-008
         125  8.105493634807595E-008
         126  6.503315802372510E-007
         127  3.383164746067308E-006
         128  2.808933398131556E-005
         129  1.357895820738956E-004
         130  3.291438974336400E-004
         131  1.082230929219239E-003
         132  1.011458815594064E-003
         133  3.342850799277447E-005
         134  8.282356799213011E-005
         135  7.188980587164291E-005
         136  2.024891546334734E-004
         137  1.133256221241844E-004
         138  9.360905389136921E-005
         139  1.435190164898606E-005
         140  3.293987370152153E-005
         141  2.452052944088706E-005
         142  9.612281691499056E-006
         143  1.597498062633485E-006
         144  5.812952765044923E-006
         145  1.950872800678033E-006
         146  8.433185691904379E-006
         147  1.301118073477403E-005
         148  3.201402953269126E-005
         149  2.107803493513730E-005
         150  1.938870816061649E-005
         151  8.236560109898954E-006
         152  1.406953158429875E-005
         153  6.391615613682188E-006
         154  7.835146131383900E-005
         155  3.409493811666306E-005
         156  2.955458680151986E-005
         157  1.825092238203910E-005
         158  9.044820374262775E-005
         159  7.066774112499463E-005
         160  8.048730228665934E-005
         161  3.262239710880241E-005
         162  7.157910095665458E-005
         163  3.974530271325272E-005
         164  1.028199053721802E-004
         165  6.844719680375711E-005
         166  9.069516699048550E-005
         167  2.970625779244646E-005
         168  9.723177879367216E-005
         169  7.200988862176593E-005
         170  6.750346061863520E-005
         171  3.249916237598900E-005
         172  6.383730563276909E-005
         173  2.911798215956011E-005
         174  3.869188517329015E-005
         175  1.583592143728840E-005
         176  2.275659528695572E-005
         177  1.248004626048084E-005
         178  2.232079640227260E-005
         179  6.249471854779166E-006
         180  9.362038297246780E-006
         181  5.077648458003229E-006
         182  1.191432487390868E-005
         183  6.194781428404908E-006
         184  1.100906857331438E-005
         185  3.449609430278133E-006
         186  1.315954359206720E-005
         187  3.959620729397819E-006
         188  1.356814291912774E-005
         189  1.209569893019649E-005
         190  2.461078130336768E-005
         191  2.827680807972616E-005
         192  1.004540915893018E-004
         193  1.302948501651716E-004
         194  3.124621245296311E-004
         195  2.162922433820418E-004
         196  4.146575444801391E-004
         197  2.106533534265073E-004
         198  1.474013619627556E-004
         199  1.143360090475007E-005
         200  2.141216598241426E-006
         201  8.948990951035005E-008
         202  1.169853782801063E-007
         203  2.955256668572154E-008
         204  9.108631356350975E-008
         205  7.673690410801968E-008
         206  2.276324929004602E-006
         207  1.490678509379345E-006
         208  2.460464356923719E-006
         209  1.574311362658030E-006
         226  6.334953790803806E-014
         227  4.928555025864466E-015
         230  2.985345904852233E-012
         231  7.398757613954149E-012
         232  5.601324709986535E-007
         234  9.720029852440739E-012
         235  1.589890877341926E-007
         236  1.650315209521370E-009
         238  1.768909122912433E-007
         240  3.207524487173693E-013
         244  3.915434930678240E-009
