           1  7.456981374349823E-005
           2  6.470609901488105E-012
           3  1.574717819390911E-008
           4  8.214369945469639E-005
           6  5.674563962362780E-015
           7  3.114017005274736E-012
           8  2.708281752318958E-013
           9  1.912633244112939E-009
          10  2.713051082138141E-014
          14  2.017840027427671E-015
          15  1.944871072835161E-012
          16  1.221271169436931E-009
          17  9.097963567947776E-011
          18  4.558050307971290E-010
          19  2.103747611478252E-010
          20  4.639460985957416E-009
          21  7.487970492645096E-010
          22  1.526107374493084E-009
          23  4.893970419830791E-009
          24  1.130202555476806E-008
          25  1.386872330631410E-008
          26  1.207598706452938E-008
          27  2.524452110401647E-009
          28  1.519022628711822E-009
          29  8.393631401709739E-010
          30  2.601705178023586E-009
          31  4.471096066454785E-010
          32  6.285535163614932E-010
          33  8.062563201044745E-010
          34  4.343634476408862E-009
          35  2.911073098342158E-010
          36  1.179637592488660E-009
          37  8.269849152284115E-010
          38  1.116363646426021E-009
          39  2.970255155107737E-010
          40  6.013540740092120E-010
          41  8.639340471724316E-010
          42  5.899804249019589E-009
          43  4.970843041180024E-010
          44  1.009389698132718E-009
          45  4.516587727367288E-009
          46  7.514296587615840E-009
          47  8.099899827512266E-009
          48  5.927750093176359E-009
          49  5.349836284398091E-010
          50  3.104570252709246E-009
          51  1.529476741061304E-009
          52  6.221371205713883E-009
          53  2.294208315055942E-010
          54  5.804385821325682E-010
          55  3.527805844208577E-010
          56  3.937358561668284E-010
          57  1.027311665590132E-010
          58  2.063438946843548E-010
          59  1.434419245980504E-010
          60  1.710303056788142E-010
          61  1.801304308446229E-010
          62  8.401213728192647E-010
          63  3.422987019275545E-010
          64  3.587078809514173E-010
          65  3.057525841653959E-010
          66  4.362209545149886E-010
          67  5.808745685215079E-010
          68  8.338673219501425E-010
          69  1.551079067233014E-010
          70  4.647712915075664E-010
          71  1.612128601037242E-010
          72  2.037149511787714E-010
          73  2.218698365281530E-010
          74  4.509182954609601E-010
          75  1.069197358436630E-009
          76  2.822769845076189E-009
          77  5.567390042339618E-009
          78  1.020990577341481E-008
          79  7.988425576932224E-009
          80  3.164484437129475E-008
          81  1.262758009770891E-008
          82  1.064700617057104E-008
          83  4.486468944492603E-009
          84  5.073637019973947E-009
          85  3.407362206608509E-009
          86  3.700104529347980E-009
          87  2.547990067838745E-009
          88  6.049697621900400E-009
          89  2.700373048168873E-009
          90  5.171531480624975E-009
          91  3.512335046587463E-009
          92  2.925918695865702E-009
          93  2.410556747769506E-009
          94  5.515241972295066E-009
          95  2.826839690168675E-009
          96  3.468876587281485E-009
          97  1.504946901742891E-009
          98  1.391936926201971E-009
          99  1.548403504608982E-009
         100  1.350195085526702E-009
         101  1.006208013273562E-009
         102  1.751313108016440E-009
         103  1.654533793788412E-009
         104  1.597460576414188E-009
         105  1.710371937231386E-009
         106  2.205829867543405E-009
         107  1.713715491242606E-009
         108  5.838282449057412E-009
         109  2.600491795839120E-009
         110  7.071086100663287E-009
         111  5.015447894456897E-009
         112  6.554335181284587E-009
         113  3.278195293616250E-009
         114  2.558014287212028E-009
         115  1.336630349770016E-009
         116  1.372168965720895E-009
         117  1.220421051421743E-009
         118  1.311878634292431E-009
         119  4.927149634115349E-010
         120  7.037677532723386E-010
         121  5.739944954878085E-010
         122  7.410105891873245E-010
         123  6.794954516850458E-010
         124  1.912145308195643E-008
         125  8.541516943405401E-008
         126  6.917728532815799E-007
         127  3.533314867484375E-006
         128  2.885881034009028E-005
         129  1.397933223390626E-004
         130  3.322330497935588E-004
         131  1.083654566078595E-003
         132  1.029817684430188E-003
         133  3.297767398073989E-005
         134  8.277794161774632E-005
         135  8.665966733755384E-005
         136  2.135723125646711E-004
         137  1.139288710613391E-004
         138  8.631393011645792E-005
         139  1.481489576482788E-005
         140  3.389030109100674E-005
         141  2.477467343970944E-005
         142  9.620634293004277E-006
         143  1.555253414890122E-006
         144  5.541594832782659E-006
         145  1.992122835095095E-006
         146  6.612007224966318E-006
         147  6.159255757252567E-006
         148  5.874200912426091E-006
         149  4.149365863284662E-006
         150  1.849424897131049E-005
         151  2.266121299283856E-005
         152  3.783179977907807E-005
         153  1.461218185768706E-005
         154  6.599687066997143E-005
         155  3.573262636904928E-005
         156  4.400652156714915E-005
         157  2.118630859909206E-005
         158  4.548034460464558E-005
         159  2.884593675782979E-005
         160  7.443596871121265E-005
         161  4.449142132705650E-005
         162  1.018640858710239E-004
         163  5.975583758634052E-005
         164  1.136431144595025E-004
         165  5.957146078186718E-005
         166  1.102902327986306E-004
         167  2.898865995353206E-005
         168  1.248250841587636E-004
         169  5.991603239276564E-005
         170  3.586607510292150E-005
         171  1.059554239115861E-005
         172  2.537659388439620E-005
         173  1.122755101328390E-005
         174  1.822419500964005E-005
         175  1.645735548634359E-005
         176  3.148644424170929E-005
         177  1.656511207190072E-005
         178  2.667988815894267E-005
         179  7.698698431009865E-006
         180  1.073725070565618E-005
         181  5.536861882956292E-006
         182  1.290257728585999E-005
         183  6.902996835267050E-006
         184  1.281141316457694E-005
         185  4.120694914574413E-006
         186  1.602611759693462E-005
         187  4.689788169324885E-006
         188  1.556803968521339E-005
         189  1.358268860663530E-005
         190  2.790224699841655E-005
         191  3.064173035950000E-005
         192  1.073105389353793E-004
         193  1.384070945379315E-004
         194  3.338973527139001E-004
         195  2.224000316352956E-004
         196  4.096683508642835E-004
         197  2.103603580381940E-004
         198  1.481930977274939E-004
         199  1.179885873088731E-005
         200  2.150979195376631E-006
         201  8.712436939486968E-008
         202  1.083500636718824E-007
         203  2.621426834745382E-008
         204  8.064603007127373E-008
         205  6.935109928534068E-008
         206  2.269039200612560E-006
         207  1.470553506785074E-006
         208  2.477190525757544E-006
         209  1.583243842491402E-006
         226  6.425210102868283E-014
         227  4.954595999676866E-015
         230  3.027879176681287E-012
         231  7.437850380953433E-012
         232  5.729623761659559E-007
         234  9.858514532299250E-012
         235  1.598291373325872E-007
         236  1.644905831270321E-009
         238  1.794111392586926E-007
         240  3.195320634514809E-013
         244  3.900537650492064E-009
