           1  7.442721542781629E-005
           2  6.470609901488105E-012
           3  1.574717819390911E-008
           4  8.046418864007266E-005
           6  5.674563962362780E-015
           7  3.114017005274736E-012
           8  2.708281752318958E-013
           9  1.912633244112939E-009
          10  2.713051082138141E-014
          14  1.931385880711343E-015
          15  2.037452965743731E-012
          16  1.217089752251112E-009
          17  9.071236435138252E-011
          18  4.638841705823650E-010
          19  2.213284004696533E-010
          20  4.641682986507979E-009
          21  7.448382641145692E-010
          22  1.472099197169095E-009
          23  4.917848222861097E-009
          24  1.132724727011391E-008
          25  1.392009582682418E-008
          26  1.179893573962572E-008
          27  2.404698446552410E-009
          28  1.553575549531110E-009
          29  9.153560885951650E-010
          30  2.710074729807629E-009
          31  4.545625840944987E-010
          32  7.113641335133991E-010
          33  8.383139828327833E-010
          34  4.275801344388496E-009
          35  2.891238203232293E-010
          36  1.200945202648143E-009
          37  7.374509520557074E-010
          38  9.866862404915345E-010
          39  2.877401031581253E-010
          40  6.536170004492999E-010
          41  9.610093151778059E-010
          42  5.966583448562293E-009
          43  4.876972525938778E-010
          44  1.028657354252690E-009
          45  4.625472087772854E-009
          46  7.467824592386634E-009
          47  8.062831448424218E-009
          48  5.956798887471956E-009
          49  4.763593618937100E-010
          50  3.089849782039462E-009
          51  1.583384546592964E-009
          52  6.381825889440735E-009
          53  2.062005311568358E-010
          54  4.911471333597342E-010
          55  3.094844296172006E-010
          56  3.908522366501959E-010
          57  1.009497022162897E-010
          58  2.081747687090923E-010
          59  1.419470829435858E-010
          60  1.757393553663170E-010
          61  1.925967495612649E-010
          62  8.826146080174841E-010
          63  3.564514290245512E-010
          64  3.759452638417494E-010
          65  3.165094676196296E-010
          66  4.430431118958877E-010
          67  5.973822917161677E-010
          68  8.291821139217019E-010
          69  1.536197869066207E-010
          70  4.593278764684703E-010
          71  1.568524420411334E-010
          72  1.955831031585528E-010
          73  2.213621614550267E-010
          74  4.540672936994091E-010
          75  1.097341979813072E-009
          76  2.849032314644021E-009
          77  5.593837545727576E-009
          78  1.024914762750015E-008
          79  8.042486574998603E-009
          80  3.132633129148198E-008
          81  1.216612851684923E-008
          82  1.054699321883614E-008
          83  4.557336778174632E-009
          84  5.449646566945263E-009
          85  3.562758246333355E-009
          86  3.812125799523564E-009
          87  2.487006064167548E-009
          88  5.828223715680998E-009
          89  2.662897895831431E-009
          90  5.220694592283528E-009
          91  3.448376115729841E-009
          92  3.015779130137313E-009
          93  2.507820468642702E-009
          94  5.491428845073924E-009
          95  2.818758794098709E-009
          96  3.533130981389924E-009
          97  1.521342855993713E-009
          98  1.385370539374688E-009
          99  1.516211864591454E-009
         100  1.306023157903868E-009
         101  9.805367555390673E-010
         102  1.713658653366274E-009
         103  1.625223491518619E-009
         104  1.592090387384848E-009
         105  1.720705750728068E-009
         106  2.219243953538952E-009
         107  1.737608114716941E-009
         108  5.955537076720946E-009
         109  2.648073928080396E-009
         110  7.040013870324656E-009
         111  4.960480323604791E-009
         112  6.355114513782815E-009
         113  3.137979468412038E-009
         114  2.419968936995405E-009
         115  1.247067485897014E-009
         116  1.271717738728825E-009
         117  1.148989212023665E-009
         118  1.237278043010907E-009
         119  4.587126506931861E-010
         120  6.602254604943435E-010
         121  5.373037396008067E-010
         122  6.827359999993376E-010
         123  6.556877789835856E-010
         124  1.907923512771943E-008
         125  9.147080371793018E-008
         126  7.308398411581673E-007
         127  3.732281641470552E-006
         128  3.027780045242322E-005
         129  1.433249259192085E-004
         130  3.318409475582696E-004
         131  1.075060844397953E-003
         132  1.032643693690143E-003
         133  3.538682181377966E-005
         134  8.787525179899700E-005
         135  7.993058964187369E-005
         136  2.160742472477653E-004
         137  1.188536724958146E-004
         138  9.299360232307200E-005
         139  1.444598031296280E-005
         140  3.246808669352566E-005
         141  2.534190462049741E-005
         142  9.856339366731819E-006
         143  1.859082990864978E-006
         144  9.416090597726015E-006
         145  5.521583684877202E-006
         146  2.211695875611682E-005
         147  1.763887278601923E-005
         148  3.145471065067368E-005
         149  2.102754453257240E-005
         150  2.594232683773536E-005
         151  1.219373294445034E-005
         152  2.614990245434475E-005
         153  1.120232703212284E-005
         154  3.612955601319929E-005
         155  2.015910068300435E-005
         156  3.764657621733367E-005
         157  2.919738927756299E-005
         158  6.538267693384258E-005
         159  2.792622093991769E-005
         160  7.238301906186718E-005
         161  3.481990222930911E-005
         162  4.973902566383407E-005
         163  3.209848582475254E-005
         164  1.267760586571385E-004
         165  8.731519698484100E-005
         166  9.496660212963731E-005
         167  2.600468401269003E-005
         168  6.433294282501331E-005
         169  2.993264595392310E-005
         170  4.154548987874073E-005
         171  2.128251816529310E-005
         172  7.107859839267455E-005
         173  3.384471072236708E-005
         174  3.789809070904831E-005
         175  1.951065326787389E-005
         176  2.047351864448040E-005
         177  9.936663191492638E-006
         178  1.678229603697026E-005
         179  9.163878550535307E-006
         180  1.756393908356944E-005
         181  7.409501281480425E-006
         182  1.389446473105158E-005
         183  6.852596537433976E-006
         184  1.228267522974840E-005
         185  3.941717704922852E-006
         186  1.526425360852971E-005
         187  4.497480153300948E-006
         188  1.535517631171443E-005
         189  1.378562637571168E-005
         190  2.850084502654292E-005
         191  3.116825779598142E-005
         192  1.100346919156473E-004
         193  1.423769369493012E-004
         194  3.413280294481824E-004
         195  2.265059872287121E-004
         196  4.162141053435984E-004
         197  2.105673108525681E-004
         198  1.458297085679456E-004
         199  1.150745254886090E-005
         200  2.095729326638474E-006
         201  8.771737147979568E-008
         202  1.098091985556016E-007
         203  2.649166941784900E-008
         204  8.270451875466810E-008
         205  7.017947046038743E-008
         206  2.165693017030905E-006
         207  1.401033713422749E-006
         208  2.363895323699980E-006
         209  1.494318878816280E-006
         226  5.537390456917267E-014
         227  4.332078517704646E-015
         230  2.609494318352127E-012
         231  6.503325771734190E-012
         232  5.037524789166786E-007
         234  8.496289368991109E-012
         235  1.397474935165095E-007
         236  1.426655054118630E-009
         238  1.546205516224664E-007
         240  2.770893299984001E-013
         244  3.382437907901823E-009
