           1  7.458714249229597E-005
           2  6.470609901488105E-012
           3  1.574717819390911E-008
           4  8.206171815088274E-005
           6  5.674563962362780E-015
           7  3.114017005274736E-012
           8  2.708281752318958E-013
           9  1.912633244112939E-009
          10  2.713051082138141E-014
          14  1.828057107197164E-015
          15  1.949165748856412E-012
          16  1.223886583923712E-009
          17  9.128756341730540E-011
          18  4.392891061663786E-010
          19  1.868795784038597E-010
          20  4.597290613783092E-009
          21  7.659875491811550E-010
          22  1.574346260812572E-009
          23  4.844135050646238E-009
          24  1.123955579561901E-008
          25  1.360267212084529E-008
          26  1.174295866592848E-008
          27  2.645308690485341E-009
          28  1.615733470842465E-009
          29  8.045280783739603E-010
          30  2.647469041774209E-009
          31  4.833502822578955E-010
          32  5.961885393512261E-010
          33  7.901887688887952E-010
          34  4.425333046347256E-009
          35  2.928105604401282E-010
          36  1.124053836466494E-009
          37  7.956093907120471E-010
          38  1.063786581169556E-009
          39  3.068385376624273E-010
          40  6.106969078328996E-010
          41  8.485775597265813E-010
          42  6.215613910579288E-009
          43  5.449482693791241E-010
          44  9.555566560994833E-010
          45  4.285119013515287E-009
          46  7.294304275684217E-009
          47  8.034886864184789E-009
          48  5.994414290115196E-009
          49  5.289633390721752E-010
          50  3.124610240597601E-009
          51  1.561397878220323E-009
          52  6.287691403188314E-009
          53  2.261597918050697E-010
          54  5.619812624642038E-010
          55  3.811839018782030E-010
          56  4.272354717433478E-010
          57  1.160662050276403E-010
          58  2.107986646914998E-010
          59  1.508614891017981E-010
          60  1.735193821271721E-010
          61  1.732262266221176E-010
          62  8.549846933915006E-010
          63  3.535120830329650E-010
          64  3.553772763858190E-010
          65  3.038649006396068E-010
          66  4.452525791557676E-010
          67  5.827339871795997E-010
          68  8.981105089714394E-010
          69  1.679641998118055E-010
          70  4.986432791313230E-010
          71  1.738681213056557E-010
          72  2.165230288547462E-010
          73  2.126178426720923E-010
          74  4.444505326819939E-010
          75  1.040980373919209E-009
          76  2.821418208556570E-009
          77  5.408260156999402E-009
          78  1.004997185220574E-008
          79  7.799226293230043E-009
          80  3.207986713760244E-008
          81  1.184214011290038E-008
          82  1.039084342830401E-008
          83  4.500074902537512E-009
          84  5.002974710470423E-009
          85  3.371534334592005E-009
          86  3.654219802953452E-009
          87  2.436689714312709E-009
          88  5.926998422672896E-009
          89  2.736345537376901E-009
          90  5.159649273500790E-009
          91  3.413185507521138E-009
          92  2.806529144775131E-009
          93  2.346382182153710E-009
          94  5.654737714011511E-009
          95  2.841426971981052E-009
          96  3.186503943863229E-009
          97  1.399995087202520E-009
          98  1.327864519057853E-009
          99  1.493170973390808E-009
         100  1.334000304621769E-009
         101  1.001364098803962E-009
         102  1.718734925300922E-009
         103  1.641518849564522E-009
         104  1.584703100517497E-009
         105  1.669439294597457E-009
         106  2.150207203382338E-009
         107  1.640655371238424E-009
         108  5.379255836631375E-009
         109  2.412851477080578E-009
         110  6.712975493652642E-009
         111  4.734094452164498E-009
         112  6.342566238355618E-009
         113  3.239185539977202E-009
         114  2.605157524802132E-009
         115  1.386900901012541E-009
         116  1.447356481900310E-009
         117  1.267194845807324E-009
         118  1.342740975196856E-009
         119  5.008765088307344E-010
         120  6.932524378842313E-010
         121  5.588664137275569E-010
         122  7.261603424644739E-010
         123  6.379030474798913E-010
         124  1.674706963493825E-008
         125  6.902119490661159E-008
         126  5.767806501326039E-007
         127  3.005724427075375E-006
         128  2.530698138468963E-005
         129  1.273472431848016E-004
         130  3.199011973589044E-004
         131  1.085262376132277E-003
         132  1.029766292536558E-003
         133  3.351256079490325E-005
         134  8.473169492340982E-005
         135  8.336677934002538E-005
         136  2.132718286685053E-004
         137  1.161391559039937E-004
         138  9.125185278693529E-005
         139  1.423511891499278E-005
         140  3.348909255894689E-005
         141  2.543356308764988E-005
         142  1.003110196850898E-005
         143  1.903668064547170E-006
         144  9.645498784663434E-006
         145  5.780577549152929E-006
         146  2.308054830391974E-005
         147  1.662265629991635E-005
         148  2.162030041272462E-005
         149  1.295347493537413E-005
         150  2.104691052667267E-005
         151  1.130513502789194E-005
         152  2.917775159358672E-005
         153  1.484833983766111E-005
         154  3.062912615761751E-005
         155  1.572663165263640E-005
         156  3.552359227703112E-005
         157  2.346966171763504E-005
         158  8.313002539932672E-005
         159  6.145345645488017E-005
         160  6.952833589499226E-005
         161  2.993763552348675E-005
         162  1.108017221295950E-004
         163  9.814279632390116E-005
         164  7.764587298823413E-005
         165  2.696515352989971E-005
         166  1.846970975193236E-004
         167  3.771429268818098E-005
         168  6.552593998682920E-005
         169  2.133172056840152E-005
         170  3.885636483033688E-005
         171  1.889746079269973E-005
         172  2.455834485324585E-005
         173  2.213015900718508E-005
         174  6.178565869701502E-005
         175  2.677548341433108E-005
         176  3.124638884178559E-005
         177  9.513695731316247E-006
         178  8.304245557325557E-006
         179  4.111414460908346E-006
         180  9.133806995383889E-006
         181  4.620275333079828E-006
         182  1.082783695218380E-005
         183  5.868970316801482E-006
         184  1.083450637816613E-005
         185  3.464995821092910E-006
         186  1.354396530058206E-005
         187  3.906377783294009E-006
         188  1.240743621876317E-005
         189  1.070906872457203E-005
         190  2.267674245759715E-005
         191  2.706349086154015E-005
         192  9.568082772439527E-005
         193  1.250243037880997E-004
         194  3.112267121710564E-004
         195  2.200363421788835E-004
         196  4.269694891324689E-004
         197  2.274684529985394E-004
         198  1.676961813799084E-004
         199  1.348302203799807E-005
         200  2.456096804127161E-006
         201  9.023785473249700E-008
         202  1.132695254396267E-007
         203  2.904827800764242E-008
         204  8.262853537608087E-008
         205  6.917118023226761E-008
         206  2.272694880363575E-006
         207  1.502543855583585E-006
         208  2.523807486019892E-006
         209  1.608498416539797E-006
         226  6.481739558058859E-014
         227  4.909722040946680E-015
         230  3.054518672900138E-012
         231  7.370485495691756E-012
         232  5.646101917380729E-007
         234  9.945250443900099E-012
         235  1.583815589401186E-007
         236  1.602396131686306E-009
         238  1.809896112144793E-007
         240  3.108679343145312E-013
         244  3.794774361692944E-009
