           1  7.442188658848424E-005
           2  6.470609901488105E-012
           3  1.574717819390911E-008
           4  8.335197827747911E-005
           6  5.674563962362780E-015
           7  3.114017005274736E-012
           8  2.708281752318958E-013
           9  1.912633244112939E-009
          10  2.713051082138141E-014
          14  1.987653020864535E-015
          15  2.042268964346106E-012
          16  1.245768900610094E-009
          17  9.242216290139741E-011
          18  4.398055174080705E-010
          19  1.873939619596367E-010
          20  4.626845016119001E-009
          21  7.692795759137032E-010
          22  1.619151409715309E-009
          23  4.868956217781349E-009
          24  1.128343077427112E-008
          25  1.363734075720129E-008
          26  1.180719492115348E-008
          27  2.574637523764292E-009
          28  1.624870837802519E-009
          29  8.381518840438965E-010
          30  2.781171213782683E-009
          31  4.765310832568846E-010
          32  6.021038935372692E-010
          33  8.153680120139172E-010
          34  4.343580231275617E-009
          35  2.853889256212267E-010
          36  1.142849122079192E-009
          37  7.508045463122999E-010
          38  1.010585359722744E-009
          39  3.079319440491591E-010
          40  6.335044283987991E-010
          41  8.948185800902851E-010
          42  6.347060274728670E-009
          43  5.176678263811693E-010
          44  9.587779148902697E-010
          45  4.305837690577225E-009
          46  7.226254461129444E-009
          47  7.993786458895003E-009
          48  5.983191034849186E-009
          49  5.050322309906618E-010
          50  3.160714515490581E-009
          51  1.589724642713484E-009
          52  6.418299425170748E-009
          53  2.094664514156267E-010
          54  5.152379348645461E-010
          55  3.669396907213290E-010
          56  4.419322922649343E-010
          57  1.125087085955122E-010
          58  2.207427870217919E-010
          59  1.530510660805932E-010
          60  1.703599444642249E-010
          61  1.829449375094027E-010
          62  8.860659322827693E-010
          63  3.537487382844367E-010
          64  3.669315970263484E-010
          65  3.132061975931529E-010
          66  4.283382008342524E-010
          67  5.898629705868463E-010
          68  8.786547703338433E-010
          69  1.646819325958963E-010
          70  5.021237814689538E-010
          71  1.725566702369038E-010
          72  2.042430497882856E-010
          73  2.121272480503782E-010
          74  4.396514529121453E-010
          75  1.047908832842806E-009
          76  2.834912379085098E-009
          77  5.470546510713499E-009
          78  1.006089313465566E-008
          79  7.845829881561112E-009
          80  3.253909143752197E-008
          81  1.144191522425737E-008
          82  1.058669986846640E-008
          83  4.717573866312808E-009
          84  5.184751780173367E-009
          85  3.522890887676285E-009
          86  3.776366155259169E-009
          87  2.368384365369260E-009
          88  5.946718575979911E-009
          89  2.761427343324347E-009
          90  5.308647078092441E-009
          91  3.371163702936627E-009
          92  2.792019060792432E-009
          93  2.404959639717661E-009
          94  5.936369939261368E-009
          95  2.901367524508732E-009
          96  3.403017001366164E-009
          97  1.434861191730405E-009
          98  1.299382616526450E-009
          99  1.474088047815940E-009
         100  1.284696042929746E-009
         101  9.920947739785692E-010
         102  1.789498338796737E-009
         103  1.675905878555306E-009
         104  1.608829286881442E-009
         105  1.717208408899294E-009
         106  2.172753571140417E-009
         107  1.698253369640002E-009
         108  5.658544412746129E-009
         109  2.505700442234518E-009
         110  6.910397962599990E-009
         111  4.899192388160018E-009
         112  6.419011079090026E-009
         113  3.162332086450270E-009
         114  2.458790727331140E-009
         115  1.296187103981822E-009
         116  1.365831560267846E-009
         117  1.285119295867277E-009
         118  1.395152853145229E-009
         119  4.906185287978365E-010
         120  6.999837957983989E-010
         121  5.680125459618616E-010
         122  7.357078440496108E-010
         123  6.598154199170879E-010
         124  1.907822295381492E-008
         125  8.151059591735761E-008
         126  6.506595560729777E-007
         127  3.343700405493885E-006
         128  2.746597115995179E-005
         129  1.338460018169314E-004
         130  3.259385057041593E-004
         131  1.093958729526308E-003
         132  1.030816542090792E-003
         133  3.411209624654274E-005
         134  8.598942216921309E-005
         135  8.131457338763879E-005
         136  2.195138759092037E-004
         137  1.205779670239349E-004
         138  9.024692992835031E-005
         139  1.404272052584108E-005
         140  3.288815744236055E-005
         141  2.576725322680104E-005
         142  9.921655115312947E-006
         143  1.731888371853755E-006
         144  7.739312968350525E-006
         145  4.080315005896673E-006
         146  1.516154750206560E-005
         147  1.045784850914822E-005
         148  1.079439595912916E-005
         149  8.112459425775008E-006
         150  2.850537598671801E-005
         151  1.694133525852301E-005
         152  3.201884324007570E-005
         153  1.180987376740542E-005
         154  2.898543115432511E-005
         155  1.972283391760768E-005
         156  9.862817417258574E-005
         157  3.760235829464276E-005
         158  3.775778249518880E-005
         159  1.586941075011001E-005
         160  5.220029145174980E-005
         161  4.023726213409864E-005
         162  1.992037428943602E-004
         163  7.107905451484864E-005
         164  7.806767228289438E-005
         165  5.044909474862144E-005
         166  7.697121877975921E-005
         167  2.163681126961041E-005
         168  4.861891278489171E-005
         169  2.457107006263580E-005
         170  4.930494223011755E-005
         171  3.031623236820596E-005
         172  3.644907187363320E-005
         173  2.087412555101444E-005
         174  3.940527268623210E-005
         175  1.648499486488547E-005
         176  1.639173586011148E-005
         177  9.473307228999071E-006
         178  1.803708676241934E-005
         179  9.872726788168256E-006
         180  1.830766498093323E-005
         181  7.783717067030963E-006
         182  1.478417029469013E-005
         183  7.300542720983536E-006
         184  1.267459264764958E-005
         185  4.056220929928744E-006
         186  1.569460448115380E-005
         187  4.492431171844223E-006
         188  1.450581297738113E-005
         189  1.283506344396037E-005
         190  2.642999025361551E-005
         191  3.099833989647406E-005
         192  1.080309665212216E-004
         193  1.353606895402166E-004
         194  3.215664064825298E-004
         195  2.237821932152880E-004
         196  4.315673890911100E-004
         197  2.203602086122310E-004
         198  1.568103105470563E-004
         199  1.225335118665796E-005
         200  2.185680212247253E-006
         201  8.262872548596480E-008
         202  1.056014651892925E-007
         203  2.738240153049207E-008
         204  8.368934579811160E-008
         205  7.172597592156189E-008
         206  2.377677258737285E-006
         207  1.572977927205525E-006
         208  2.636616445948517E-006
         209  1.663583382926448E-006
         226  6.777439904949613E-014
         227  5.240345170986641E-015
         230  3.193867411471077E-012
         231  7.866817663618286E-012
         232  5.874097525852382E-007
         234  1.039895796791197E-011
         235  1.690470520822301E-007
         236  1.739336036988892E-009
         238  1.892464518882466E-007
         240  3.379258655452046E-013
         244  4.125071354018701E-009
