           1  7.373844125720572E-005
           2  6.470609901488105E-012
           3  1.574717819390911E-008
           4  8.097836987274559E-005
           6  5.674563962362780E-015
           7  3.114017005274736E-012
           8  2.708281752318958E-013
           9  1.912633244112939E-009
          10  2.713051082138141E-014
          14  2.581356975994394E-015
          15  2.462350419459244E-012
          16  1.237303329646362E-009
          17  9.226066388635134E-011
          18  4.704311622507882E-010
          19  2.242588431798267E-010
          20  4.526483364380794E-009
          21  7.500838801145190E-010
          22  1.676657281494108E-009
          23  4.784937044860898E-009
          24  1.115015300003817E-008
          25  1.354668445484332E-008
          26  1.267808366140708E-008
          27  2.821824435819417E-009
          28  1.647775657628302E-009
          29  8.585025145502967E-010
          30  2.765699327047718E-009
          31  5.029351187117930E-010
          32  6.417477363061010E-010
          33  7.356374056009322E-010
          34  4.465404965380312E-009
          35  3.087608426798944E-010
          36  1.206444055740092E-009
          37  8.714542977046582E-010
          38  1.165814255627321E-009
          39  3.117821420153873E-010
          40  6.091728685262905E-010
          41  8.539518785771728E-010
          42  5.838597666655254E-009
          43  5.259132598091444E-010
          44  9.333002733650500E-010
          45  4.125035202387670E-009
          46  7.427513737459446E-009
          47  8.353600229512370E-009
          48  6.254571676531627E-009
          49  5.349170828404430E-010
          50  3.123648546469916E-009
          51  1.559837247150316E-009
          52  6.470874248047630E-009
          53  2.311666169910781E-010
          54  5.585005931446656E-010
          55  3.560080455124360E-010
          56  3.867486995890162E-010
          57  1.051694875461585E-010
          58  1.978746922088320E-010
          59  1.386195846351356E-010
          60  1.605908416634088E-010
          61  1.588226505683192E-010
          62  7.732604511797243E-010
          63  3.260869341403515E-010
          64  3.477968036744397E-010
          65  2.952882057754124E-010
          66  4.332864285622287E-010
          67  5.685737491680929E-010
          68  8.537589991691949E-010
          69  1.600745948033612E-010
          70  4.697964894320720E-010
          71  1.625495980552215E-010
          72  2.036669905599497E-010
          73  2.054339114019024E-010
          74  4.075703868334696E-010
          75  9.251660517724541E-010
          76  2.614478452574268E-009
          77  5.413738515013293E-009
          78  1.036883134244262E-008
          79  7.928295506307730E-009
          80  3.174642851310698E-008
          81  1.305237541619485E-008
          82  1.160236917982837E-008
          83  5.007738635132532E-009
          84  5.183855122787041E-009
          85  3.460879165419496E-009
          86  3.760481688800705E-009
          87  2.527020641457194E-009
          88  6.214302253175576E-009
          89  2.869069879074679E-009
          90  5.380392660258089E-009
          91  3.609678206921505E-009
          92  2.937172219807825E-009
          93  2.433208860905167E-009
          94  5.745137356984712E-009
          95  3.076317393545639E-009
          96  3.733264602881485E-009
          97  1.668784787783425E-009
          98  1.545327715918547E-009
          99  1.699769788698946E-009
         100  1.541071462499281E-009
         101  1.123802527843421E-009
         102  1.877181635783238E-009
         103  1.751865474955530E-009
         104  1.700025942491156E-009
         105  1.736201359678592E-009
         106  2.183932577278994E-009
         107  1.664466619130350E-009
         108  5.576452936584391E-009
         109  2.510544502172502E-009
         110  7.200699121480895E-009
         111  5.257406591588068E-009
         112  7.232106951253547E-009
         113  3.772897600303698E-009
         114  3.096088761680871E-009
         115  1.628502110429873E-009
         116  1.720366267007795E-009
         117  1.538352642545335E-009
         118  1.653360411278248E-009
         119  6.048477245185904E-010
         120  8.409531058420764E-010
         121  6.907510747647552E-010
         122  8.526208809835278E-010
         123  7.484783217665738E-010
         124  1.572810970689145E-008
         125  7.017955685336695E-008
         126  5.786570270171142E-007
         127  2.944335524152622E-006
         128  2.459532702575299E-005
         129  1.273073864320789E-004
         130  3.337344915201822E-004
         131  1.112133373708692E-003
         132  1.095827604097835E-003
         133  3.404361281184477E-005
         134  8.639008776132470E-005
         135  9.647490260183180E-005
         136  2.385335118770131E-004
         137  1.257561351201775E-004
         138  8.477101965444880E-005
         139  1.467526025925999E-005
         140  3.428321320378243E-005
         141  2.499139741649566E-005
         142  1.022865739765323E-005
         143  1.976392528425817E-006
         144  9.843728043116647E-006
         145  5.300830818049375E-006
         146  2.152344009310429E-005
         147  2.044811160473992E-005
         148  4.001930981092114E-005
         149  2.678476247637650E-005
         150  2.763442571704882E-005
         151  1.222708924814409E-005
         152  3.083257929169125E-005
         153  1.883601850736138E-005
         154  2.839980159141503E-005
         155  1.061638475289429E-005
         156  1.900074341920345E-005
         157  9.371539877871853E-006
         158  1.436864214995468E-005
         159  8.066161780847872E-006
         160  8.421625820636686E-005
         161  4.140726974196620E-005
         162  8.920222554134656E-005
         163  3.461153543539838E-005
         164  8.397990378827639E-005
         165  4.502368764932034E-005
         166  5.119374252491429E-005
         167  1.639495736672152E-005
         168  4.900915845290906E-005
         169  2.364536741665211E-005
         170  3.742613757775887E-005
         171  2.496996455644822E-005
         172  3.749249351993951E-005
         173  2.478294970678809E-005
         174  6.392544487380787E-005
         175  2.968664309340169E-005
         176  1.935188696040679E-005
         177  8.123375628695513E-006
         178  1.728830235412673E-005
         179  5.948839447368842E-006
         180  9.491834211356729E-006
         181  4.872210667257984E-006
         182  1.149504362078341E-005
         183  6.090433520211174E-006
         184  1.116910396869084E-005
         185  3.527296668473297E-006
         186  1.307533977699597E-005
         187  3.809113998255251E-006
         188  1.220873839464801E-005
         189  1.032293914807846E-005
         190  2.258610146268784E-005
         191  2.598439701823158E-005
         192  9.479587400426804E-005
         193  1.268850123201956E-004
         194  3.264472914088230E-004
         195  2.400482654317140E-004
         196  4.757584500181338E-004
         197  2.571958899818152E-004
         198  1.936698244863498E-004
         199  1.611117530757840E-005
         200  2.785775941007497E-006
         201  9.380286659495924E-008
         202  1.034816626185769E-007
         203  2.408209339638314E-008
         204  8.119260446940457E-008
         205  7.168315406614538E-008
         206  2.181819170074981E-006
         207  1.422309561189504E-006
         208  2.368565940243126E-006
         209  1.531991265450453E-006
         226  5.973855480966948E-014
         227  4.671921891681193E-015
         230  2.815178387279268E-012
         231  7.013499390079826E-012
         232  5.559214445070564E-007
         234  9.165979031047960E-012
         235  1.507104203211188E-007
         236  1.387869197807247E-009
         238  1.668079643230053E-007
         240  2.682726994661488E-013
         244  3.274813029915999E-009
