           1  7.464854684417444E-005
           2  6.470609901488105E-012
           3  1.574717819390911E-008
           4  8.101351707631157E-005
           6  5.674563962362780E-015
           7  3.114017005274736E-012
           8  2.708281752318958E-013
           9  1.912633244112939E-009
          10  2.713051082138141E-014
          14  1.860760566596100E-015
          15  1.874228551219312E-012
          16  1.196002586460811E-009
          17  8.959024854798195E-011
          18  4.551794694658059E-010
          19  2.100172972773449E-010
          20  4.577315950428168E-009
          21  7.393435122086198E-010
          22  1.524911632401646E-009
          23  4.841609164087838E-009
          24  1.119429363843430E-008
          25  1.376872009323525E-008
          26  1.205318646032941E-008
          27  2.524173055605040E-009
          28  1.511966284566692E-009
          29  8.392248688165147E-010
          30  2.612919384704406E-009
          31  4.482137642409478E-010
          32  6.182841664829910E-010
          33  7.896251341937821E-010
          34  4.330301345554272E-009
          35  2.950973413586767E-010
          36  1.212748499926842E-009
          37  8.230580775608067E-010
          38  1.103513974070971E-009
          39  2.933857168910252E-010
          40  5.963615812976826E-010
          41  8.580797623783833E-010
          42  5.874033260592964E-009
          43  4.895909898362157E-010
          44  1.003280441162714E-009
          45  4.494074056718723E-009
          46  7.498182704501551E-009
          47  8.117281514288056E-009
          48  5.946494964167197E-009
          49  5.353712377619778E-010
          50  3.121030514124525E-009
          51  1.535243804000552E-009
          52  6.179783973410301E-009
          53  2.279065573378449E-010
          54  5.819580570242470E-010
          55  3.510968875954883E-010
          56  3.988565228302358E-010
          57  1.037394156843877E-010
          58  2.081499111848426E-010
          59  1.450701112897753E-010
          60  1.712949349132843E-010
          61  1.786502803748860E-010
          62  8.370278721680099E-010
          63  3.423994768287901E-010
          64  3.602798185113562E-010
          65  3.101499669819942E-010
          66  4.401038192047080E-010
          67  5.832016723622109E-010
          68  8.333643486532866E-010
          69  1.549850591700323E-010
          70  4.647515354920881E-010
          71  1.617101037529252E-010
          72  2.053981982411897E-010
          73  2.255271642634202E-010
          74  4.555262263173003E-010
          75  1.066379446991773E-009
          76  2.823384660713294E-009
          77  5.582198269570884E-009
          78  1.017267078597932E-008
          79  7.905991315368384E-009
          80  3.133017207642531E-008
          81  1.251706518626004E-008
          82  1.055683686018147E-008
          83  4.421781688736706E-009
          84  5.024432011468606E-009
          85  3.383416969942829E-009
          86  3.658558903692729E-009
          87  2.475158020637993E-009
          88  5.908077108565253E-009
          89  2.649166155328857E-009
          90  5.055532071851060E-009
          91  3.401723869107177E-009
          92  2.874418388479479E-009
          93  2.377383721189104E-009
          94  5.439339092625302E-009
          95  2.737754262294577E-009
          96  3.424983737794304E-009
          97  1.480446986561242E-009
          98  1.379254165004293E-009
          99  1.535607942527000E-009
         100  1.322984403590145E-009
         101  9.903918438079845E-010
         102  1.710232699727141E-009
         103  1.619814049754955E-009
         104  1.551522529979526E-009
         105  1.672022430879233E-009
         106  2.151794433861804E-009
         107  1.666758830278920E-009
         108  5.657223086087432E-009
         109  2.548479973558544E-009
         110  7.019094018526889E-009
         111  4.898852069719233E-009
         112  6.366100422359167E-009
         113  3.164696634274071E-009
         114  2.461771236297971E-009
         115  1.291093017943658E-009
         116  1.329938394506206E-009
         117  1.166310102866110E-009
         118  1.247521645023566E-009
         119  4.849461582157469E-010
         120  6.999315754411320E-010
         121  5.678493971222543E-010
         122  7.301705842385239E-010
         123  6.670417190692323E-010
         124  1.833713361394507E-008
         125  8.176623504453617E-008
         126  6.649304622421552E-007
         127  3.420859428865419E-006
         128  2.824454143855574E-005
         129  1.369243207333413E-004
         130  3.270719227157989E-004
         131  1.073536332866315E-003
         132  1.022341204573582E-003
         133  3.323738350241223E-005
         134  8.371167695708815E-005
         135  8.404579266907172E-005
         136  2.096573893541868E-004
         137  1.127490181927501E-004
         138  8.810394080307147E-005
         139  1.493926455385547E-005
         140  3.470658757367896E-005
         141  2.535129767989264E-005
         142  9.652770894037168E-006
         143  1.562688471759756E-006
         144  5.623125650689941E-006
         145  1.997288541978070E-006
         146  7.165600954201958E-006
         147  7.776652764210638E-006
         148  2.084907115892643E-005
         149  1.448894615444424E-005
         150  1.767171320237285E-005
         151  7.545924677593692E-006
         152  1.233683348352858E-005
         153  4.894530008047480E-006
         154  4.386945792157647E-005
         155  2.724739988777017E-005
         156  6.914901191922018E-005
         157  4.026487750720104E-005
         158  6.969697850222717E-005
         159  5.963228328179591E-005
         160  1.138138011558365E-004
         161  4.853489649629301E-005
         162  7.336243167432214E-005
         163  4.093730201065339E-005
         164  1.114990585321479E-004
         165  5.127131081048047E-005
         166  9.334811530322434E-005
         167  3.692769138756990E-005
         168  1.182961150747347E-004
         169  4.457683268075468E-005
         170  3.437525671017126E-005
         171  1.588884937865544E-005
         172  4.771582611563727E-005
         173  4.175083157495075E-005
         174  4.822974148048577E-005
         175  1.623806280632431E-005
         176  3.680453589712809E-005
         177  1.146737304736740E-005
         178  8.746870833217132E-006
         179  4.850111115699698E-006
         180  1.142673660223436E-005
         181  5.645484968102795E-006
         182  1.255453858205388E-005
         183  6.642035353860751E-006
         184  1.214088771155553E-005
         185  3.900272756289323E-006
         186  1.533481624149713E-005
         187  4.492871397336868E-006
         188  1.481533912513992E-005
         189  1.303664331417358E-005
         190  2.633221652497009E-005
         191  2.982735473507784E-005
         192  1.044681648841071E-004
         193  1.352802597557431E-004
         194  3.246223060461143E-004
         195  2.169758443917931E-004
         196  4.047372826877812E-004
         197  2.077719256609678E-004
         198  1.462638017012144E-004
         199  1.144065331784662E-005
         200  2.098142188974780E-006
         201  8.561762821294089E-008
         202  1.093252762313343E-007
         203  2.696242233328410E-008
         204  7.815786065368272E-008
         205  6.588869692004988E-008
         206  2.178361544428461E-006
         207  1.413177660048696E-006
         208  2.380217749509107E-006
         209  1.522040606824788E-006
         226  6.111103204371687E-014
         227  4.695076467780395E-015
         230  2.879856353772319E-012
         231  7.048259090501717E-012
         232  5.416957339879807E-007
         234  9.376564934706828E-012
         235  1.514573583002151E-007
         236  1.557627152725827E-009
         238  1.706403324514362E-007
         240  3.027397683995837E-013
         244  3.695553592302104E-009
