           1  7.504713107964698E-005
           2  6.470609901488105E-012
           3  1.574717819390911E-008
           4  8.371562283235888E-005
           6  5.674563962362780E-015
           7  3.114017005274736E-012
           8  2.708281752318958E-013
           9  1.912633244112939E-009
          10  2.713051082138141E-014
          14  1.734780589896584E-015
          15  1.698110210889017E-012
          16  1.166524396133718E-009
          17  8.786963177024204E-011
          18  4.512559084276010E-010
          19  2.068832895020934E-010
          20  4.490136953203761E-009
          21  7.274664326174953E-010
          22  1.536523005650099E-009
          23  4.771207902552910E-009
          24  1.106553373458211E-008
          25  1.358842548051764E-008
          26  1.217931652550930E-008
          27  2.541556621599644E-009
          28  1.503443491427615E-009
          29  8.203726139385992E-010
          30  2.573656015692669E-009
          31  4.364302637399077E-010
          32  6.074221576601410E-010
          33  7.770750889790280E-010
          34  4.321301210707950E-009
          35  2.907252803563221E-010
          36  1.191997848828892E-009
          37  8.397041165941604E-010
          38  1.134444452739348E-009
          39  2.937104404019878E-010
          40  5.851864401460904E-010
          41  8.426580102032611E-010
          42  5.789057129699870E-009
          43  4.789987229894245E-010
          44  9.800378305555237E-010
          45  4.385513104744494E-009
          46  7.459117795845186E-009
          47  8.146721374943578E-009
          48  5.991545779526252E-009
          49  5.427722064235466E-010
          50  3.132542103754846E-009
          51  1.530004546395566E-009
          52  6.198738681486892E-009
          53  2.302638940913214E-010
          54  5.979031128518829E-010
          55  3.611199345613252E-010
          56  3.915083110169088E-010
          57  1.006727295630860E-010
          58  2.080336774505957E-010
          59  1.427224174906438E-010
          60  1.658654481103288E-010
          61  1.722604751165981E-010
          62  8.091836716160652E-010
          63  3.353600423754176E-010
          64  3.636001785270871E-010
          65  3.131550825173734E-010
          66  4.368884111751761E-010
          67  5.797894065026363E-010
          68  8.327485816539286E-010
          69  1.580397486522310E-010
          70  4.772439153491698E-010
          71  1.638039210894403E-010
          72  2.047668189294156E-010
          73  2.216414467646568E-010
          74  4.432338535291208E-010
          75  1.048488553238819E-009
          76  2.816213004167531E-009
          77  5.655759784801446E-009
          78  1.018544174606696E-008
          79  7.817104155165530E-009
          80  3.099395292450321E-008
          81  1.236760904280194E-008
          82  1.042980760025279E-008
          83  4.348134806563632E-009
          84  4.852442754879688E-009
          85  3.296287534395038E-009
          86  3.556079858071199E-009
          87  2.385873370063252E-009
          88  5.809245802465177E-009
          89  2.641370493164843E-009
          90  5.020362001715994E-009
          91  3.290104338537494E-009
          92  2.722165323986980E-009
          93  2.275215099499966E-009
          94  5.364549148746915E-009
          95  2.701123527458490E-009
          96  3.409489579576819E-009
          97  1.472540297627652E-009
          98  1.365624027484331E-009
          99  1.503418308563614E-009
         100  1.286904042840106E-009
         101  9.714371876967414E-010
         102  1.666080350899696E-009
         103  1.577039579991578E-009
         104  1.511172990045335E-009
         105  1.608850003755046E-009
         106  2.045773558536606E-009
         107  1.590109733760423E-009
         108  5.379612114886621E-009
         109  2.452248755283318E-009
         110  6.874572390460673E-009
         111  4.817192526735714E-009
         112  6.264845745323331E-009
         113  3.106852292812581E-009
         114  2.421327692304378E-009
         115  1.277072531239415E-009
         116  1.322873155419622E-009
         117  1.200415355366766E-009
         118  1.298418828775164E-009
         119  4.865677248404256E-010
         120  7.012283291448234E-010
         121  5.683031960321501E-010
         122  7.533311438546527E-010
         123  6.622919548428287E-010
         124  1.935256663664387E-008
         125  7.875807688241900E-008
         126  6.416449765425816E-007
         127  3.339549375315788E-006
         128  2.768288349554967E-005
         129  1.341675579987457E-004
         130  3.224184704924178E-004
         131  1.057810758810120E-003
         132  1.006485126843085E-003
         133  3.294398379937794E-005
         134  8.356304406585142E-005
         135  8.324103574529637E-005
         136  2.034682032843988E-004
         137  1.091921024471034E-004
         138  8.716122539028624E-005
         139  1.423473317607158E-005
         140  3.327643412304269E-005
         141  2.414893313706016E-005
         142  9.392949924316423E-006
         143  1.573593399000683E-006
         144  5.963784498625380E-006
         145  2.489327986309415E-006
         146  9.622909955917891E-006
         147  9.770525059313281E-006
         148  2.233404673294388E-005
         149  1.646131778190007E-005
         150  4.206342812612789E-005
         151  1.481321762454513E-005
         152  3.181998068281713E-005
         153  2.262938294029894E-005
         154  5.845882195289100E-005
         155  3.082429310481374E-005
         156  4.139043008470713E-005
         157  3.946508655143108E-005
         158  6.213637416698306E-005
         159  2.746711091036969E-005
         160  9.349700787712513E-005
         161  5.604281034438840E-005
         162  1.040042906863775E-004
         163  6.973281711360711E-005
         164  1.357555013385173E-004
         165  7.310823592873520E-005
         166  1.736951457010441E-004
         167  4.081686419377819E-005
         168  7.695449429803520E-005
         169  2.538150545098240E-005
         170  1.743231808019517E-005
         171  9.445426673066993E-006
         172  1.987291694999346E-005
         173  1.656241219991131E-005
         174  4.274201794712387E-005
         175  1.912523033783437E-005
         176  3.863188015195628E-005
         177  1.201142912307348E-005
         178  1.005501866743021E-005
         179  4.638376939890383E-006
         180  9.860038122616242E-006
         181  5.067988742677523E-006
         182  1.170154347557690E-005
         183  6.245958058760116E-006
         184  1.142304339947199E-005
         185  3.648012966038048E-006
         186  1.428580261625546E-005
         187  4.228931181296089E-006
         188  1.418722868182376E-005
         189  1.266722513869404E-005
         190  2.580184794920348E-005
         191  2.963276185818736E-005
         192  1.038240824307216E-004
         193  1.340778022331508E-004
         194  3.201601966815589E-004
         195  2.162711075276924E-004
         196  4.065429918774025E-004
         197  2.077486361293008E-004
         198  1.451855497666105E-004
         199  1.132515431435223E-005
         200  2.084785575999274E-006
         201  8.597278176699314E-008
         202  1.116914669787877E-007
         203  2.791925650378998E-008
         204  7.526253859152269E-008
         205  6.213559312824453E-008
         206  2.337994957754671E-006
         207  1.492771492452449E-006
         208  2.537466949138091E-006
         209  1.656482034512406E-006
         210  1.037668569364937E-015
         226  7.348669536348987E-014
         227  5.609957723855872E-015
         230  3.463059278869370E-012
         231  8.421680838606294E-012
         232  6.379700941128406E-007
         234  1.127542356705506E-011
         235  1.809702957687462E-007
         236  1.887338395714653E-009
         238  2.051968966685556E-007
         240  3.669317450632581E-013
         244  4.479147010538795E-009
