           1  7.466990281731121E-005
           2  6.470609901488105E-012
           3  1.574717819390911E-008
           4  8.166552072386366E-005
           6  5.674563962362780E-015
           7  3.114017005274736E-012
           8  2.708281752318958E-013
           9  1.912633244112939E-009
          10  2.713051082138141E-014
          14  1.924459863308226E-015
          15  1.910969915790780E-012
          16  1.255170097415936E-009
          17  9.293530251403395E-011
          18  4.355000411336973E-010
          19  1.822020683160223E-010
          20  4.717578986077524E-009
          21  7.756546110818634E-010
          22  1.565151143276565E-009
          23  4.936782988978431E-009
          24  1.141385654780057E-008
          25  1.385349960666146E-008
          26  1.155117865281466E-008
          27  2.537480328781812E-009
          28  1.591408097198499E-009
          29  8.164674494799006E-010
          30  2.645921581122711E-009
          31  4.771797528322126E-010
          32  5.874265989043908E-010
          33  8.324558458998346E-010
          34  4.347131536937986E-009
          35  2.872402273780550E-010
          36  1.110616700730674E-009
          37  7.647943525739768E-010
          38  1.025247634362731E-009
          39  3.057388926889634E-010
          40  6.233104660886832E-010
          41  8.697825835662524E-010
          42  6.320083453037228E-009
          43  5.579355031061691E-010
          44  9.994443859128383E-010
          45  4.445600430868124E-009
          46  7.319655798942094E-009
          47  7.892052585742678E-009
          48  5.852851104898143E-009
          49  5.251807077090528E-010
          50  3.117339371029168E-009
          51  1.564870371422521E-009
          52  6.251921680889180E-009
          53  2.249498717983808E-010
          54  5.542510027923628E-010
          55  3.754802470693364E-010
          56  4.314110865903590E-010
          57  1.190541833725062E-010
          58  2.190404905123669E-010
          59  1.554832001195052E-010
          60  1.801650285966417E-010
          61  1.794211803132437E-010
          62  8.744700789600973E-010
          63  3.628285155860425E-010
          64  3.612998620228874E-010
          65  3.054658023831176E-010
          66  4.499522532499803E-010
          67  5.750504283335432E-010
          68  8.782625673896590E-010
          69  1.647092174218189E-010
          70  4.931381433094192E-010
          71  1.713867978594931E-010
          72  2.177408569044059E-010
          73  2.180570572531249E-010
          74  4.586952197382179E-010
          75  1.092578825047464E-009
          76  2.876701822918560E-009
          77  5.448282709029112E-009
          78  1.003910206560587E-008
          79  7.928826614613292E-009
          80  3.249009881889677E-008
          81  1.182402142825529E-008
          82  1.034651552475524E-008
          83  4.519056358651615E-009
          84  5.095295083064554E-009
          85  3.439269418299997E-009
          86  3.748178654586997E-009
          87  2.539000939470327E-009
          88  6.022914923501934E-009
          89  2.695405054570692E-009
          90  5.107535396590589E-009
          91  3.552688898953921E-009
          92  2.917090784309597E-009
          93  2.383645495675929E-009
          94  5.593662814297609E-009
          95  2.835551450457437E-009
          96  3.147752073361989E-009
          97  1.398623845708300E-009
          98  1.345202842458954E-009
          99  1.492512239096755E-009
         100  1.326644273540409E-009
         101  9.863847785408733E-010
         102  1.710256961487735E-009
         103  1.674897400060222E-009
         104  1.642411609027586E-009
         105  1.747222361513693E-009
         106  2.275856112691184E-009
         107  1.718658432410703E-009
         108  5.638329881314705E-009
         109  2.528057506259576E-009
         110  6.852219965327381E-009
         111  4.759615237771325E-009
         112  6.304577697914822E-009
         113  3.230600309374215E-009
         114  2.592336920823025E-009
         115  1.368905832723425E-009
         116  1.412694232351403E-009
         117  1.215388775830025E-009
         118  1.277631474603385E-009
         119  4.802179026450020E-010
         120  6.628971542796034E-010
         121  5.337782389856928E-010
         122  7.093429740219727E-010
         123  6.408137153667196E-010
         124  1.821866561505772E-008
         125  7.681011048015516E-008
         126  6.440318378189610E-007
         127  3.309249003569405E-006
         128  2.736604270367660E-005
         129  1.344966215658387E-004
         130  3.243986006819104E-004
         131  1.099845623585592E-003
         132  1.016389136488057E-003
         133  3.276539968309808E-005
         134  8.204208632241547E-005
         135  8.133453897795720E-005
         136  2.111405030378034E-004
         137  1.149939686813524E-004
         138  8.822532806480640E-005
         139  1.435547528970721E-005
         140  3.315982480696773E-005
         141  2.515180893075397E-005
         142  9.791670338174626E-006
         143  1.605733231466913E-006
         144  5.725024861355735E-006
         145  2.608645338754588E-006
         146  1.201421553409954E-005
         147  1.593992315946590E-005
         148  2.808159281538128E-005
         149  1.683560964258024E-005
         150  2.562467897737618E-005
         151  1.062872529076248E-005
         152  2.161560755636217E-005
         153  1.413796357027908E-005
         154  3.566460007912340E-005
         155  1.900370188599389E-005
         156  3.794559789445721E-005
         157  2.483345048039676E-005
         158  5.916028552528570E-005
         159  3.200729553316248E-005
         160  1.152345626822400E-004
         161  4.678542425359833E-005
         162  6.867865277543579E-005
         163  8.314717227101339E-005
         164  1.341754016668616E-004
         165  6.275222714997560E-005
         166  1.051262661327345E-004
         167  4.008656812300440E-005
         168  7.063748572819373E-005
         169  4.467991650639155E-005
         170  3.175268091186285E-005
         171  1.158190744178602E-005
         172  3.213187299811697E-005
         173  4.161009111801775E-005
         174  4.937545263538675E-005
         175  1.533702192716634E-005
         176  2.384833316821023E-005
         177  1.203101907382928E-005
         178  1.329671092061625E-005
         179  6.240575293478531E-006
         180  1.254452944321029E-005
         181  5.913877683486526E-006
         182  1.327408027217286E-005
         183  7.257667966338963E-006
         184  1.352125010930915E-005
         185  4.280678426011814E-006
         186  1.657267647380367E-005
         187  4.821663632594455E-006
         188  1.547614589975193E-005
         189  1.318052015370260E-005
         190  2.713075724230501E-005
         191  2.995233465034421E-005
         192  1.028950027470297E-004
         193  1.336223987585260E-004
         194  3.283260481299549E-004
         195  2.191333435925533E-004
         196  4.048834053071142E-004
         197  2.143430982165905E-004
         198  1.550408027900432E-004
         199  1.248854102103150E-005
         200  2.265124379496481E-006
         201  8.272682700389023E-008
         202  1.037177987461362E-007
         203  2.667803710155674E-008
         204  8.145265252805900E-008
         205  6.981553953291753E-008
         206  2.228127745256444E-006
         207  1.486697115309703E-006
         208  2.489423258570759E-006
         209  1.565869470942431E-006
         226  6.511584802580150E-014
         227  4.859972531601083E-015
         230  3.068583239344220E-012
         231  7.295801423153342E-012
         232  5.577865524454088E-007
         234  9.991043464225121E-012
         235  1.567767013166222E-007
         236  1.649871011228680E-009
         238  1.818229799658963E-007
         240  3.206301323476904E-013
         244  3.913941811020542E-009
