           1  7.422714217629579E-005
           2  6.470609901488105E-012
           3  1.574717819390911E-008
           4  8.177546800797727E-005
           6  5.674563962362780E-015
           7  3.114017005274736E-012
           8  2.708281752318958E-013
           9  1.912633244112939E-009
          10  2.713051082138141E-014
          14  2.225494435462369E-015
          15  2.126671412373035E-012
          16  1.259253274649622E-009
          17  9.332705148284750E-011
          18  4.563555536013001E-010
          19  2.074899771158671E-010
          20  4.555883526233527E-009
          21  7.641435778838115E-010
          22  1.757763724669005E-009
          23  4.796056462143433E-009
          24  1.119380894867184E-008
          25  1.349188536579613E-008
          26  1.234113062261863E-008
          27  2.777425636439641E-009
          28  1.662681380776443E-009
          29  8.426252407474833E-010
          30  2.795936730935088E-009
          31  5.042134836290448E-010
          32  6.034697305852071E-010
          33  7.452294633386084E-010
          34  4.451377768630404E-009
          35  3.001577567397890E-010
          36  1.159387531875069E-009
          37  7.814651194935862E-010
          38  1.036223326631235E-009
          39  2.953954215283667E-010
          40  6.124427556547362E-010
          41  8.730291490043918E-010
          42  6.163749551542245E-009
          43  5.462564765675276E-010
          44  9.248284199336285E-010
          45  4.066885767284551E-009
          46  7.292391744592009E-009
          47  8.277270588697739E-009
          48  6.254308951007169E-009
          49  5.080899857857601E-010
          50  3.145654374931949E-009
          51  1.594700438769529E-009
          52  6.365402759575006E-009
          53  2.140735368187624E-010
          54  5.098154560054038E-010
          55  3.511344767403972E-010
          56  4.038937328466373E-010
          57  1.089530264775646E-010
          58  2.067593365108702E-010
          59  1.443228868127331E-010
          60  1.607506831590970E-010
          61  1.598273054051522E-010
          62  7.939136960877824E-010
          63  3.324520957250767E-010
          64  3.546915222191472E-010
          65  3.012693414719428E-010
          66  4.322729605001648E-010
          67  5.754793624536699E-010
          68  8.781638691223306E-010
          69  1.654148162107100E-010
          70  4.948495526252628E-010
          71  1.706806869851634E-010
          72  2.081327077210927E-010
          73  2.059161588763146E-010
          74  4.124443513318400E-010
          75  9.472728022685085E-010
          76  2.671273693790783E-009
          77  5.370137733111730E-009
          78  1.036112446035839E-008
          79  7.939530148374288E-009
          80  3.248149769203066E-008
          81  1.222380494814187E-008
          82  1.105401813097179E-008
          83  4.867711780302981E-009
          84  5.226118593945323E-009
          85  3.517327695218896E-009
          86  3.793753833011262E-009
          87  2.414877286374737E-009
          88  5.969032251286782E-009
          89  2.818014424922229E-009
          90  5.368442336189273E-009
          91  3.527136583905546E-009
          92  2.825999861936384E-009
          93  2.360695262370434E-009
          94  5.702719509701172E-009
          95  2.990102067383742E-009
          96  3.508513170388505E-009
          97  1.547622991229228E-009
          98  1.419523239832019E-009
          99  1.572763275909882E-009
         100  1.415685243533600E-009
         101  1.054960729612985E-009
         102  1.809943492344557E-009
         103  1.702307151254411E-009
         104  1.658429473761194E-009
         105  1.708668417566628E-009
         106  2.139845098508993E-009
         107  1.639148871548003E-009
         108  5.427086649749277E-009
         109  2.437374081442882E-009
         110  6.920954638706404E-009
         111  5.039851424692120E-009
         112  6.885885990332845E-009
         113  3.559179657396110E-009
         114  2.888257523849308E-009
         115  1.533626084162205E-009
         116  1.604751653807066E-009
         117  1.410693849461755E-009
         118  1.527949786166749E-009
         119  5.694826616535063E-010
         120  7.935760781591668E-010
         121  6.501760211385045E-010
         122  8.203128243416458E-010
         123  7.133165603774383E-010
         124  1.705590505103285E-008
         125  7.115865879065880E-008
         126  5.836662795802524E-007
         127  3.005690543052742E-006
         128  2.512742059799058E-005
         129  1.285824009205475E-004
         130  3.337986480664981E-004
         131  1.115492456173537E-003
         132  1.056075206217506E-003
         133  3.273103428286760E-005
         134  8.198530073995956E-005
         135  8.565149325222671E-005
         136  2.210359445667830E-004
         137  1.189572292678149E-004
         138  8.545938725728782E-005
         139  1.398069484088157E-005
         140  3.252386556725101E-005
         141  2.417634592276457E-005
         142  9.840758124100185E-006
         143  1.890048881779943E-006
         144  9.584885580174381E-006
         145  5.188509731527286E-006
         146  1.990038507271702E-005
         147  1.539047085344722E-005
         148  2.051218882459591E-005
         149  1.303380308851400E-005
         150  2.836123121314688E-005
         151  1.272193072758445E-005
         152  2.874825744559441E-005
         153  1.473451586265392E-005
         154  3.395700127799460E-005
         155  1.851662312199539E-005
         156  2.368637463327400E-005
         157  1.250857424838136E-005
         158  5.297818736900786E-005
         159  4.826232423145019E-005
         160  6.577320363964251E-005
         161  2.925501592675704E-005
         162  5.445553109289914E-005
         163  2.666426468948309E-005
         164  6.419525411918819E-005
         165  4.865255144564618E-005
         166  7.489110124147627E-005
         167  2.957699256121415E-005
         168  1.761882974099278E-004
         169  1.012327501831257E-004
         170  5.633866883543351E-005
         171  1.810792123575343E-005
         172  2.378683363295840E-005
         173  1.492901221262126E-005
         174  4.293012334469666E-005
         175  2.128575127493530E-005
         176  1.594883408651815E-005
         177  7.808117675193278E-006
         178  2.180317508766672E-005
         179  7.957771893318893E-006
         180  1.293257751635578E-005
         181  6.525197530624716E-006
         182  1.503378721397190E-005
         183  7.738218269799861E-006
         184  1.378687347729460E-005
         185  4.265562898177277E-006
         186  1.554525124280950E-005
         187  4.439166447540908E-006
         188  1.390314193322449E-005
         189  1.160855801778179E-005
         190  2.474677165673142E-005
         191  2.786853674089215E-005
         192  9.779470672274866E-005
         193  1.253561164753884E-004
         194  3.112693753962877E-004
         195  2.245753950800253E-004
         196  4.386947465222466E-004
         197  2.328837375382488E-004
         198  1.719437095726962E-004
         199  1.406775793382426E-005
         200  2.489662728669106E-006
         201  8.806346189511916E-008
         202  1.032910229324395E-007
         203  2.526256645493163E-008
         204  8.657773010427426E-008
         205  7.615230602288523E-008
         206  2.247271656258835E-006
         207  1.482085930904711E-006
         208  2.456597015124282E-006
         209  1.574946203018735E-006
         226  6.564305979126609E-014
         227  5.053535951387271E-015
         230  3.093428084894702E-012
         231  7.586379253452571E-012
         232  5.829900134779992E-007
         234  1.007193614739375E-011
         235  1.630208177704339E-007
         236  1.614592333524484E-009
         238  1.832951133585517E-007
         240  3.130018539045941E-013
         244  3.820823183254874E-009
