           1  7.488715116284939E-005
           2  6.470609901488105E-012
           3  1.574717819390911E-008
           4  8.272666229471222E-005
           6  5.674563962362780E-015
           7  3.114017005274736E-012
           8  2.708281752318958E-013
           9  1.912633244112939E-009
          10  2.713051082138141E-014
          14  1.851727869253683E-015
          15  1.798319864029748E-012
          16  1.196664386797449E-009
          17  8.958541671684194E-011
          18  4.583506448573249E-010
          19  2.150504238875891E-010
          20  4.525091005137893E-009
          21  7.373238436195229E-010
          22  1.602578532968234E-009
          23  4.794805365986208E-009
          24  1.112985072336175E-008
          25  1.362663191840728E-008
          26  1.207577029665850E-008
          27  2.559432441143039E-009
          28  1.561443796494822E-009
          29  8.705852896825977E-010
          30  2.709131011259798E-009
          31  4.676048873697154E-010
          32  6.374680650281105E-010
          33  7.706058806048518E-010
          34  4.300769562495815E-009
          35  2.944289789989725E-010
          36  1.202901743280213E-009
          37  7.605130533563162E-010
          38  1.008690396822079E-009
          39  2.844594224686190E-010
          40  6.201513123114327E-010
          41  9.020301408457262E-010
          42  5.937011201751212E-009
          43  4.995491642259169E-010
          44  9.780368719751483E-010
          45  4.345467019180134E-009
          46  7.378105646011325E-009
          47  8.170436163114135E-009
          48  6.095687795102663E-009
          49  4.987894398480296E-010
          50  3.130275974107369E-009
          51  1.584899442217293E-009
          52  6.302901453930923E-009
          53  2.101361874641683E-010
          54  5.089614553554815E-010
          55  3.241714363249468E-010
          56  3.894785724730080E-010
          57  1.024365325470808E-010
          58  2.093995784304667E-010
          59  1.451356262350347E-010
          60  1.680547780145605E-010
          61  1.722936853183301E-010
          62  8.208520910606879E-010
          63  3.405831503170804E-010
          64  3.667648250370407E-010
          65  3.157996403729516E-010
          66  4.445543817564601E-010
          67  5.843858855426774E-010
          68  8.414058945938132E-010
          69  1.575872411595105E-010
          70  4.732473028315159E-010
          71  1.633768025281839E-010
          72  2.047775193587972E-010
          73  2.202819939670273E-010
          74  4.403420542092892E-010
          75  1.026798011526314E-009
          76  2.779127277791443E-009
          77  5.575354760294652E-009
          78  1.032200320464042E-008
          79  7.915694694667082E-009
          80  3.134051830690532E-008
          81  1.211962447475377E-008
          82  1.060278204237593E-008
          83  4.556819617397519E-009
          84  5.188385506191538E-009
          85  3.460402507578214E-009
          86  3.708328243771059E-009
          87  2.379623537559518E-009
          88  5.726455082770008E-009
          89  2.640997740689385E-009
          90  5.073138106352996E-009
          91  3.346674717677904E-009
          92  2.831783421584917E-009
          93  2.352858889724517E-009
          94  5.364818951026956E-009
          95  2.730704479342339E-009
          96  3.449353277280382E-009
          97  1.499650045486382E-009
          98  1.389842437827210E-009
          99  1.535445697308874E-009
         100  1.325124052190860E-009
         101  9.888204722116439E-010
         102  1.684782743044801E-009
         103  1.596062856496893E-009
         104  1.540728662645728E-009
         105  1.645077058107264E-009
         106  2.086953983894349E-009
         107  1.609280270305766E-009
         108  5.449296361303232E-009
         109  2.476697647038027E-009
         110  6.904440598923096E-009
         111  4.843059987703197E-009
         112  6.357799420931734E-009
         113  3.180091197683773E-009
         114  2.497827391428035E-009
         115  1.317572364578378E-009
         116  1.367929390871703E-009
         117  1.238531359085404E-009
         118  1.339528647596985E-009
         119  4.965080107678360E-010
         120  7.102115469211622E-010
         121  5.765346586067064E-010
         122  7.581594205821386E-010
         123  6.697752837556250E-010
         124  1.909459909968651E-008
         125  7.856185673777522E-008
         126  6.411566367030004E-007
         127  3.315549622377102E-006
         128  2.747436082714028E-005
         129  1.343785556145736E-004
         130  3.275988039615378E-004
         131  1.078938567726359E-003
         132  1.014687771223501E-003
         133  3.352879718355629E-005
         134  8.380670494261755E-005
         135  7.821315567700413E-005
         136  2.063265062162271E-004
         137  1.128221681962469E-004
         138  8.807874150135762E-005
         139  1.393319402967585E-005
         140  3.230465328805440E-005
         141  2.434421906578378E-005
         142  9.461013983938466E-006
         143  1.542753600940488E-006
         144  5.414575534444463E-006
         145  1.918769840013592E-006
         146  7.869069933434300E-006
         147  1.091846707108978E-005
         148  2.876928040527615E-005
         149  2.003582314916503E-005
         150  3.935231196241921E-005
         151  2.918040791960641E-005
         152  5.657559542499121E-005
         153  2.167924699932041E-005
         154  3.082223727071941E-005
         155  1.297204272681904E-005
         156  2.756355479336910E-005
         157  1.722960028119343E-005
         158  4.375904849161770E-005
         159  2.082094798296959E-005
         160  5.349196212670271E-005
         161  3.704951488410317E-005
         162  9.188181899330328E-005
         163  1.325466043475171E-004
         164  1.270863641044555E-004
         165  4.401861289204623E-005
         166  1.716075560287819E-004
         167  4.386519977813697E-005
         168  9.596977465139684E-005
         169  3.441618398349088E-005
         170  3.023346662411668E-005
         171  1.636217410675179E-005
         172  4.201783089237459E-005
         173  1.937013918944821E-005
         174  3.223188286561920E-005
         175  1.593616733757105E-005
         176  2.247410194464390E-005
         177  1.168992785159870E-005
         178  1.718757076010342E-005
         179  6.854519982909580E-006
         180  1.228769504572123E-005
         181  6.013554493257860E-006
         182  1.329208004277304E-005
         183  6.930247293090285E-006
         184  1.249886818557129E-005
         185  3.951259826368474E-006
         186  1.521010936454607E-005
         187  4.458562260179284E-006
         188  1.467219472097497E-005
         189  1.284626331902940E-005
         190  2.616713919251516E-005
         191  2.966021466223455E-005
         192  1.034861876333569E-004
         193  1.333747174350490E-004
         194  3.204936473576290E-004
         195  2.174098257678165E-004
         196  4.093159967885624E-004
         197  2.107669132920186E-004
         198  1.489231735986315E-004
         199  1.165618442257880E-005
         200  2.123625712333598E-006
         201  8.472414083053526E-008
         202  1.072604563070944E-007
         203  2.654557578552418E-008
         204  8.029929405496195E-008
         205  6.812329506264991E-008
         206  2.291264648750549E-006
         207  1.478331282778308E-006
         208  2.490920282971630E-006
         209  1.609410008170261E-006
         226  7.040813483058754E-014
         227  5.374922648046616E-015
         230  3.317982165709030E-012
         231  8.068845667331116E-012
         232  6.105824370202666E-007
         234  1.080306494739479E-011
         235  1.733883549986122E-007
         236  1.818021322393532E-009
         238  1.966006322096192E-007
         240  3.533686753498978E-013
         244  4.313582204610507E-009
