           1  7.452037772837362E-005
           2  6.470609901488105E-012
           3  1.574717819390911E-008
           4  8.156721258324605E-005
           6  5.674563962362780E-015
           7  3.114017005274736E-012
           8  2.708281752318958E-013
           9  1.912633244112939E-009
          10  2.713051082138141E-014
          14  1.922353497913858E-015
          15  1.991768450407415E-012
          16  1.270233706230637E-009
          17  9.370827870570793E-011
          18  4.337783697842170E-010
          19  1.798552869020810E-010
          20  4.764335260148598E-009
          21  7.764299718212512E-010
          22  1.576528267989068E-009
          23  4.970494728856499E-009
          24  1.146733100018711E-008
          25  1.396490002968227E-008
          26  1.138303002692127E-008
          27  2.428300527049802E-009
          28  1.585325564947554E-009
          29  8.494262046615584E-010
          30  2.731677744797955E-009
          31  4.719388446491817E-010
          32  5.877510310174964E-010
          33  8.692324976471156E-010
          34  4.271594488648163E-009
          35  2.837248979080454E-010
          36  1.137298792442985E-009
          37  7.198667160593764E-010
          38  9.648899596478802E-010
          39  3.047343199124716E-010
          40  6.469178200340598E-010
          41  9.146513629116357E-010
          42  6.497400247074259E-009
          43  5.480873809285903E-010
          44  1.028669545162242E-009
          45  4.563769197067308E-009
          46  7.267086112514895E-009
          47  7.783534620445204E-009
          48  5.776044883369384E-009
          49  5.048069651933613E-010
          50  3.135005853158398E-009
          51  1.585562977189851E-009
          52  6.250848555212691E-009
          53  2.103717505851701E-010
          54  5.120354230638170E-010
          55  3.593812061297076E-010
          56  4.493537786673641E-010
          57  1.192160310154672E-010
          58  2.325091644200031E-010
          59  1.632893802542581E-010
          60  1.851081599826766E-010
          61  1.919645214897252E-010
          62  9.179904331859520E-010
          63  3.688523633414123E-010
          64  3.712870833161298E-010
          65  3.163497933066374E-010
          66  4.467334343820564E-010
          67  5.816616430632872E-010
          68  8.630542999935928E-010
          69  1.614324795153245E-010
          70  4.929910899565168E-010
          71  1.719148466565977E-010
          72  2.147345198235591E-010
          73  2.268569406878770E-010
          74  4.728474114058585E-010
          75  1.129783855693118E-009
          76  2.918722512599367E-009
          77  5.469942366675628E-009
          78  9.976183018797100E-009
          79  7.985046797460781E-009
          80  3.284870199470484E-008
          81  1.144654629070745E-008
          82  1.026933936701278E-008
          83  4.567241832968889E-009
          84  5.251411646879131E-009
          85  3.554476798780452E-009
          86  3.844513441762587E-009
          87  2.505062370940913E-009
          88  5.992998235839180E-009
          89  2.661699180641137E-009
          90  5.113944837131948E-009
          91  3.536480568965534E-009
          92  2.972890714019454E-009
          93  2.454134604392803E-009
          94  5.668144366464600E-009
          95  2.816743806000801E-009
          96  3.241399692983218E-009
          97  1.395913171322168E-009
          98  1.302696680294718E-009
          99  1.472273826590625E-009
         100  1.289229358383466E-009
         101  9.686741919566132E-010
         102  1.758716500187144E-009
         103  1.693349718789808E-009
         104  1.655939583499056E-009
         105  1.806722698002893E-009
         106  2.330667771489481E-009
         107  1.781071094542163E-009
         108  5.917459892399882E-009
         109  2.595877542506811E-009
         110  6.843199515804130E-009
         111  4.777425381173029E-009
         112  6.211197577362668E-009
         113  3.089205219390653E-009
         114  2.404428557817548E-009
         115  1.258874440109401E-009
         116  1.300334296055531E-009
         117  1.162085451050643E-009
         118  1.236788858950758E-009
         119  4.530000299133048E-010
         120  6.394648644789336E-010
         121  5.188737979262698E-010
         122  6.797462209790420E-010
         123  6.429423391032297E-010
         124  1.930353344422939E-008
         125  8.743600340087731E-008
         126  7.098366845815341E-007
         127  3.623897121669365E-006
         128  2.946922719758445E-005
         129  1.406060266632356E-004
         130  3.264854656571962E-004
         131  1.102358892185805E-003
         132  1.012225185834499E-003
         133  3.351079440118009E-005
         134  8.338445028782835E-005
         135  7.773101905273020E-005
         136  2.135908833731445E-004
         137  1.179816044104171E-004
         138  9.022690357697347E-005
         139  1.443978964630793E-005
         140  3.292763969902322E-005
         141  2.561746858964515E-005
         142  9.610620366074374E-006
         143  1.617808531629224E-006
         144  6.478044401533952E-006
         145  3.572270084783344E-006
         146  1.788941413930028E-005
         147  2.339874201383277E-005
         148  2.600915581203326E-005
         149  1.501278230496736E-005
         150  4.921311801760189E-005
         151  1.668225643255591E-005
         152  1.444496628697967E-005
         153  5.800580778064293E-006
         154  4.134415953942279E-005
         155  2.663898868252870E-005
         156  3.721176164951092E-005
         157  2.341571393257214E-005
         158  4.755677727797510E-005
         159  3.874942524710815E-005
         160  7.950848867517705E-005
         161  4.290320747188632E-005
         162  1.446056758567706E-004
         163  5.988747664836416E-005
         164  6.567221179771114E-005
         165  3.170506726712724E-005
         166  9.595336889521633E-005
         167  2.770415349162493E-005
         168  8.251711951297697E-005
         169  4.287649504917680E-005
         170  5.014570661138991E-005
         171  3.128625383888432E-005
         172  4.172593230508215E-005
         173  1.930133899368714E-005
         174  2.957080325847200E-005
         175  1.647582545868191E-005
         176  2.540995815804629E-005
         177  1.354366055372561E-005
         178  1.948767309332837E-005
         179  7.442450497124569E-006
         180  1.243256851662381E-005
         181  6.045390830362165E-006
         182  1.362249785063215E-005
         183  7.354251090733763E-006
         184  1.358027917983325E-005
         185  4.387741978224474E-006
         186  1.723812581066640E-005
         187  5.026492126429987E-006
         188  1.650722983815154E-005
         189  1.431338014598869E-005
         190  2.895379962852723E-005
         191  3.190024205770078E-005
         192  1.103881210064953E-004
         193  1.410871088527189E-004
         194  3.391927956650879E-004
         195  2.233831844024900E-004
         196  4.103402242172714E-004
         197  2.114569123905480E-004
         198  1.496169758791285E-004
         199  1.185128604912873E-005
         200  2.162827730274414E-006
         201  8.319397103593296E-008
         202  1.077926149772328E-007
         203  2.830757264454041E-008
         204  8.869385613582481E-008
         205  7.613201598327647E-008
         206  2.286207248434970E-006
         207  1.541045010167402E-006
         208  2.551857556952041E-006
         209  1.580794255783613E-006
         226  6.002913995627339E-014
         227  4.570982949205100E-015
         230  2.828872207409167E-012
         231  6.861969628259123E-012
         232  5.211011625628763E-007
         234  9.210564933217697E-012
         235  1.474542549142380E-007
         236  1.564070769731253E-009
         238  1.676193652168155E-007
         240  3.041139964330269E-013
         244  3.712328835847016E-009
