           1  7.377509813756934E-005
           2  6.470609901488105E-012
           3  1.574717819390911E-008
           4  8.071401999476881E-005
           6  5.674563962362780E-015
           7  3.114017005274736E-012
           8  2.708281752318958E-013
           9  1.912633244112939E-009
          10  2.713051082138141E-014
          14  2.527459396630777E-015
          15  2.423137569990903E-012
          16  1.286303647473493E-009
          17  9.489506453990277E-011
          18  4.682258934016226E-010
          19  2.214160816640623E-010
          20  4.657751744604982E-009
          21  7.721718425307241E-010
          22  1.701252494077948E-009
          23  4.889161474281965E-009
          24  1.135733208290673E-008
          25  1.375606020510434E-008
          26  1.230858249011978E-008
          27  2.739600350763336E-009
          28  1.661458521251511E-009
          29  8.801899119749611E-010
          30  2.816265398017065E-009
          31  5.140174653494249E-010
          32  6.491584770590527E-010
          33  7.651854055347271E-010
          34  4.466851470348573E-009
          35  3.051436042547016E-010
          36  1.180197724635195E-009
          37  7.813707498178749E-010
          38  1.031193370713900E-009
          39  2.936707426356977E-010
          40  6.248465099562083E-010
          41  8.946093812584628E-010
          42  6.092031305845190E-009
          43  5.505328744526739E-010
          44  9.587762710838388E-010
          45  4.225207987119954E-009
          46  7.412383661283696E-009
          47  8.279295622415214E-009
          48  6.199919720883901E-009
          49  5.001651326232807E-010
          50  3.099264417951873E-009
          51  1.585577611289178E-009
          52  6.408629299439364E-009
          53  2.181625630801522E-010
          54  5.075303687080216E-010
          55  3.362737589374335E-010
          56  3.940420989211661E-010
          57  1.086338833316006E-010
          58  2.015141726395806E-010
          59  1.420400882948981E-010
          60  1.655787944626866E-010
          61  1.651110388354566E-010
          62  8.099741553947003E-010
          63  3.378632368348808E-010
          64  3.516138752857565E-010
          65  2.970325446422217E-010
          66  4.382441927793110E-010
          67  5.741970542407752E-010
          68  8.647341350014011E-010
          69  1.601080013742735E-010
          70  4.701705341276543E-010
          71  1.631342529042597E-010
          72  2.046673905334651E-010
          73  2.068667403657178E-010
          74  4.190071058627346E-010
          75  9.621789486098615E-010
          76  2.661472257242002E-009
          77  5.339625711863967E-009
          78  1.044496770340647E-008
          79  8.099372579519623E-009
          80  3.247397648438670E-008
          81  1.273477495867073E-008
          82  1.134080766726510E-008
          83  4.974147225659931E-009
          84  5.454690281645497E-009
          85  3.609062742394273E-009
          86  3.914826192860323E-009
          87  2.586880981297042E-009
          88  6.182065078912146E-009
          89  2.851747656086210E-009
          90  5.454354920702259E-009
          91  3.738391223500297E-009
          92  3.060504856164560E-009
          93  2.504216042031280E-009
          94  5.744900527960453E-009
          95  3.061011165469144E-009
          96  3.598579759193165E-009
          97  1.606910968379423E-009
          98  1.493326196957675E-009
          99  1.657268029548448E-009
         100  1.506811158553778E-009
         101  1.095724449679457E-009
         102  1.862267200216081E-009
         103  1.758062215514743E-009
         104  1.728899043095559E-009
         105  1.798791473158445E-009
         106  2.287145789853943E-009
         107  1.735313623542299E-009
         108  5.813511054847331E-009
         109  2.586618860938524E-009
         110  7.214845964423971E-009
         111  5.240295960298316E-009
         112  7.177626974917660E-009
         113  3.732799703944606E-009
         114  3.044052548410982E-009
         115  1.604780828605997E-009
         116  1.680399440711219E-009
         117  1.477147110476309E-009
         118  1.584620598765303E-009
         119  5.780813911850944E-010
         120  7.955398435179494E-010
         121  6.542155224468166E-010
         122  8.164330085824264E-010
         123  7.301115920649115E-010
         124  1.675716097068346E-008
         125  7.563237712943810E-008
         126  6.229660073612831E-007
         127  3.155965464665101E-006
         128  2.609357039656855E-005
         129  1.332238810142680E-004
         130  3.416170607147451E-004
         131  1.130711988067734E-003
         132  1.083771157245538E-003
         133  3.331261825927649E-005
         134  8.276180318237783E-005
         135  8.999343151062178E-005
         136  2.312091681441918E-004
         137  1.234313166326633E-004
         138  8.569357396556007E-005
         139  1.452815820010975E-005
         140  3.289518450613935E-005
         141  2.400849616472241E-005
         142  9.692715050251230E-006
         143  1.590010675615977E-006
         144  5.594459848816763E-006
         145  2.058219163312417E-006
         146  7.392424958957501E-006
         147  8.952487454380235E-006
         148  2.617244822688784E-005
         149  1.941946566315365E-005
         150  2.654860388722304E-005
         151  1.208887279159165E-005
         152  2.581137775706321E-005
         153  1.476864263565249E-005
         154  2.703042724652739E-005
         155  1.133385335058237E-005
         156  2.663705538588597E-005
         157  1.278229493375785E-005
         158  2.726299649598706E-005
         159  1.428919039522193E-005
         160  3.158697687972196E-005
         161  2.035631774185235E-005
         162  1.293758240069826E-004
         163  4.887338870098610E-005
         164  6.991358455130231E-005
         165  3.553505183766275E-005
         166  4.205873406631162E-005
         167  1.752608982105958E-005
         168  1.118006108047086E-004
         169  7.721940025959503E-005
         170  6.211766278813433E-005
         171  2.083607520152551E-005
         172  2.715926735277828E-005
         173  2.048406792785869E-005
         174  5.553887959581379E-005
         175  2.674238116640482E-005
         176  3.005179679735761E-005
         177  9.677282344042087E-006
         178  1.420160895145117E-005
         179  6.549272195196627E-006
         180  1.287915197183526E-005
         181  6.324144165525973E-006
         182  1.417838131284302E-005
         183  7.374500850790309E-006
         184  1.342831207985578E-005
         185  4.227574380872936E-006
         186  1.554245083888785E-005
         187  4.475021156675660E-006
         188  1.421175829268503E-005
         189  1.183261106128637E-005
         190  2.537575402490721E-005
         191  2.792961689887982E-005
         192  9.924221679790981E-005
         193  1.299810146421655E-004
         194  3.295395747380507E-004
         195  2.333134347201304E-004
         196  4.476196348810754E-004
         197  2.403406408638426E-004
         198  1.790593617880301E-004
         199  1.486603750576541E-005
         200  2.619611234895743E-006
         201  9.266933159791054E-008
         202  1.046238918501371E-007
         203  2.464874334283690E-008
         204  9.271583766840091E-008
         205  8.222061776207232E-008
         206  2.207412203092010E-006
         207  1.457255873903403E-006
         208  2.408400756685730E-006
         209  1.525041195631425E-006
         226  5.923060618637962E-014
         227  4.593698331299841E-015
         230  2.791241316978692E-012
         231  6.896070009678292E-012
         232  5.414818810920526E-007
         234  9.088041986123483E-012
         235  1.481870250381027E-007
         236  1.429093721424923E-009
         238  1.653896194015118E-007
         240  2.768076119553188E-013
         244  3.378998967152053E-009
