           1  7.459174543148973E-005
           2  6.470609901488105E-012
           3  1.574717819390911E-008
           4  8.162930360156610E-005
           6  5.674563962362780E-015
           7  3.114017005274736E-012
           8  2.708281752318958E-013
           9  1.912633244112939E-009
          10  2.713051082138141E-014
          14  1.927685715276063E-015
          15  1.954892513120815E-012
          16  1.220016535286067E-009
          17  9.100558990752638E-011
          18  4.479646052597031E-010
          19  1.990206638826319E-010
          20  4.583568533397097E-009
          21  7.566239248162380E-010
          22  1.578885710662134E-009
          23  4.840340770336118E-009
          24  1.122490049160221E-008
          25  1.363601994576768E-008
          26  1.196156325124923E-008
          27  2.613678203756495E-009
          28  1.594549997400006E-009
          29  8.296957720757368E-010
          30  2.671463042183277E-009
          31  4.725095703718689E-010
          32  6.187552240251089E-010
          33  7.899485668277129E-010
          34  4.374529192791786E-009
          35  2.921824853824235E-010
          36  1.153795848936809E-009
          37  7.977224684701177E-010
          38  1.069971748729947E-009
          39  3.024837121836781E-010
          40  6.131652938044405E-010
          41  8.666116857678359E-010
          42  6.078684968951420E-009
          43  5.212465518399122E-010
          44  9.635747123613015E-010
          45  4.314312022708676E-009
          46  7.349650134912316E-009
          47  8.095576992922154E-009
          48  6.028419115442750E-009
          49  5.219465798183926E-010
          50  3.128279625990287E-009
          51  1.564239554713683E-009
          52  6.328363030560383E-009
          53  2.212559233804824E-010
          54  5.464041650239964E-010
          55  3.613603271828856E-010
          56  4.115585059849250E-010
          57  1.096184721470594E-010
          58  2.096086473230771E-010
          59  1.466281552958190E-010
          60  1.697495962754890E-010
          61  1.744098358665617E-010
          62  8.438449571867909E-010
          63  3.484351621016310E-010
          64  3.613210355813706E-010
          65  3.077499062856878E-010
          66  4.403351149134195E-010
          67  5.835616688235670E-010
          68  8.717399705182688E-010
          69  1.634384114861966E-010
          70  4.880953648712562E-010
          71  1.681202633100589E-010
          72  2.076454161000134E-010
          73  2.126091230102549E-010
          74  4.378024328875248E-010
          75  1.034109423704172E-009
          76  2.800151738420638E-009
          77  5.487911096013147E-009
          78  1.015379483846406E-008
          79  7.860950922133579E-009
          80  3.185064236913846E-008
          81  1.205944602651766E-008
          82  1.058294286302708E-008
          83  4.572363107156810E-009
          84  5.078938193015785E-009
          85  3.415810374405757E-009
          86  3.688586083229551E-009
          87  2.431938784527714E-009
          88  5.927201082013591E-009
          89  2.732024159336876E-009
          90  5.198489218975350E-009
          91  3.420692638708279E-009
          92  2.821390282663766E-009
          93  2.365221454948273E-009
          94  5.645167193680565E-009
          95  2.861816018863231E-009
          96  3.356688634214858E-009
          97  1.468756179022255E-009
          98  1.369391039338230E-009
          99  1.517612681514166E-009
         100  1.336823710466925E-009
         101  1.002067145886728E-009
         102  1.724433157356949E-009
         103  1.643692763713193E-009
         104  1.590669405037533E-009
         105  1.674684609663756E-009
         106  2.141753247117568E-009
         107  1.646901881049842E-009
         108  5.482991808337355E-009
         109  2.468741478916192E-009
         110  6.873083334673260E-009
         111  4.857675304185906E-009
         112  6.443576216307518E-009
         113  3.265478708652846E-009
         114  2.598871856113051E-009
         115  1.372718095049039E-009
         116  1.424714447662687E-009
         117  1.251776500547954E-009
         118  1.340408099454169E-009
         119  5.017045621048794E-010
         120  7.042038353892482E-010
         121  5.716602024827822E-010
         122  7.363696308049308E-010
         123  6.569664105759240E-010
         124  1.746666263704415E-008
         125  7.502648427552216E-008
         126  6.165721489103478E-007
         127  3.187909335226548E-006
         128  2.653927709634037E-005
         129  1.315312757390695E-004
         130  3.248704497781742E-004
         131  1.085386687640167E-003
         132  1.031835136980557E-003
         133  3.368367722766537E-005
         134  8.494804630919876E-005
         135  8.378812678154473E-005
         136  2.148975514849027E-004
         137  1.165476559259860E-004
         138  8.918497393498174E-005
         139  1.430429017126242E-005
         140  3.351372986547271E-005
         141  2.557530588174638E-005
         142  1.007525256171584E-005
         143  1.861732546050129E-006
         144  8.898389495358001E-006
         145  5.149554889005543E-006
         146  2.110631731658770E-005
         147  1.773801820781585E-005
         148  3.234874431945267E-005
         149  2.145173352238834E-005
         150  3.685439540101078E-005
         151  2.567905773713458E-005
         152  3.719693884138511E-005
         153  1.372990094047171E-005
         154  8.859964506198282E-005
         155  4.180612600935329E-005
         156  3.707179473906202E-005
         157  1.578054724722950E-005
         158  3.011933963129148E-005
         159  3.177360258063757E-005
         160  5.350526273254043E-005
         161  2.754268433183305E-005
         162  1.221302462748147E-004
         163  6.868310644041988E-005
         164  9.356603932384048E-005
         165  4.877709125404478E-005
         166  5.766435724428072E-005
         167  2.320892542477790E-005
         168  3.880855858433535E-005
         169  2.308591006435478E-005
         170  3.521624850118514E-005
         171  2.001926193703083E-005
         172  5.192656441326065E-005
         173  4.366703447322734E-005
         174  6.109001063878674E-005
         175  1.998111824552718E-005
         176  1.517559681786895E-005
         177  8.509641809007754E-006
         178  1.819834600746641E-005
         179  1.058596546675168E-005
         180  2.013249440819381E-005
         181  8.244722519815976E-006
         182  1.539907747836558E-005
         183  7.622143760024017E-006
         184  1.329784924574078E-005
         185  4.153895417821674E-006
         186  1.570197846181208E-005
         187  4.530308926492733E-006
         188  1.456212703106802E-005
         189  1.261421283558766E-005
         190  2.625913930673677E-005
         191  2.999224837941514E-005
         192  1.045010119672404E-004
         193  1.342877458943651E-004
         194  3.266691985519122E-004
         195  2.250982580452814E-004
         196  4.275287957183316E-004
         197  2.233220839099285E-004
         198  1.604131742983220E-004
         199  1.278321203487971E-005
         200  2.283766365815496E-006
         201  8.485459034703280E-008
         202  1.051670596146409E-007
         203  2.639024537120027E-008
         204  7.839650213055327E-008
         205  6.660805963503289E-008
         206  2.212789756825166E-006
         207  1.446623324438360E-006
         208  2.436777168212456E-006
         209  1.558758523015444E-006
         226  6.346318803561727E-014
         227  4.866567138232116E-015
         230  2.990701665196485E-012
         231  7.305701261090896E-012
         232  5.601336892212197E-007
         234  9.737467748111062E-012
         235  1.569894351679704E-007
         236  1.578690079256232E-009
         238  1.772082575381604E-007
         240  3.064168196515162E-013
         244  3.740439469155990E-009
