           1  7.435020760681752E-005
           2  6.470609901488105E-012
           3  1.574717819390911E-008
           4  8.372454838681741E-005
           6  5.674563962362780E-015
           7  3.114017005274736E-012
           8  2.708281752318958E-013
           9  1.912633244112939E-009
          10  2.713051082138141E-014
          14  2.288443729332200E-015
          15  2.085244320464520E-012
          16  1.277467829161856E-009
          17  9.401083462141328E-011
          18  4.342284536872981E-010
          19  1.809561608293925E-010
          20  4.888463993764504E-009
          21  7.826412294235734E-010
          22  1.384280739853425E-009
          23  5.108205861190915E-009
          24  1.167993852243626E-008
          25  1.426744448790048E-008
          26  1.189716487835182E-008
          27  2.430732901366966E-009
          28  1.464141269860931E-009
          29  7.515544183705296E-010
          30  2.427157616471921E-009
          31  4.055709549816318E-010
          32  5.877024943606116E-010
          33  9.117780630895611E-010
          34  4.314698402266155E-009
          35  2.708124686305059E-010
          36  1.078472976555937E-009
          37  9.216687702750576E-010
          38  1.292488763754904E-009
          39  3.364204071343667E-010
          40  5.869644699487113E-010
          41  8.051119675255570E-010
          42  6.017315520867451E-009
          43  4.935405232303387E-010
          44  1.054632951644374E-009
          45  4.794896510125918E-009
          46  7.608332903194909E-009
          47  7.812893616366335E-009
          48  5.567404023351992E-009
          49  5.998553870877182E-010
          50  3.108213464404494E-009
          51  1.456399522215932E-009
          52  6.121642884827687E-009
          53  2.575607458384564E-010
          54  6.932192348215320E-010
          55  4.208946873010271E-010
          56  4.150152580228543E-010
          57  1.056939668410798E-010
          58  2.101787840849798E-010
          59  1.450940615230783E-010
          60  1.771211953677947E-010
          61  1.990828675014411E-010
          62  8.980498854526279E-010
          63  3.535775245237358E-010
          64  3.494516274122555E-010
          65  2.914290832250159E-010
          66  4.157439317218920E-010
          67  5.723346422657221E-010
          68  8.424841756330972E-010
          69  1.573290108052350E-010
          70  4.748093719522167E-010
          71  1.619639311220317E-010
          72  1.992056138878902E-010
          73  2.143181855953321E-010
          74  4.660247851568109E-010
          75  1.183839292656614E-009
          76  2.970708684635359E-009
          77  5.593842478121470E-009
          78  9.889621649016451E-009
          79  8.059931269370576E-009
          80  3.265966845319290E-008
          81  1.287055610381600E-008
          82  1.058543357904575E-008
          83  4.426341801643300E-009
          84  4.817535458763263E-009
          85  3.325088421604393E-009
          86  3.695586198748893E-009
          87  2.817992844248157E-009
          88  6.585348556646120E-009
          89  2.786493018687672E-009
          90  5.337860763060182E-009
          91  3.727992264642751E-009
          92  2.945448283357402E-009
          93  2.452430019982331E-009
          94  6.085303553900821E-009
          95  3.036423394426589E-009
          96  3.346613212660037E-009
          97  1.434556257381686E-009
          98  1.339565186088504E-009
          99  1.498239776743069E-009
         100  1.317667462709533E-009
         101  1.007640762735745E-009
         102  1.849393108298384E-009
         103  1.776792791156847E-009
         104  1.715084631186666E-009
         105  1.843196239264473E-009
         106  2.457020731355534E-009
         107  1.921763755711405E-009
         108  6.464025194433198E-009
         109  2.809037108202851E-009
         110  7.373143038013073E-009
         111  5.198777320321979E-009
         112  6.669697636036788E-009
         113  3.305562775329168E-009
         114  2.541465791756733E-009
         115  1.306553624894578E-009
         116  1.345053120212186E-009
         117  1.249241322992341E-009
         118  1.323935394089864E-009
         119  4.665689568959669E-010
         120  6.585866637050315E-010
         121  5.347129248705190E-010
         122  7.061538911353110E-010
         123  6.850940489471445E-010
         124  2.163224409583245E-008
         125  1.017686416760716E-007
         126  8.136841826195737E-007
         127  4.058994774264990E-006
         128  3.210462275762614E-005
         129  1.503307359901811E-004
         130  3.354717112543449E-004
         131  1.094365642395272E-003
         132  1.035336819103378E-003
         133  3.188391290978900E-005
         134  8.141757780069041E-005
         135  9.868684774418297E-005
         136  2.235742384386125E-004
         137  1.153733258821556E-004
         138  8.045652012166804E-005
         139  1.542371557375379E-005
         140  3.475556609398378E-005
         141  2.488057548308844E-005
         142  9.760334754191833E-006
         143  1.538070838771034E-006
         144  5.112496043900189E-006
         145  1.991522159742378E-006
         146  7.486547924926209E-006
         147  8.221111140299493E-006
         148  1.022680007262243E-005
         149  6.636753918526082E-006
         150  3.216343383848530E-005
         151  1.378589354314888E-005
         152  1.837722760446623E-005
         153  8.559814056399469E-006
         154  5.151332437017757E-005
         155  2.559398523964629E-005
         156  5.237670647809107E-005
         157  3.264526154654133E-005
         158  4.670756168752336E-005
         159  1.886140005763911E-005
         160  3.943952452812968E-005
         161  2.272876110102183E-005
         162  1.290461709197299E-004
         163  5.633865486886376E-005
         164  1.039485220636309E-004
         165  4.831007054440206E-005
         166  7.802009666158445E-005
         167  2.834057716052683E-005
         168  6.244039087369439E-005
         169  3.274469290718879E-005
         170  5.092014057775623E-005
         171  3.200536320201695E-005
         172  7.062166495311248E-005
         173  4.040136782496800E-005
         174  4.549280355305257E-005
         175  2.407828045298662E-005
         176  1.449232956699133E-005
         177  6.438568162709124E-006
         178  1.922892669720281E-005
         179  7.840706781058975E-006
         180  1.272392047611158E-005
         181  6.031310802093631E-006
         182  1.339062874836486E-005
         183  7.327994529105540E-006
         184  1.398454361915816E-005
         185  4.572875272525081E-006
         186  1.794023208150278E-005
         187  5.258185303706051E-006
         188  1.790294229996018E-005
         189  1.593228651329851E-005
         190  3.253173184214415E-005
         191  3.397551356615615E-005
         192  1.170269761790785E-004
         193  1.492307800498124E-004
         194  3.550799875847512E-004
         195  2.259233709236373E-004
         196  3.995224569860318E-004
         197  2.023530351034380E-004
         198  1.403323559543587E-004
         199  1.131803461493934E-005
         200  2.045413205163996E-006
         201  8.258983475090923E-008
         202  1.023354129759683E-007
         203  2.487996142433493E-008
         204  7.738955857337852E-008
         205  6.831229165977687E-008
         206  2.373351172901518E-006
         207  1.556361283530629E-006
         208  2.646661227029906E-006
         209  1.650800787856004E-006
         226  6.618957158503956E-014
         227  5.057422105995182E-015
         230  3.119182443953540E-012
         231  7.592213157272941E-012
         232  5.825995394151567E-007
         234  1.015579012842673E-011
         235  1.631461803102987E-007
         236  1.713196875789131E-009
         238  1.848211382195202E-007
         240  3.331295248246769E-013
         244  4.066522276461582E-009
