           1  7.436125436375136E-005
           2  6.470609901488105E-012
           3  1.574717819390911E-008
           4  8.087661140634418E-005
           6  5.674563962362780E-015
           7  3.114017005274736E-012
           8  2.708281752318958E-013
           9  1.912633244112939E-009
          10  2.713051082138141E-014
          14  2.122049454460595E-015
          15  2.094630599299241E-012
          16  1.228922289098497E-009
          17  9.156040953002209E-011
          18  4.573364213748985E-010
          19  2.102779248960165E-010
          20  4.589869957247675E-009
          21  7.513526476474586E-010
          22  1.615400953078710E-009
          23  4.838532923869559E-009
          24  1.122559086919270E-008
          25  1.370255060451711E-008
          26  1.222174703147943E-008
          27  2.636397090683557E-009
          28  1.573934499387750E-009
          29  8.418466394453650E-010
          30  2.690479650195256E-009
          31  4.745136522291321E-010
          32  6.104157556195368E-010
          33  7.750593254610236E-010
          34  4.405864028635687E-009
          35  3.004984184803832E-010
          36  1.198698416332744E-009
          37  8.231304905543176E-010
          38  1.099273706755291E-009
          39  2.971283717686522E-010
          40  5.994909183902672E-010
          41  8.559084399129759E-010
          42  5.968900944119711E-009
          43  5.195524939015017E-010
          44  9.761658038245943E-010
          45  4.329479439020633E-009
          46  7.451871281297289E-009
          47  8.180099155652448E-009
          48  6.045590159713774E-009
          49  5.319061910779718E-010
          50  3.120122369318368E-009
          51  1.548832840287985E-009
          52  6.248491290827269E-009
          53  2.286714701913468E-010
          54  5.712479084819191E-010
          55  3.583413014990799E-010
          56  4.012105704369060E-010
          57  1.074570979164661E-010
          58  2.074411521623873E-010
          59  1.444096511996433E-010
          60  1.674277124423690E-010
          61  1.694137531708703E-010
          62  8.133548275004321E-010
          63  3.387951801509540E-010
          64  3.577899921939067E-010
          65  3.045717037771879E-010
          66  4.392474777585411E-010
          67  5.761187494861509E-010
          68  8.483697935007042E-010
          69  1.588606625732859E-010
          70  4.735621060543636E-010
          71  1.638078839912521E-010
          72  2.066032547758439E-010
          73  2.167657079341894E-010
          74  4.364493720181833E-010
          75  1.012990172166391E-009
          76  2.745745433249826E-009
          77  5.485769117101110E-009
          78  1.024255153789299E-008
          79  7.943170007503403E-009
          80  3.182752209142016E-008
          81  1.263333961583835E-008
          82  1.088637498202312E-008
          83  4.641306038561036E-009
          84  5.102502078285618E-009
          85  3.444022079145231E-009
          86  3.737221726416482E-009
          87  2.505840885593707E-009
          88  6.033310820190117E-009
          89  2.738810204984834E-009
          90  5.200283039751893E-009
          91  3.535686835537727E-009
          92  2.902914751942916E-009
          93  2.388816527515626E-009
          94  5.564805105933273E-009
          95  2.889933256918790E-009
          96  3.485795286705502E-009
          97  1.537982239712179E-009
          98  1.433325338787729E-009
          99  1.578563077463673E-009
         100  1.395393421849520E-009
         101  1.032724777051154E-009
         102  1.767240191886603E-009
         103  1.680959264754889E-009
         104  1.634007226253746E-009
         105  1.715917459499753E-009
         106  2.189413754468254E-009
         107  1.677877956364219E-009
         108  5.625578884272835E-009
         109  2.533593414562466E-009
         110  7.054773284030140E-009
         111  5.026651759123655E-009
         112  6.702149036934813E-009
         113  3.418229298018333E-009
         114  2.735559304719511E-009
         115  1.435622579093591E-009
         116  1.485608924923363E-009
         117  1.295864732813371E-009
         118  1.387295065671170E-009
         119  5.278408656615889E-010
         120  7.454813265519695E-010
         121  6.077227040550342E-010
         122  7.689160810161560E-010
         123  6.926949320096062E-010
         124  1.729284698033937E-008
         125  7.725252874159252E-008
         126  6.342995555168933E-007
         127  3.248040819615471E-006
         128  2.691669149841477E-005
         129  1.339472513625015E-004
         130  3.313296600957854E-004
         131  1.096813573017283E-003
         132  1.048246044873926E-003
         133  3.305219100985333E-005
         134  8.311037097018900E-005
         135  8.762726886007099E-005
         136  2.191373200333553E-004
         137  1.171770273242023E-004
         138  8.685361059410351E-005
         139  1.493176088917307E-005
         140  3.453125047325289E-005
         141  2.502999181449273E-005
         142  9.868566030661593E-006
         143  1.774100577860325E-006
         144  7.786777694346587E-006
         145  4.212947383870610E-006
         146  1.906940086185331E-005
         147  2.191426633919858E-005
         148  3.539981454169891E-005
         149  2.068839157912340E-005
         150  2.305443808252710E-005
         151  2.052549980186390E-005
         152  5.556654915507136E-005
         153  3.517376743329723E-005
         154  4.125292552953298E-005
         155  1.464443860690191E-005
         156  2.490762002909464E-005
         157  1.302643876164970E-005
         158  2.311452748655618E-005
         159  1.448325977417762E-005
         160  9.736563571473235E-005
         161  4.093536936435712E-005
         162  4.351203810236154E-005
         163  2.603190185131900E-005
         164  1.166904021830070E-004
         165  7.233927685071443E-005
         166  8.848681449984902E-005
         167  3.838097598395967E-005
         168  8.714219998484540E-005
         169  2.439730255907680E-005
         170  3.813773088056761E-005
         171  2.769839079073093E-005
         172  3.428629312490862E-005
         173  1.626335074486444E-005
         174  2.540464393925419E-005
         175  1.806993185071057E-005
         176  3.156607453434285E-005
         177  1.739314084154008E-005
         178  2.832947692541941E-005
         179  8.817946654152745E-006
         180  1.227887172965675E-005
         181  5.949538727970441E-006
         182  1.311201658568247E-005
         183  6.776728819161697E-006
         184  1.215507946331106E-005
         185  3.808161187009473E-006
         186  1.436150221515776E-005
         187  4.197226507940705E-006
         188  1.370985876244515E-005
         189  1.183000709099911E-005
         190  2.492000620766529E-005
         191  2.816980649719819E-005
         192  1.004076557572083E-004
         193  1.325227032504985E-004
         194  3.300573820794515E-004
         195  2.298380607637625E-004
         196  4.389744974011795E-004
         197  2.312887754876378E-004
         198  1.678493065512715E-004
         199  1.356719428328042E-005
         200  2.426366124495761E-006
         201  9.053554833954900E-008
         202  1.091590736985162E-007
         203  2.647574550471086E-008
         204  8.335771371019267E-008
         205  7.212430395481899E-008
         206  2.190117202760480E-006
         207  1.438485550374944E-006
         208  2.395902092831687E-006
         209  1.528579789829987E-006
         226  5.964767788993243E-014
         227  4.607188392731362E-015
         230  2.810895813970266E-012
         231  6.916321319485201E-012
         232  5.383260283212274E-007
         234  9.152035340187509E-012
         235  1.486221977305491E-007
         236  1.474191743537871E-009
         238  1.665542087034797E-007
         240  2.859747101734095E-013
         244  3.490902014874996E-009
