           1  7.467472819001623E-005
           2  6.470609901488105E-012
           3  1.574717819390911E-008
           4  8.192703700824470E-005
           6  5.674563962362780E-015
           7  3.114017005274736E-012
           8  2.708281752318958E-013
           9  1.912633244112939E-009
          10  2.713051082138141E-014
          14  1.944629522613382E-015
          15  1.896359342125003E-012
          16  1.241868165125493E-009
          17  9.205696479133978E-011
          18  4.335023216054436E-010
          19  1.810488627484283E-010
          20  4.705815453004772E-009
          21  7.598044023995952E-010
          22  1.570371754739113E-009
          23  4.922741273225815E-009
          24  1.136641251176996E-008
          25  1.391392775275771E-008
          26  1.180385887705174E-008
          27  2.449281384635959E-009
          28  1.514658291346072E-009
          29  8.134743428361516E-010
          30  2.650054384900610E-009
          31  4.434316620667295E-010
          32  5.526980463043604E-010
          33  8.489087167407569E-010
          34  4.216144578461322E-009
          35  2.852887840901029E-010
          36  1.179286281053088E-009
          37  8.078012070295985E-010
          38  1.098088016265478E-009
          39  3.135998967838470E-010
          40  6.095585838933545E-010
          41  8.551361327374183E-010
          42  6.233582197895613E-009
          43  5.151897505771451E-010
          44  1.026722265905042E-009
          45  4.554385119458659E-009
          46  7.370142405278532E-009
          47  7.841513965079390E-009
          48  5.745968148975253E-009
          49  5.528139960933079E-010
          50  3.172384326349654E-009
          51  1.543829863175779E-009
          52  6.148314689999544E-009
          53  2.238110535669057E-010
          54  5.755412990354119E-010
          55  3.765616718919468E-010
          56  4.406459808609762E-010
          57  1.137389225474629E-010
          58  2.338729284369945E-010
          59  1.606639899049509E-010
          60  1.794813629157344E-010
          61  1.881725967450606E-010
          62  8.830630490950755E-010
          63  3.561415840614849E-010
          64  3.713592691997057E-010
          65  3.162917657599189E-010
          66  4.370597271019658E-010
          67  5.742683884518368E-010
          68  8.346654774125113E-010
          69  1.582259945357771E-010
          70  4.876646034991764E-010
          71  1.687712157110860E-010
          72  2.104727118542181E-010
          73  2.292302387967449E-010
          74  4.672538625030163E-010
          75  1.119145029648529E-009
          76  2.903671590045181E-009
          77  5.596780569782363E-009
          78  9.946145519768553E-009
          79  7.919526116771415E-009
          80  3.243692672378776E-008
          81  1.196741391252305E-008
          82  1.044905918418241E-008
          83  4.517396640832044E-009
          84  4.962639728856596E-009
          85  3.436509386241385E-009
          86  3.735945718080963E-009
          87  2.496467959122132E-009
          88  6.074614031604790E-009
          89  2.639305388132971E-009
          90  5.006275497720237E-009
          91  3.476684479917685E-009
          92  2.868777423638084E-009
          93  2.382081472015005E-009
          94  5.674531814320045E-009
          95  2.830988030767901E-009
          96  3.370741157125990E-009
          97  1.441943823653568E-009
          98  1.324790288899923E-009
          99  1.475529646208516E-009
         100  1.273400617437048E-009
         101  9.639416550425892E-010
         102  1.759210860202283E-009
         103  1.685681073401344E-009
         104  1.630859655592504E-009
         105  1.764067836546955E-009
         106  2.266510904485751E-009
         107  1.752924175359273E-009
         108  5.866610504703857E-009
         109  2.595585830218314E-009
         110  6.935787512934220E-009
         111  4.853317953885393E-009
         112  6.264403787624981E-009
         113  3.098844367536409E-009
         114  2.391645888323197E-009
         115  1.244605390970747E-009
         116  1.283118419701283E-009
         117  1.156987881020483E-009
         118  1.243134151039928E-009
         119  4.640040031261887E-010
         120  6.679560255534250E-010
         121  5.426326462187843E-010
         122  7.111068672177517E-010
         123  6.650053662931037E-010
         124  2.020942843644670E-008
         125  9.032623267108176E-008
         126  7.261211578826649E-007
         127  3.700825950030401E-006
         128  2.993753706182353E-005
         129  1.416453788252614E-004
         130  3.252872254187761E-004
         131  1.094016690217945E-003
         132  1.007256729807828E-003
         133  3.276904122012429E-005
         134  8.268859256478547E-005
         135  8.285018436690497E-005
         136  2.130873812912909E-004
         137  1.149752604313177E-004
         138  8.390741391229872E-005
         139  1.475838995547506E-005
         140  3.418946991744391E-005
         141  2.561693907388587E-005
         142  9.369393715599051E-006
         143  1.526820560558856E-006
         144  6.001479368406990E-006
         145  2.718890785079082E-006
         146  1.061646435531484E-005
         147  1.024166601709203E-005
         148  1.135967380903536E-005
         149  7.730737463601867E-006
         150  1.699342813052772E-005
         151  1.206045441118568E-005
         152  3.034204333756805E-005
         153  1.442549772205938E-005
         154  5.878480740752804E-005
         155  3.117581373055985E-005
         156  3.820990565516710E-005
         157  1.788242779449076E-005
         158  3.969453666062419E-005
         159  3.039603327902921E-005
         160  1.050237956249421E-004
         161  6.041336347794709E-005
         162  1.402812794173672E-004
         163  5.718641100885568E-005
         164  9.376443750035370E-005
         165  6.234483473220865E-005
         166  1.744675815907687E-004
         167  3.298624231634283E-005
         168  5.391085127618213E-005
         169  2.871190749012728E-005
         170  2.841469723580125E-005
         171  2.137261191012547E-005
         172  3.491287454727731E-005
         173  2.170496089210558E-005
         174  4.548356787309392E-005
         175  2.059913821942755E-005
         176  1.420870186222036E-005
         177  6.580347729686713E-006
         178  1.666009233713224E-005
         179  8.670184465914135E-006
         180  1.595834332542535E-005
         181  7.117337769092303E-006
         182  1.464286858312365E-005
         183  7.583566358502607E-006
         184  1.359082719129530E-005
         185  4.340188231133374E-006
         186  1.691986811285076E-005
         187  4.996211031551731E-006
         188  1.676343672043526E-005
         189  1.472361384475642E-005
         190  2.959739568265385E-005
         191  3.227326592092242E-005
         192  1.115802810439192E-004
         193  1.421182704773024E-004
         194  3.365389473948414E-004
         195  2.195517211350228E-004
         196  3.996616928036509E-004
         197  2.024269235119766E-004
         198  1.402489900594472E-004
         199  1.103457354036776E-005
         200  1.970105774080565E-006
         201  7.537061264565420E-008
         202  9.829684083946735E-008
         203  2.583653258654160E-008
         204  7.764211786982135E-008
         205  6.680598763079274E-008
         206  2.242659266512452E-006
         207  1.491292852230153E-006
         208  2.484538202740397E-006
         209  1.564347382519330E-006
         226  6.435365073086395E-014
         227  4.894970436398588E-015
         230  3.032664704682856E-012
         231  7.348340354591480E-012
         232  5.545094792159161E-007
         234  9.874095800439514E-012
         235  1.579056904274595E-007
         236  1.683455899600756E-009
         238  1.796946964882308E-007
         240  3.274458984954994E-013
         244  3.997142076400216E-009
