           1  7.417420745819297E-005
           2  6.470609901488105E-012
           3  1.574717819390911E-008
           4  8.301576712847758E-005
           6  5.674563962362780E-015
           7  3.114017005274736E-012
           8  2.708281752318958E-013
           9  1.912633244112939E-009
          10  2.713051082138141E-014
          14  2.253726268212268E-015
          15  2.168983280207788E-012
          16  1.260685910395586E-009
          17  9.328623719134834E-011
          18  4.497459140095251E-010
          19  1.996463569979403E-010
          20  4.716906638906603E-009
          21  7.738177920322472E-010
          22  1.546385205791733E-009
          23  4.952531843288531E-009
          24  1.142520291610127E-008
          25  1.389396091911923E-008
          26  1.190541269432280E-008
          27  2.569105463525467E-009
          28  1.603856088951893E-009
          29  8.527350965539068E-010
          30  2.718915769236208E-009
          31  4.757493439699890E-010
          32  6.337113739520197E-010
          33  8.160416022464034E-010
          34  4.240411235150457E-009
          35  2.920231880501457E-010
          36  1.184509125681827E-009
          37  7.889958919270042E-010
          38  1.061933749133644E-009
          39  3.206906517990770E-010
          40  6.464320253927012E-010
          41  8.978646341041902E-010
          42  6.141384643767563E-009
          43  5.215251056988204E-010
          44  9.922885140576130E-010
          45  4.464175436309912E-009
          46  7.362241182655959E-009
          47  7.992572726350186E-009
          48  5.945564645612741E-009
          49  5.185373064793050E-010
          50  3.153686542202312E-009
          51  1.584251295621449E-009
          52  6.382787096116289E-009
          53  2.103131638044404E-010
          54  4.992445690546946E-010
          55  3.418500695877614E-010
          56  4.255255273870163E-010
          57  1.130194894211798E-010
          58  2.134433191111545E-010
          59  1.490036039906859E-010
          60  1.756578769777234E-010
          61  1.874521952436944E-010
          62  8.936551959218451E-010
          63  3.597376216743722E-010
          64  3.626624623520956E-010
          65  3.048560887425897E-010
          66  4.347973891408670E-010
          67  5.824888812590963E-010
          68  8.563706115326142E-010
          69  1.583677936864286E-010
          70  4.725698604851300E-010
          71  1.633255033457356E-010
          72  2.016794789422369E-010
          73  2.140722037653834E-010
          74  4.487540633184952E-010
          75  1.069128140919288E-009
          76  2.835911473506377E-009
          77  5.481761091478044E-009
          78  1.011644359149548E-008
          79  7.972844516715366E-009
          80  3.229308906412644E-008
          81  1.217172580285560E-008
          82  1.098411255962898E-008
          83  4.844676661683910E-009
          84  5.298779335007627E-009
          85  3.532487023907954E-009
          86  3.819300132877381E-009
          87  2.513013583734369E-009
          88  6.097698545936892E-009
          89  2.736394547838195E-009
          90  5.215038434002988E-009
          91  3.513273107544749E-009
          92  2.992181677848250E-009
          93  2.515217320509020E-009
          94  5.891572769682498E-009
          95  3.005574777624256E-009
          96  3.497720488717015E-009
          97  1.515439701417129E-009
          98  1.387102016486241E-009
          99  1.545367947768723E-009
         100  1.367201512200706E-009
         101  1.020836764608810E-009
         102  1.800129272061345E-009
         103  1.704621949583643E-009
         104  1.658991161901376E-009
         105  1.766101044255025E-009
         106  2.284924039371482E-009
         107  1.772935870524337E-009
         108  5.963320392278272E-009
         109  2.627199922964953E-009
         110  7.084946039724247E-009
         111  5.049909378254643E-009
         112  6.650624433498373E-009
         113  3.350298705365318E-009
         114  2.639854067724811E-009
         115  1.376934447244590E-009
         116  1.435769771444576E-009
         117  1.331683739498181E-009
         118  1.427248647732132E-009
         119  4.992672845797355E-010
         120  7.010243969984550E-010
         121  5.721284354068610E-010
         122  7.447873610604337E-010
         123  6.801828887712838E-010
         124  1.919897189844172E-008
         125  8.455093176786012E-008
         126  6.838888182274502E-007
         127  3.465857538471817E-006
         128  2.814624980831095E-005
         129  1.374391493898955E-004
         130  3.307451699947117E-004
         131  1.108974983474819E-003
         132  1.044976274883070E-003
         133  3.453764882481882E-005
         134  8.657058662460219E-005
         135  8.485951570469574E-005
         136  2.264924930224591E-004
         137  1.226109718983617E-004
         138  8.423566045885473E-005
         139  1.403926567547398E-005
         140  3.240416934157924E-005
         141  2.531337855593381E-005
         142  9.471668134159604E-006
         143  1.680097936301063E-006
         144  7.938935470517614E-006
         145  4.489996855408203E-006
         146  1.754828108667655E-005
         147  1.372584087059820E-005
         148  2.118429433311914E-005
         149  1.371761663260295E-005
         150  1.404704903994932E-005
         151  1.363638566147862E-005
         152  4.516942411430595E-005
         153  1.780948603187494E-005
         154  3.495347676846962E-005
         155  1.519344765605635E-005
         156  3.475509953393689E-005
         157  2.069308781854047E-005
         158  5.658214197682141E-005
         159  4.113404639525735E-005
         160  5.201133165411589E-005
         161  2.712995340147747E-005
         162  7.800269413660925E-005
         163  3.344690105356508E-005
         164  5.508237264928776E-005
         165  2.871397114015541E-005
         166  1.678216430507732E-004
         167  4.111206807720226E-005
         168  5.453953759597019E-005
         169  2.652716606362789E-005
         170  5.111544158939668E-005
         171  4.080014489109428E-005
         172  5.633021058993239E-005
         173  2.776159457086932E-005
         174  5.419397853164767E-005
         175  2.901722357822021E-005
         176  2.179904030559999E-005
         177  7.855857628008978E-006
         178  8.875205812813378E-006
         179  5.039093248843064E-006
         180  1.172558305975220E-005
         181  5.805161501210527E-006
         182  1.302586107507570E-005
         183  6.932416049364543E-006
         184  1.292834084285784E-005
         185  4.200622220424936E-006
         186  1.637932893707996E-005
         187  4.717392000940128E-006
         188  1.522652012781207E-005
         189  1.314494872803054E-005
         190  2.748346124932636E-005
         191  3.044336109187753E-005
         192  1.066737886874026E-004
         193  1.368493056176394E-004
         194  3.335955543189173E-004
         195  2.276446659090461E-004
         196  4.275794067901953E-004
         197  2.221752061559595E-004
         198  1.597683732508413E-004
         199  1.288924969149773E-005
         200  2.268899137395681E-006
         201  8.231889626755098E-008
         202  1.001733639353748E-007
         203  2.528556460835442E-008
         204  8.450746360259377E-008
         205  7.434889731459412E-008
         206  2.351051155528169E-006
         207  1.550706673139427E-006
         208  2.598097948436392E-006
         209  1.639685369673129E-006
         226  6.638097561315761E-014
         227  5.100414464972075E-015
         230  3.128202355548538E-012
         231  7.656753380858321E-012
         232  5.841686023205883E-007
         234  1.018515818585259E-011
         235  1.645330606225619E-007
         236  1.688533954322503E-009
         238  1.853555956799546E-007
         240  3.278821606100877E-013
         244  4.002467541347473E-009
