           1  7.478970658666736E-005
           2  6.470609901488105E-012
           3  1.574717819390911E-008
           4  8.260983044835413E-005
           6  5.674563962362780E-015
           7  3.114017005274736E-012
           8  2.708281752318958E-013
           9  1.912633244112939E-009
          10  2.713051082138141E-014
          14  1.864050451822513E-015
          15  1.859690346464787E-012
          16  1.188336441192220E-009
          17  8.913812466219542E-011
          18  4.499054808396707E-010
          19  2.036098999819987E-010
          20  4.490647931564601E-009
          21  7.292258782082796E-010
          22  1.640842800472431E-009
          23  4.750753399054635E-009
          24  1.104935014145617E-008
          25  1.355569339741790E-008
          26  1.222996276248226E-008
          27  2.552034393498090E-009
          28  1.540179905490118E-009
          29  8.548058585369034E-010
          30  2.736261062494750E-009
          31  4.574936839083537E-010
          32  5.892461945227269E-010
          33  7.741195453524610E-010
          34  4.231235389059711E-009
          35  2.948111795517160E-010
          36  1.237718995007744E-009
          37  8.036574376156949E-010
          38  1.078671490554492E-009
          39  3.004108629091197E-010
          40  6.123201247603628E-010
          41  8.767848186399842E-010
          42  5.987692307254832E-009
          43  4.920038226250830E-010
          44  9.789181061963673E-010
          45  4.318149605902131E-009
          46  7.330397314610424E-009
          47  8.090551428814101E-009
          48  6.024912536623537E-009
          49  5.284757208907776E-010
          50  3.187520804997551E-009
          51  1.575704925216975E-009
          52  6.262545728808169E-009
          53  2.107436841936026E-010
          54  5.253880350700814E-010
          55  3.387268915423905E-010
          56  4.087996307306570E-010
          57  1.043292685474874E-010
          58  2.264497607227572E-010
          59  1.543328941698929E-010
          60  1.702742920583330E-010
          61  1.751512126346447E-010
          62  8.266384472161725E-010
          63  3.404538188008803E-010
          64  3.766159496777725E-010
          65  3.246859362938627E-010
          66  4.408745325392592E-010
          67  5.824068083778845E-010
          68  8.287419883606858E-010
          69  1.576812193849113E-010
          70  4.820561251773558E-010
          71  1.663752510876212E-010
          72  2.060624212904182E-010
          73  2.261372238164157E-010
          74  4.414151059239882E-010
          75  1.024204566090238E-009
          76  2.780493439512464E-009
          77  5.636309036461106E-009
          78  1.016083025984942E-008
          79  7.818493172145417E-009
          80  3.149432726854226E-008
          81  1.203603648297423E-008
          82  1.068726832996634E-008
          83  4.604014128312703E-009
          84  5.006724867814682E-009
          85  3.426377941972709E-009
          86  3.674335024266379E-009
          87  2.322680015826802E-009
          88  5.780208781092510E-009
          89  2.625320898537480E-009
          90  4.981129653699518E-009
          91  3.279275480522448E-009
          92  2.762861040610577E-009
          93  2.326112876204869E-009
          94  5.473732592636150E-009
          95  2.768720863717028E-009
          96  3.588395474000980E-009
          97  1.527553249666005E-009
          98  1.379263312817636E-009
          99  1.529986100852119E-009
         100  1.306991099383445E-009
         101  9.857534485161082E-010
         102  1.724712563231389E-009
         103  1.610276892932630E-009
         104  1.545038583078006E-009
         105  1.650343578006150E-009
         106  2.063328117069197E-009
         107  1.608215359246487E-009
         108  5.444079750622273E-009
         109  2.459079419539821E-009
         110  6.835920097530718E-009
         111  4.838603647486038E-009
         112  6.311929625260645E-009
         113  3.107628506032407E-009
         114  2.409636226634205E-009
         115  1.267978112140472E-009
         116  1.319348227865840E-009
         117  1.216508014383761E-009
         118  1.327843517582226E-009
         119  4.944600067200735E-010
         120  7.204715450503993E-010
         121  5.863070071224600E-010
         122  7.534481566687902E-010
         123  6.728747634371982E-010
         124  1.896454659742680E-008
         125  8.095331545838541E-008
         126  6.490378214553241E-007
         127  3.355123543772020E-006
         128  2.766744437245747E-005
         129  1.339806248566898E-004
         130  3.226650779818066E-004
         131  1.077804673621112E-003
         132  1.015283977390827E-003
         133  3.394637307041245E-005
         134  8.592130811489800E-005
         135  8.023163789840967E-005
         136  2.124536170902325E-004
         137  1.158083671147006E-004
         138  8.616116872971021E-005
         139  1.432097607611742E-005
         140  3.395423980985267E-005
         141  2.600110004517361E-005
         142  9.743377662141760E-006
         143  1.848462952639678E-006
         144  9.787730418047507E-006
         145  5.856421159754434E-006
         146  2.235853059772978E-005
         147  1.391621104689286E-005
         148  2.710233643719362E-005
         149  1.914798038286082E-005
         150  1.859316580980315E-005
         151  1.642739141123933E-005
         152  6.660708872076310E-005
         153  3.343291256473266E-005
         154  3.057720303076806E-005
         155  1.346468674833766E-005
         156  7.735124116833813E-005
         157  3.526334595945208E-005
         158  3.881690413992948E-005
         159  2.531880473016795E-005
         160  9.084287544069545E-005
         161  4.663788174601140E-005
         162  1.220542246324533E-004
         163  5.044181517314985E-005
         164  1.153113768496260E-004
         165  6.810773122145528E-005
         166  7.679483553840582E-005
         167  1.966856185258816E-005
         168  5.224326625937581E-005
         169  2.630150527851665E-005
         170  4.280519743397965E-005
         171  3.164625976874467E-005
         172  5.561009103910648E-005
         173  1.935832645835990E-005
         174  1.711806415410046E-005
         175  1.086360238296844E-005
         176  2.531963468290643E-005
         177  1.492515260809146E-005
         178  2.240473157633256E-005
         179  7.040944379272398E-006
         180  1.045053055244615E-005
         181  5.409513103140461E-006
         182  1.246996228818338E-005
         183  6.524029504383411E-006
         184  1.168960641472831E-005
         185  3.720731380075579E-006
         186  1.442550599447455E-005
         187  4.276780479336606E-006
         188  1.440337971511069E-005
         189  1.279734339723925E-005
         190  2.610285750389933E-005
         191  3.003890130862738E-005
         192  1.063021911485237E-004
         193  1.367250808457671E-004
         194  3.265405864256490E-004
         195  2.245167358149140E-004
         196  4.274764415486926E-004
         197  2.170317016163852E-004
         198  1.519732632464101E-004
         199  1.183312793867875E-005
         200  2.105204626941192E-006
         201  8.087357617082554E-008
         202  1.049011925400604E-007
         203  2.714683263121291E-008
         204  7.822093678761720E-008
         205  6.585005850977072E-008
         206  2.291693191703903E-006
         207  1.490395800344785E-006
         208  2.491967742882299E-006
         209  1.608712892945736E-006
         226  6.704390390317592E-014
         227  5.195536715523308E-015
         230  3.159442840028310E-012
         231  7.799551112004469E-012
         232  5.909369121275153E-007
         234  1.028687452004842E-011
         235  1.676015867441123E-007
         236  1.716525726662869E-009
         238  1.872066903189593E-007
         240  3.334587160823574E-013
         244  4.070540724190821E-009
