           1  7.378804856416376E-005
           2  6.470609901488105E-012
           3  1.574717819390911E-008
           4  8.034480974093888E-005
           6  5.674563962362780E-015
           7  3.114017005274736E-012
           8  2.708281752318958E-013
           9  1.912633244112939E-009
          10  2.713051082138141E-014
          14  2.418572100905719E-015
          15  2.415370047586557E-012
          16  1.284292108768321E-009
          17  9.464665074530499E-011
          18  4.670046164030189E-010
          19  2.212137850740772E-010
          20  4.762835701859959E-009
          21  7.683476327817886E-010
          22  1.571916932141337E-009
          23  4.988403197333326E-009
          24  1.150006369493434E-008
          25  1.408379288305532E-008
          26  1.198558793501574E-008
          27  2.525965808946325E-009
          28  1.582639759782043E-009
          29  9.020726374991191E-010
          30  2.748366225594782E-009
          31  4.838274441632311E-010
          32  6.685181907072494E-010
          33  8.259212618844597E-010
          34  4.374753219599230E-009
          35  3.004404586734372E-010
          36  1.205530866591029E-009
          37  7.741638071840054E-010
          38  1.028017654013397E-009
          39  2.920534907190976E-010
          40  6.343230206935164E-010
          41  9.191213914716479E-010
          42  6.077802392774522E-009
          43  5.341320136954251E-010
          44  1.033626509590828E-009
          45  4.572435756023579E-009
          46  7.533822940847838E-009
          47  8.098108123153246E-009
          48  5.950398940672836E-009
          49  5.013575628384154E-010
          50  3.076286814804121E-009
          51  1.564072144142075E-009
          52  6.291277862348318E-009
          53  2.192320376135037E-010
          54  5.193589585785234E-010
          55  3.257124323631693E-010
          56  3.971994784260167E-010
          57  1.082383371612229E-010
          58  2.089371374643071E-010
          59  1.460489666331686E-010
          60  1.771745772251411E-010
          61  1.830270627585083E-010
          62  8.601303662432023E-010
          63  3.530515390416392E-010
          64  3.623714124978025E-010
          65  3.038127182443248E-010
          66  4.459171267341393E-010
          67  5.797498381939023E-010
          68  8.339379021929520E-010
          69  1.530619381916199E-010
          70  4.526183974676028E-010
          71  1.576332508329290E-010
          72  2.033831784389358E-010
          73  2.209336842235098E-010
          74  4.502925203836390E-010
          75  1.056611310074632E-009
          76  2.769404243542340E-009
          77  5.435893577486746E-009
          78  1.032520557625484E-008
          79  8.198266427724648E-009
          80  3.228923600501595E-008
          81  1.284970970209850E-008
          82  1.103307407157082E-008
          83  4.768900815210667E-009
          84  5.508619184157509E-009
          85  3.631703808440557E-009
          86  3.951599393462479E-009
          87  2.696319608806289E-009
          88  6.208644671389061E-009
          89  2.755239919567724E-009
          90  5.330808823606985E-009
          91  3.801720832111359E-009
          92  3.214266340473241E-009
          93  2.586069411797081E-009
          94  5.614430082242902E-009
          95  2.982745225353332E-009
          96  3.584119311115059E-009
          97  1.591848035553054E-009
          98  1.481408867516757E-009
          99  1.629903937701437E-009
         100  1.453494328141453E-009
         101  1.054990175436096E-009
         102  1.826649093874529E-009
         103  1.750888809709723E-009
         104  1.734944434535999E-009
         105  1.854296270029264E-009
         106  2.407540931553863E-009
         107  1.836958192672840E-009
         108  6.234057460011341E-009
         109  2.752081593608078E-009
         110  7.331230997518917E-009
         111  5.221313425524808E-009
         112  6.914933091701409E-009
         113  3.541264753850822E-009
         114  2.818473706735068E-009
         115  1.458669634808094E-009
         116  1.499667726948379E-009
         117  1.314948439164221E-009
         118  1.395147994244568E-009
         119  5.175570507492314E-010
         120  7.238958048099516E-010
         121  5.936650895012769E-010
         122  7.469578755556992E-010
         123  7.068449539464670E-010
         124  1.833832455170523E-008
         125  8.888579004632892E-008
         126  7.250494510699944E-007
         127  3.634640977308655E-006
         128  2.938058427197629E-005
         129  1.434346164148657E-004
         130  3.422172924597586E-004
         131  1.119629535946508E-003
         132  1.069896594386251E-003
         133  3.388612591243135E-005
         134  8.371097000569581E-005
         135  8.827988906802702E-005
         136  2.288662475261861E-004
         137  1.227046094918601E-004
         138  8.733640225063244E-005
         139  1.480786488683065E-005
         140  3.238520535383462E-005
         141  2.331242771311515E-005
         142  8.954455152501442E-006
         143  1.424795447790420E-006
         144  4.824600186400746E-006
         145  1.716753105263889E-006
         146  7.431125600670384E-006
         147  1.149535520939632E-005
         148  1.270681804481454E-005
         149  7.426619399576921E-006
         150  2.040350490883390E-005
         151  1.959078634167713E-005
         152  2.718561280180740E-005
         153  9.290069088077052E-006
         154  3.074493481042810E-005
         155  1.690553182990833E-005
         156  2.399944463645434E-005
         157  1.204723011281318E-005
         158  3.820604373675625E-005
         159  5.289690421672385E-005
         160  6.413005249269733E-005
         161  2.268085996479538E-005
         162  3.908231198752557E-005
         163  2.530445280565537E-005
         164  6.110764962255980E-005
         165  3.471401524684505E-005
         166  9.164651116129139E-005
         167  5.715089292623856E-005
         168  1.454729904597349E-004
         169  4.408563692570936E-005
         170  3.752706055701620E-005
         171  2.400295438442418E-005
         172  3.980308929470346E-005
         173  2.588545893942551E-005
         174  7.380330123475380E-005
         175  3.500796611587858E-005
         176  2.126133539274039E-005
         177  7.841782563837965E-006
         178  1.682254130956606E-005
         179  5.599765431980009E-006
         180  8.975337680064562E-006
         181  4.665001249700710E-006
         182  1.105487216476334E-005
         183  5.995555320014713E-006
         184  1.140451605828348E-005
         185  3.703255087504869E-006
         186  1.434404551227054E-005
         187  4.251700851823896E-006
         188  1.437550397414635E-005
         189  1.244419787466823E-005
         190  2.647721216714893E-005
         191  2.846826305668127E-005
         192  1.023777439781094E-004
         193  1.368760255511034E-004
         194  3.453798251639649E-004
         195  2.334436124152014E-004
         196  4.315432272962855E-004
         197  2.273910834657197E-004
         198  1.648289543019087E-004
         199  1.357821815476389E-005
         200  2.442282198172046E-006
         201  9.358263025744817E-008
         202  1.102995309551920E-007
         203  2.614758151482627E-008
         204  9.605675040655145E-008
         205  8.460791489953348E-008
         206  2.222881326282096E-006
         207  1.471184117006991E-006
         208  2.429907752070106E-006
         209  1.516113220419146E-006
         226  5.428628028375030E-014
         227  4.223675792076519E-015
         230  2.558240042255955E-012
         231  6.340591362276357E-012
         232  5.023962566927913E-007
         234  8.329409848292923E-012
         235  1.362505556990215E-007
         236  1.354646444393268E-009
         238  1.515835783716471E-007
         240  2.628075742452470E-013
         244  3.208100079551887E-009
