           1  7.451127742259628E-005
           2  6.470609901488105E-012
           3  1.574717819390911E-008
           4  7.866110378700201E-005
           6  5.674563962362780E-015
           7  3.114017005274736E-012
           8  2.708281752318958E-013
           9  1.912633244112939E-009
          10  2.713051082138141E-014
          14  1.962054433100679E-015
          15  2.010164855866907E-012
          16  1.178669697030773E-009
          17  8.860817012629131E-011
          18  4.751821315422109E-010
          19  2.368586267031921E-010
          20  4.506167511089127E-009
          21  7.173956466941236E-010
          22  1.518843456781246E-009
          23  4.803704980968180E-009
          24  1.111127672046300E-008
          25  1.374284761314665E-008
          26  1.227791930130936E-008
          27  2.440071414171120E-009
          28  1.509610208768991E-009
          29  9.191499576836145E-010
          30  2.714061076387136E-009
          31  4.425326754656155E-010
          32  7.028027145089607E-010
          33  7.986319584517782E-010
          34  4.305863318031394E-009
          35  2.952628045415616E-010
          36  1.255319931722489E-009
          37  7.840621711364395E-010
          38  1.051840712740327E-009
          39  2.800029306990097E-010
          40  6.292812510657380E-010
          41  9.411700490143452E-010
          42  5.715555446645861E-009
          43  4.588564220088695E-010
          44  1.014098145714148E-009
          45  4.522313757893330E-009
          46  7.530049898410779E-009
          47  8.227245529925382E-009
          48  6.061118682721105E-009
          49  4.889515232393643E-010
          50  3.087125810407700E-009
          51  1.557411143994501E-009
          52  6.364434074395485E-009
          53  2.116954806752568E-010
          54  5.202813592369724E-010
          55  3.050646355792825E-010
          56  3.639347889331667E-010
          57  9.100414357675568E-011
          58  2.043055501118183E-010
          59  1.365844194220655E-010
          60  1.669275199838530E-010
          61  1.815809717501283E-010
          62  8.214717401447924E-010
          63  3.363153080726524E-010
          64  3.775411836234965E-010
          65  3.205813540681472E-010
          66  4.376563340978415E-010
          67  5.931945780900325E-010
          68  8.018227149042636E-010
          69  1.509228659544228E-010
          70  4.545637049020363E-010
          71  1.549531565737178E-010
          72  1.939476929936202E-010
          73  2.256451490325435E-010
          74  4.403016798642185E-010
          75  1.042858562065858E-009
          76  2.768912713472499E-009
          77  5.680257124926568E-009
          78  1.036865141875550E-008
          79  8.001153777711001E-009
          80  3.072581158244801E-008
          81  1.259101768581127E-008
          82  1.073343254420868E-008
          83  4.529125772799315E-009
          84  5.288371114249950E-009
          85  3.502029961841016E-009
          86  3.738482906901539E-009
          87  2.430733359515062E-009
          88  5.798941224673422E-009
          89  2.657017813251310E-009
          90  5.181981840058127E-009
          91  3.374758870426784E-009
          92  2.924256675024353E-009
          93  2.439126114629982E-009
          94  5.353465752776311E-009
          95  2.776805102058165E-009
          96  3.762313813829642E-009
          97  1.604405046887196E-009
          98  1.437263037822361E-009
          99  1.563203049328212E-009
         100  1.326256173533195E-009
         101  9.959262296560830E-010
         102  1.725874026843091E-009
         103  1.607087543949527E-009
         104  1.552300069756046E-009
         105  1.665817981266689E-009
         106  2.106264815566781E-009
         107  1.664294537898621E-009
         108  5.802705705307385E-009
         109  2.614203814728243E-009
         110  7.133307962976282E-009
         111  5.054073695516706E-009
         112  6.467035354385380E-009
         113  3.171019800988423E-009
         114  2.423465077937158E-009
         115  1.245122152588224E-009
         116  1.272392263065873E-009
         117  1.131729290914291E-009
         118  1.236125511272691E-009
         119  4.864710705087376E-010
         120  7.159709354944060E-010
         121  5.843879545763279E-010
         122  7.168008997828106E-010
         123  6.810253173367371E-010
         124  1.849436347278037E-008
         125  9.112070260359130E-008
         126  7.186027031731937E-007
         127  3.676968682398663E-006
         128  2.996502248385416E-005
         129  1.422037848454076E-004
         130  3.332400188891247E-004
         131  1.061091030215042E-003
         132  1.037191680131926E-003
         133  3.505218079552193E-005
         134  8.774129011688964E-005
         135  8.300128811573259E-005
         136  2.158661842267625E-004
         137  1.173270499382620E-004
         138  9.206943108588090E-005
         139  1.468746468274269E-005
         140  3.323423499185364E-005
         141  2.481101872941127E-005
         142  9.709891575201560E-006
         143  1.597215102042370E-006
         144  5.625691735172353E-006
         145  1.961029145304448E-006
         146  8.438840412644032E-006
         147  1.266634904615195E-005
         148  3.461501028899830E-005
         149  2.414211235481909E-005
         150  2.749672413536606E-005
         151  1.255504867316650E-005
         152  3.486927312803703E-005
         153  2.373573947679874E-005
         154  8.123564001367618E-005
         155  4.304151100288365E-005
         156  5.090794504804806E-005
         157  2.197846980871248E-005
         158  3.348646515927814E-005
         159  1.920760761971460E-005
         160  6.579439229863322E-005
         161  4.428046587891336E-005
         162  1.296659318099136E-004
         163  4.695610326497668E-005
         164  6.706157946077599E-005
         165  3.584724406316892E-005
         166  7.867318745824696E-005
         167  4.243807974009926E-005
         168  8.739619540340236E-005
         169  2.920827426388669E-005
         170  3.963590020190686E-005
         171  3.068224406079427E-005
         172  3.848656129258214E-005
         173  1.980783172248365E-005
         174  3.788791126217189E-005
         175  1.645021213002487E-005
         176  1.261711422485280E-005
         177  6.205386488372965E-006
         178  1.349793792090047E-005
         179  7.769511871966711E-006
         180  1.526409000983327E-005
         181  6.677058985617048E-006
         182  1.298362494804288E-005
         183  6.454662705083027E-006
         184  1.154414904399711E-005
         185  3.721845043875238E-006
         186  1.444940601528475E-005
         187  4.340402051083241E-006
         188  1.515807025866517E-005
         189  1.373878585848778E-005
         190  2.818791638664771E-005
         191  3.126210117146659E-005
         192  1.119280042256732E-004
         193  1.453006962351103E-004
         194  3.454251152903651E-004
         195  2.315277895416999E-004
         196  4.289973226025203E-004
         197  2.138376659052717E-004
         198  1.457077808775434E-004
         199  1.130427566176270E-005
         200  2.021634195378003E-006
         201  8.617463629395436E-008
         202  1.072315618628516E-007
         203  2.514479597202533E-008
         204  7.535845586173313E-008
         205  6.333499732048530E-008
         206  2.002206451390532E-006
         207  1.275617894099637E-006
         208  2.149533076429207E-006
         209  1.384194621847581E-006
         226  5.119386073676701E-014
         227  4.067940889711032E-015
         230  2.412509823290929E-012
         231  6.106801785293202E-012
         232  4.743578609099544E-007
         234  7.854924772228382E-012
         235  1.312267404173570E-007
         236  1.311756900314108E-009
         238  1.429486153882193E-007
         240  2.546949019232600E-013
         244  3.109068440923170E-009
