           1  7.443270321371177E-005
           2  6.470609901488105E-012
           3  1.574717819390911E-008
           4  8.290502609422425E-005
           6  5.674563962362780E-015
           7  3.114017005274736E-012
           8  2.708281752318958E-013
           9  1.912633244112939E-009
          10  2.713051082138141E-014
          14  2.037645947381015E-015
          15  2.060170599973030E-012
          16  1.260619083698751E-009
          17  9.328311294659167E-011
          18  4.310845901904171E-010
          19  1.754938928631242E-010
          20  4.785808606205046E-009
          21  7.913466593215678E-010
          22  1.438034556478580E-009
          23  5.013171387562177E-009
          24  1.153459968427174E-008
          25  1.395196373401689E-008
          26  1.146508906917439E-008
          27  2.556986508006322E-009
          28  1.606500651710543E-009
          29  7.817960539117157E-010
          30  2.565735470161647E-009
          31  4.689483113873795E-010
          32  6.065968342926202E-010
          33  8.578664637553777E-010
          34  4.362756278092523E-009
          35  2.824948832214305E-010
          36  1.067765801322711E-009
          37  8.182185009068067E-010
          38  1.117209741867778E-009
          39  3.329501331703208E-010
          40  6.290171911830356E-010
          41  8.454260511614490E-010
          42  6.255075734258050E-009
          43  5.543663659697979E-010
          44  9.949460326980364E-010
          45  4.526837122047903E-009
          46  7.357029902038763E-009
          47  7.819540825540100E-009
          48  5.768832646020564E-009
          49  5.488337181107405E-010
          50  3.104877636068638E-009
          51  1.536624677895943E-009
          52  6.373352666098952E-009
          53  2.383040603702595E-010
          54  5.939903424084350E-010
          55  4.042819799183983E-010
          56  4.379351007399294E-010
          57  1.200885529184821E-010
          58  2.096140073032092E-010
          59  1.495269744574113E-010
          60  1.809717565638915E-010
          61  1.899183790749570E-010
          62  9.136747778853926E-010
          63  3.710046329803851E-010
          64  3.526517374344573E-010
          65  2.913782472948604E-010
          66  4.355165113988366E-010
          67  5.775548946697824E-010
          68  8.976325241671299E-010
          69  1.670870514027099E-010
          70  4.901582768649363E-010
          71  1.697348248331331E-010
          72  2.116419085723401E-010
          73  2.087656871779357E-010
          74  4.593081349231719E-010
          75  1.122473876711438E-009
          76  2.931908646304605E-009
          77  5.423596801730084E-009
          78  9.888813735897625E-009
          79  7.883410470008471E-009
          80  3.240040971893927E-008
          81  1.198632082326302E-008
          82  1.048373070124275E-008
          83  4.578474167378755E-009
          84  5.008426927376861E-009
          85  3.370531403022763E-009
          86  3.701138461200293E-009
          87  2.616806429741474E-009
          88  6.253096177131594E-009
          89  2.781529707410309E-009
          90  5.215560176726953E-009
          91  3.575272357871879E-009
          92  2.929282550838122E-009
          93  2.438117553788160E-009
          94  5.888366711944982E-009
          95  3.013854726522039E-009
          96  3.132391276442471E-009
          97  1.381452916864827E-009
          98  1.310219302740593E-009
          99  1.467140965857563E-009
         100  1.336758374423082E-009
         101  1.004621118493318E-009
         102  1.771558418914471E-009
         103  1.705773099386626E-009
         104  1.667456268474682E-009
         105  1.747634882793328E-009
         106  2.309239158455082E-009
         107  1.778827174595877E-009
         108  5.844329906031552E-009
         109  2.557638620109969E-009
         110  6.787722425092022E-009
         111  4.845196927895327E-009
         112  6.444653301779698E-009
         113  3.313067455593674E-009
         114  2.663281611024119E-009
         115  1.399939788558057E-009
         116  1.440741352418962E-009
         117  1.272162330518458E-009
         118  1.340949014536759E-009
         119  4.773594043789297E-010
         120  6.485031162770023E-010
         121  5.254377306843945E-010
         122  6.978252628678771E-010
         123  6.316994688084978E-010
         124  1.799057482790958E-008
         125  7.669407499698463E-008
         126  6.396067577030735E-007
         127  3.287422734588124E-006
         128  2.699661668173226E-005
         129  1.335296161265643E-004
         130  3.226076263789326E-004
         131  1.096865242175344E-003
         132  1.034855218077246E-003
         133  3.366247520411555E-005
         134  8.503809880514318E-005
         135  8.853701647431800E-005
         136  2.222897176841672E-004
         137  1.195788595567947E-004
         138  8.801287063462231E-005
         139  1.443426965237553E-005
         140  3.334083079214584E-005
         141  2.567301708911364E-005
         142  1.017182388507134E-005
         143  1.605381294704387E-006
         144  5.137836663377489E-006
         145  2.060008615531926E-006
         146  7.249562774507451E-006
         147  7.059348529979321E-006
         148  3.238820040407532E-005
         149  2.698863073481533E-005
         150  5.414034237021209E-005
         151  2.146299655957365E-005
         152  5.873379271536352E-005
         153  3.997355256250116E-005
         154  6.820541381968758E-005
         155  2.166761993374677E-005
         156  2.587553874949779E-005
         157  1.551187253427113E-005
         158  4.034836563848963E-005
         159  2.099361825710598E-005
         160  6.393631324370877E-005
         161  3.005086808239186E-005
         162  7.187816747692147E-005
         163  3.434416848649907E-005
         164  7.886792916797761E-005
         165  7.286380531304457E-005
         166  1.050404444122369E-004
         167  3.044018767896186E-005
         168  6.988320506730824E-005
         169  3.907640063310744E-005
         170  2.216307259002321E-005
         171  7.513546398479057E-006
         172  1.912816929445737E-005
         173  1.888397981337002E-005
         174  5.753367613962159E-005
         175  3.084381931847437E-005
         176  2.467411056749996E-005
         177  1.104575278451173E-005
         178  2.118886552839146E-005
         179  6.197481800438597E-006
         180  9.110710198038793E-006
         181  4.867986260156007E-006
         182  1.233393772468026E-005
         183  6.992436672607647E-006
         184  1.358112877628504E-005
         185  4.411415909273191E-006
         186  1.727896171741370E-005
         187  4.929237576496108E-006
         188  1.551315011780411E-005
         189  1.307836499913810E-005
         190  2.790494383222416E-005
         191  3.060654232663866E-005
         192  1.059659007347301E-004
         193  1.362581575014109E-004
         194  3.378477083654935E-004
         195  2.296661645306011E-004
         196  4.256638364812130E-004
         197  2.261132723472581E-004
         198  1.651952348033195E-004
         199  1.367927955929890E-005
         200  2.437651761401014E-006
         201  8.572065729311167E-008
         202  1.038003087552159E-007
         203  2.649832525923381E-008
         204  7.877845478377789E-008
         205  6.768756687933933E-008
         206  2.318924410143008E-006
         207  1.537712200167065E-006
         208  2.600761749998492E-006
         209  1.643868182754929E-006
         226  6.708384460913000E-014
         227  5.038668660881441E-015
         230  3.161325045122371E-012
         231  7.564060444338823E-012
         232  5.825424089097264E-007
         234  1.029300281817058E-011
         235  1.625412173718999E-007
         236  1.674834762433944E-009
         238  1.873182167506758E-007
         240  3.249719155651864E-013
         244  3.966942091265311E-009
