           1  7.418754256349787E-005
           2  6.470609901488105E-012
           3  1.574717819390911E-008
           4  8.109037288788654E-005
           6  5.674563962362780E-015
           7  3.114017005274736E-012
           8  2.708281752318958E-013
           9  1.912633244112939E-009
          10  2.713051082138141E-014
          14  2.219770693231814E-015
          15  2.171251262731955E-012
          16  1.208064231896394E-009
          17  9.046616212600712E-011
          18  4.754841223914940E-010
          19  2.339309918945307E-010
          20  4.599486093685009E-009
          21  7.514633700081941E-010
          22  1.443866577314011E-009
          23  4.889301900961932E-009
          24  1.128040403448343E-008
          25  1.381374559147771E-008
          26  1.224025985270817E-008
          27  2.679144076125108E-009
          28  1.578754756093452E-009
          29  8.563757809689712E-010
          30  2.581312639067637E-009
          31  4.728538945921025E-010
          32  7.106219831771559E-010
          33  7.619027610278420E-010
          34  4.422219064854639E-009
          35  3.036740476503697E-010
          36  1.199932744684976E-009
          37  8.603983174433589E-010
          38  1.148075320719237E-009
          39  3.021916796193567E-010
          40  6.119929148722073E-010
          41  8.663973380336437E-010
          42  5.625087201977061E-009
          43  4.941536522437121E-010
          44  9.738343738609389E-010
          45  4.440127628536385E-009
          46  7.586046813075586E-009
          47  8.308476146542704E-009
          48  6.125545632367335E-009
          49  5.240966177609068E-010
          50  3.054687909654148E-009
          51  1.530579970792371E-009
          52  6.403222723821940E-009
          53  2.336219375983493E-010
          54  5.669807726047685E-010
          55  3.389039871544012E-010
          56  3.697314670476272E-010
          57  1.002168285774649E-010
          58  1.789607529932818E-010
          59  1.283981158843453E-010
          60  1.651083822756776E-010
          61  1.735644243199404E-010
          62  8.225947741660065E-010
          63  3.377350401259013E-010
          64  3.379672779391832E-010
          65  2.865852342700802E-010
          66  4.340746998276610E-010
          67  5.831254246370545E-010
          68  8.552113494932272E-010
          69  1.550733049946722E-010
          70  4.433861126969444E-010
          71  1.548276105286721E-010
          72  1.983749173846628E-010
          73  2.087871243210567E-010
          74  4.367691131461601E-010
          75  1.017262711084584E-009
          76  2.744757123980031E-009
          77  5.457533706559631E-009
          78  1.037354465576854E-008
          79  7.986657353305071E-009
          80  3.091503075052115E-008
          81  1.320523127822652E-008
          82  1.109288353355740E-008
          83  4.631548382941820E-009
          84  5.236142589045955E-009
          85  3.387262046119659E-009
          86  3.679387162085868E-009
          87  2.608098448633195E-009
          88  6.103520024241922E-009
          89  2.787012147740141E-009
          90  5.294415545691745E-009
          91  3.526420235030691E-009
          92  3.031513831746674E-009
          93  2.508739727784964E-009
          94  5.605757616500983E-009
          95  2.917731839892651E-009
          96  3.499480752754804E-009
          97  1.551860759191613E-009
          98  1.463932929797483E-009
          99  1.636533190954548E-009
         100  1.468970170137230E-009
         101  1.075929999100226E-009
         102  1.779210624273646E-009
         103  1.663004763750008E-009
         104  1.597510520937185E-009
         105  1.679729482381599E-009
         106  2.194627830970551E-009
         107  1.694328419353697E-009
         108  5.776666320435225E-009
         109  2.583523780245564E-009
         110  7.199833603288953E-009
         111  5.146975027873132E-009
         112  6.888979431086960E-009
         113  3.536507160614172E-009
         114  2.836181722997359E-009
         115  1.489746689492236E-009
         116  1.547642060190282E-009
         117  1.358062362524582E-009
         118  1.437185039142767E-009
         119  5.355035544432452E-010
         120  7.463023647513347E-010
         121  6.087980317137244E-010
         122  7.690721367363303E-010
         123  6.915016919924695E-010
         124  1.636729356955866E-008
         125  7.398855996276882E-008
         126  6.128354534379744E-007
         127  3.131086663920321E-006
         128  2.608393932097713E-005
         129  1.321483897396537E-004
         130  3.339266532284462E-004
         131  1.083212699816674E-003
         132  1.070829812291839E-003
         133  3.450036418145906E-005
         134  8.680300854632840E-005
         135  9.266910801374735E-005
         136  2.243671996596107E-004
         137  1.187377214802010E-004
         138  8.843525748295407E-005
         139  1.467134583171196E-005
         140  3.384833340532736E-005
         141  2.530209071632997E-005
         142  1.020614440603778E-005
         143  1.927326575737150E-006
         144  9.610325467525334E-006
         145  5.126485609462060E-006
         146  1.841039796477012E-005
         147  1.091166360621426E-005
         148  2.331857368767579E-005
         149  1.789727725948813E-005
         150  2.897624475703521E-005
         151  1.709978268886630E-005
         152  1.912464743351699E-005
         153  7.199656442710029E-006
         154  4.708214576360106E-005
         155  2.998752074715263E-005
         156  7.627195680444060E-005
         157  2.869182345775176E-005
         158  4.269035509401668E-005
         159  4.568397256337136E-005
         160  5.404227202429628E-005
         161  1.994523885134069E-005
         162  9.916548973072524E-005
         163  5.641759431469337E-005
         164  5.524890412814710E-005
         165  2.533990645012878E-005
         166  6.930032314773642E-005
         167  3.289959762171650E-005
         168  6.681940662662428E-005
         169  3.328937909056486E-005
         170  4.398195923522837E-005
         171  2.849310610103727E-005
         172  4.014482185711374E-005
         173  2.228273715679250E-005
         174  3.996656191533518E-005
         175  1.918345039231306E-005
         176  2.411843158628908E-005
         177  1.345929793307537E-005
         178  2.901844261653719E-005
         179  9.510623745261816E-006
         180  1.346580495721513E-005
         181  6.255599414884280E-006
         182  1.318171753248358E-005
         183  6.752695198655136E-006
         184  1.225125800508056E-005
         185  3.906495911105619E-006
         186  1.491707316371976E-005
         187  4.272131583032143E-006
         188  1.351355771172688E-005
         189  1.155638237510798E-005
         190  2.461145103184156E-005
         191  2.816249938862173E-005
         192  1.005976323299422E-004
         193  1.328405407073662E-004
         194  3.333256164374746E-004
         195  2.318344868506812E-004
         196  4.408452179976972E-004
         197  2.347923507223952E-004
         198  1.728039505269684E-004
         199  1.404147837329247E-005
         200  2.519021753047148E-006
         201  9.763683129979921E-008
         202  1.127449642574388E-007
         203  2.524650434144817E-008
         204  8.009472828050790E-008
         205  6.899369141471271E-008
         206  2.179554087359022E-006
         207  1.392275735998505E-006
         208  2.368124965532475E-006
         209  1.527379800367086E-006
         226  5.943087484750996E-014
         227  4.611003782700240E-015
         230  2.800678974254798E-012
         231  6.922048991274252E-012
         232  5.470291779791855E-007
         234  9.118770187606517E-012
         235  1.487452774907057E-007
         236  1.423252050204871E-009
         238  1.659488295763691E-007
         240  2.757687770920287E-013
         244  3.366317878271212E-009
