           1  7.456364100521504E-005
           2  6.470609901488105E-012
           3  1.574717819390911E-008
           4  8.223054625732493E-005
           6  5.674563962362780E-015
           7  3.114017005274736E-012
           8  2.708281752318958E-013
           9  1.912633244112939E-009
          10  2.713051082138141E-014
          14  1.985810934254629E-015
          15  1.934572775841696E-012
          16  1.244168489022720E-009
          17  9.232321916400611E-011
          18  4.310439117521426E-010
          19  1.762189407143123E-010
          20  4.654955842616283E-009
          21  7.696862558247202E-010
          22  1.604927454448296E-009
          23  4.881250529038155E-009
          24  1.130934079601876E-008
          25  1.369691693768692E-008
          26  1.190974925531735E-008
          27  2.599679322565225E-009
          28  1.576206233731290E-009
          29  7.857171625596119E-010
          30  2.648531215306600E-009
          31  4.603542526318781E-010
          32  5.491256809266521E-010
          33  8.121317657864114E-010
          34  4.276552617251624E-009
          35  2.857090224180287E-010
          36  1.143463091146431E-009
          37  8.228009703821353E-010
          38  1.118938920286411E-009
          39  3.265362044378824E-010
          40  6.149935701096066E-010
          41  8.416793448557206E-010
          42  6.274964497320655E-009
          43  5.268015456927475E-010
          44  9.702665444596228E-010
          45  4.338421417340955E-009
          46  7.274052079133223E-009
          47  7.927373763945947E-009
          48  5.888912562641269E-009
          49  5.535438477293946E-010
          50  3.190902230401970E-009
          51  1.559258005430958E-009
          52  6.233033173113969E-009
          53  2.212881804446308E-010
          54  5.623935559988281E-010
          55  3.899023297689986E-010
          56  4.427262944830977E-010
          57  1.157131345378026E-010
          58  2.233178871998696E-010
          59  1.561923920597221E-010
          60  1.729178157389019E-010
          61  1.784993426066969E-010
          62  8.688795960432425E-010
          63  3.526601365861979E-010
          64  3.614368591245078E-010
          65  3.092097457937590E-010
          66  4.331005622276318E-010
          67  5.755104841102663E-010
          68  8.726281511688506E-010
          69  1.651381153608362E-010
          70  5.047936258699742E-010
          71  1.744498835122995E-010
          72  2.122155592171087E-010
          73  2.160295250286788E-010
          74  4.479340429691317E-010
          75  1.067260958597694E-009
          76  2.860258271229705E-009
          77  5.502558561820083E-009
          78  9.959112167205292E-009
          79  7.815893345429444E-009
          80  3.262278593870618E-008
          81  1.177858918113731E-008
          82  1.058576441821054E-008
          83  4.632117322815099E-009
          84  4.910474230071707E-009
          85  3.388129860247020E-009
          86  3.676776053302929E-009
          87  2.424276720954468E-009
          88  6.059365387662645E-009
          89  2.717728831225973E-009
          90  5.116029338491246E-009
          91  3.402580698627459E-009
          92  2.771539811820638E-009
          93  2.352596772141614E-009
          94  5.889063332648299E-009
          95  2.902873382800920E-009
          96  3.316285324185880E-009
          97  1.423833124515480E-009
          98  1.320200541322528E-009
          99  1.485503080979218E-009
         100  1.298521931063711E-009
         101  9.898919069608472E-010
         102  1.766890888932357E-009
         103  1.683358883206436E-009
         104  1.617592101006350E-009
         105  1.722209651683541E-009
         106  2.200704552915737E-009
         107  1.697864727096817E-009
         108  5.607741765734688E-009
         109  2.501024425380515E-009
         110  6.895537524826687E-009
         111  4.854296301516096E-009
         112  6.391712970125474E-009
         113  3.189209555310019E-009
         114  2.508532944298591E-009
         115  1.324981391723037E-009
         116  1.375069097108580E-009
         117  1.214648281400193E-009
         118  1.302666355686248E-009
         119  4.912417033411057E-010
         120  6.976689749004236E-010
         121  5.639878567260197E-010
         122  7.317520399223719E-010
         123  6.586012523340871E-010
         124  1.853991970678820E-008
         125  7.931158875490918E-008
         126  6.449833423600640E-007
         127  3.309161019715824E-006
         128  2.724449726914261E-005
         129  1.332647631711039E-004
         130  3.225494841807567E-004
         131  1.097140455431099E-003
         132  1.018679452708031E-003
         133  3.299085128011340E-005
         134  8.395667160272509E-005
         135  8.453212233155917E-005
         136  2.170043617116613E-004
         137  1.170071681279699E-004
         138  8.322754701311298E-005
         139  1.364710768221861E-005
         140  3.195407479291327E-005
         141  2.400856194477476E-005
         142  9.004999883001475E-006
         143  1.585868429048271E-006
         144  7.199028025680318E-006
         145  4.112470045160357E-006
         146  1.764896789506572E-005
         147  1.683644084921697E-005
         148  3.122384841124564E-005
         149  1.980492603875684E-005
         150  2.333764054429580E-005
         151  8.409613372535662E-006
         152  2.634575054246526E-005
         153  1.965544798715511E-005
         154  1.884410249370704E-005
         155  5.709162448095729E-006
         156  1.686156607791910E-005
         157  1.097958464332013E-005
         158  5.067931550678877E-005
         159  5.962654707758203E-005
         160  7.257188397057367E-005
         161  3.069160572224329E-005
         162  6.438429075662781E-005
         163  8.882303010572793E-005
         164  1.772286192784550E-004
         165  9.574410590195917E-005
         166  1.397742637616633E-004
         167  2.843723916917600E-005
         168  4.321430063901718E-005
         169  2.827239754264844E-005
         170  5.435352829619620E-005
         171  3.991157945980872E-005
         172  5.094870310320394E-005
         173  2.407065007745311E-005
         174  3.503354435101601E-005
         175  1.728553421495029E-005
         176  2.080170240075940E-005
         177  1.086591340046002E-005
         178  1.616044710491718E-005
         179  8.300711397171518E-006
         180  1.560335561966482E-005
         181  6.719006828737819E-006
         182  1.335561635903083E-005
         183  6.840962382661643E-006
         184  1.212681956588708E-005
         185  3.858044803891169E-006
         186  1.506207666828618E-005
         187  4.370500816591804E-006
         188  1.423179128381280E-005
         189  1.249039049203265E-005
         190  2.567643949446263E-005
         191  2.974316512509404E-005
         192  1.034307468709692E-004
         193  1.318797080052596E-004
         194  3.172668479908137E-004
         195  2.169691301681118E-004
         196  4.123740728206334E-004
         197  2.134039615857805E-004
         198  1.526850126900885E-004
         199  1.205493361492488E-005
         200  2.136481275906121E-006
         201  7.725149499248485E-008
         202  9.896313546594652E-008
         203  2.607266561139290E-008
         204  7.717549067607535E-008
         205  6.625128651494485E-008
         206  2.258990733495292E-006
         207  1.506376870168618E-006
         208  2.521220264842311E-006
         209  1.588611388046091E-006
         226  6.547011895019990E-014
         227  4.989614070190125E-015
         230  3.085278250677946E-012
         231  7.490419585208288E-012
         232  5.649216325178278E-007
         234  1.004540098717979E-011
         235  1.609587769644666E-007
         236  1.659675986941049E-009
         238  1.828122106546199E-007
         240  3.224533864889938E-013
         244  3.936198329968128E-009
