           1  7.429748974141681E-005
           2  6.470609901488105E-012
           3  1.574717819390911E-008
           4  8.172747663674938E-005
           6  5.674563962362780E-015
           7  3.114017005274736E-012
           8  2.708281752318958E-013
           9  1.912633244112939E-009
          10  2.713051082138141E-014
          14  2.052669703008203E-015
          15  2.099250418731670E-012
          16  1.240261985211319E-009
          17  9.220615910376571E-011
          18  4.499408844867601E-010
          19  1.999067348429328E-010
          20  4.658352411260746E-009
          21  7.680132056935362E-010
          22  1.529966755180991E-009
          23  4.908878427447214E-009
          24  1.134314027311278E-008
          25  1.377792403750698E-008
          26  1.190226006768437E-008
          27  2.614617906468643E-009
          28  1.587854627724039E-009
          29  8.204378712197807E-010
          30  2.625784035563838E-009
          31  4.691603348321094E-010
          32  6.305451846268389E-010
          33  8.017278758248281E-010
          34  4.402042849475685E-009
          35  2.918921850016450E-010
          36  1.147845036918876E-009
          37  8.169647937014025E-010
          38  1.099100323067395E-009
          39  3.097564354609210E-010
          40  6.164029734096709E-010
          41  8.633584088436637E-010
          42  6.091458123674112E-009
          43  5.188470420779690E-010
          44  9.760435325654524E-010
          45  4.411551448032534E-009
          46  7.408840594811510E-009
          47  8.086720782106444E-009
          48  5.977722551459530E-009
          49  5.280937514040885E-010
          50  3.111868571366676E-009
          51  1.548186558513128E-009
          52  6.283373800567433E-009
          53  2.242389354459789E-010
          54  5.566947463905325E-010
          55  3.645929154570465E-010
          56  4.112197305312458E-010
          57  1.091387780373692E-010
          58  2.023711472976469E-010
          59  1.443636047696126E-010
          60  1.709694723626631E-010
          61  1.783999120798888E-010
          62  8.636144007212018E-010
          63  3.500106817194871E-010
          64  3.509709773569336E-010
          65  3.008447709088368E-010
          66  4.366546477843621E-010
          67  5.840911355665140E-010
          68  8.776613889184644E-010
          69  1.619104944109240E-010
          70  4.801944538860814E-010
          71  1.671738687528597E-010
          72  2.072082263709640E-010
          73  2.118481339916462E-010
          74  4.452177424916272E-010
          75  1.055166768260256E-009
          76  2.822647092468837E-009
          77  5.435443871773086E-009
          78  1.012820860231677E-008
          79  7.915451095927452E-009
          80  3.211985788188609E-008
          81  1.226219154708027E-008
          82  1.065966605482947E-008
          83  4.578684704483981E-009
          84  5.127656279162387E-009
          85  3.419818052928880E-009
          86  3.706715983065890E-009
          87  2.519465002914821E-009
          88  6.067371406881418E-009
          89  2.766292351581788E-009
          90  5.281140748144753E-009
          91  3.491919968074497E-009
          92  2.912204434255709E-009
          93  2.441799623087362E-009
          94  5.796181061599557E-009
          95  2.887511301368397E-009
          96  3.345583991280720E-009
          97  1.449870742054440E-009
          98  1.362610363311055E-009
          99  1.546287119495336E-009
         100  1.364469953099753E-009
         101  1.023077767470750E-009
         102  1.766921692531249E-009
         103  1.670780627229972E-009
         104  1.606793709284143E-009
         105  1.722246905769133E-009
         106  2.228045652646957E-009
         107  1.715483899490115E-009
         108  5.745605881704036E-009
         109  2.558800416511644E-009
         110  7.068909397003181E-009
         111  4.982578141143515E-009
         112  6.601934325108733E-009
         113  3.316265137279644E-009
         114  2.619014332578051E-009
         115  1.385980313784985E-009
         116  1.437887161062742E-009
         117  1.253071465538265E-009
         118  1.330677499870169E-009
         119  5.036220819379261E-010
         120  7.065267171688322E-010
         121  5.710956098600603E-010
         122  7.303838506608151E-010
         123  6.613213866107569E-010
         124  1.754768304001557E-008
         125  7.752627784298455E-008
         126  6.352810519685090E-007
         127  3.251656612533730E-006
         128  2.692846743065831E-005
         129  1.335555827533558E-004
         130  3.286557359384609E-004
         131  1.091551514281183E-003
         132  1.045064651573596E-003
         133  3.375561486352157E-005
         134  8.512631096134429E-005
         135  8.720539205661798E-005
         136  2.198214645770021E-004
         137  1.181868898745558E-004
         138  8.809633561445782E-005
         139  1.360709891659755E-005
         140  3.079646083237280E-005
         141  2.235679835818261E-005
         142  8.593787772604843E-006
         143  1.356237116990871E-006
         144  4.522636145879614E-006
         145  1.578414469960319E-006
         146  5.956765128936480E-006
         147  7.442964982392553E-006
         148  1.013048169972308E-005
         149  7.611985409289441E-006
         150  1.851780417454115E-005
         151  1.202982092961108E-005
         152  4.321491500111122E-005
         153  2.671896244063677E-005
         154  3.174849598616056E-005
         155  1.222782127213862E-005
         156  8.865672138821042E-005
         157  3.855273112815533E-005
         158  8.204000260301681E-005
         159  6.203304586748619E-005
         160  6.480592393573826E-005
         161  2.425158542068899E-005
         162  9.306413025879460E-005
         163  7.971342368587551E-005
         164  1.046868435245552E-004
         165  4.292210128458018E-005
         166  6.465050125216030E-005
         167  1.773257416195322E-005
         168  5.424417211723845E-005
         169  3.163954458549948E-005
         170  5.131984753492580E-005
         171  3.458789673300820E-005
         172  4.833801333354280E-005
         173  3.646237053299523E-005
         174  4.210412196681801E-005
         175  1.272785353876362E-005
         176  1.663422330321618E-005
         177  7.743933366558003E-006
         178  9.028804806166996E-006
         179  4.592907801834043E-006
         180  9.962377903256785E-006
         181  4.855569801340582E-006
         182  1.083458365046434E-005
         183  5.821020217479536E-006
         184  1.083834947415517E-005
         185  3.533479041919434E-006
         186  1.403235192468628E-005
         187  4.052574025455246E-006
         188  1.315300476132551E-005
         189  1.158065446111846E-005
         190  2.419726481024876E-005
         191  2.865152463165466E-005
         192  1.018554860182004E-004
         193  1.328922417212323E-004
         194  3.274938875083405E-004
         195  2.265565307102249E-004
         196  4.345220459698207E-004
         197  2.283994556844378E-004
         198  1.664889427400084E-004
         199  1.322338805799070E-005
         200  2.398044689506297E-006
         201  9.155852416013522E-008
         202  1.131076449551291E-007
         203  2.786764630240486E-008
         204  8.554813071530168E-008
         205  7.331997934505997E-008
         206  2.285823560262340E-006
         207  1.503060810694345E-006
         208  2.531349293029924E-006
         209  1.595102380029935E-006
         226  6.095061046586229E-014
         227  4.695345617502057E-015
         230  2.872296489623138E-012
         231  7.048663138654164E-012
         232  5.427066419957443E-007
         234  9.351950666359903E-012
         235  1.514660407372552E-007
         236  1.528047899083596E-009
         238  1.701923872856942E-007
         240  2.965548576968385E-013
         244  3.620054198593677E-009
