           1  7.495233105876383E-005
           2  6.470609901488105E-012
           3  1.574717819390911E-008
           4  8.270542140783986E-005
           6  5.674563962362780E-015
           7  3.114017005274736E-012
           8  2.708281752318958E-013
           9  1.912633244112939E-009
          10  2.713051082138141E-014
          14  1.820620735396861E-015
          15  1.755956822119353E-012
          16  1.166743206201656E-009
          17  8.790754476401141E-011
          18  4.491519248011907E-010
          19  2.035827412095197E-010
          20  4.561372046180746E-009
          21  7.367448928140431E-010
          22  1.400924452271556E-009
          23  4.850593843772708E-009
          24  1.118522145582717E-008
          25  1.374659251424471E-008
          26  1.205699474511799E-008
          27  2.524075965808046E-009
          28  1.489373907605709E-009
          29  7.978021482192965E-010
          30  2.465121620022967E-009
          31  4.238321034924788E-010
          32  6.350695264507007E-010
          33  8.011770326584061E-010
          34  4.272494645577967E-009
          35  2.843224288269725E-010
          36  1.156268221000118E-009
          37  8.886267357128615E-010
          38  1.218374771669664E-009
          39  3.183983596336859E-010
          40  6.002027696590322E-010
          41  8.358456756563033E-010
          42  5.693449732487352E-009
          43  4.712282162059834E-010
          44  9.935370069886974E-010
          45  4.531308641034100E-009
          46  7.502106532583937E-009
          47  8.047614778845039E-009
          48  5.887045072455888E-009
          49  5.627014476349217E-010
          50  3.119571214454490E-009
          51  1.506875781015225E-009
          52  6.270414671290611E-009
          53  2.368843515274138E-010
          54  6.132966088731544E-010
          55  3.669440667959960E-010
          56  3.886571748283807E-010
          57  1.004618620552091E-010
          58  1.980025654302621E-010
          59  1.377977281622715E-010
          60  1.700140738863332E-010
          61  1.832063361940993E-010
          62  8.469721547246309E-010
          63  3.445334265600089E-010
          64  3.551299801279308E-010
          65  3.026079808656243E-010
          66  4.329284659694931E-010
          67  5.837385148608270E-010
          68  8.407183107306848E-010
          69  1.572349765320554E-010
          70  4.666426375604921E-010
          71  1.604769018395119E-010
          72  2.012652622474930E-010
          73  2.175958880223646E-010
          74  4.531751764696165E-010
          75  1.095764615668226E-009
          76  2.884178375541542E-009
          77  5.668634935461090E-009
          78  1.007318014390081E-008
          79  7.807497497699495E-009
          80  3.080846090705045E-008
          81  1.254203896969311E-008
          82  1.049799630835454E-008
          83  4.355170059432257E-009
          84  4.802424480485321E-009
          85  3.225480670753665E-009
          86  3.503557284096998E-009
          87  2.472400728771932E-009
          88  5.959588650923865E-009
          89  2.669533187937464E-009
          90  5.041403051271568E-009
          91  3.295585980440677E-009
          92  2.773659265194028E-009
          93  2.340738134146891E-009
          94  5.547316336151094E-009
          95  2.782948198670334E-009
          96  3.375759050724651E-009
          97  1.460650673742042E-009
          98  1.363063283521126E-009
          99  1.509696084732146E-009
         100  1.306438977120812E-009
         101  9.853992072331674E-010
         102  1.685782459409510E-009
         103  1.590790892978380E-009
         104  1.516147299261522E-009
         105  1.613193452287955E-009
         106  2.100797106312892E-009
         107  1.646895276205286E-009
         108  5.592763926187675E-009
         109  2.515897586155981E-009
         110  6.935784593338338E-009
         111  4.869036153155275E-009
         112  6.302675448914827E-009
         113  3.131282564223847E-009
         114  2.436342883297220E-009
         115  1.278775543394884E-009
         116  1.315883956056454E-009
         117  1.183849520067859E-009
         118  1.266621714016397E-009
         119  4.709012739380583E-010
         120  6.722890749093101E-010
         121  5.450923771129881E-010
         122  7.193256176536991E-010
         123  6.467813295071519E-010
         124  1.877807167039362E-008
         125  8.015356112365052E-008
         126  6.540584439467704E-007
         127  3.384598237764991E-006
         128  2.788721543165906E-005
         129  1.348360843091695E-004
         130  3.204202238201530E-004
         131  1.052361994074540E-003
         132  1.013223153074913E-003
         133  3.384918048193892E-005
         134  8.648158952781661E-005
         135  8.789208023655547E-005
         136  2.106242058480099E-004
         137  1.120318193738718E-004
         138  8.611082652591568E-005
         139  1.420799270639104E-005
         140  3.348778477637600E-005
         141  2.534336832590705E-005
         142  9.871918373273021E-006
         143  1.628455059589382E-006
         144  5.469131492609425E-006
         145  2.369733721341924E-006
         146  1.374848237092654E-005
         147  2.414848652831062E-005
         148  4.558429490744691E-005
         149  2.783497261359662E-005
         150  4.740276048099368E-005
         151  2.418684977183113E-005
         152  2.769123011267740E-005
         153  1.288431760805969E-005
         154  7.232814098537733E-005
         155  3.983784811115790E-005
         156  7.171522788624713E-005
         157  2.759060287302907E-005
         158  5.147375877537061E-005
         159  2.449148799368448E-005
         160  8.031139891936354E-005
         161  4.168333280061961E-005
         162  7.148453694272086E-005
         163  1.036412848960324E-004
         164  1.108716021132466E-004
         165  3.142013494284013E-005
         166  5.657454862280082E-005
         167  1.843241175563686E-005
         168  8.107573551725179E-005
         169  3.412593730941268E-005
         170  3.676331786918468E-005
         171  2.313072798050996E-005
         172  5.576085186964517E-005
         173  2.462340805603767E-005
         174  2.773822175827745E-005
         175  1.688880648138841E-005
         176  2.144376239588380E-005
         177  1.155716920541622E-005
         178  1.995215535099465E-005
         179  1.099223625453988E-005
         180  2.100529219329894E-005
         181  8.558688569479973E-006
         182  1.570745780653998E-005
         183  7.697161315127085E-006
         184  1.342319287614126E-005
         185  4.212364168192383E-006
         186  1.611582604331780E-005
         187  4.655973566116252E-006
         188  1.522962634418559E-005
         189  1.349018700885076E-005
         190  2.758059663146428E-005
         191  3.117974552907762E-005
         192  1.084595468705411E-004
         193  1.392208888178543E-004
         194  3.320731507855864E-004
         195  2.209477735041675E-004
         196  4.086884154034347E-004
         197  2.091042197030129E-004
         198  1.459375250928714E-004
         199  1.147021776553024E-005
         200  2.063613819864599E-006
         201  8.244945029651655E-008
         202  1.052679067983228E-007
         203  2.615415436705289E-008
         204  6.878135426128951E-008
         205  5.655541678899954E-008
         206  2.235635020760941E-006
         207  1.419104551708147E-006
         208  2.438902047703239E-006
         209  1.589336991145956E-006
         226  6.870335022898570E-014
         227  5.235119236956988E-015
         230  3.237644220127877E-012
         231  7.858972479991644E-012
         232  5.996550412573688E-007
         234  1.054149149687325E-011
         235  1.688784699157385E-007
         236  1.748738039296064E-009
         238  1.918403622314044E-007
         240  3.397747223207517E-013
         244  4.147640405103878E-009
