           1  7.520936011823659E-005
           2  6.470609901488105E-012
           3  1.574717819390911E-008
           4  8.201923858214932E-005
           6  5.674563962362780E-015
           7  3.114017005274736E-012
           8  2.708281752318958E-013
           9  1.912633244112939E-009
          10  2.713051082138141E-014
          14  1.642076174695604E-015
          15  1.633073533608587E-012
          16  1.198662600054599E-009
          17  8.961475228706489E-011
          18  4.401236919833176E-010
          19  1.919969533655756E-010
          20  4.623165391712404E-009
          21  7.568471771908720E-010
          22  1.463416952233750E-009
          23  4.889690038174789E-009
          24  1.128355835785124E-008
          25  1.375218600518820E-008
          26  1.158759469247239E-008
          27  2.486569869714101E-009
          28  1.529561252409361E-009
          29  7.955829758146105E-010
          30  2.517495333304550E-009
          31  4.386562662425000E-010
          32  6.161822378978625E-010
          33  8.238932534045383E-010
          34  4.365545912791535E-009
          35  2.784136742994317E-010
          36  1.090048133752835E-009
          37  7.781934198545116E-010
          38  1.054700295598087E-009
          39  2.978676485890921E-010
          40  6.148277936269679E-010
          41  8.746203582178458E-010
          42  6.056135639907447E-009
          43  5.040869024426781E-010
          44  9.896586754151384E-010
          45  4.496466571047916E-009
          46  7.376177350609115E-009
          47  7.976255242456312E-009
          48  5.888616690868249E-009
          49  5.200173004719996E-010
          50  3.088376758884488E-009
          51  1.536058619832950E-009
          52  6.223074042616176E-009
          53  2.247961409214825E-010
          54  5.705516882337844E-010
          55  3.658885025902271E-010
          56  4.012697487293730E-010
          57  1.045790595528187E-010
          58  2.023191008335710E-010
          59  1.424123734084824E-010
          60  1.708481704829579E-010
          61  1.830275867066691E-010
          62  8.700497046302047E-010
          63  3.521557688380856E-010
          64  3.577685632997935E-010
          65  3.059307792494448E-010
          66  4.367784803366006E-010
          67  5.906721380518929E-010
          68  8.770329234158003E-010
          69  1.636666725366237E-010
          70  4.893864159320547E-010
          71  1.687685080085139E-010
          72  2.079744477132560E-010
          73  2.170772353937794E-010
          74  4.606567109089762E-010
          75  1.119516747535093E-009
          76  2.934019381082047E-009
          77  5.546186803297899E-009
          78  1.009570795227396E-008
          79  7.871782403265437E-009
          80  3.158460191878127E-008
          81  1.176744090467633E-008
          82  1.000802327616423E-008
          83  4.257311971362632E-009
          84  4.940423975317088E-009
          85  3.313691761026390E-009
          86  3.579894811671707E-009
          87  2.424668249100891E-009
          88  5.813950043404083E-009
          89  2.668875740564253E-009
          90  5.125255045418356E-009
          91  3.321231109517064E-009
          92  2.743505570915141E-009
          93  2.305591918532482E-009
          94  5.477697379972968E-009
          95  2.700930598335637E-009
          96  3.128081299575038E-009
          97  1.347830412316506E-009
          98  1.267773945090385E-009
          99  1.428818175527146E-009
         100  1.246960923241696E-009
         101  9.511878144074179E-010
         102  1.663139620623133E-009
         103  1.580557031725134E-009
         104  1.518678089581089E-009
         105  1.630839582141926E-009
         106  2.120229800590409E-009
         107  1.651342362658404E-009
         108  5.541257732070526E-009
         109  2.471195369356280E-009
         110  6.729225811653450E-009
         111  4.713430009218912E-009
         112  6.124363802549609E-009
         113  3.037884374279962E-009
         114  2.365268956435265E-009
         115  1.251315622832169E-009
         116  1.284347920879446E-009
         117  1.127558155399951E-009
         118  1.202295848416383E-009
         119  4.509685713292554E-010
         120  6.360224468628572E-010
         121  5.140475560326549E-010
         122  6.859843316592629E-010
         123  6.199429142988243E-010
         124  1.891977815279441E-008
         125  7.951396750125744E-008
         126  6.505907991290460E-007
         127  3.398005501783729E-006
         128  2.812866457815564E-005
         129  1.357014451168066E-004
         130  3.225142786535844E-004
         131  1.059729354300170E-003
         132  9.900295916338629E-004
         133  3.264092997858767E-005
         134  8.197945125091926E-005
         135  7.941565513471300E-005
         136  1.979114414735170E-004
         137  1.077527416462569E-004
         138  9.062737920124262E-005
         139  1.409840188715323E-005
         140  3.282023241150887E-005
         141  2.528207376036769E-005
         142  1.023657423595863E-005
         143  2.044175385026987E-006
         144  1.123790460858102E-005
         145  7.261127665551248E-006
         146  2.853591355090330E-005
         147  1.745699760358323E-005
         148  1.269477579475353E-005
         149  1.113759199753244E-005
         150  9.344141155386675E-005
         151  4.969699077069665E-005
         152  5.304890696980346E-005
         153  1.655326536269083E-005
         154  4.771657317444354E-005
         155  2.098258307365455E-005
         156  5.287499442045055E-005
         157  2.088921648382467E-005
         158  2.960719261202931E-005
         159  1.338584622006082E-005
         160  2.601836240408509E-005
         161  1.523554706445406E-005
         162  6.564226331430088E-005
         163  6.215461417195627E-005
         164  1.526006284101209E-004
         165  1.030269827926300E-004
         166  1.245532371403723E-004
         167  3.596692717335478E-005
         168  1.225978351482467E-004
         169  4.072846253770380E-005
         170  2.723017215605190E-005
         171  1.399697694064158E-005
         172  6.499204817477360E-005
         173  3.333159735420650E-005
         174  4.964766771490870E-005
         175  2.047978422865588E-005
         176  2.804611472196974E-005
         177  1.426006648942566E-005
         178  1.554877083134785E-005
         179  7.240261002555522E-006
         180  1.433908097366090E-005
         181  6.524320334120323E-006
         182  1.376989394116076E-005
         183  7.258622926574775E-006
         184  1.328895387631200E-005
         185  4.265064110306867E-006
         186  1.670047848380568E-005
         187  4.780396819745297E-006
         188  1.538533695207318E-005
         189  1.347356864173153E-005
         190  2.738241344297173E-005
         191  3.109879825328960E-005
         192  1.067047776122247E-004
         193  1.346463005636206E-004
         194  3.192076022328475E-004
         195  2.117211100509103E-004
         196  3.909345197499194E-004
         197  1.999200058532539E-004
         198  1.393881712228062E-004
         199  1.086681890716985E-005
         200  2.020510527100720E-006
         201  8.393048800354082E-008
         202  1.094146601512763E-007
         203  2.762583092230291E-008
         204  7.477835755052721E-008
         205  6.132076067333341E-008
         206  2.197049434702532E-006
         207  1.420766168686905E-006
         208  2.422800259102182E-006
         209  1.553828229722322E-006
         226  6.672757182560473E-014
         227  5.031372429728568E-015
         230  3.144535696211076E-012
         231  7.553107326130302E-012
         232  5.660310987442235E-007
         234  1.023833814016606E-011
         235  1.623058499814974E-007
         236  1.757539972737714E-009
         238  1.863233962707883E-007
         240  3.419533649276220E-013
         244  4.174235161896897E-009
