           1  7.438535075744409E-005
           2  6.470609901488105E-012
           3  1.574717819390911E-008
           4  8.183635913708694E-005
           6  5.674563962362780E-015
           7  3.114017005274736E-012
           8  2.708281752318958E-013
           9  1.912633244112939E-009
          10  2.713051082138141E-014
          14  2.007639382359822E-015
          15  2.042314547367664E-012
          16  1.258042345326267E-009
          17  9.308760605082862E-011
          18  4.423602119056978E-010
          19  1.909101997136692E-010
          20  4.756401840548425E-009
          21  7.781670293926846E-010
          22  1.492280331402559E-009
          23  4.986251532130932E-009
          24  1.148270262394211E-008
          25  1.397234508011439E-008
          26  1.146708930290675E-008
          27  2.485957452143055E-009
          28  1.605642905668028E-009
          29  8.516080256689223E-010
          30  2.680339905820048E-009
          31  4.772134205675017E-010
          32  6.378996041892716E-010
          33  8.488731826092566E-010
          34  4.284298818097369E-009
          35  2.872232301760782E-010
          36  1.133214841013336E-009
          37  7.476930664999533E-010
          38  1.002854906637223E-009
          39  3.112591474267941E-010
          40  6.508497476764111E-010
          41  9.083276258103393E-010
          42  6.267837370759472E-009
          43  5.442652544566506E-010
          44  1.015168599147471E-009
          45  4.567406864272134E-009
          46  7.347044120944678E-009
          47  7.870475301269699E-009
          48  5.844842713829264E-009
          49  5.075280298012490E-010
          50  3.113936140795959E-009
          51  1.581795674686636E-009
          52  6.371805540523165E-009
          53  2.165562486331521E-010
          54  5.160942421229068E-010
          55  3.527141534983966E-010
          56  4.318220261600540E-010
          57  1.175141456205365E-010
          58  2.156630367244391E-010
          59  1.520080494986772E-010
          60  1.825287399129854E-010
          61  1.921560165004239E-010
          62  9.146260802745934E-010
          63  3.706699621894101E-010
          64  3.644585634382288E-010
          65  3.039064695882591E-010
          66  4.440987211909608E-010
          67  5.843164528462223E-010
          68  8.695040335561085E-010
          69  1.609657351049868E-010
          70  4.773613655690374E-010
          71  1.656668038295293E-010
          72  2.083683685463752E-010
          73  2.176805765176674E-010
          74  4.641785216384682E-010
          75  1.115854583944569E-009
          76  2.901658857757835E-009
          77  5.458627225498581E-009
          78  1.003170677634155E-008
          79  7.976613869851189E-009
          80  3.224909241875788E-008
          81  1.185867202873247E-008
          82  1.051840494080291E-008
          83  4.641933864706116E-009
          84  5.295261134430855E-009
          85  3.513507937323366E-009
          86  3.810819574893367E-009
          87  2.552332655544372E-009
          88  6.029061868865946E-009
          89  2.702227128811711E-009
          90  5.159259348870640E-009
          91  3.543840225124763E-009
          92  3.014900891955728E-009
          93  2.490034800598473E-009
          94  5.678950073686626E-009
          95  2.919339546431981E-009
          96  3.266534257025109E-009
          97  1.433179635221127E-009
          98  1.338196065441964E-009
          99  1.487754812419216E-009
         100  1.329527858733987E-009
         101  9.929266692285782E-010
         102  1.749233057318921E-009
         103  1.679319978340495E-009
         104  1.651268989144380E-009
         105  1.759376001374250E-009
         106  2.303066051877896E-009
         107  1.777069772026815E-009
         108  5.913606544727393E-009
         109  2.595886453133060E-009
         110  6.833173995931817E-009
         111  4.850838992308380E-009
         112  6.374175740573185E-009
         113  3.237541198674363E-009
         114  2.568215677651599E-009
         115  1.339529015251075E-009
         116  1.371205312108174E-009
         117  1.219687011574394E-009
         118  1.296689581867505E-009
         119  4.666238713670027E-010
         120  6.481148455216099E-010
         121  5.264596014687764E-010
         122  6.937235517659056E-010
         123  6.424923803853073E-010
         124  1.865578285567525E-008
         125  8.235274490577255E-008
         126  6.773269461767886E-007
         127  3.466061926280453E-006
         128  2.827979375352502E-005
         129  1.375436272357176E-004
         130  3.264953256842213E-004
         131  1.099084195506404E-003
         132  1.028373610965057E-003
         133  3.435913843700591E-005
         134  8.554484252932652E-005
         135  8.108820590972421E-005
         136  2.184874436907817E-004
         137  1.197789534452292E-004
         138  8.942341777710759E-005
         139  1.400907405122212E-005
         140  3.164363151618205E-005
         141  2.450033051134233E-005
         142  9.368303154802979E-006
         143  1.465998720329027E-006
         144  4.712254137062723E-006
         145  1.826763513873005E-006
         146  7.842072840254767E-006
         147  1.114529507887856E-005
         148  3.483575899896435E-005
         149  2.505521327107625E-005
         150  2.688370428204547E-005
         151  1.319811255123065E-005
         152  2.409655436749841E-005
         153  9.211083054445358E-006
         154  3.758211793466502E-005
         155  1.543303142039101E-005
         156  2.351155076584671E-005
         157  1.833794612807927E-005
         158  4.484148611457568E-005
         159  2.279750577841033E-005
         160  4.873918811355601E-005
         161  2.885681601292896E-005
         162  1.207774424503484E-004
         163  6.161277317693822E-005
         164  1.480592692396630E-004
         165  9.126977447604751E-005
         166  1.457760985747506E-004
         167  2.729380258658131E-005
         168  7.798993939238339E-005
         169  6.578308199097002E-005
         170  3.812504673319115E-005
         171  1.030921204370481E-005
         172  1.449127114530225E-005
         173  1.641969457705579E-005
         174  2.383586309858906E-005
         175  1.120761229978725E-005
         176  1.996651583476653E-005
         177  1.166748970551134E-005
         178  1.725812720042576E-005
         179  6.401719549305414E-006
         180  1.055433549309153E-005
         181  5.215568813128623E-006
         182  1.232065186305931E-005
         183  6.813647276800994E-006
         184  1.313890712410513E-005
         185  4.295250785992551E-006
         186  1.702463474546681E-005
         187  4.922074011343089E-006
         188  1.589676725934157E-005
         189  1.358947243496074E-005
         190  2.860996334288148E-005
         191  3.098524609193371E-005
         192  1.072760954692020E-004
         193  1.376573675259529E-004
         194  3.365156869013717E-004
         195  2.251422307950842E-004
         196  4.126962414233225E-004
         197  2.155072112321189E-004
         198  1.544439600560205E-004
         199  1.257731121964878E-005
         200  2.258305912780757E-006
         201  8.350744075127856E-008
         202  1.031981141094689E-007
         203  2.628207102775297E-008
         204  8.272624942047670E-008
         205  7.127255831316448E-008
         206  2.262379818100143E-006
         207  1.499145550586910E-006
         208  2.515496338345502E-006
         209  1.582953242880702E-006
         226  6.328914409623659E-014
         227  4.796505198610838E-015
         230  2.982499847490273E-012
         231  7.200524123674156E-012
         232  5.530756359431312E-007
         234  9.710763334120351E-012
         235  1.547293236734617E-007
         236  1.613302848563956E-009
         238  1.767222746528472E-007
         240  3.133873495395566E-013
         244  3.825528940235973E-009
