           1  7.416634663072276E-005
           2  6.470609901488105E-012
           3  1.574717819390911E-008
           4  8.044467620445020E-005
           6  5.674563962362780E-015
           7  3.114017005274736E-012
           8  2.708281752318958E-013
           9  1.912633244112939E-009
          10  2.713051082138141E-014
          14  2.244020150636537E-015
          15  2.173315396615997E-012
          16  1.226797314858480E-009
          17  9.138622212883140E-011
          18  4.595978796791900E-010
          19  2.137541577872918E-010
          20  4.657808876480604E-009
          21  7.458717224605221E-010
          22  1.506250211738002E-009
          23  4.909259989210324E-009
          24  1.132906336619288E-008
          25  1.394159585373328E-008
          26  1.222053060423955E-008
          27  2.527876935514153E-009
          28  1.517908593873799E-009
          29  8.525860892169996E-010
          30  2.615135576187932E-009
          31  4.510620493355466E-010
          32  6.383900678470362E-010
          33  8.141340881291709E-010
          34  4.325163802963446E-009
          35  2.955564123003587E-010
          36  1.204618293221812E-009
          37  8.674836052111670E-010
          38  1.176661685933053E-009
          39  3.093530642358875E-010
          40  6.055465886234446E-010
          41  8.582068704399335E-010
          42  5.825950431201226E-009
          43  5.011179990620886E-010
          44  1.024146980931669E-009
          45  4.560912413105233E-009
          46  7.570827657372721E-009
          47  8.080836644305281E-009
          48  5.886855690288203E-009
          49  5.515526103239521E-010
          50  3.105061184825442E-009
          51  1.519197119303697E-009
          52  6.275921290645687E-009
          53  2.374698567016187E-010
          54  5.998393684867063E-010
          55  3.556358967078231E-010
          56  3.925669960426945E-010
          57  1.044877734031228E-010
          58  2.080954237082799E-010
          59  1.440061290992738E-010
          60  1.743557939981319E-010
          61  1.804552315179018E-010
          62  8.351719956230365E-010
          63  3.446437000852956E-010
          64  3.605738585959627E-010
          65  3.047031307625066E-010
          66  4.415462052747537E-010
          67  5.734562043439230E-010
          68  8.182235787587009E-010
          69  1.528945215153997E-010
          70  4.558352384950468E-010
          71  1.577874017332468E-010
          72  2.037748479685889E-010
          73  2.224337240302836E-010
          74  4.482815382019041E-010
          75  1.061708507168568E-009
          76  2.792408391422390E-009
          77  5.591714442422096E-009
          78  1.017257500075765E-008
          79  8.003827360171878E-009
          80  3.153474389411591E-008
          81  1.302285416987437E-008
          82  1.097051680315592E-008
          83  4.613882934994568E-009
          84  5.076453898370398E-009
          85  3.414926011867032E-009
          86  3.734654745228037E-009
          87  2.642925523519071E-009
          88  6.212208158835429E-009
          89  2.719598552404288E-009
          90  5.162204542538787E-009
          91  3.618699215274860E-009
          92  3.017702084596445E-009
          93  2.459199901728955E-009
          94  5.570339798444161E-009
          95  2.919912376004859E-009
          96  3.588322555935430E-009
          97  1.585366544821495E-009
          98  1.479931836586434E-009
          99  1.616806147008267E-009
         100  1.416606431755289E-009
         101  1.037938075896494E-009
         102  1.778381571717243E-009
         103  1.699114161592385E-009
         104  1.656127754043840E-009
         105  1.759690910585314E-009
         106  2.278089397001769E-009
         107  1.752006143516690E-009
         108  5.960480277944256E-009
         109  2.669036266209310E-009
         110  7.248745469644627E-009
         111  5.124906247921967E-009
         112  6.725497322648706E-009
         113  3.409380784488690E-009
         114  2.692851789484837E-009
         115  1.396803177494770E-009
         116  1.431307563392830E-009
         117  1.257071653340346E-009
         118  1.339487509209366E-009
         119  5.088903178145583E-010
         120  7.233525357425211E-010
         121  5.900974713148910E-010
         122  7.426754095297710E-010
         123  6.938778602647822E-010
         124  1.803049465518264E-008
         125  8.589872701461899E-008
         126  7.014253860395247E-007
         127  3.543332315935564E-006
         128  2.884302884473158E-005
         129  1.401730966746445E-004
         130  3.321359285207010E-004
         131  1.091453308780481E-003
         132  1.053436937509192E-003
         133  3.374429032021466E-005
         134  8.526118607216543E-005
         135  9.225082778587623E-005
         136  2.259357202045208E-004
         137  1.194502602091822E-004
         138  8.502371303466434E-005
         139  1.513348964438082E-005
         140  3.442662657006447E-005
         141  2.499035925954258E-005
         142  9.689323424250260E-006
         143  1.818654798768788E-006
         144  9.248203465819146E-006
         145  5.221890144633439E-006
         146  1.939348822613080E-005
         147  1.229565427529070E-005
         148  9.604492508555084E-006
         149  8.658498557952183E-006
         150  3.297272025042074E-005
         151  1.793773062534115E-005
         152  2.710843417492246E-005
         153  1.111633404256645E-005
         154  3.854944666659104E-005
         155  1.768200028954822E-005
         156  5.018613823289721E-005
         157  2.433614868097667E-005
         158  3.859176794040398E-005
         159  2.070773458764134E-005
         160  4.677496252864676E-005
         161  2.647621916873613E-005
         162  6.334339901997013E-005
         163  1.314302014985717E-004
         164  1.345063734318357E-004
         165  4.282985976402056E-005
         166  5.397635940576794E-005
         167  1.631829116269571E-005
         168  4.703887535681298E-005
         169  2.482621467373777E-005
         170  3.590876364089991E-005
         171  2.040956546037586E-005
         172  6.770727577321452E-005
         173  3.288738893722655E-005
         174  4.809790047686366E-005
         175  2.562627586961954E-005
         176  3.534640287976666E-005
         177  1.506192695221667E-005
         178  1.476847467160513E-005
         179  7.171645161724255E-006
         180  1.492626874264794E-005
         181  6.737080360161078E-006
         182  1.380557649848347E-005
         183  7.065870580897239E-006
         184  1.276514519453113E-005
         185  4.017307524693140E-006
         186  1.519954336360090E-005
         187  4.499255599058712E-006
         188  1.513118633023707E-005
         189  1.317123537260310E-005
         190  2.738144507876133E-005
         191  2.952237931782722E-005
         192  1.048364564860419E-004
         193  1.390870258940486E-004
         194  3.437939448754819E-004
         195  2.296758402088061E-004
         196  4.227470469743107E-004
         197  2.202745817630967E-004
         198  1.570151188420849E-004
         199  1.272727183049832E-005
         200  2.255574601793735E-006
         201  8.527787166025317E-008
         202  1.023341453383350E-007
         203  2.447343042087393E-008
         204  7.674859648766282E-008
         205  6.669261857480247E-008
         206  2.131830096355560E-006
         207  1.387906300819075E-006
         208  2.331463892412469E-006
         209  1.483252676173746E-006
         226  5.611370785715867E-014
         227  4.358829340422080E-015
         230  2.644357535813813E-012
         231  6.543484165466528E-012
         232  5.178845596356263E-007
         234  8.609801010616601E-012
         235  1.406104419623855E-007
         236  1.379062638093648E-009
         238  1.566863043153728E-007
         240  2.674967606437134E-013
         244  3.265341121029312E-009
