           1  7.423210361518699E-005
           2  6.470609901488105E-012
           3  1.574717819390911E-008
           4  8.229999719132708E-005
           6  5.674563962362780E-015
           7  3.114017005274736E-012
           8  2.708281752318958E-013
           9  1.912633244112939E-009
          10  2.713051082138141E-014
          14  2.211749647125466E-015
          15  2.150669881491491E-012
          16  1.244416893631351E-009
          17  9.237587445039684E-011
          18  4.402301365198417E-010
          19  1.874648419372686E-010
          20  4.678932052214883E-009
          21  7.655207814561989E-010
          22  1.529596733588850E-009
          23  4.918265909732781E-009
          24  1.136445057788793E-008
          25  1.381090977388754E-008
          26  1.204114253345096E-008
          27  2.567090154171442E-009
          28  1.564585763882765E-009
          29  8.017254885107409E-010
          30  2.624204591895378E-009
          31  4.510856074100772E-010
          32  5.971391177817470E-010
          33  8.393949573130953E-010
          34  4.351679677416691E-009
          35  2.840337599108848E-010
          36  1.122787512448691E-009
          37  8.618128691943680E-010
          38  1.186070222447087E-009
          39  3.283646432051053E-010
          40  6.112385546617522E-010
          41  8.427466636193142E-010
          42  6.096695066803620E-009
          43  5.172569816293638E-010
          44  9.875511427909178E-010
          45  4.433992095587246E-009
          46  7.406187153529302E-009
          47  7.958321303932793E-009
          48  5.847885902112382E-009
          49  5.602146861983684E-010
          50  3.138823241823963E-009
          51  1.525152826873877E-009
          52  6.357775018121295E-009
          53  2.381136089124410E-010
          54  6.119245076525127E-010
          55  3.985360357535598E-010
          56  4.233155821827287E-010
          57  1.102442213276493E-010
          58  2.162176171633744E-010
          59  1.479301529469336E-010
          60  1.715372078065650E-010
          61  1.834147804065497E-010
          62  8.623586476708086E-010
          63  3.508060594044857E-010
          64  3.629926305228865E-010
          65  3.022242135433744E-010
          66  4.264624178538866E-010
          67  5.766101912065274E-010
          68  8.565900525672414E-010
          69  1.624913129105637E-010
          70  4.894953804534981E-010
          71  1.667204266580258E-010
          72  2.030729744154881E-010
          73  2.113603470810792E-010
          74  4.392012541036105E-010
          75  1.068577282696716E-009
          76  2.840743831089787E-009
          77  5.546675227752072E-009
          78  9.982273551217909E-009
          79  7.884577627047622E-009
          80  3.225070284141546E-008
          81  1.230792523373169E-008
          82  1.080017043917380E-008
          83  4.673816198629654E-009
          84  4.937167481825088E-009
          85  3.387167486836953E-009
          86  3.699003087191298E-009
          87  2.549369643360219E-009
          88  6.282280638644438E-009
          89  2.800132820880658E-009
          90  5.284560507317688E-009
          91  3.545929919726957E-009
          92  2.846661425565851E-009
          93  2.396038039546298E-009
          94  5.907990328295898E-009
          95  3.044303092506973E-009
          96  3.469116701789768E-009
          97  1.508637387591361E-009
          98  1.378214728277585E-009
          99  1.511831695353745E-009
         100  1.342446922026874E-009
         101  1.017778599373469E-009
         102  1.818456129413210E-009
         103  1.729449344881223E-009
         104  1.678675917726647E-009
         105  1.744188863003033E-009
         106  2.243609352580287E-009
         107  1.753983554369108E-009
         108  5.862970616262687E-009
         109  2.590418567998571E-009
         110  7.022081882762966E-009
         111  5.051448604231585E-009
         112  6.659446895338562E-009
         113  3.374123269017470E-009
         114  2.669161454524936E-009
         115  1.384557541265263E-009
         116  1.428811079756569E-009
         117  1.298215158359206E-009
         118  1.394266897873842E-009
         119  5.010633416277926E-010
         120  7.055538593305455E-010
         121  5.759944282533829E-010
         122  7.374480215360160E-010
         123  6.754399528687120E-010
         124  1.862190489657171E-008
         125  8.427088899408056E-008
         126  6.801834075418433E-007
         127  3.463703757971958E-006
         128  2.813264460523186E-005
         129  1.368646551810012E-004
         130  3.268345087907590E-004
         131  1.092552647868350E-003
         132  1.046027238066424E-003
         133  3.363853165129741E-005
         134  8.578881600046196E-005
         135  9.266005848129825E-005
         136  2.281432629763597E-004
         137  1.212089690761540E-004
         138  8.551225468604934E-005
         139  1.477694664446063E-005
         140  3.423150311313177E-005
         141  2.569284437137909E-005
         142  1.015274878618032E-005
         143  1.853457629132780E-006
         144  8.699313566746694E-006
         145  5.120126000363459E-006
         146  2.011581340801048E-005
         147  1.544977514232210E-005
         148  2.637860646188608E-005
         149  1.775911426512348E-005
         150  1.984354027347166E-005
         151  1.410646007328139E-005
         152  3.342178514119454E-005
         153  1.323595543500786E-005
         154  4.085950155798648E-005
         155  2.325658966324399E-005
         156  3.872905229451677E-005
         157  1.922524139327243E-005
         158  5.358403545626633E-005
         159  2.771893920350694E-005
         160  5.983192747734829E-005
         161  3.531917474335511E-005
         162  7.224793151451852E-005
         163  3.875279044454674E-005
         164  1.027419249569861E-004
         165  7.150648508920882E-005
         166  8.836422543050563E-005
         167  3.835351662409961E-005
         168  8.816191212117519E-005
         169  4.767248898155448E-005
         170  3.079521959375751E-005
         171  1.542110044039928E-005
         172  4.231957863390399E-005
         173  1.855939845793550E-005
         174  3.153574978176601E-005
         175  2.077774533614969E-005
         176  1.890332873535570E-005
         177  9.744536510107632E-006
         178  1.675646446752309E-005
         179  7.679334906527865E-006
         180  1.396408897966210E-005
         181  6.314309598953765E-006
         182  1.327256918040029E-005
         183  6.864206021845513E-006
         184  1.246486395318240E-005
         185  3.965984154662684E-006
         186  1.511831971579090E-005
         187  4.411073408754015E-006
         188  1.465082083964662E-005
         189  1.283565069793262E-005
         190  2.741685559522850E-005
         191  3.015148392116079E-005
         192  1.064314640197623E-004
         193  1.373618971384955E-004
         194  3.358956574849923E-004
         195  2.311389699745708E-004
         196  4.344211913327139E-004
         197  2.247686100147340E-004
         198  1.602228019051375E-004
         199  1.310219788317156E-005
         200  2.287644666167907E-006
         201  8.218242791050801E-008
         202  9.962713506420348E-008
         203  2.504006564586407E-008
         204  7.483354884758928E-008
         205  6.476869274897882E-008
         206  2.255888891984250E-006
         207  1.481560571867510E-006
         208  2.494250339559756E-006
         209  1.589630541117793E-006
         226  6.351924821947451E-014
         227  4.898085307500525E-015
         230  2.993343500414706E-012
         231  7.353016405921131E-012
         232  5.668179331373102E-007
         234  9.746069336672244E-012
         235  1.580061723156210E-007
         236  1.581735392330417E-009
         238  1.773647943874129E-007
         240  3.069003364227321E-013
         244  3.746341773138884E-009
