           1  7.413003527924576E-005
           2  6.470609901488105E-012
           3  1.574717819390911E-008
           4  8.125398869454575E-005
           6  5.674563962362780E-015
           7  3.114017005274736E-012
           8  2.708281752318958E-013
           9  1.912633244112939E-009
          10  2.713051082138141E-014
          14  2.398655681562306E-015
          15  2.231188634380395E-012
          16  1.290863589694989E-009
          17  9.505751936479539E-011
          18  4.525596742118267E-010
          19  2.018316333221229E-010
          20  4.617539649318120E-009
          21  7.684806807972083E-010
          22  1.822154393522137E-009
          23  4.830983101782872E-009
          24  1.127453566728146E-008
          25  1.360433110680195E-008
          26  1.242887539917496E-008
          27  2.741310566389053E-009
          28  1.641965316479792E-009
          29  8.452017007189057E-010
          30  2.829365863606814E-009
          31  4.994437800415981E-010
          32  5.726756346216815E-010
          33  7.648931018497161E-010
          34  4.429171951787636E-009
          35  2.988669273287808E-010
          36  1.171027512597826E-009
          37  7.849930077397017E-010
          38  1.045417476835288E-009
          39  2.969044318160325E-010
          40  6.082197969675334E-010
          41  8.704379571060959E-010
          42  6.279507947589095E-009
          43  5.512016036748982E-010
          44  9.443933198827308E-010
          45  4.101276346186286E-009
          46  7.300470407526448E-009
          47  8.214202833278583E-009
          48  6.167214903032545E-009
          49  5.167788741448416E-010
          50  3.162169969205412E-009
          51  1.589359648948796E-009
          52  6.271512344821964E-009
          53  2.139643972389057E-010
          54  5.182137487054847E-010
          55  3.579289601712687E-010
          56  4.129448951214053E-010
          57  1.107377561689955E-010
          58  2.175403781535314E-010
          59  1.505028713686139E-010
          60  1.629887160668721E-010
          61  1.598666586409975E-010
          62  7.922961766800439E-010
          63  3.325239570642503E-010
          64  3.594971292355393E-010
          65  3.066532693630391E-010
          66  4.338332590816159E-010
          67  5.686343185552191E-010
          68  8.622118042037579E-010
          69  1.636267262523824E-010
          70  4.988280919157052E-010
          71  1.715926634357417E-010
          72  2.098688202362846E-010
          73  2.096752183486076E-010
          74  4.143000303513251E-010
          75  9.551365301738859E-010
          76  2.668131192228590E-009
          77  5.389136759140861E-009
          78  1.035385946276720E-008
          79  8.015041284853482E-009
          80  3.312125846628673E-008
          81  1.228322890551280E-008
          82  1.114306945858973E-008
          83  4.925654515061351E-009
          84  5.233924073186467E-009
          85  3.574423215668429E-009
          86  3.868900249271598E-009
          87  2.468348631204594E-009
          88  6.103732737369575E-009
          89  2.819732026374326E-009
          90  5.393255689749115E-009
          91  3.645688945133637E-009
          92  2.879308363267470E-009
          93  2.381745120488951E-009
          94  5.793465722864076E-009
          95  3.011506969158476E-009
          96  3.579462855066244E-009
          97  1.578503939042587E-009
          98  1.455217710806115E-009
          99  1.603597510538878E-009
         100  1.426105539004351E-009
         101  1.056299203631241E-009
         102  1.834002902345405E-009
         103  1.754083934270514E-009
         104  1.719673846107608E-009
         105  1.792662566110389E-009
         106  2.237218263162762E-009
         107  1.693518186322101E-009
         108  5.609578140617429E-009
         109  2.529737713271142E-009
         110  7.173052925992218E-009
         111  5.131413469800074E-009
         112  6.973111370443123E-009
         113  3.592022896721229E-009
         114  2.903127973429369E-009
         115  1.529639261352526E-009
         116  1.615676483186746E-009
         117  1.448468658997545E-009
         118  1.559044924860147E-009
         119  5.738932080051695E-010
         120  8.039941928735662E-010
         121  6.567254801204736E-010
         122  8.263402307672966E-010
         123  7.306532322499201E-010
         124  1.781923423185254E-008
         125  7.747554311893532E-008
         126  6.320441449126761E-007
         127  3.206653661484523E-006
         128  2.649700877678518E-005
         129  1.335329989405581E-004
         130  3.389704016163239E-004
         131  1.132383549200586E-003
         132  1.058704405958720E-003
         133  3.197733819249387E-005
         134  8.008363428416627E-005
         135  8.720527618386552E-005
         136  2.241599553281858E-004
         137  1.197594448565295E-004
         138  8.232021647279425E-005
         139  1.447397737699304E-005
         140  3.357039586609983E-005
         141  2.444870479552568E-005
         142  9.734586150645030E-006
         143  1.756167899145045E-006
         144  8.010707409606755E-006
         145  4.187255159050219E-006
         146  1.687275077071824E-005
         147  1.579025405739645E-005
         148  2.177604958990685E-005
         149  1.415696451023176E-005
         150  4.123227698510428E-005
         151  1.530628415912433E-005
         152  1.579106669497376E-005
         153  6.157298298017456E-006
         154  2.948094627101779E-005
         155  2.015460816810530E-005
         156  8.044803002853799E-005
         157  3.479840549946005E-005
         158  3.965076465925490E-005
         159  1.536878373974417E-005
         160  3.361197209973199E-005
         161  2.293087894124824E-005
         162  8.769001132136169E-005
         163  3.384969355879599E-005
         164  5.143848220689563E-005
         165  2.453782305481537E-005
         166  6.450344552799972E-005
         167  5.960963983813218E-005
         168  1.124268339555344E-004
         169  3.964944362154611E-005
         170  5.317717669995649E-005
         171  2.206585935458748E-005
         172  3.152537268680647E-005
         173  2.847408803060123E-005
         174  4.081814213533485E-005
         175  2.204363421533532E-005
         176  2.043847231453890E-005
         177  1.017905952450447E-005
         178  2.141594112328124E-005
         179  1.219918974805943E-005
         180  2.292840471683384E-005
         181  9.508834100440128E-006
         182  1.750664112791976E-005
         183  8.425028542574782E-006
         184  1.418130842289212E-005
         185  4.291685221560998E-006
         186  1.529846699774417E-005
         187  4.448020594373926E-006
         188  1.436469802676886E-005
         189  1.222432586496992E-005
         190  2.564755257943666E-005
         191  2.871777513969662E-005
         192  1.011840821682633E-004
         193  1.313906135150579E-004
         194  3.257145695102485E-004
         195  2.298932373643426E-004
         196  4.444041941337016E-004
         197  2.347341505483742E-004
         198  1.718929611511412E-004
         199  1.391841121617973E-005
         200  2.439309712052301E-006
         201  8.527768229921288E-008
         202  1.005552449026520E-007
         203  2.488812295163622E-008
         204  9.084057580009817E-008
         205  8.094810674674162E-008
         206  2.232631847359823E-006
         207  1.491364420577498E-006
         208  2.448751985705156E-006
         209  1.545438817642903E-006
         226  6.281292652641605E-014
         227  4.847853535492265E-015
         230  2.960058102548958E-012
         231  7.277608359615846E-012
         232  5.577046984853677E-007
         234  9.637694940130931E-012
         235  1.563857574952621E-007
         236  1.564966252981684E-009
         238  1.753925323507495E-007
         240  3.035525349660881E-013
         244  3.705475058584602E-009
