           1  7.470626950129303E-005
           2  6.470609901488105E-012
           3  1.574717819390911E-008
           4  8.285277599966142E-005
           6  5.674563962362780E-015
           7  3.114017005274736E-012
           8  2.708281752318958E-013
           9  1.912633244112939E-009
          10  2.713051082138141E-014
          14  1.712294966919029E-015
          15  1.879941506371932E-012
          16  1.202356297585963E-009
          17  9.004841133051004E-011
          18  4.456727182164630E-010
          19  1.963138942036586E-010
          20  4.524170631062423E-009
          21  7.495701288771939E-010
          22  1.618181148445803E-009
          23  4.780568831832890E-009
          24  1.111557814990484E-008
          25  1.352077017452514E-008
          26  1.164938740702374E-008
          27  2.578480005764917E-009
          28  1.633250599599090E-009
          29  8.711061430646441E-010
          30  2.794754494462163E-009
          31  4.995133388236858E-010
          32  6.220703682768798E-010
          33  7.795991576901861E-010
          34  4.311252364605554E-009
          35  2.955019263582851E-010
          36  1.177634741982759E-009
          37  7.140801230743394E-010
          38  9.363034160100938E-010
          39  2.924345992052352E-010
          40  6.453069046985363E-010
          41  9.170943630570274E-010
          42  6.261973684236323E-009
          43  5.390460618905399E-010
          44  9.632742508440841E-010
          45  4.277379771367018E-009
          46  7.198782929531293E-009
          47  8.031911382906331E-009
          48  6.077613003195050E-009
          49  4.851128059495131E-010
          50  3.147915942325550E-009
          51  1.621100551003678E-009
          52  6.395266776201811E-009
          53  2.029223666137364E-010
          54  4.737458781952909E-010
          55  3.320191253023364E-010
          56  4.261114325677755E-010
          57  1.151160181096745E-010
          58  2.216619701417832E-010
          59  1.571559508220467E-010
          60  1.775393449009654E-010
          61  1.765507448281964E-010
          62  8.633898645552943E-010
          63  3.569561584445965E-010
          64  3.704370681125844E-010
          65  3.196955421508375E-010
          66  4.561019972554481E-010
          67  5.908741032084172E-010
          68  8.802362343095643E-010
          69  1.644900759911949E-010
          70  4.910492880809799E-010
          71  1.713961697286731E-010
          72  2.140683098958727E-010
          73  2.197824420661391E-010
          74  4.480004806657887E-010
          75  1.031144432190934E-009
          76  2.803821830888066E-009
          77  5.465574241793239E-009
          78  1.012801419779602E-008
          79  7.792915130387899E-009
          80  3.168476199618931E-008
          81  1.139691259984919E-008
          82  1.038781960429687E-008
          83  4.598865754269080E-009
          84  5.230678999587054E-009
          85  3.491195201875431E-009
          86  3.732764597550984E-009
          87  2.320046768168337E-009
          88  5.630970057002313E-009
          89  2.639185891152283E-009
          90  5.019117938902649E-009
          91  3.276691415061567E-009
          92  2.811039612780672E-009
          93  2.360701634541087E-009
          94  5.463065673336657E-009
          95  2.740195912073762E-009
          96  3.276985184225875E-009
          97  1.426491320690080E-009
          98  1.332616004046952E-009
          99  1.496104524979520E-009
         100  1.315947349521081E-009
         101  9.833667535804766E-010
         102  1.681808473111836E-009
         103  1.592749906755287E-009
         104  1.541076402862377E-009
         105  1.642310909767103E-009
         106  2.086859928780261E-009
         107  1.594251016930047E-009
         108  5.271243654558161E-009
         109  2.372244250872403E-009
         110  6.582834039104972E-009
         111  4.624116517867036E-009
         112  6.135538881433057E-009
         113  3.093498808195245E-009
         114  2.458523965277628E-009
         115  1.309490473986756E-009
         116  1.376859445405749E-009
         117  1.255457839690411E-009
         118  1.347429111660426E-009
         119  4.845308925575700E-010
         120  6.789705410295493E-010
         121  5.499250477430679E-010
         122  7.267133846228368E-010
         123  6.335382048381676E-010
         124  1.764806799169084E-008
         125  7.014071933905751E-008
         126  5.808631303751112E-007
         127  3.044546751508086E-006
         128  2.560071806504434E-005
         129  1.272415211082686E-004
         130  3.170382625840865E-004
         131  1.080109223888453E-003
         132  1.016754979385687E-003
         133  3.492783029134376E-005
         134  8.756637141717701E-005
         135  7.400210145080956E-005
         136  2.097380207643743E-004
         137  1.177876130863416E-004
         138  9.469305741871156E-005
         139  1.383718203483069E-005
         140  3.261833588187445E-005
         141  2.598659516465133E-005
         142  1.009590947684272E-005
         143  1.706032990137008E-006
         144  6.498167423275409E-006
         145  2.983256405629359E-006
         146  1.352635800362339E-005
         147  1.739415608066160E-005
         148  2.014055195147514E-005
         149  1.304248381609082E-005
         150  9.225997870513449E-005
         151  3.281551594449878E-005
         152  3.245278482906991E-005
         153  1.162752709919243E-005
         154  2.995792704048193E-005
         155  1.206368385562910E-005
         156  3.696002005715788E-005
         157  1.674020721375002E-005
         158  2.094860007660695E-005
         159  1.259760285176763E-005
         160  5.526524197456522E-005
         161  4.076961987938276E-005
         162  1.530329585433031E-004
         163  7.807151780703154E-005
         164  1.163876331508716E-004
         165  6.869016355567659E-005
         166  1.877120818973806E-004
         167  3.748765033318317E-005
         168  4.553682713771595E-005
         169  2.365699910101991E-005
         170  2.749101680035031E-005
         171  1.824928099428692E-005
         172  5.821883482318830E-005
         173  2.706976577787150E-005
         174  4.520863663824057E-005
         175  2.779196411646991E-005
         176  2.255431593294961E-005
         177  7.111121254226645E-006
         178  6.754199971960147E-006
         179  3.679995063465446E-006
         180  8.518254182868252E-006
         181  4.367660893017016E-006
         182  1.023941384555592E-005
         183  5.543420819404952E-006
         184  1.021166247353451E-005
         185  3.305494979315108E-006
         186  1.309244335082634E-005
         187  3.815201015647554E-006
         188  1.232602565501833E-005
         189  1.076506128676411E-005
         190  2.254931519490959E-005
         191  2.710868275555328E-005
         192  9.620906841441144E-005
         193  1.253148872555967E-004
         194  3.088244455771091E-004
         195  2.188241442592423E-004
         196  4.266452356876786E-004
         197  2.247821505983022E-004
         198  1.639302957231573E-004
         199  1.299049326990144E-005
         200  2.376432800942919E-006
         201  8.928789644104528E-008
         202  1.152713764066564E-007
         203  3.024051138326796E-008
         204  8.574519455283761E-008
         205  7.080136980129811E-008
         206  2.353453609396478E-006
         207  1.549530938827211E-006
         208  2.591555681797091E-006
         209  1.663941343548264E-006
         226  6.905030159828668E-014
         227  5.238560480868509E-015
         230  3.253994297551158E-012
         231  7.864138482898828E-012
         232  5.939525232674116E-007
         234  1.059472594464217E-011
         235  1.689894801869625E-007
         236  1.751666563135277E-009
         238  1.928091545267080E-007
         240  3.401097961285184E-013
         244  4.151730661301552E-009
