           1  7.500448540339217E-005
           2  6.470609901488105E-012
           3  1.574717819390911E-008
           4  8.281811406028972E-005
           6  5.674563962362780E-015
           7  3.114017005274736E-012
           8  2.708281752318958E-013
           9  1.912633244112939E-009
          10  2.713051082138141E-014
          14  1.702014468418753E-015
          15  1.747467754280043E-012
          16  1.227714587678086E-009
          17  9.128610769045662E-011
          18  4.511701000123186E-010
          19  2.052824804091969E-010
          20  4.568768615803834E-009
          21  7.487743027602689E-010
          22  1.680791688183883E-009
          23  4.814686655521542E-009
          24  1.119668033461942E-008
          25  1.363810219900724E-008
          26  1.185422387856644E-008
          27  2.538965596185171E-009
          28  1.563802367574295E-009
          29  8.525131413404078E-010
          30  2.698695605872260E-009
          31  4.685046971111043E-010
          32  6.069344676911796E-010
          33  7.943254166505495E-010
          34  4.464522140244832E-009
          35  2.879321175946224E-010
          36  1.127076996356843E-009
          37  7.127113802270491E-010
          38  9.419851520145511E-010
          39  2.664246182024473E-010
          40  6.132894773176010E-010
          41  9.127854389306596E-010
          42  6.216036502483618E-009
          43  5.268043795253895E-010
          44  9.808963003374697E-010
          45  4.309474475553659E-009
          46  7.332906534198669E-009
          47  8.147019135144330E-009
          48  6.077330607990424E-009
          49  4.830662188982630E-010
          50  3.090698226024168E-009
          51  1.576052143349296E-009
          52  6.133210730214665E-009
          53  2.108450731528940E-010
          54  5.204911098747998E-010
          55  3.388340671827180E-010
          56  3.932984370621510E-010
          57  1.036967206503538E-010
          58  2.138529105993661E-010
          59  1.495400942923076E-010
          60  1.685861696176253E-010
          61  1.693249789466478E-010
          62  8.200568897896655E-010
          63  3.410267715240991E-010
          64  3.678987916506192E-010
          65  3.193192426426407E-010
          66  4.497915627405718E-010
          67  5.887343993075512E-010
          68  8.681846180508260E-010
          69  1.633607912361767E-010
          70  4.965948836967196E-010
          71  1.719494926439033E-010
          72  2.138734172422749E-010
          73  2.219418001495478E-010
          74  4.430222821962279E-010
          75  1.036320771386181E-009
          76  2.791253663042330E-009
          77  5.470407731906540E-009
          78  1.035363838225195E-008
          79  7.995664410463629E-009
          80  3.213393786952403E-008
          81  1.174931913940178E-008
          82  1.009165645374065E-008
          83  4.340719558274503E-009
          84  5.186666355271736E-009
          85  3.482929969180369E-009
          86  3.736294210366625E-009
          87  2.394510043910675E-009
          88  5.707318677409005E-009
          89  2.672695110988172E-009
          90  5.214836905540345E-009
          91  3.452820761351524E-009
          92  2.805240079680263E-009
          93  2.298956317335231E-009
          94  5.287907477740254E-009
          95  2.657102501611105E-009
          96  3.261833198698430E-009
          97  1.417183735937903E-009
          98  1.333856146592482E-009
          99  1.494067170136572E-009
         100  1.295637680826114E-009
         101  9.746077008960052E-010
         102  1.686979538047378E-009
         103  1.612836950003216E-009
         104  1.567544167611843E-009
         105  1.686058039767599E-009
         106  2.126833335027167E-009
         107  1.622695748598415E-009
         108  5.425104275420445E-009
         109  2.452807445380318E-009
         110  6.798384555902769E-009
         111  4.749256510325692E-009
         112  6.256110333133258E-009
         113  3.129992208477799E-009
         114  2.460525324262841E-009
         115  1.302633730496689E-009
         116  1.352262524798990E-009
         117  1.200826307921997E-009
         118  1.287646872330444E-009
         119  4.861176984975221E-010
         120  6.902027249379769E-010
         121  5.568586832094399E-010
         122  7.339946699632471E-010
         123  6.530515411175722E-010
         124  1.908481762480234E-008
         125  7.872069601816752E-008
         126  6.451132132002913E-007
         127  3.352789121367351E-006
         128  2.790566628489898E-005
         129  1.362783740636543E-004
         130  3.314390127144877E-004
         131  1.082746621260433E-003
         132  1.003537368427124E-003
         133  3.178817314595407E-005
         134  7.863723748668348E-005
         135  7.595167409320423E-005
         136  1.971228880679899E-004
         137  1.083518163608545E-004
         138  9.244274140485754E-005
         139  1.443053092528455E-005
         140  3.299299206495515E-005
         141  2.440180599670289E-005
         142  9.997492149552923E-006
         143  1.976606746615414E-006
         144  1.061758069130650E-005
         145  6.238494624516641E-006
         146  2.429964749300429E-005
         147  1.627316612188603E-005
         148  2.010791394602778E-005
         149  1.311443786303183E-005
         150  4.072888198149071E-005
         151  1.730353077884147E-005
         152  2.186309210273816E-005
         153  9.080528512264014E-006
         154  2.820033638439785E-005
         155  1.636667696958048E-005
         156  3.745515632679948E-005
         157  2.338480885227274E-005
         158  5.262258219734068E-005
         159  2.747202792393833E-005
         160  1.690362741731887E-004
         161  7.405604853160787E-005
         162  9.268802116548629E-005
         163  4.617030988892530E-005
         164  8.370058892630552E-005
         165  7.104330898617561E-005
         166  1.596970036456559E-004
         167  2.843477946770639E-005
         168  2.451669629599630E-005
         169  1.131364862883779E-005
         170  3.045001616513060E-005
         171  3.232007969568719E-005
         172  5.329969184310781E-005
         173  2.967928762164469E-005
         174  8.794551224235803E-005
         175  5.061604758950680E-005
         176  2.978212682516251E-005
         177  8.339820576756722E-006
         178  1.260352095885914E-005
         179  7.703865257409022E-006
         180  1.612996660054847E-005
         181  7.063727861622019E-006
         182  1.404056800995058E-005
         183  7.038225564500824E-006
         184  1.226611150442858E-005
         185  3.778943688885712E-006
         186  1.420754656601876E-005
         187  4.164233337119259E-006
         188  1.371092249335931E-005
         189  1.200947519764522E-005
         190  2.443532765794874E-005
         191  2.815628197713847E-005
         192  9.897101825080245E-005
         193  1.286666829627571E-004
         194  3.120921789844483E-004
         195  2.128517991502416E-004
         196  4.039160594879442E-004
         197  2.091041571696517E-004
         198  1.488022258481975E-004
         199  1.165014789241874E-005
         200  2.243342970537874E-006
         201  9.607910001401085E-008
         202  1.237762177588729E-007
         203  3.047558455540645E-008
         204  9.340729086763854E-008
         205  7.877720755400804E-008
         206  2.357302059972121E-006
         207  1.545170061956703E-006
         208  2.579901415817403E-006
         209  1.638806162971963E-006
         226  6.825532007215014E-014
         227  5.191190769694741E-015
         230  3.216530806547796E-012
         231  7.793026968595253E-012
         232  5.884316041312058E-007
         234  1.047274803570456E-011
         235  1.674613919083034E-007
         236  1.788387597798041E-009
         238  1.905893276415123E-007
         240  3.478030341436195E-013
         244  4.245642252545211E-009
