           1  7.431019358125978E-005
           2  6.470609901488105E-012
           3  1.574717819390911E-008
           4  8.400331369218414E-005
           6  5.674563962362780E-015
           7  3.114017005274736E-012
           8  2.708281752318958E-013
           9  1.912633244112939E-009
          10  2.713051082138141E-014
          14  2.303489138481586E-015
          15  2.118196831303905E-012
          16  1.246901864394561E-009
          17  9.242165449103516E-011
          18  4.691907796082609E-010
          19  2.272148413742228E-010
          20  4.650622546256589E-009
          21  7.491580829602051E-010
          22  1.613278968545226E-009
          23  4.897511015783941E-009
          24  1.132851802954421E-008
          25  1.391284814993866E-008
          26  1.227360693442083E-008
          27  2.549463441246780E-009
          28  1.565323172970301E-009
          29  9.094895604689536E-010
          30  2.774635612196651E-009
          31  4.756062331642614E-010
          32  6.604715131372557E-010
          33  7.863600975072464E-010
          34  4.253830483529368E-009
          35  2.983971741498516E-010
          36  1.234422497176862E-009
          37  7.713016381331435E-010
          38  1.026024012008630E-009
          39  2.926909164415470E-010
          40  6.374364301515812E-010
          41  9.247843248462685E-010
          42  5.903234332499187E-009
          43  5.048205467870235E-010
          44  1.010329731502656E-009
          45  4.463776172003094E-009
          46  7.473699607535121E-009
          47  8.166859166843864E-009
          48  6.058108522444228E-009
          49  4.993574085494433E-010
          50  3.128162159767109E-009
          51  1.588403281245554E-009
          52  6.366074863078587E-009
          53  2.096465699818487E-010
          54  4.918486091705693E-010
          55  3.081746662650921E-010
          56  3.853441130326160E-010
          57  1.019344949012088E-010
          58  2.096684116495992E-010
          59  1.442646497240072E-010
          60  1.706299452858376E-010
          61  1.779162004610910E-010
          62  8.319380577705615E-010
          63  3.411928960416034E-010
          64  3.660265368993051E-010
          65  3.099263550610899E-010
          66  4.397617735094125E-010
          67  5.786643257486180E-010
          68  8.150945729112635E-010
          69  1.509333855233321E-010
          70  4.513081973006373E-010
          71  1.565491827518952E-010
          72  1.991042871411075E-010
          73  2.219967739294735E-010
          74  4.406993470909717E-010
          75  1.025714996313479E-009
          76  2.746128140671187E-009
          77  5.557434400113414E-009
          78  1.041504167344542E-008
          79  8.112822604543069E-009
          80  3.173402438292531E-008
          81  1.269873426362369E-008
          82  1.119591592427161E-008
          83  4.863599209078021E-009
          84  5.429224557811323E-009
          85  3.593160665194245E-009
          86  3.875812175848980E-009
          87  2.537807443906386E-009
          88  6.011980421618123E-009
          89  2.691611984534826E-009
          90  5.184491006043130E-009
          91  3.585295995489092E-009
          92  3.061047824197167E-009
          93  2.503715709155453E-009
          94  5.490131866913126E-009
          95  2.914814291119702E-009
          96  3.711359055452479E-009
          97  1.621919839828372E-009
          98  1.472998275301957E-009
          99  1.621243218795278E-009
         100  1.421764747235707E-009
         101  1.039301468754777E-009
         102  1.798012529670316E-009
         103  1.687989745432798E-009
         104  1.649413425108542E-009
         105  1.760133001140800E-009
         106  2.243869846031091E-009
         107  1.735942421599745E-009
         108  5.978057118804015E-009
         109  2.656226420035758E-009
         110  7.184771859979623E-009
         111  5.162022229130798E-009
         112  6.814035796730117E-009
         113  3.434475157982704E-009
         114  2.697143308922517E-009
         115  1.404629905690197E-009
         116  1.460036526938552E-009
         117  1.379714027070290E-009
         118  1.499493055580674E-009
         119  5.217899560641476E-010
         120  7.426626845844695E-010
         121  6.119866461871497E-010
         122  7.944901771229318E-010
         123  7.197653821447335E-010
         124  2.020867416951782E-008
         125  8.844902786988937E-008
         126  7.119363538338044E-007
         127  3.597981575642471E-006
         128  2.909459317970230E-005
         129  1.416919628146313E-004
         130  3.401296371905395E-004
         131  1.110499928009926E-003
         132  1.046668157766936E-003
         133  3.374456324081164E-005
         134  8.357146178923743E-005
         135  8.393491001961914E-005
         136  2.220073259214964E-004
         137  1.193949720418401E-004
         138  8.275058350339273E-005
         139  1.446721211544005E-005
         140  3.272642731884873E-005
         141  2.453212836892664E-005
         142  9.426415848006411E-006
         143  1.719258310755811E-006
         144  8.293818828980399E-006
         145  4.267255282351957E-006
         146  1.654369015606833E-005
         147  1.437251565054391E-005
         148  1.902084404595262E-005
         149  1.250088777490658E-005
         150  3.964492009238651E-005
         151  2.545690734634720E-005
         152  4.909173262609369E-005
         153  1.962867253073442E-005
         154  6.202208604333410E-005
         155  2.815017171105337E-005
         156  2.636732441208903E-005
         157  1.126212430507339E-005
         158  1.916973559587588E-005
         159  1.281781779315815E-005
         160  4.072233743998515E-005
         161  2.578908001579367E-005
         162  1.002012642743908E-004
         163  3.902738282495548E-005
         164  6.224918493335181E-005
         165  4.450739526021678E-005
         166  6.213249233366450E-005
         167  2.341332898264970E-005
         168  1.033299510754781E-004
         169  3.286730261011518E-005
         170  3.097637266430541E-005
         171  1.773443318803666E-005
         172  4.453327979679653E-005
         173  3.318798214696629E-005
         174  8.777039907541546E-005
         175  4.643996240239033E-005
         176  3.177282641522901E-005
         177  1.012958219012900E-005
         178  1.795554297386493E-005
         179  6.189021070838774E-006
         180  1.080040389498391E-005
         181  5.721103734097198E-006
         182  1.355974663154778E-005
         183  7.164979157331545E-006
         184  1.330301779072725E-005
         185  4.264969285590172E-006
         186  1.624965714367889E-005
         187  4.772062134706634E-006
         188  1.592612610951436E-005
         189  1.367837843001771E-005
         190  2.843567357060254E-005
         191  3.028710010410774E-005
         192  1.071172588626379E-004
         193  1.391544619888722E-004
         194  3.406081098617129E-004
         195  2.300883352533276E-004
         196  4.255434349315000E-004
         197  2.195633141277927E-004
         198  1.562144355061763E-004
         199  1.264936570109545E-005
         200  2.261567814297207E-006
         201  8.841167314344203E-008
         202  1.063067552773598E-007
         203  2.545066882021083E-008
         204  9.162615595731057E-008
         205  8.106553088551983E-008
         206  2.435099252737683E-006
         207  1.580395427177462E-006
         208  2.631796013177839E-006
         209  1.683065429708367E-006
         226  7.054748572557733E-014
         227  5.464111104671272E-015
         230  3.324549074283788E-012
         231  8.202735574020909E-012
         232  6.324553326918377E-007
         234  1.082444623767716E-011
         235  1.762654642691306E-007
         236  1.811482641314756E-009
         238  1.969897417083998E-007
         240  3.517235106209565E-013
         244  4.293499628554814E-009
