           1  7.463416378783849E-005
           2  6.470609901488105E-012
           3  1.574717819390911E-008
           4  8.193906153158708E-005
           6  5.674563962362780E-015
           7  3.114017005274736E-012
           8  2.708281752318958E-013
           9  1.912633244112939E-009
          10  2.713051082138141E-014
          14  1.840872613809882E-015
          15  1.905854594594599E-012
          16  1.231570993116744E-009
          17  9.174702968550527E-011
          18  4.354638556018040E-010
          19  1.813744379662059E-010
          20  4.558948974082462E-009
          21  7.701050916919831E-010
          22  1.674335829551038E-009
          23  4.797018622711156E-009
          24  1.117182729823417E-008
          25  1.344866384959027E-008
          26  1.172247953226133E-008
          27  2.696012109746688E-009
          28  1.670562643614261E-009
          29  8.200544510461906E-010
          30  2.775337694180923E-009
          31  5.072103811388425E-010
          32  5.765757052304367E-010
          33  7.659239758351985E-010
          34  4.351387480680070E-009
          35  2.931101207858824E-010
          36  1.134629937596922E-009
          37  7.425119828136046E-010
          38  9.823150324095349E-010
          39  3.082540499315475E-010
          40  6.342111206903299E-010
          41  8.764046795473821E-010
          42  6.402610978880264E-009
          43  5.566675225201565E-010
          44  9.283113463232315E-010
          45  4.132277217107788E-009
          46  7.118773264941084E-009
          47  8.020444261919269E-009
          48  6.096949916286452E-009
          49  5.067145643198988E-010
          50  3.174774080844234E-009
          51  1.614498242208464E-009
          52  6.401117527548695E-009
          53  2.074546858260116E-010
          54  4.922978098569042E-010
          55  3.636827323445950E-010
          56  4.450611514228753E-010
          57  1.204174341037461E-010
          58  2.196352862043456E-010
          59  1.574633809282414E-010
          60  1.736646215615577E-010
          61  1.711695616774484E-010
          62  8.601976201647955E-010
          63  3.541848226654929E-010
          64  3.586240736100000E-010
          65  3.083779979818063E-010
          66  4.428193942971032E-010
          67  5.834342390626807E-010
          68  9.068707078093229E-010
          69  1.698214017712605E-010
          70  5.091954755880207E-010
          71  1.783965536949609E-010
          72  2.185059696848635E-010
          73  2.120018489365290E-010
          74  4.389515709903960E-010
          75  1.008930216079032E-009
          76  2.796571428796326E-009
          77  5.378870852436902E-009
          78  1.007256342966313E-008
          79  7.743776040163718E-009
          80  3.241823263105727E-008
          81  1.127912254784783E-008
          82  1.051597908608981E-008
          83  4.708773635029588E-009
          84  5.104930849753783E-009
          85  3.449023598209246E-009
          86  3.706975324896598E-009
          87  2.318278938386567E-009
          88  5.780652034715346E-009
          89  2.719539665281462E-009
          90  5.119073294556916E-009
          91  3.296678209737031E-009
          92  2.741007172805152E-009
          93  2.332758265388558E-009
          94  5.732446954967392E-009
          95  2.845625356908689E-009
          96  3.215633638223190E-009
          97  1.397922106091017E-009
          98  1.307817757969748E-009
          99  1.481362602415610E-009
         100  1.319594779727721E-009
         101  1.000307841578953E-009
         102  1.730704132791357E-009
         103  1.640097625969602E-009
         104  1.572607723334217E-009
         105  1.652556943098142E-009
         106  2.100092806234150E-009
         107  1.605594314369133E-009
         108  5.229551667066977E-009
         109  2.349834069874130E-009
         110  6.612538381026896E-009
         111  4.669247147658624E-009
         112  6.279913503808663E-009
         113  3.192245623613340E-009
         114  2.566363029071970E-009
         115  1.376109413982109E-009
         116  1.448219536722815E-009
         117  1.275033309291594E-009
         118  1.367484147035381E-009
         119  5.106845871786310E-010
         120  7.117530710655716E-010
         121  5.746370408122967E-010
         122  7.471051492148547E-010
         123  6.439666443122336E-010
         124  1.684727462494352E-008
         125  6.638672678936628E-008
         126  5.509500893780025E-007
         127  2.880209738115971E-006
         128  2.436259660225495E-005
         129  1.236240946500250E-004
         130  3.175678209542135E-004
         131  1.096173129347685E-003
         132  1.021733764751326E-003
         133  3.381193206236973E-005
         134  8.540223177226122E-005
         135  7.756546281197012E-005
         136  2.132989349805356E-004
         137  1.182560201997934E-004
         138  9.003380443606498E-005
         139  1.338385415595962E-005
         140  3.203564542279460E-005
         141  2.535532214463679E-005
         142  9.812728221816035E-006
         143  1.650192253003181E-006
         144  6.454035760484198E-006
         145  3.096606581329513E-006
         146  1.213649407341275E-005
         147  1.101501645620125E-005
         148  2.000493227789169E-005
         149  1.281725844827024E-005
         150  1.801374685106739E-005
         151  8.657518311883556E-006
         152  2.011132795457823E-005
         153  1.053974373229223E-005
         154  7.153827734867220E-005
         155  3.189608254443680E-005
         156  5.701322952607360E-005
         157  2.332597821676992E-005
         158  5.553066428619674E-005
         159  4.066080467907098E-005
         160  4.792859843097401E-005
         161  2.436412711114235E-005
         162  2.147552474343919E-004
         163  7.853415018201684E-005
         164  8.417792528098949E-005
         165  6.518272184235026E-005
         166  9.176124680956071E-005
         167  3.902820203156722E-005
         168  1.179472753849577E-004
         169  4.702008966540397E-005
         170  2.892037877095674E-005
         171  1.175487338666743E-005
         172  3.117046618288516E-005
         173  2.492016029431719E-005
         174  3.274259205721478E-005
         175  1.468081974213034E-005
         176  1.971571623744898E-005
         177  5.833909512218192E-006
         178  8.136927603147761E-006
         179  3.046653464064927E-006
         180  6.463078440217779E-006
         181  4.054158387261715E-006
         182  1.109458177832302E-005
         183  6.294611291541075E-006
         184  1.181800613910192E-005
         185  3.834953243299785E-006
         186  1.522826521822804E-005
         187  4.347138610963619E-006
         188  1.344682288184992E-005
         189  1.141692523544659E-005
         190  2.377863993733371E-005
         191  2.855124313841373E-005
         192  9.877602196946698E-005
         193  1.251845190451319E-004
         194  3.052054926141799E-004
         195  2.185151712807310E-004
         196  4.289150446883507E-004
         197  2.268175430145441E-004
         198  1.669407348842261E-004
         199  1.323218896933730E-005
         200  2.350511068679949E-006
         201  8.144447964795727E-008
         202  1.028448879750952E-007
         203  2.727721092076959E-008
         204  7.993909442700638E-008
         205  6.747730358729488E-008
         206  2.244897223121344E-006
         207  1.497991924915593E-006
         208  2.500465409732688E-006
         209  1.592621665019456E-006
         226  6.758028516431059E-014
         227  5.106040941659536E-015
         230  3.184719797907504E-012
         231  7.665199860001319E-012
         232  5.752349890091125E-007
         234  1.036917412384486E-011
         235  1.647145637996599E-007
         236  1.685834375576598E-009
         238  1.887044276940254E-007
         240  3.271611604753091E-013
         244  3.993666270697708E-009
