           1  7.534849633939441E-005
           2  6.470609901488105E-012
           3  1.574717819390911E-008
           4  8.583901152343798E-005
           6  5.674563962362780E-015
           7  3.114017005274736E-012
           8  2.708281752318958E-013
           9  1.912633244112939E-009
          10  2.713051082138141E-014
          14  1.535936609649504E-015
          15  1.589330911161798E-012
          16  1.164039118515949E-009
          17  8.767843467622784E-011
          18  4.500171202157341E-010
          19  2.062674093522226E-010
          20  4.390552180190496E-009
          21  7.204566690345701E-010
          22  1.684034474061226E-009
          23  4.673323698785182E-009
          24  1.091703096313348E-008
          25  1.332448400905253E-008
          26  1.204359575582404E-008
          27  2.543271560170225E-009
          28  1.561971191595616E-009
          29  8.631124408866721E-010
          30  2.748437225213171E-009
          31  4.607255951033503E-010
          32  6.118545795872590E-010
          33  7.637195351726178E-010
          34  4.344861775653576E-009
          35  2.873122103848276E-010
          36  1.171930447991986E-009
          37  7.207501517149960E-010
          38  9.564394993222910E-010
          39  2.719422023370398E-010
          40  6.160841541842527E-010
          41  9.141114882015298E-010
          42  6.067857976803195E-009
          43  4.924010776535651E-010
          44  9.505490772977288E-010
          45  4.180271582873007E-009
          46  7.231543598525610E-009
          47  8.179018303910952E-009
          48  6.165743206430314E-009
          49  4.809239737844572E-010
          50  3.146076232837251E-009
          51  1.599817410684913E-009
          52  6.286814990692440E-009
          53  2.014952720319473E-010
          54  4.966980498430533E-010
          55  3.282228367148393E-010
          56  3.898488121714393E-010
          57  9.888667797216548E-011
          58  2.198341138345019E-010
          59  1.498399695549730E-010
          60  1.634838576918443E-010
          61  1.663947676364506E-010
          62  7.994174277892261E-010
          63  3.348298690347809E-010
          64  3.795457994956097E-010
          65  3.308141101380132E-010
          66  4.442904421764807E-010
          67  5.909015373604831E-010
          68  8.533156768712816E-010
          69  1.640205601606492E-010
          70  5.040547494420983E-010
          71  1.723357053629631E-010
          72  2.089214054073572E-010
          73  2.215411361547844E-010
          74  4.302056048431998E-010
          75  1.003331414009553E-009
          76  2.770706544853109E-009
          77  5.618243046822220E-009
          78  1.032301523616811E-008
          79  7.793632620818623E-009
          80  3.128990598661089E-008
          81  1.137899974205676E-008
          82  1.013441344592360E-008
          83  4.386904470068764E-009
          84  5.046706313314860E-009
          85  3.418941795949715E-009
          86  3.623725719921007E-009
          87  2.196877545701018E-009
          88  5.458511698303472E-009
          89  2.609406206280136E-009
          90  5.049177839659580E-009
          91  3.154910064775091E-009
          92  2.614355430176036E-009
          93  2.211569227787200E-009
          94  5.231479563312012E-009
          95  2.590656659793904E-009
          96  3.399066628695918E-009
          97  1.444528163688146E-009
          98  1.322718451304961E-009
          99  1.465723409581104E-009
         100  1.238000724929223E-009
         101  9.495965270456731E-010
         102  1.630643680333695E-009
         103  1.533300063652877E-009
         104  1.471832741699832E-009
         105  1.570821432807293E-009
         106  1.937876727259428E-009
         107  1.504099170642547E-009
         108  5.056645771286735E-009
         109  2.332054183729250E-009
         110  6.638404902413179E-009
         111  4.622868958040694E-009
         112  6.028398507622868E-009
         113  2.953743577361937E-009
         114  2.296137022787340E-009
         115  1.222407681544327E-009
         116  1.286545565419156E-009
         117  1.214532419902948E-009
         118  1.330325222641912E-009
         119  4.836268320459731E-010
         120  7.020604941020902E-010
         121  5.654005408100794E-010
         122  7.615107209872192E-010
         123  6.480050869952263E-010
         124  2.010193159301993E-008
         125  7.522709061678280E-008
         126  6.093011607955628E-007
         127  3.217059114438374E-006
         128  2.693892145928848E-005
         129  1.307669970854652E-004
         130  3.204599124866409E-004
         131  1.055677685909436E-003
         132  9.882361470380935E-004
         133  3.323854143793811E-005
         134  8.356999403474486E-005
         135  7.235687517948071E-005
         136  1.946841861875721E-004
         137  1.084998706026859E-004
         138  9.273854652971434E-005
         139  1.368368017579599E-005
         140  3.238785757225996E-005
         141  2.499071232806096E-005
         142  1.007482138988241E-005
         143  2.066492059086170E-006
         144  1.152900139288121E-005
         145  7.053234349794014E-006
         146  2.973394136218614E-005
         147  2.428321808891651E-005
         148  3.702174095784618E-005
         149  2.198363924212130E-005
         150  2.381862545744664E-005
         151  1.392232135482579E-005
         152  3.456222437899334E-005
         153  1.589497283774339E-005
         154  6.540136450732360E-005
         155  3.864276670835142E-005
         156  6.673030787021913E-005
         157  3.718460370385982E-005
         158  9.118559904945653E-005
         159  4.208432862683747E-005
         160  1.717834284820678E-004
         161  6.813808994679405E-005
         162  1.270146398272535E-004
         163  4.527504167709596E-005
         164  5.159950883502079E-005
         165  3.617298690075342E-005
         166  6.094251974219025E-005
         167  2.132100423135992E-005
         168  8.463257075897293E-005
         169  2.361356116856010E-005
         170  4.979707774313043E-005
         171  3.192938931189661E-005
         172  5.137485313548783E-005
         173  2.075357420673243E-005
         174  3.092341463051436E-005
         175  1.653103455273364E-005
         176  2.365733975173587E-005
         177  9.566970488333425E-006
         178  1.066984994280679E-005
         179  5.745426953701154E-006
         180  1.260060564364066E-005
         181  6.138613184272921E-006
         182  1.331905971527060E-005
         183  6.831838671848795E-006
         184  1.194070378493707E-005
         185  3.710499362173453E-006
         186  1.415699782685327E-005
         187  4.180724535645032E-006
         188  1.390460650818817E-005
         189  1.246790238088827E-005
         190  2.498333112615220E-005
         191  2.964847255415406E-005
         192  1.034257517450054E-004
         193  1.319407128018280E-004
         194  3.110531719796343E-004
         195  2.164375868907399E-004
         196  4.192878887127503E-004
         197  2.124427348052294E-004
         198  1.485292723080209E-004
         199  1.131567912928162E-005
         200  2.145455115536279E-006
         201  9.170230319501698E-008
         202  1.234966007031843E-007
         203  3.178708474330598E-008
         204  8.619349504428347E-008
         205  6.989147062386476E-008
         206  2.537957351192240E-006
         207  1.627906084247191E-006
         208  2.749854949680907E-006
         209  1.791991794004343E-006
         210  1.140125283095868E-015
         226  8.074258181135699E-014
         227  6.187612480982290E-015
         230  3.804992805277373E-012
         231  9.288857426895735E-012
         232  6.890749984185266E-007
         234  1.238872976009424E-011
         235  1.996047235835674E-007
         236  2.118485443019375E-009
         238  2.254575081209727E-007
         240  4.120292360837158E-013
         244  5.029653459775723E-009
