           1  7.480128606252448E-005
           2  6.470609901488105E-012
           3  1.574717819390911E-008
           4  8.135671949589237E-005
           6  5.674563962362780E-015
           7  3.114017005274736E-012
           8  2.708281752318958E-013
           9  1.912633244112939E-009
          10  2.713051082138141E-014
          14  1.853363684230805E-015
          15  1.847213272662100E-012
          16  1.216197581943870E-009
          17  9.077349632302435E-011
          18  4.563756140768941E-010
          19  2.107118232107322E-010
          20  4.539396507567363E-009
          21  7.496215207122160E-010
          22  1.653859662617268E-009
          23  4.796133280348060E-009
          24  1.115113203084454E-008
          25  1.357444320391316E-008
          26  1.197833006960043E-008
          27  2.622740176068210E-009
          28  1.600846254760949E-009
          29  8.619575370031042E-010
          30  2.736149269789041E-009
          31  4.858140290403216E-010
          32  6.268774938741223E-010
          33  7.594551638007445E-010
          34  4.347590286990532E-009
          35  2.984621949672253E-010
          36  1.194899817492982E-009
          37  7.399173668067312E-010
          38  9.699549918550012E-010
          39  2.816741364887267E-010
          40  6.223876228310006E-010
          41  9.021701731985492E-010
          42  6.090012864543458E-009
          43  5.239885888719845E-010
          44  9.603639701878150E-010
          45  4.256481873215405E-009
          46  7.317675560054550E-009
          47  8.191375638392249E-009
          48  6.157483030368858E-009
          49  4.896168404786697E-010
          50  3.135564840338854E-009
          51  1.602433056078448E-009
          52  6.229291494413068E-009
          53  2.037795080496912E-010
          54  4.829450210606293E-010
          55  3.223643961132151E-010
          56  3.990195419922911E-010
          57  1.071259669791082E-010
          58  2.100111954814309E-010
          59  1.476981214317956E-010
          60  1.686901847111606E-010
          61  1.696331325736856E-010
          62  8.267478326051708E-010
          63  3.438475484432074E-010
          64  3.637160071753804E-010
          65  3.131270992873483E-010
          66  4.473609374262653E-010
          67  5.877075661117990E-010
          68  8.680494797000880E-010
          69  1.616199265698001E-010
          70  4.821702447233771E-010
          71  1.675173227611942E-010
          72  2.093209283923743E-010
          73  2.176498196672436E-010
          74  4.394594394076452E-010
          75  1.011955356445889E-009
          76  2.763188352923798E-009
          77  5.455423526304469E-009
          78  1.032241408385983E-008
          79  7.921328180822889E-009
          80  3.179381581481227E-008
          81  1.196706342934397E-008
          82  1.053636962498124E-008
          83  4.568325316610397E-009
          84  5.265035533821246E-009
          85  3.496115779336715E-009
          86  3.741905414484941E-009
          87  2.361577946322621E-009
          88  5.679539775474281E-009
          89  2.659269731104680E-009
          90  5.107182506834842E-009
          91  3.365215918899153E-009
          92  2.841592500140281E-009
          93  2.361962350073052E-009
          94  5.422553867609352E-009
          95  2.756354416021326E-009
          96  3.361459586533483E-009
          97  1.470321642189017E-009
          98  1.369610812215741E-009
          99  1.523800965339203E-009
         100  1.335269548568598E-009
         101  9.950081958810551E-010
         102  1.694493057571199E-009
         103  1.608585316746937E-009
         104  1.557088885320846E-009
         105  1.652757879174498E-009
         106  2.100925468918179E-009
         107  1.610421690384226E-009
         108  5.382677984896778E-009
         109  2.437853283621765E-009
         110  6.820825635140189E-009
         111  4.804663712586186E-009
         112  6.386789218246252E-009
         113  3.231200329244688E-009
         114  2.571382136355861E-009
         115  1.363325835607184E-009
         116  1.417443291057721E-009
         117  1.241109892038294E-009
         118  1.333907635402135E-009
         119  5.064553198302071E-010
         120  7.161508688642252E-010
         121  5.813198853841948E-010
         122  7.507738486755555E-010
         123  6.644268573680125E-010
         124  1.764460055127348E-008
         125  7.394436187868688E-008
         126  6.080262247621733E-007
         127  3.155388600289415E-006
         128  2.641476852169186E-005
         129  1.313586477063823E-004
         130  3.278618426197536E-004
         131  1.088850116326335E-003
         132  1.019267623957211E-003
         133  3.338947284894977E-005
         134  8.309507099966660E-005
         135  7.643021607460837E-005
         136  2.051784651543900E-004
         137  1.129643191568112E-004
         138  8.950975084565597E-005
         139  1.404818203168794E-005
         140  3.286382405385997E-005
         141  2.523542446460365E-005
         142  9.862814094617902E-006
         143  2.012667052635351E-006
         144  1.176524358162278E-005
         145  7.025523309866836E-006
         146  2.643148686456150E-005
         147  1.495000522106750E-005
         148  1.821519259942864E-005
         149  1.352720564291976E-005
         150  4.435360414739829E-005
         151  2.225144365903807E-005
         152  3.390762624573653E-005
         153  1.395406288020200E-005
         154  8.637759160883655E-005
         155  3.837354079680365E-005
         156  3.234114589326490E-005
         157  1.705870979590437E-005
         158  3.736046883122475E-005
         159  1.820188776860235E-005
         160  3.459764576157399E-005
         161  1.967222294969460E-005
         162  1.466203559681720E-004
         163  6.200192772510849E-005
         164  8.576829278948306E-005
         165  7.724815370750644E-005
         166  1.018870904214375E-004
         167  3.771417468461860E-005
         168  9.083284913966720E-005
         169  3.064363062817847E-005
         170  4.059145742012199E-005
         171  2.530003412162014E-005
         172  3.703979469116539E-005
         173  2.855077325246300E-005
         174  5.428111223010408E-005
         175  1.931395125533897E-005
         176  1.838942772615803E-005
         177  8.629720327947489E-006
         178  2.921025479772325E-005
         179  8.515681252237828E-006
         180  1.204261332368341E-005
         181  6.061260850883633E-006
         182  1.370668648566854E-005
         183  7.146246194834851E-006
         184  1.279110888582379E-005
         185  4.013719932136649E-006
         186  1.527552275661682E-005
         187  4.413282315583409E-006
         188  1.409690762087117E-005
         189  1.211832993794134E-005
         190  2.497313050071308E-005
         191  2.877430368690384E-005
         192  1.005317638287916E-004
         193  1.296828591241019E-004
         194  3.160128285183869E-004
         195  2.194112170971964E-004
         196  4.201327281789337E-004
         197  2.194954441617007E-004
         198  1.579421975285724E-004
         199  1.246662012439934E-005
         200  2.277922483860168E-006
         201  8.824768022704180E-008
         202  1.107846854651917E-007
         203  2.766901945756021E-008
         204  8.583532735220406E-008
         205  7.289966900713156E-008
         206  2.219503476089760E-006
         207  1.453727695397820E-006
         208  2.426234392025975E-006
         209  1.552142559339048E-006
         226  6.382437549839629E-014
         227  4.877141089151662E-015
         230  3.007722618284676E-012
         231  7.321574899401724E-012
         232  5.568129674370948E-007
         234  9.792886509422881E-012
         235  1.573305377429893E-007
         236  1.626711076973628E-009
         238  1.782168012767412E-007
         240  3.159706460596001E-013
         244  3.857063319696907E-009
