           1  7.480118496056000E-005
           2  6.470609901488105E-012
           3  1.574717819390911E-008
           4  8.114662590779114E-005
           6  5.674563962362780E-015
           7  3.114017005274736E-012
           8  2.708281752318958E-013
           9  1.912633244112939E-009
          10  2.713051082138141E-014
          14  1.824028247859724E-015
          15  1.834871437438266E-012
          16  1.198560102300880E-009
          17  8.981407937276657E-011
          18  4.493995508851189E-010
          19  2.016058836354771E-010
          20  4.521239210311836E-009
          21  7.518545858797427E-010
          22  1.583893375956481E-009
          23  4.791083581857105E-009
          24  1.112738873430588E-008
          25  1.350628310627639E-008
          26  1.208432233230793E-008
          27  2.681805149362105E-009
          28  1.588474041028636E-009
          29  8.072622557711671E-010
          30  2.624900726076913E-009
          31  4.681753741783509E-010
          32  6.064018710405516E-010
          33  7.530841232639178E-010
          34  4.366269834920627E-009
          35  2.965029073522953E-010
          36  1.177917257757627E-009
          37  8.186195966730635E-010
          38  1.092813649205891E-009
          39  3.017355317457460E-010
          40  5.991139592313336E-010
          41  8.439216459319789E-010
          42  5.971141838122102E-009
          43  5.091874000048911E-010
          44  9.392606366669945E-010
          45  4.232987531772886E-009
          46  7.350075099377717E-009
          47  8.190650468127234E-009
          48  6.115822986335804E-009
          49  5.295360949105086E-010
          50  3.150079887965116E-009
          51  1.564032203885532E-009
          52  6.222402935730787E-009
          53  2.188159324605512E-010
          54  5.448389674591988E-010
          55  3.589725327125641E-010
          56  4.074781520465466E-010
          57  1.075072861120857E-010
          58  2.023548062649940E-010
          59  1.428154566943335E-010
          60  1.644615944318732E-010
          61  1.692570199340526E-010
          62  8.287380320568768E-010
          63  3.406440448706541E-010
          64  3.540041784185941E-010
          65  3.046646962962661E-010
          66  4.353285619828647E-010
          67  5.854237133430609E-010
          68  8.800890565110193E-010
          69  1.642555924201596E-010
          70  4.884302665366210E-010
          71  1.693394511909158E-010
          72  2.075885073630360E-010
          73  2.119210753296523E-010
          74  4.363008549937385E-010
          75  1.016460420305280E-009
          76  2.788657213281640E-009
          77  5.465861724040545E-009
          78  1.018375709842728E-008
          79  7.801390671586657E-009
          80  3.160181013224200E-008
          81  1.214557020652007E-008
          82  1.056486929172354E-008
          83  4.509742599688315E-009
          84  4.995363324287440E-009
          85  3.352745528662341E-009
          86  3.607368655732225E-009
          87  2.351874222333014E-009
          88  5.792221153241134E-009
          89  2.708445293946229E-009
          90  5.133871026209203E-009
          91  3.293756601622617E-009
          92  2.736582641583310E-009
          93  2.323865216517240E-009
          94  5.612954193441430E-009
          95  2.813522080351075E-009
          96  3.328770074486521E-009
          97  1.441430255465551E-009
          98  1.332638096809384E-009
          99  1.499204831279328E-009
         100  1.322050369937291E-009
         101  9.957543152315497E-010
         102  1.708224096187233E-009
         103  1.601971647195243E-009
         104  1.534256029795454E-009
         105  1.618340597405243E-009
         106  2.063244991103374E-009
         107  1.596159200697769E-009
         108  5.316463923860412E-009
         109  2.393506003399927E-009
         110  6.768111430432858E-009
         111  4.817571051104335E-009
         112  6.427222546965298E-009
         113  3.235683547610726E-009
         114  2.567977556410607E-009
         115  1.371189432073261E-009
         116  1.428961412673795E-009
         117  1.249738049487478E-009
         118  1.346993999922915E-009
         119  5.098497497738488E-010
         120  7.187529985668243E-010
         121  5.854298969546880E-010
         122  7.503425395602425E-010
         123  6.575125041863692E-010
         124  1.698756913647182E-008
         125  7.086382116848231E-008
         126  5.812652454560384E-007
         127  3.036370019995614E-006
         128  2.555156161650481E-005
         129  1.281146622804060E-004
         130  3.230862938715764E-004
         131  1.076928020023455E-003
         132  1.023778272672491E-003
         133  3.337400377758719E-005
         134  8.434839918222353E-005
         135  8.250124780490064E-005
         136  2.083523944597149E-004
         137  1.127533657277485E-004
         138  8.783170831152181E-005
         139  1.418839874786789E-005
         140  3.392357844686280E-005
         141  2.582285403067036E-005
         142  1.010131869830842E-005
         143  1.960473790477437E-006
         144  1.020791888678462E-005
         145  6.233760759412168E-006
         146  2.658338789745965E-005
         147  2.349785417196785E-005
         148  3.734744028466226E-005
         149  2.388937600861341E-005
         150  3.479337663925948E-005
         151  1.861402981089308E-005
         152  5.523030907511723E-005
         153  2.730033040993085E-005
         154  3.930759970113059E-005
         155  1.619264878103355E-005
         156  1.652649751417962E-005
         157  8.934994562342938E-006
         158  4.232891562037914E-005
         159  3.213441692032284E-005
         160  4.959246813759622E-005
         161  2.867601959301037E-005
         162  1.121798021060288E-004
         163  5.425975194852901E-005
         164  7.575713504880038E-005
         165  2.962282356058452E-005
         166  5.134856443430020E-005
         167  2.673909864150449E-005
         168  1.675845559802877E-004
         169  8.278776101954276E-005
         170  6.798792009599778E-005
         171  3.172938495128171E-005
         172  8.963739106645825E-005
         173  3.962799967066759E-005
         174  2.902751590133303E-005
         175  1.385442865394296E-005
         176  1.520782149284981E-005
         177  8.634757882892565E-006
         178  1.902346959150820E-005
         179  1.108436009635759E-005
         180  2.111368131552074E-005
         181  8.544050003756683E-006
         182  1.530289935229447E-005
         183  7.221461301946455E-006
         184  1.206272506872318E-005
         185  3.727032470157774E-006
         186  1.391734893870212E-005
         187  3.959850464771841E-006
         188  1.256438092127450E-005
         189  1.094374393933701E-005
         190  2.298592003787918E-005
         191  2.756061714366115E-005
         192  9.733942544939883E-005
         193  1.249456391793030E-004
         194  3.050107166690551E-004
         195  2.153398626918876E-004
         196  4.172254226632118E-004
         197  2.177187637218448E-004
         198  1.568190636007702E-004
         199  1.237611406126835E-005
         200  2.225211813676191E-006
         201  8.444993793018554E-008
         202  1.058879536319009E-007
         203  2.660965351544234E-008
         204  7.626879378703237E-008
         205  6.396987599489875E-008
         206  2.155490390466749E-006
         207  1.400069235331710E-006
         208  2.359216095574352E-006
         209  1.525483313431664E-006
         226  6.387622224429246E-014
         227  4.893247383361842E-015
         230  3.010165895310086E-012
         231  7.345753703593779E-012
         232  5.564311923457475E-007
         234  9.800841609562590E-012
         235  1.578501068681825E-007
         236  1.609107404256797E-009
         238  1.783615729433353E-007
         240  3.124340537017933E-013
         244  3.813892028850340E-009
