           1  7.431265891888808E-005
           2  6.470609901488105E-012
           3  1.574717819390911E-008
           4  8.194760630607618E-005
           6  5.674563962362780E-015
           7  3.114017005274736E-012
           8  2.708281752318958E-013
           9  1.912633244112939E-009
          10  2.713051082138141E-014
          14  2.115711352423997E-015
          15  2.106525223725101E-012
          16  1.235870203717451E-009
          17  9.199449387178487E-011
          18  4.547958920015072E-010
          19  2.062305537776407E-010
          20  4.633129372546124E-009
          21  7.667822796859754E-010
          22  1.550436363284038E-009
          23  4.886403514674871E-009
          24  1.130636838261303E-008
          25  1.373531929650126E-008
          26  1.198286502862960E-008
          27  2.670731426842568E-009
          28  1.614774871507871E-009
          29  8.363309703846720E-010
          30  2.669374691206298E-009
          31  4.861851936057902E-010
          32  6.396597854097618E-010
          33  7.751475896234804E-010
          34  4.380319372366999E-009
          35  2.979905834979436E-010
          36  1.170559329564050E-009
          37  8.100239789704462E-010
          38  1.079374713800943E-009
          39  3.079280594621945E-010
          40  6.195850950120191E-010
          41  8.645032760602744E-010
          42  6.020181032589863E-009
          43  5.246213063055673E-010
          44  9.639031116012119E-010
          45  4.348444928139668E-009
          46  7.393239642413473E-009
          47  8.139785425957601E-009
          48  6.056629571311840E-009
          49  5.229294935185119E-010
          50  3.119700241499866E-009
          51  1.566143880961155E-009
          52  6.353380311054630E-009
          53  2.223048105725771E-010
          54  5.378164838539078E-010
          55  3.534108976278101E-010
          56  4.096392638440013E-010
          57  1.108720055367195E-010
          58  2.004027098401945E-010
          59  1.437321951011925E-010
          60  1.709315684333568E-010
          61  1.751182138918578E-010
          62  8.534709011608261E-010
          63  3.489979505866170E-010
          64  3.489112644495425E-010
          65  2.980597327613737E-010
          66  4.391360299917956E-010
          67  5.820249943842954E-010
          68  8.767772790240901E-010
          69  1.610041108526588E-010
          70  4.717091880400276E-010
          71  1.649904134059698E-010
          72  2.069331091039388E-010
          73  2.105580919066370E-010
          74  4.407687593219789E-010
          75  1.026557840709259E-009
          76  2.782235276765265E-009
          77  5.417231683332484E-009
          78  1.020016503379537E-008
          79  7.908718138324255E-009
          80  3.189244625197113E-008
          81  1.237893809870734E-008
          82  1.087223351083292E-008
          83  4.692279560484879E-009
          84  5.202528946068617E-009
          85  3.444114879617536E-009
          86  3.730080247700109E-009
          87  2.510911077851244E-009
          88  6.033931750091637E-009
          89  2.762908606140132E-009
          90  5.239095635867654E-009
          91  3.486234422772413E-009
          92  2.941758250803372E-009
          93  2.456515624037641E-009
          94  5.742247971805677E-009
          95  2.909884375822819E-009
          96  3.378808358019502E-009
          97  1.480174808589059E-009
          98  1.392157120784553E-009
          99  1.572313904201546E-009
         100  1.403380121842448E-009
         101  1.041030537742788E-009
         102  1.770367988305140E-009
         103  1.669519821172807E-009
         104  1.607398610105561E-009
         105  1.705073544447360E-009
         106  2.205017244110545E-009
         107  1.690839936877534E-009
         108  5.653652564170683E-009
         109  2.523023326417041E-009
         110  7.014692567050226E-009
         111  4.973850057265246E-009
         112  6.663483874802651E-009
         113  3.392843690112579E-009
         114  2.714508438454262E-009
         115  1.437654972813504E-009
         116  1.505493607165718E-009
         117  1.341457276485594E-009
         118  1.426271300520859E-009
         119  5.219469791034112E-010
         120  7.259470213426412E-010
         121  5.885327494702580E-010
         122  7.576736694385394E-010
         123  6.724872369679280E-010
         124  1.720684615274790E-008
         125  7.338861160602340E-008
         126  6.068172275877359E-007
         127  3.111964455831339E-006
         128  2.591835065049865E-005
         129  1.305939554475248E-004
         130  3.285141110551913E-004
         131  1.098206414688073E-003
         132  1.051110488761653E-003
         133  3.399168849704671E-005
         134  8.549703598130237E-005
         135  8.646731660155305E-005
         136  2.213819659545750E-004
         137  1.193040415868292E-004
         138  8.768288722591634E-005
         139  1.439712788209534E-005
         140  3.371713461565450E-005
         141  2.561923115158161E-005
         142  9.956412303978771E-006
         143  1.650377869207732E-006
         144  6.087802557824454E-006
         145  2.753361801562618E-006
         146  1.229190399477622E-005
         147  1.590590304268845E-005
         148  2.629936049281692E-005
         149  1.544782047546782E-005
         150  1.902055107266428E-005
         151  1.022720153867646E-005
         152  1.925356046600331E-005
         153  7.231815355697735E-006
         154  2.550637722837028E-005
         155  1.366620693502828E-005
         156  4.474024104813937E-005
         157  1.861698348829150E-005
         158  4.378883205706342E-005
         159  3.539201556675219E-005
         160  5.958061880346430E-005
         161  2.918398533900878E-005
         162  1.411429233356720E-004
         163  5.286444398130150E-005
         164  1.022723241697578E-004
         165  6.092769155873779E-005
         166  7.824088634390440E-005
         167  2.615878354238343E-005
         168  1.028578139582376E-004
         169  4.543210974511733E-005
         170  5.079520007647493E-005
         171  3.138390344155781E-005
         172  6.040915302707196E-005
         173  3.236110698335112E-005
         174  3.527103125634591E-005
         175  1.580070665984099E-005
         176  2.302697554998642E-005
         177  1.235744816565614E-005
         178  2.228250209713262E-005
         179  6.355520798636797E-006
         180  8.946776089359794E-006
         181  4.607485565270968E-006
         182  1.071254905899135E-005
         183  5.743655225950291E-006
         184  1.062463597188117E-005
         185  3.437779865196497E-006
         186  1.348788335722639E-005
         187  3.887076023255825E-006
         188  1.242728931305835E-005
         189  1.077683162572661E-005
         190  2.287474702171235E-005
         191  2.715743638092103E-005
         192  9.706513471388610E-005
         193  1.274413013692724E-004
         194  3.181982010172835E-004
         195  2.233239184276666E-004
         196  4.309179885267709E-004
         197  2.290106687189977E-004
         198  1.688959875082802E-004
         199  1.356715309991646E-005
         200  2.426282301793175E-006
         201  8.875262784362840E-008
         202  1.068368577715255E-007
         203  2.616727784332434E-008
         204  8.279322790413130E-008
         205  7.159479775625819E-008
         206  2.262670959704865E-006
         207  1.481874600268653E-006
         208  2.493694259854645E-006
         209  1.588033640713153E-006
         226  6.439157964451143E-014
         227  4.926814571085819E-015
         230  3.034452104098419E-012
         231  7.396144839423342E-012
         232  5.690244896288534E-007
         234  9.879915419415417E-012
         235  1.589329428162506E-007
         236  1.594853873680130E-009
         238  1.798006053923662E-007
         240  3.093676993067463E-013
         244  3.776460947166580E-009
