           1  7.445687683481154E-005
           2  6.470609901488105E-012
           3  1.574717819390911E-008
           4  8.087138989426658E-005
           6  5.674563962362780E-015
           7  3.114017005274736E-012
           8  2.708281752318958E-013
           9  1.912633244112939E-009
          10  2.713051082138141E-014
          14  2.024446477482383E-015
          15  2.007115452355763E-012
          16  1.237676178272863E-009
          17  9.195748504787802E-011
          18  4.371574277148652E-010
          19  1.842957662027725E-010
          20  4.631441738499891E-009
          21  7.599786976809766E-010
          22  1.603975218004651E-009
          23  4.865594324908495E-009
          24  1.127608174129129E-008
          25  1.370347430630971E-008
          26  1.195452727138712E-008
          27  2.557105083283895E-009
          28  1.570449054980148E-009
          29  8.153381919917119E-010
          30  2.688683669590603E-009
          31  4.588835651684861E-010
          32  5.755009633616196E-010
          33  8.214481282880967E-010
          34  4.287335118452788E-009
          35  2.859004577111754E-010
          36  1.155356077009622E-009
          37  8.133367655900800E-010
          38  1.106512194308214E-009
          39  3.193540958767758E-010
          40  6.199718418786202E-010
          41  8.634774907781735E-010
          42  6.236504819301791E-009
          43  5.190349023016049E-010
          44  9.810928079645646E-010
          45  4.368920709782826E-009
          46  7.298651555583817E-009
          47  7.949435311343765E-009
          48  5.899172890062886E-009
          49  5.412402419327200E-010
          50  3.171708336674047E-009
          51  1.559080544436524E-009
          52  6.294615897444668E-009
          53  2.190561088293782E-010
          54  5.522689343090895E-010
          55  3.764476637559092E-010
          56  4.325275658981468E-010
          57  1.117849506541251E-010
          58  2.259286066264904E-010
          59  1.557968906546421E-010
          60  1.733115560215854E-010
          61  1.811828830174592E-010
          62  8.658261121764906E-010
          63  3.516382787163165E-010
          64  3.690768333320744E-010
          65  3.140358215364660E-010
          66  4.343239519417531E-010
          67  5.797465053703646E-010
          68  8.588492042318573E-010
          69  1.630454338194678E-010
          70  4.987152758443500E-010
          71  1.714800557963736E-010
          72  2.085127271266107E-010
          73  2.177886710280862E-010
          74  4.443889771137796E-010
          75  1.060882955418643E-009
          76  2.839623021465301E-009
          77  5.541257416791624E-009
          78  1.000055271806692E-008
          79  7.848464169629234E-009
          80  3.242356262638586E-008
          81  1.183163194775016E-008
          82  1.061358753596435E-008
          83  4.643611872903318E-009
          84  4.985120483773478E-009
          85  3.428207070183190E-009
          86  3.709305709962168E-009
          87  2.427412495192064E-009
          88  6.052665815292259E-009
          89  2.723536205846009E-009
          90  5.160803631669706E-009
          91  3.420611325881199E-009
          92  2.802066563756278E-009
          93  2.372157889288721E-009
          94  5.820251740549264E-009
          95  2.912378751951345E-009
          96  3.435688183631717E-009
          97  1.472642991060117E-009
          98  1.345287959650022E-009
          99  1.498796412548561E-009
         100  1.305705024477773E-009
         101  9.937330615809512E-010
         102  1.777504690712646E-009
         103  1.685304139196823E-009
         104  1.624787997905225E-009
         105  1.723296313978585E-009
         106  2.190627530924926E-009
         107  1.702697653452650E-009
         108  5.679579516199139E-009
         109  2.528611343424630E-009
         110  6.923265776437236E-009
         111  4.902815567663343E-009
         112  6.427070789224442E-009
         113  3.204085164609197E-009
         114  2.506816675954509E-009
         115  1.311716502291402E-009
         116  1.355875821880353E-009
         117  1.203761512153148E-009
         118  1.294825730218207E-009
         119  4.892158895995757E-010
         120  6.998123832809367E-010
         121  5.677259134713889E-010
         122  7.206354189905624E-010
         123  6.617738190984268E-010
         124  1.828782513942233E-008
         125  8.268765064862672E-008
         126  6.653070912642502E-007
         127  3.405507646007416E-006
         128  2.789594657450257E-005
         129  1.352670389353875E-004
         130  3.239110641733082E-004
         131  1.092072532293246E-003
         132  1.025778370304183E-003
         133  3.366413503054131E-005
         134  8.548394612892081E-005
         135  8.478735882983229E-005
         136  2.199868602775323E-004
         137  1.190539551563085E-004
         138  8.608113421061664E-005
         139  1.426177950428649E-005
         140  3.344974909437384E-005
         141  2.562349793948612E-005
         142  9.716539200478825E-006
         143  1.601782480715977E-006
         144  5.998274977297376E-006
         145  2.850421332302083E-006
         146  1.305432484007641E-005
         147  1.657811871127498E-005
         148  2.011547527102386E-005
         149  1.326999233940080E-005
         150  3.744772352273409E-005
         151  1.942838502243357E-005
         152  2.817256666255733E-005
         153  1.176851486529314E-005
         154  5.559181012360967E-005
         155  3.121567223482964E-005
         156  3.738152839063258E-005
         157  1.728038900728958E-005
         158  4.837634906685329E-005
         159  4.293806055992583E-005
         160  6.682283607173480E-005
         161  3.911723548617864E-005
         162  1.254207465688170E-004
         163  4.673532051228593E-005
         164  7.084347391962979E-005
         165  6.758364237425992E-005
         166  8.657453276704030E-005
         167  2.759582466684713E-005
         168  9.128137864920746E-005
         169  3.732542102405903E-005
         170  7.153422390006832E-005
         171  3.286536002160604E-005
         172  2.860970227789834E-005
         173  1.479694167579219E-005
         174  2.744251464877136E-005
         175  1.528082421587774E-005
         176  2.863785473765461E-005
         177  1.487010295489840E-005
         178  1.600772033934393E-005
         179  7.138019027603003E-006
         180  1.371897042256671E-005
         181  6.451593805723466E-006
         182  1.393077048717028E-005
         183  7.279624241147778E-006
         184  1.309354766711252E-005
         185  4.159462447665530E-006
         186  1.602830047815838E-005
         187  4.667584254477949E-006
         188  1.531646689513543E-005
         189  1.341630532498918E-005
         190  2.757151440454759E-005
         191  3.104683235151408E-005
         192  1.080066174365072E-004
         193  1.372974212204188E-004
         194  3.283139392945433E-004
         195  2.236277239199605E-004
         196  4.215774920725724E-004
         197  2.158390449461527E-004
         198  1.524331617600681E-004
         199  1.204847844988064E-005
         200  2.111275623635065E-006
         201  7.675061012228904E-008
         202  9.740517048322915E-008
         203  2.539386027642584E-008
         204  7.524030670830775E-008
         205  6.435083557011419E-008
         206  2.164003905851635E-006
         207  1.434531274921265E-006
         208  2.399303317493463E-006
         209  1.516187391676421E-006
         226  5.962061659247716E-014
         227  4.606430942541242E-015
         230  2.809620550784363E-012
         231  6.915184233598581E-012
         232  5.264668181504513E-007
         234  9.147883192787591E-012
         235  1.485977633245012E-007
         236  1.505950711957324E-009
         238  1.664786454436244E-007
         240  2.924378111953288E-013
         244  3.569797286299793E-009
