           1  7.407168789803887E-005
           2  6.470609901488105E-012
           3  1.574717819390911E-008
           4  8.211323848732774E-005
           6  5.674563962362780E-015
           7  3.114017005274736E-012
           8  2.708281752318958E-013
           9  1.912633244112939E-009
          10  2.713051082138141E-014
          14  2.205857021425005E-015
          15  2.232553228192362E-012
          16  1.246132034012036E-009
          17  9.246248147149546E-011
          18  4.478738659331689E-010
          19  1.974754770803364E-010
          20  4.767867015925357E-009
          21  7.657122877384407E-010
          22  1.421627245099680E-009
          23  5.004120165122212E-009
          24  1.148960818998935E-008
          25  1.410090777333125E-008
          26  1.172237805150315E-008
          27  2.443526928378521E-009
          28  1.542615010154206E-009
          29  8.457229954852346E-010
          30  2.621303144243794E-009
          31  4.533998112955942E-010
          32  6.442047703460758E-010
          33  8.672080845891541E-010
          34  4.273666583056318E-009
          35  2.899280217529850E-010
          36  1.173145994215833E-009
          37  8.315928702840116E-010
          38  1.132522187978973E-009
          39  3.225004061309430E-010
          40  6.302125886238361E-010
          41  8.751049139526822E-010
          42  6.040068429077632E-009
          43  5.187738734988113E-010
          44  1.046994204912454E-009
          45  4.715133682692960E-009
          46  7.504638066220954E-009
          47  7.861470461292126E-009
          48  5.730240710028973E-009
          49  5.458002543972168E-010
          50  3.105922840033673E-009
          51  1.530305466012945E-009
          52  6.340371747498977E-009
          53  2.349305859716478E-010
          54  5.851888620416994E-010
          55  3.655090439032798E-010
          56  4.225480228195324E-010
          57  1.126038729423631E-010
          58  2.151773264531701E-010
          59  1.492677569227197E-010
          60  1.840217345747077E-010
          61  1.985212500595935E-010
          62  9.092210569387200E-010
          63  3.652778005582540E-010
          64  3.644295883823867E-010
          65  3.019711443217107E-010
          66  4.386611165403038E-010
          67  5.812897393423343E-010
          68  8.360176954555899E-010
          69  1.550977736997442E-010
          70  4.597014767676294E-010
          71  1.591018097348474E-010
          72  2.025441816611573E-010
          73  2.223818870800760E-010
          74  4.678467641306861E-010
          75  1.132364189299751E-009
          76  2.896667636947708E-009
          77  5.551807042041153E-009
          78  9.956663424589143E-009
          79  7.997791838837754E-009
          80  3.186246225268120E-008
          81  1.256616370604905E-008
          82  1.076856430326053E-008
          83  4.629647421095973E-009
          84  5.162089209409961E-009
          85  3.462010511372103E-009
          86  3.789204703318607E-009
          87  2.671789362945667E-009
          88  6.253884852943194E-009
          89  2.718488119557266E-009
          90  5.153796434528001E-009
          91  3.619323273459150E-009
          92  3.075476304929139E-009
          93  2.532460766148333E-009
          94  5.737394054081644E-009
          95  2.998344158946123E-009
          96  3.457631142068152E-009
          97  1.512207086643377E-009
          98  1.388111294041834E-009
          99  1.530921175615957E-009
         100  1.366965098411400E-009
         101  1.010881766267969E-009
         102  1.799405410743676E-009
         103  1.712887458920592E-009
         104  1.684805800104311E-009
         105  1.796687270241665E-009
         106  2.364079975445245E-009
         107  1.838468265701273E-009
         108  6.205088327523181E-009
         109  2.697574134656263E-009
         110  7.029708582577784E-009
         111  5.040010555683539E-009
         112  6.578029539805484E-009
         113  3.324921879270472E-009
         114  2.606629111340432E-009
         115  1.345786895593106E-009
         116  1.381438508634615E-009
         117  1.264416695828757E-009
         118  1.347538170485004E-009
         119  4.731153476118216E-010
         120  6.620228984098957E-010
         121  5.447486713908625E-010
         122  7.048165563974316E-010
         123  6.696018837507900E-010
         124  1.908009252680604E-008
         125  8.993584083237117E-008
         126  7.289576188234154E-007
         127  3.692379644092540E-006
         128  2.966816755408809E-005
         129  1.420787961319991E-004
         130  3.278552767538932E-004
         131  1.092943185048862E-003
         132  1.048188360029947E-003
         133  3.481890053921413E-005
         134  8.752541927392389E-005
         135  8.984394589620309E-005
         136  2.289079961965527E-004
         137  1.227518707527539E-004
         138  8.731355265192232E-005
         139  1.459490447077353E-005
         140  3.245697536781941E-005
         141  2.400206479642320E-005
         142  9.023933997998893E-006
         143  1.574006316725040E-006
         144  7.117935519496513E-006
         145  4.009367445786561E-006
         146  1.487600785725893E-005
         147  1.019855617788800E-005
         148  1.775918169303533E-005
         149  1.475927497845663E-005
         150  7.199566627680363E-005
         151  2.981177030450557E-005
         152  3.498025176715239E-005
         153  1.384432607695689E-005
         154  4.170507543783031E-005
         155  2.391262049830369E-005
         156  3.174013486620875E-005
         157  1.308535972276197E-005
         158  2.090671396519863E-005
         159  1.115707612456688E-005
         160  2.945032802783005E-005
         161  1.939683737543269E-005
         162  8.367221159587115E-005
         163  4.414380369943572E-005
         164  7.963524217714721E-005
         165  4.173159569612658E-005
         166  8.563801236622410E-005
         167  3.338230857838782E-005
         168  1.418893073195029E-004
         169  7.243541328391427E-005
         170  3.830594788714839E-005
         171  1.353364092060045E-005
         172  2.757252168102741E-005
         173  2.031088595266803E-005
         174  4.639720070310237E-005
         175  2.036482201520302E-005
         176  2.842350805140571E-005
         177  1.448966284325106E-005
         178  1.706937834894951E-005
         179  7.194591058095449E-006
         180  1.290156585666800E-005
         181  5.843086898722338E-006
         182  1.230284232557951E-005
         183  6.478867083151920E-006
         184  1.218259196003871E-005
         185  3.985532477232129E-006
         186  1.556498389172403E-005
         187  4.549272160383182E-006
         188  1.523115080272674E-005
         189  1.322836993502866E-005
         190  2.820599997451238E-005
         191  3.001977204165712E-005
         192  1.067771133254869E-004
         193  1.397642001372082E-004
         194  3.464275465200765E-004
         195  2.322600644473576E-004
         196  4.242730986779234E-004
         197  2.205863993837723E-004
         198  1.573157722900748E-004
         199  1.302946333323305E-005
         200  2.318620687079324E-006
         201  8.669325361096391E-008
         202  1.052188403890587E-007
         203  2.623851242336650E-008
         204  8.101545340042007E-008
         205  7.010926032582182E-008
         206  2.294532896995363E-006
         207  1.507035897693526E-006
         208  2.529256766189205E-006
         209  1.602384395322186E-006
         226  6.025093731099878E-014
         227  4.639247292517495E-015
         230  2.839324404007628E-012
         231  6.964448210154548E-012
         232  5.449375938828071E-007
         234  9.244596387594726E-012
         235  1.496563781757325E-007
         236  1.518380611493564E-009
         238  1.682386899619797E-007
         240  2.947547375865012E-013
         244  3.598080077468132E-009
