           1  7.401072637699854E-005
           2  6.470609901488105E-012
           3  1.574717819390911E-008
           4  8.376397434306744E-005
           6  5.674563962362780E-015
           7  3.114017005274736E-012
           8  2.708281752318958E-013
           9  1.912633244112939E-009
          10  2.713051082138141E-014
          14  2.373196160688209E-015
          15  2.267694551061942E-012
          16  1.207727044005420E-009
          17  9.044989796344757E-011
          18  4.647800110363267E-010
          19  2.195870297472444E-010
          20  4.586934442064405E-009
          21  7.464388946344119E-010
          22  1.476107697576696E-009
          23  4.863271513635438E-009
          24  1.124295638193780E-008
          25  1.376736443018163E-008
          26  1.243672957771799E-008
          27  2.674569566005731E-009
          28  1.566369526475567E-009
          29  8.369794745450259E-010
          30  2.594790716476281E-009
          31  4.632719983095292E-010
          32  6.654591764775381E-010
          33  7.771468761952188E-010
          34  4.374927374708632E-009
          35  3.005253538684443E-010
          36  1.196263210429128E-009
          37  9.175214794527746E-010
          38  1.246308456105165E-009
          39  3.218846791954905E-010
          40  6.011019898485909E-010
          41  8.332440872936483E-010
          42  5.647285450417735E-009
          43  4.975598599408903E-010
          44  9.753709170676157E-010
          45  4.404060845293554E-009
          46  7.564091097209981E-009
          47  8.210680627216398E-009
          48  6.028437830822043E-009
          49  5.617656424937727E-010
          50  3.105592850093259E-009
          51  1.516474212666097E-009
          52  6.430055145802848E-009
          53  2.455798767130555E-010
          54  6.161187202490298E-010
          55  3.694691845973189E-010
          56  3.885605216286094E-010
          57  1.040876820680600E-010
          58  1.942544408462330E-010
          59  1.355274336949849E-010
          60  1.674175865095506E-010
          61  1.748423087774888E-010
          62  8.179721481236859E-010
          63  3.373722628528376E-010
          64  3.484366476755618E-010
          65  2.921169409195814E-010
          66  4.313007991716086E-010
          67  5.743451305265108E-010
          68  8.383079161413120E-010
          69  1.558649403853669E-010
          70  4.534645855867444E-010
          71  1.565340118641763E-010
          72  1.982960728162197E-010
          73  2.096254186106017E-010
          74  4.293883045790815E-010
          75  1.010139169033597E-009
          76  2.737642088551096E-009
          77  5.542362068166393E-009
          78  1.019933163405399E-008
          79  7.902461967703585E-009
          80  3.107219534301220E-008
          81  1.326659422538295E-008
          82  1.128564166225421E-008
          83  4.743668506977246E-009
          84  5.035748112264027E-009
          85  3.346736009905552E-009
          86  3.659090235478842E-009
          87  2.608689742598315E-009
          88  6.262236644656411E-009
          89  2.810109642989997E-009
          90  5.257314556058534E-009
          91  3.550766020707119E-009
          92  2.958418568089416E-009
          93  2.459158177396914E-009
          94  5.704229102413474E-009
          95  3.040402875427773E-009
          96  3.633019525054243E-009
          97  1.610589588160676E-009
          98  1.484260060803479E-009
          99  1.632352779883634E-009
         100  1.471107799374311E-009
         101  1.078024200599769E-009
         102  1.823896250499986E-009
         103  1.699932754694782E-009
         104  1.649700110659875E-009
         105  1.707142785137695E-009
         106  2.199610078335207E-009
         107  1.706654171324084E-009
         108  5.791826827576714E-009
         109  2.571149278295659E-009
         110  7.116998516693137E-009
         111  5.196488397589432E-009
         112  6.988258053746771E-009
         113  3.593485399045368E-009
         114  2.886458245059372E-009
         115  1.511142461772742E-009
         116  1.578160807694665E-009
         117  1.472798749499386E-009
         118  1.584547405491527E-009
         119  5.462379804053324E-010
         120  7.595200073649465E-010
         121  6.258533704401430E-010
         122  8.044436828945820E-010
         123  7.102781623834242E-010
         124  1.774703281315789E-008
         125  7.640026236495527E-008
         126  6.273787370780412E-007
         127  3.201955223974212E-006
         128  2.631084250975946E-005
         129  1.322573200089213E-004
         130  3.293078289144592E-004
         131  1.086486764150609E-003
         132  1.076531309744092E-003
         133  3.465188971785589E-005
         134  8.829739664743199E-005
         135  9.794136324388971E-005
         136  2.338898455114534E-004
         137  1.225031623768453E-004
         138  8.506314625105732E-005
         139  1.494961089189280E-005
         140  3.469225415862085E-005
         141  2.551257245400218E-005
         142  1.023574387312848E-005
         143  1.717044592770857E-006
         144  6.403247981308810E-006
         145  2.776246278173243E-006
         146  9.419939237026015E-006
         147  7.295574038223189E-006
         148  1.138688299746534E-005
         149  1.027511981830700E-005
         150  2.249295972369734E-005
         151  1.711214229935722E-005
         152  5.267947336314601E-005
         153  2.257619043206398E-005
         154  4.521859396857315E-005
         155  2.135732705670252E-005
         156  2.987975499490648E-005
         157  2.145648142987717E-005
         158  4.288368339934647E-005
         159  1.914441381920253E-005
         160  2.792056642654795E-005
         161  1.602447656692716E-005
         162  1.632413553976537E-004
         163  6.131699755691956E-005
         164  6.951996296370386E-005
         165  3.570400834971158E-005
         166  8.600367738739560E-005
         167  2.103830346080412E-005
         168  1.119986667698039E-004
         169  6.394348102835758E-005
         170  3.813211762244455E-005
         171  1.153460288746702E-005
         172  2.046358916976300E-005
         173  1.048894056930661E-005
         174  2.251447941527005E-005
         175  1.520143543560290E-005
         176  2.515960370695017E-005
         177  1.328148228061514E-005
         178  1.695030712510968E-005
         179  7.668733658147868E-006
         180  1.435751141743200E-005
         181  6.287360864011335E-006
         182  1.245159520627840E-005
         183  6.212534336357157E-006
         184  1.113806961759042E-005
         185  3.543486961183435E-006
         186  1.335536269902989E-005
         187  3.884617048999321E-006
         188  1.276066598730693E-005
         189  1.101719631495248E-005
         190  2.416694998248388E-005
         191  2.711481520805864E-005
         192  9.855349899712426E-005
         193  1.309471858660740E-004
         194  3.320610623675131E-004
         195  2.348793280358354E-004
         196  4.489500586452575E-004
         197  2.387127779598531E-004
         198  1.755573895818403E-004
         199  1.465969101815927E-005
         200  2.577641228089415E-006
         201  9.335984223530649E-008
         202  1.067898932331120E-007
         203  2.489228786434614E-008
         204  7.612419695800407E-008
         205  6.625880051093822E-008
         206  2.362793301415492E-006
         207  1.508597528512576E-006
         208  2.556387086707743E-006
         209  1.676939630518073E-006
         226  7.028122861842937E-014
         227  5.426971152524789E-015
         230  3.312001712602699E-012
         231  8.146980996404623E-012
         232  6.395877865197490E-007
         234  1.078359310574650E-011
         235  1.750673753608657E-007
         236  1.700323616690287E-009
         238  1.962462719982369E-007
         240  3.293084176121955E-013
         244  4.019877904100767E-009
