           1  7.453090181437703E-005
           2  6.470609901488105E-012
           3  1.574717819390911E-008
           4  8.108246760586174E-005
           6  5.674563962362780E-015
           7  3.114017005274736E-012
           8  2.708281752318958E-013
           9  1.912633244112939E-009
          10  2.713051082138141E-014
          14  1.959338133681491E-015
          15  1.931504922935426E-012
          16  1.221661798703519E-009
          17  9.100414915424354E-011
          18  4.578167956335877E-010
          19  2.130765063073061E-010
          20  4.549766109998427E-009
          21  7.381297360107394E-010
          22  1.684809613216707E-009
          23  4.796879275073088E-009
          24  1.115045014487146E-008
          25  1.366769114518371E-008
          26  1.217695935719974E-008
          27  2.542168210309954E-009
          28  1.559093705467620E-009
          29  8.844627874137078E-010
          30  2.791736643038116E-009
          31  4.716894739986376E-010
          32  6.080356072696039E-010
          33  7.796972953155726E-010
          34  4.285614950507790E-009
          35  2.960136654073301E-010
          36  1.227027739066728E-009
          37  7.516616511764833E-010
          38  9.967533969357908E-010
          39  2.851278035377957E-010
          40  6.245764755771984E-010
          41  9.133239224750683E-010
          42  6.074735962470428E-009
          43  5.081487088623910E-010
          44  9.918818475817998E-010
          45  4.342526942047209E-009
          46  7.364573866517195E-009
          47  8.147446261136456E-009
          48  6.077508245085685E-009
          49  4.993891967465169E-010
          50  3.156109740941892E-009
          51  1.594728424086538E-009
          52  6.262448867389807E-009
          53  2.052158514670729E-010
          54  4.962640614015011E-010
          55  3.205412344054784E-010
          56  3.977274875706276E-010
          57  1.038758817967256E-010
          58  2.221965926478274E-010
          59  1.518455134079376E-010
          60  1.697381662525566E-010
          61  1.724308085954490E-010
          62  8.185243647201288E-010
          63  3.408752232531257E-010
          64  3.756397553047197E-010
          65  3.225116801429348E-010
          66  4.453502531043930E-010
          67  5.811068700947794E-010
          68  8.281792278418793E-010
          69  1.563148207776786E-010
          70  4.766150095194855E-010
          71  1.643838123699105E-010
          72  2.062917282066873E-010
          73  2.253650512746775E-010
          74  4.400360633854115E-010
          75  1.018537118528451E-009
          76  2.753723975311752E-009
          77  5.570007864933360E-009
          78  1.030808706858437E-008
          79  7.964405556674208E-009
          80  3.184417118777040E-008
          81  1.210412713194207E-008
          82  1.074958442935101E-008
          83  4.668215106608965E-009
          84  5.235970151588817E-009
          85  3.541102143508709E-009
          86  3.796539254952425E-009
          87  2.387215458033978E-009
          88  5.792557096588498E-009
          89  2.639182743331214E-009
          90  5.082572391125385E-009
          91  3.426033262015125E-009
          92  2.870005386996466E-009
          93  2.367230502338179E-009
          94  5.406875543691117E-009
          95  2.773957659834698E-009
          96  3.570876814100954E-009
          97  1.549610717134922E-009
          98  1.423860321486138E-009
          99  1.558973992532097E-009
         100  1.334860284454293E-009
         101  9.981660824662148E-010
         102  1.727284178024322E-009
         103  1.646157789508153E-009
         104  1.593422841200775E-009
         105  1.701051085764586E-009
         106  2.137645049703854E-009
         107  1.645481572320031E-009
         108  5.572212737862648E-009
         109  2.535976164389079E-009
         110  7.022864859436430E-009
         111  4.910397377355458E-009
         112  6.422480506669847E-009
         113  3.210993959818476E-009
         114  2.514381937374870E-009
         115  1.313513956246657E-009
         116  1.355011841469017E-009
         117  1.202561408993330E-009
         118  1.301655038609437E-009
         119  5.030336072553325E-010
         120  7.295025986528208E-010
         121  5.912575685257912E-010
         122  7.551886620379820E-010
         123  6.847824466614897E-010
         124  1.886570531925249E-008
         125  8.315374542385415E-008
         126  6.719932092970677E-007
         127  3.439980692489630E-006
         128  2.830447752177271E-005
         129  1.372979241183210E-004
         130  3.309574976796776E-004
         131  1.094639039568531E-003
         132  1.022341208833058E-003
         133  3.326769063849919E-005
         134  8.306998515709002E-005
         135  7.865154113254211E-005
         136  2.119546060698048E-004
         137  1.158301970742598E-004
         138  8.628094090238343E-005
         139  1.359926683337904E-005
         140  3.073140370535374E-005
         141  2.236887708710983E-005
         142  8.482718461152297E-006
         143  1.560673748119030E-006
         144  7.850943612525551E-006
         145  4.083663728301958E-006
         146  1.444426173457127E-005
         147  7.985722583047205E-006
         148  5.277055618641031E-006
         149  4.008355200389001E-006
         150  1.251109931084197E-005
         151  6.813306511327690E-006
         152  1.357197863682138E-005
         153  6.554548688842336E-006
         154  3.988335287612472E-005
         155  2.480724213511670E-005
         156  5.612878217195361E-005
         157  2.204320252966499E-005
         158  3.220723333316989E-005
         159  2.147427339494161E-005
         160  8.655977082215802E-005
         161  5.588379594144057E-005
         162  1.167792706325549E-004
         163  5.651692441036074E-005
         164  2.034550922960589E-004
         165  9.214630402203194E-005
         166  1.276016706288999E-004
         167  2.721826541259183E-005
         168  4.805482452394377E-005
         169  2.294676264482326E-005
         170  3.018638918656749E-005
         171  2.874662254363406E-005
         172  4.964436651266649E-005
         173  4.418939945105236E-005
         174  6.168570468259211E-005
         175  1.908427979448976E-005
         176  1.828537863458996E-005
         177  9.605474112586310E-006
         178  1.945071023056170E-005
         179  7.302580460420911E-006
         180  1.200736304523849E-005
         181  5.909387640078144E-006
         182  1.310832299367117E-005
         183  6.818186638278997E-006
         184  1.221074613660257E-005
         185  3.828259648050009E-006
         186  1.464971950864517E-005
         187  4.362107345358975E-006
         188  1.463961902927772E-005
         189  1.286214265666189E-005
         190  2.603678923101803E-005
         191  2.905230645303329E-005
         192  1.019690086703987E-004
         193  1.325133263732624E-004
         194  3.186234695906034E-004
         195  2.159540151237247E-004
         196  4.069227165077813E-004
         197  2.083391402450325E-004
         198  1.466915846353642E-004
         199  1.148473120621729E-005
         200  2.076725976226808E-006
         201  8.141387434226474E-008
         202  1.033537088019251E-007
         203  2.588581266483039E-008
         204  8.296236929539424E-008
         205  7.156181854760065E-008
         206  2.195808304904875E-006
         207  1.440259609601333E-006
         208  2.393000794871675E-006
         209  1.522179293201734E-006
         226  6.227355653086535E-014
         227  4.802297401052746E-015
         230  2.934640300610844E-012
         231  7.209219390683195E-012
         232  5.499811862591826E-007
         234  9.554936760175861E-012
         235  1.549161729583693E-007
         236  1.599094235989086E-009
         238  1.738864495326868E-007
         240  3.106984756925083E-013
         244  3.792705775122129E-009
