           1  7.446871565485155E-005
           2  6.470609901488105E-012
           3  1.574717819390911E-008
           4  8.342997027579693E-005
           6  5.674563962362780E-015
           7  3.114017005274736E-012
           8  2.708281752318958E-013
           9  1.912633244112939E-009
          10  2.713051082138141E-014
          14  1.993115960464142E-015
          15  2.030076527173270E-012
          16  1.255901513440603E-009
          17  9.299714529454836E-011
          18  4.419482937473777E-010
          19  1.900965545866401E-010
          20  4.721676660732827E-009
          21  7.764763688876859E-010
          22  1.527972220382719E-009
          23  4.954439234775883E-009
          24  1.143340684297736E-008
          25  1.387799068263268E-008
          26  1.167156823490402E-008
          27  2.550061654790877E-009
          28  1.586797325074384E-009
          29  8.185558067511699E-010
          30  2.628672139162595E-009
          31  4.684525659489157E-010
          32  6.151280401436135E-010
          33  8.310833889639836E-010
          34  4.364205739068739E-009
          35  2.877488682888412E-010
          36  1.124464583940126E-009
          37  7.872330403579252E-010
          38  1.060411288393920E-009
          39  3.096761581833378E-010
          40  6.245279274657209E-010
          41  8.735719631670756E-010
          42  6.231236372360985E-009
          43  5.367161217416260E-010
          44  9.949106621568595E-010
          45  4.476142298232173E-009
          46  7.372148715333759E-009
          47  7.959345286019342E-009
          48  5.884395040803198E-009
          49  5.244661174211387E-010
          50  3.111827333982742E-009
          51  1.555199874791711E-009
          52  6.260112755817763E-009
          53  2.227021876779475E-010
          54  5.491871498593936E-010
          55  3.683253743206916E-010
          56  4.231663785310241E-010
          57  1.135959729271058E-010
          58  2.106975759534019E-010
          59  1.494377654190451E-010
          60  1.762574332384926E-010
          61  1.836356348919485E-010
          62  8.860943268212034E-010
          63  3.593717064825462E-010
          64  3.573584671700908E-010
          65  3.028110855899179E-010
          66  4.401576181091714E-010
          67  5.827588626935584E-010
          68  8.790671392932152E-010
          69  1.631469280378135E-010
          70  4.861645027509429E-010
          71  1.688492072735794E-010
          72  2.101625747326007E-010
          73  2.148258172367046E-010
          74  4.552128794319986E-010
          75  1.091005435521249E-009
          76  2.872914507682846E-009
          77  5.436414366802370E-009
          78  1.006295528047330E-008
          79  7.951652898595653E-009
          80  3.240676981290098E-008
          81  1.202039154587196E-008
          82  1.046763828379576E-008
          83  4.544713545356611E-009
          84  5.145816085351920E-009
          85  3.446401559910725E-009
          86  3.744727042061646E-009
          87  2.541541589845764E-009
          88  6.067242342532497E-009
          89  2.737796700153834E-009
          90  5.228664736343276E-009
          91  3.538466022516559E-009
          92  2.934973289611112E-009
          93  2.438872250941316E-009
          94  5.746701395508766E-009
          95  2.893651064170748E-009
          96  3.255972905341574E-009
          97  1.419035313306097E-009
          98  1.333153697973661E-009
          99  1.501911959531995E-009
         100  1.335273429375545E-009
         101  9.986303578917381E-010
         102  1.754043253600060E-009
         103  1.676799160653265E-009
         104  1.633789891913685E-009
         105  1.748730740709731E-009
         106  2.273120545948357E-009
         107  1.745333341545050E-009
         108  5.808249889080246E-009
         109  2.565054316689022E-009
         110  6.922371480813442E-009
         111  4.894059832932918E-009
         112  6.468605672068280E-009
         113  3.263252618108730E-009
         114  2.584564125372832E-009
         115  1.363281961554297E-009
         116  1.415039544509351E-009
         117  1.276097417277558E-009
         118  1.358574998644297E-009
         119  4.839571553449618E-010
         120  6.713322436311774E-010
         121  5.444759514290588E-010
         122  7.185872750664651E-010
         123  6.509516965449523E-010
         124  1.876966426116219E-008
         125  8.023315546219518E-008
         126  6.597322156240873E-007
         127  3.383040336082291E-006
         128  2.778346337069019E-005
         129  1.361780645137697E-004
         130  3.281093680020454E-004
         131  1.096600716872145E-003
         132  1.031203951684588E-003
         133  3.341381848780519E-005
         134  8.372222008113982E-005
         135  8.433503090453082E-005
         136  2.163536447306891E-004
         137  1.171402514095277E-004
         138  8.866373176767709E-005
         139  1.455566702686345E-005
         140  3.356978667357496E-005
         141  2.558846107045250E-005
         142  9.936193509761181E-006
         143  1.590585241222528E-006
         144  5.348664333640726E-006
         145  2.211366502396006E-006
         146  1.021661608424868E-005
         147  1.478070267162636E-005
         148  2.189786445128623E-005
         149  1.550348793980503E-005
         150  6.185991025592968E-005
         151  2.306866815944489E-005
         152  4.046530927348739E-005
         153  2.280521425035389E-005
         154  3.701974334347796E-005
         155  1.713519215320354E-005
         156  2.322334612575328E-005
         157  1.511173486094283E-005
         158  3.079390250455305E-005
         159  1.785316735846606E-005
         160  5.095263483596029E-005
         161  2.904545653842050E-005
         162  1.722714774324931E-004
         163  8.476783729378203E-005
         164  1.260487213319350E-004
         165  5.630666222841587E-005
         166  7.983622293355971E-005
         167  2.026709065548353E-005
         168  6.437300518215813E-005
         169  2.432840678058597E-005
         170  2.627993081355581E-005
         171  1.402619290595518E-005
         172  3.388580635957437E-005
         173  2.209333228709928E-005
         174  3.420831814971866E-005
         175  2.201447090074448E-005
         176  2.774633627836154E-005
         177  1.387037717696594E-005
         178  2.334334977489805E-005
         179  9.616470524808382E-006
         180  1.506087666240092E-005
         181  6.466240369875268E-006
         182  1.290827724582384E-005
         183  6.646175945497785E-006
         184  1.204376161562522E-005
         185  3.854789162181425E-006
         186  1.494940805798597E-005
         187  4.314297806634629E-006
         188  1.400775542272218E-005
         189  1.218161580373044E-005
         190  2.554173264573395E-005
         191  2.913303994819797E-005
         192  1.028718014066930E-004
         193  1.338921848989005E-004
         194  3.307435121586951E-004
         195  2.259754594816659E-004
         196  4.265645237877224E-004
         197  2.244324927752258E-004
         198  1.630126774788775E-004
         199  1.315434199916418E-005
         200  2.415100870173944E-006
         201  9.269509290255323E-008
         202  1.155894740273873E-007
         203  2.910182755111952E-008
         204  9.037699588716678E-008
         205  7.770289303293685E-008
         206  2.427578107912571E-006
         207  1.607222641098450E-006
         208  2.696405334860075E-006
         209  1.696722319897406E-006
         226  6.706620335779066E-014
         227  5.104480988704832E-015
         230  3.160493701450713E-012
         231  7.662858055204484E-012
         232  5.858983400323343E-007
         234  1.029029603458043E-011
         235  1.646642416472492E-007
         236  1.711737297920990E-009
         238  1.872689570852322E-007
         240  3.325403820680142E-013
         244  4.059330592850693E-009
