           1  7.397195895094869E-005
           2  6.470609901488105E-012
           3  1.574717819390911E-008
           4  8.235555571493907E-005
           6  5.674563962362780E-015
           7  3.114017005274736E-012
           8  2.708281752318958E-013
           9  1.912633244112939E-009
          10  2.713051082138141E-014
          14  2.290983128023415E-015
          15  2.302295966509628E-012
          16  1.272294196562179E-009
          17  9.389372899921742E-011
          18  4.591336311426553E-010
          19  2.120187735551173E-010
          20  4.830375498621868E-009
          21  7.753039329972896E-010
          22  1.417318866510377E-009
          23  5.067531235165002E-009
          24  1.160621444673740E-008
          25  1.423669706929130E-008
          26  1.163158985468443E-008
          27  2.432757570245225E-009
          28  1.563158660536944E-009
          29  8.814537247527653E-010
          30  2.647925912809175E-009
          31  4.622036093472094E-010
          32  6.926813644201227E-010
          33  8.705147152944017E-010
          34  4.361082711850023E-009
          35  2.874227226058940E-010
          36  1.146852520300883E-009
          37  7.816807274839504E-010
          38  1.055234881973359E-009
          39  3.034814657183603E-010
          40  6.414545248112751E-010
          41  9.158593899426692E-010
          42  6.055816927464426E-009
          43  5.132204148306324E-010
          44  1.056228567808860E-009
          45  4.775388116224424E-009
          46  7.544961607617496E-009
          47  7.940588838816623E-009
          48  5.783241410142658E-009
          49  5.088625428219406E-010
          50  3.048201174731150E-009
          51  1.537577611638959E-009
          52  6.399630548340873E-009
          53  2.290537919274375E-010
          54  5.566695396524584E-010
          55  3.437808203139597E-010
          56  4.049325707404557E-010
          57  1.077004883840558E-010
          58  2.031835021540306E-010
          59  1.441041413232128E-010
          60  1.831695140151067E-010
          61  1.994610424284202E-010
          62  9.134096174777790E-010
          63  3.631415935364960E-010
          64  3.545500070835264E-010
          65  2.970712413858123E-010
          66  4.374034931983234E-010
          67  5.864619197515351E-010
          68  8.398094719235435E-010
          69  1.519631348495820E-010
          70  4.471046943609285E-010
          71  1.562328117429095E-010
          72  1.997845349816172E-010
          73  2.197661441203752E-010
          74  4.677844239054578E-010
          75  1.130391331828735E-009
          76  2.881794640454049E-009
          77  5.486177729911320E-009
          78  1.016903584853260E-008
          79  8.152484436486864E-009
          80  3.205913123666411E-008
          81  1.261441580875200E-008
          82  1.076809543583258E-008
          83  4.634879105794601E-009
          84  5.425325522359236E-009
          85  3.557000420927622E-009
          86  3.882855546044064E-009
          87  2.760902108739366E-009
          88  6.295555322834688E-009
          89  2.763145284180734E-009
          90  5.364567945614427E-009
          91  3.739583664742146E-009
          92  3.212011328409694E-009
          93  2.616024101715707E-009
          94  5.728033730006916E-009
          95  2.935779622962896E-009
          96  3.445466311838589E-009
          97  1.500934430102771E-009
          98  1.406825363461411E-009
          99  1.579854446766317E-009
         100  1.400030695385602E-009
         101  1.035792226743779E-009
         102  1.819151879039003E-009
         103  1.733163059641233E-009
         104  1.693940645835677E-009
         105  1.843033652222247E-009
         106  2.440731943561050E-009
         107  1.887075793182873E-009
         108  6.432012451502762E-009
         109  2.804017965517024E-009
         110  7.317766118147858E-009
         111  5.151769124985402E-009
         112  6.684256890913066E-009
         113  3.351934022937742E-009
         114  2.615003627518015E-009
         115  1.346706269279233E-009
         116  1.388197223805709E-009
         117  1.276671640775243E-009
         118  1.354098203421581E-009
         119  4.761578373774385E-010
         120  6.689197840105923E-010
         121  5.445696325863732E-010
         122  7.093284354111381E-010
         123  6.801397661963179E-010
         124  1.980646720309491E-008
         125  9.359457915848862E-008
         126  7.583936194829574E-007
         127  3.796315267421323E-006
         128  3.043017766040533E-005
         129  1.458537941372595E-004
         130  3.381310365459401E-004
         131  1.101874105500964E-003
         132  1.057960334269165E-003
         133  3.426415794533990E-005
         134  8.518548378205042E-005
         135  8.939376765858678E-005
         136  2.277335793144728E-004
         137  1.221901754224987E-004
         138  8.998583408928026E-005
         139  1.499186606854952E-005
         140  3.305653059596266E-005
         141  2.471600798839162E-005
         142  9.563926143767854E-006
         143  1.557767078942395E-006
         144  5.912160612170126E-006
         145  2.555968363900190E-006
         146  8.418067933795745E-006
         147  5.762609850081920E-006
         148  2.117073000501292E-005
         149  1.713417764638730E-005
         150  3.301035621210817E-005
         151  1.264576157861761E-005
         152  1.444363814903529E-005
         153  5.886451545590862E-006
         154  1.644984616211414E-005
         155  9.615175470964946E-006
         156  2.005978484644991E-005
         157  1.299714283347084E-005
         158  3.480851119475615E-005
         159  2.136299120819807E-005
         160  5.675708049405066E-005
         161  3.675610461917586E-005
         162  1.087131558725680E-004
         163  1.132220872382857E-004
         164  1.265849141262647E-004
         165  5.354012375313286E-005
         166  8.661383474608712E-005
         167  2.125647236704830E-005
         168  4.611056008151890E-005
         169  2.320134276143147E-005
         170  3.431062961920481E-005
         171  2.216637880019771E-005
         172  3.871897297164109E-005
         173  2.902789692403468E-005
         174  6.423312772673252E-005
         175  2.260917363987509E-005
         176  2.631862213734489E-005
         177  1.346374376932632E-005
         178  2.080392384362148E-005
         179  6.476694574984411E-006
         180  9.263558195814680E-006
         181  4.722147207491308E-006
         182  1.103310519277650E-005
         183  6.135281054731001E-006
         184  1.201535293689852E-005
         185  4.019633885660126E-006
         186  1.617287938056961E-005
         187  4.737499287174533E-006
         188  1.587897330456147E-005
         189  1.396969437852747E-005
         190  2.910899211444489E-005
         191  3.145014820573094E-005
         192  1.109844967525511E-004
         193  1.448994102662885E-004
         194  3.545507630231917E-004
         195  2.313785097285774E-004
         196  4.177568021491532E-004
         197  2.163722438124175E-004
         198  1.542478834569764E-004
         199  1.246319643709094E-005
         200  2.259752594152176E-006
         201  9.055312656176671E-008
         202  1.092050121639354E-007
         203  2.590256638219264E-008
         204  8.861126164156679E-008
         205  7.755752678394569E-008
         206  2.328836335732665E-006
         207  1.523836116322695E-006
         208  2.569771499080808E-006
         209  1.603575728737208E-006
         226  6.097079757347509E-014
         227  4.693395689072157E-015
         230  2.873247806728721E-012
         231  7.045735901818688E-012
         232  5.488826304532376E-007
         234  9.355048073146291E-012
         235  1.514031384584758E-007
         236  1.558259753338586E-009
         238  1.702487557455140E-007
         240  3.027648768852657E-013
         244  3.695860092353121E-009
