           1  7.430982000446737E-005
           2  6.470609901488105E-012
           3  1.574717819390911E-008
           4  7.989567954414447E-005
           6  5.674563962362780E-015
           7  3.114017005274736E-012
           8  2.708281752318958E-013
           9  1.912633244112939E-009
          10  2.713051082138141E-014
          14  2.134482703426409E-015
          15  2.100751820344519E-012
          16  1.273857352116122E-009
          17  9.398231650124387E-011
          18  4.469422543781717E-010
          19  1.962037664192176E-010
          20  4.689950669296583E-009
          21  7.752745881339660E-010
          22  1.630312449076738E-009
          23  4.922247913829917E-009
          24  1.139689797419705E-008
          25  1.377431013466779E-008
          26  1.193119211341104E-008
          27  2.583010835937091E-009
          28  1.605479969853612E-009
          29  8.346201275412644E-010
          30  2.717725364434106E-009
          31  4.709729531529238E-010
          32  6.133898611049808E-010
          33  8.223154851637183E-010
          34  4.426862346061499E-009
          35  2.858811898302809E-010
          36  1.118279636022024E-009
          37  7.649020244361142E-010
          38  1.031135417418530E-009
          39  2.985059552763207E-010
          40  6.214863047832881E-010
          41  8.912551845603703E-010
          42  6.284647215064093E-009
          43  5.290513536212926E-010
          44  9.734002365472170E-010
          45  4.345293753505057E-009
          46  7.349072271489858E-009
          47  8.072327622457460E-009
          48  5.993048275172192E-009
          49  5.072506735552636E-010
          50  3.115854385335094E-009
          51  1.566299480989206E-009
          52  6.310121560618192E-009
          53  2.174380505325816E-010
          54  5.374332615427644E-010
          55  3.657500317790761E-010
          56  4.166751846055682E-010
          57  1.085640128521450E-010
          58  2.110797257540512E-010
          59  1.460730795003669E-010
          60  1.668006980279913E-010
          61  1.769691416184885E-010
          62  8.563784656834558E-010
          63  3.474827781097308E-010
          64  3.614065437357242E-010
          65  3.058053713546170E-010
          66  4.292036083908323E-010
          67  5.835646946869432E-010
          68  8.731471524960285E-010
          69  1.636331961472827E-010
          70  4.960209214226056E-010
          71  1.697750291989797E-010
          72  2.042321915280041E-010
          73  2.098849866505801E-010
          74  4.347402065264792E-010
          75  1.045200423921644E-009
          76  2.808394349830821E-009
          77  5.433954708700367E-009
          78  1.020043121762589E-008
          79  8.005613198100575E-009
          80  3.278094780769398E-008
          81  1.195469719155730E-008
          82  1.062943381633199E-008
          83  4.667372798957036E-009
          84  5.229884081102133E-009
          85  3.530245350793317E-009
          86  3.812655706702321E-009
          87  2.491407839134498E-009
          88  6.079905290863437E-009
          89  2.803497878050927E-009
          90  5.432254505217378E-009
          91  3.572383118697893E-009
          92  2.877533986282441E-009
          93  2.415453515445675E-009
          94  5.840820031499321E-009
          95  2.951657601717098E-009
          96  3.405837159533941E-009
          97  1.469690352716505E-009
          98  1.348246874905985E-009
          99  1.506530393579010E-009
         100  1.329262053658090E-009
         101  1.009341447530718E-009
         102  1.799545596289115E-009
         103  1.711047894337339E-009
         104  1.666075494308640E-009
         105  1.765119827896340E-009
         106  2.249067489488784E-009
         107  1.742314115965662E-009
         108  5.826873723594510E-009
         109  2.583258754020684E-009
         110  7.076386538016520E-009
         111  5.047842326179981E-009
         112  6.675745585709005E-009
         113  3.356480305154006E-009
         114  2.640937049702024E-009
         115  1.382052558250352E-009
         116  1.426543333474296E-009
         117  1.246911535454461E-009
         118  1.338581578430287E-009
         119  5.055453137723937E-010
         120  7.137733319846216E-010
         121  5.804852050964975E-010
         122  7.301098640736007E-010
         123  6.745866596994224E-010
         124  1.822864427812871E-008
         125  8.422203288115240E-008
         126  6.774344214653544E-007
         127  3.451385967594186E-006
         128  2.825388182640741E-005
         129  1.382147082905235E-004
         130  3.354917831324375E-004
         131  1.104828901600965E-003
         132  1.040058368766215E-003
         133  3.281720605021891E-005
         134  8.207523016626959E-005
         135  8.514604988451908E-005
         136  2.185042618148526E-004
         137  1.179708617135857E-004
         138  8.824728987756764E-005
         139  1.446302810667384E-005
         140  3.303596226580429E-005
         141  2.474202125419253E-005
         142  9.887430025099506E-006
         143  1.581926466026768E-006
         144  5.374003706572602E-006
         145  1.906695590864695E-006
         146  6.268236397753441E-006
         147  6.138322700952969E-006
         148  2.014511110974428E-005
         149  1.582801957536671E-005
         150  4.036706241486429E-005
         151  1.889739499116190E-005
         152  1.879458960873465E-005
         153  7.985296461899579E-006
         154  6.473475684973663E-005
         155  3.880972303955610E-005
         156  4.588560128327253E-005
         157  2.030066856531222E-005
         158  4.619088191286408E-005
         159  2.144855322295462E-005
         160  3.443849232536721E-005
         161  2.147165837032961E-005
         162  1.667165935739842E-004
         163  5.737380142866407E-005
         164  4.694168436243906E-005
         165  2.328268790412395E-005
         166  5.559293860990390E-005
         167  2.526973726874425E-005
         168  1.275571227926747E-004
         169  5.214042499244242E-005
         170  3.870598723553635E-005
         171  2.735898279314026E-005
         172  4.483092637012194E-005
         173  2.333396705466173E-005
         174  5.093032688075803E-005
         175  2.733964690703331E-005
         176  2.725865944707797E-005
         177  1.122888829480140E-005
         178  1.931949595644264E-005
         179  6.593368313563532E-006
         180  1.092833942203248E-005
         181  5.792408463628756E-006
         182  1.384199463887541E-005
         183  7.446742101147208E-006
         184  1.380599029326452E-005
         185  4.426358490866169E-006
         186  1.698943021526515E-005
         187  4.899713194807224E-006
         188  1.592139530323285E-005
         189  1.381745071912698E-005
         190  2.868501787978792E-005
         191  3.180501607711595E-005
         192  1.100429872405351E-004
         193  1.388038853876488E-004
         194  3.328200091626839E-004
         195  2.257668831931963E-004
         196  4.221851673807272E-004
         197  2.168024602399927E-004
         198  1.534723680868014E-004
         199  1.218772000378070E-005
         200  2.161590588653131E-006
         201  8.187966335872488E-008
         202  1.001484194684066E-007
         203  2.471245043875532E-008
         204  8.188162790706618E-008
         205  7.135476786567998E-008
         206  2.108927099099066E-006
         207  1.396742106030743E-006
         208  2.332088179014336E-006
         209  1.461411932973783E-006
         226  5.686129123929930E-014
         227  4.401554689904372E-015
         230  2.679587390081241E-012
         231  6.607623553813016E-012
         232  5.032604454502719E-007
         234  8.724506390190863E-012
         235  1.419887088786857E-007
         236  1.455685162352335E-009
         238  1.587737813648914E-007
         240  2.827053463803204E-013
         244  3.450992791273603E-009
