           1  7.441102803674181E-005
           2  6.470609901488105E-012
           3  1.574717819390911E-008
           4  8.285762030879514E-005
           6  5.674563962362780E-015
           7  3.114017005274736E-012
           8  2.708281752318958E-013
           9  1.912633244112939E-009
          10  2.713051082138141E-014
          14  2.004115243567934E-015
          15  2.046606077547323E-012
          16  1.188685782158994E-009
          17  8.936875235040636E-011
          18  4.552626873960228E-010
          19  2.080585152417453E-010
          20  4.547945523334748E-009
          21  7.425839570919811E-010
          22  1.496392034426108E-009
          23  4.819430412864307E-009
          24  1.116074905489992E-008
          25  1.367331137144880E-008
          26  1.203752310162550E-008
          27  2.623624927723408E-009
          28  1.577993993146789E-009
          29  8.454044956386898E-010
          30  2.639078871199850E-009
          31  4.768695649330012E-010
          32  6.456813685177610E-010
          33  7.734326202718420E-010
          34  4.302749148971421E-009
          35  3.008438595682646E-010
          36  1.206479483920948E-009
          37  8.470051747998263E-010
          38  1.133992470192827E-009
          39  3.153459502859468E-010
          40  6.201223457323821E-010
          41  8.577823008946043E-010
          42  5.844053854198066E-009
          43  5.146192600839386E-010
          44  9.790308432430932E-010
          45  4.398063477876423E-009
          46  7.422812372385603E-009
          47  8.095913776752465E-009
          48  6.007307405280873E-009
          49  5.404255278046883E-010
          50  3.127500357323152E-009
          51  1.555448949336182E-009
          52  6.387366490955777E-009
          53  2.288657042338064E-010
          54  5.586961509697220E-010
          55  3.506956246703286E-010
          56  4.024448524831802E-010
          57  1.099543560452044E-010
          58  2.054580555098453E-010
          59  1.459721639007102E-010
          60  1.754189543357861E-010
          61  1.761802056454589E-010
          62  8.416714598393694E-010
          63  3.495045252681349E-010
          64  3.569746319297109E-010
          65  3.049253189264426E-010
          66  4.504894378598927E-010
          67  5.793164370412486E-010
          68  8.530982824087926E-010
          69  1.585558546574143E-010
          70  4.637262216923843E-010
          71  1.618753648322182E-010
          72  2.082623151569272E-010
          73  2.172246579049834E-010
          74  4.455107802379586E-010
          75  1.032938939655744E-009
          76  2.784443247211083E-009
          77  5.537352307946891E-009
          78  1.011325892224772E-008
          79  7.810549835274159E-009
          80  3.104142273687199E-008
          81  1.252320517205333E-008
          82  1.087375279177786E-008
          83  4.634565898182304E-009
          84  5.049010522980033E-009
          85  3.356274203690774E-009
          86  3.642609278925793E-009
          87  2.487384041967713E-009
          88  5.956146876894621E-009
          89  2.688454541046864E-009
          90  5.014355767066041E-009
          91  3.390266540310781E-009
          92  2.906796025445375E-009
          93  2.413939388031492E-009
          94  5.525869362011879E-009
          95  2.854236566858057E-009
          96  3.422094624644529E-009
          97  1.515064580804949E-009
          98  1.427912623815012E-009
          99  1.588195005236232E-009
         100  1.412613979501476E-009
         101  1.032720375884819E-009
         102  1.722895471805402E-009
         103  1.625961066061860E-009
         104  1.572837821226358E-009
         105  1.660537905888394E-009
         106  2.146136952458012E-009
         107  1.640198423224552E-009
         108  5.492359548063697E-009
         109  2.467976490242091E-009
         110  6.857802904154002E-009
         111  4.871933649183268E-009
         112  6.498153078087447E-009
         113  3.320425436293998E-009
         114  2.658869519402920E-009
         115  1.408819340511879E-009
         116  1.467713440956007E-009
         117  1.303955963328223E-009
         118  1.389387869710502E-009
         119  5.101709479101924E-010
         120  7.104092498155522E-010
         121  5.793346939446982E-010
         122  7.531908531932351E-010
         123  6.637562783579455E-010
         124  1.700660539271583E-008
         125  7.113275185924358E-008
         126  5.935167908558014E-007
         127  3.068640797386606E-006
         128  2.562083153444352E-005
         129  1.284122047002601E-004
         130  3.192318119237985E-004
         131  1.078471457521543E-003
         132  1.044677834303351E-003
         133  3.512910204446969E-005
         134  8.917571923724641E-005
         135  8.677659837451453E-005
         136  2.223730840789081E-004
         137  1.201045484992451E-004
         138  8.858329807028945E-005
         139  1.449695499198413E-005
         140  3.429021467333587E-005
         141  2.628149365410325E-005
         142  1.011090384181945E-005
         143  1.678506434476599E-006
         144  6.255783690872055E-006
         145  2.783690327923176E-006
         146  1.098618188030588E-005
         147  1.144613873546392E-005
         148  2.306539360256628E-005
         149  1.607418940263061E-005
         150  4.526722436060523E-005
         151  2.883243907041188E-005
         152  4.581653380229521E-005
         153  2.586559542483284E-005
         154  7.875225194324472E-005
         155  3.269343691312189E-005
         156  3.558138242537810E-005
         157  1.672017309205786E-005
         158  3.781502743311201E-005
         159  3.408496428211573E-005
         160  1.300847437686296E-004
         161  4.943437795339754E-005
         162  5.153406023018922E-005
         163  3.976818292958134E-005
         164  8.939509274988246E-005
         165  3.835716738812043E-005
         166  6.491510190947649E-005
         167  2.159667351208573E-005
         168  8.964051244371520E-005
         169  4.087794342810030E-005
         170  3.694608643060043E-005
         171  1.908928955452478E-005
         172  2.608565999534133E-005
         173  1.825956541008432E-005
         174  4.366368711202866E-005
         175  1.782102295423235E-005
         176  2.096306258028011E-005
         177  1.104121813537289E-005
         178  1.524108367401665E-005
         179  7.607261506254948E-006
         180  1.472415079243033E-005
         181  6.283723638283992E-006
         182  1.224929871154216E-005
         183  6.175068777702384E-006
         184  1.097734712412314E-005
         185  3.466673869775590E-006
         186  1.323320114987441E-005
         187  3.843804950395714E-006
         188  1.241653202853108E-005
         189  1.071913452750625E-005
         190  2.279216864395622E-005
         191  2.662417502455570E-005
         192  9.606972635779447E-005
         193  1.284929118413456E-004
         194  3.251620192804786E-004
         195  2.294096759052675E-004
         196  4.428364991022186E-004
         197  2.370575976839168E-004
         198  1.751652224373735E-004
         199  1.426537414393072E-005
         200  2.545676345138646E-006
         201  9.134618257566640E-008
         202  1.112687688135201E-007
         203  2.783627025826386E-008
         204  7.898189936080859E-008
         205  6.635057033444855E-008
         206  2.330601358242104E-006
         207  1.508331145964012E-006
         208  2.547975170808996E-006
         209  1.654151475235369E-006
         226  6.692809192680836E-014
         227  5.118352705532019E-015
         230  3.153985202596391E-012
         231  7.683682306928401E-012
         232  5.987515860227813E-007
         234  1.026910492133095E-011
         235  1.651117260705918E-007
         236  1.631434951975466E-009
         238  1.868833085417528E-007
         240  3.162800485726644E-013
         244  3.860840205616675E-009
