           1  7.404395423337704E-005
           2  6.470609901488105E-012
           3  1.574717819390911E-008
           4  8.146950684704481E-005
           6  5.674563962362780E-015
           7  3.114017005274736E-012
           8  2.708281752318958E-013
           9  1.912633244112939E-009
          10  2.713051082138141E-014
          14  2.276890486820179E-015
          15  2.251986868977071E-012
          16  1.273076321076785E-009
          17  9.398428557583504E-011
          18  4.593744523814074E-010
          19  2.121515802527139E-010
          20  4.674295736377007E-009
          21  7.576566043159394E-010
          22  1.700960209928966E-009
          23  4.889801131527440E-009
          24  1.134268191011026E-008
          25  1.387824325388384E-008
          26  1.210574067534493E-008
          27  2.554932909411524E-009
          28  1.592365057078962E-009
          29  9.012046594645589E-010
          30  2.842279602639786E-009
          31  4.938718380454131E-010
          32  6.125248026117168E-010
          33  8.033378599229400E-010
          34  4.327639304717472E-009
          35  3.015580722084383E-010
          36  1.223085396566253E-009
          37  7.510080497477285E-010
          38  9.911916375889505E-010
          39  2.882815583065005E-010
          40  6.292627823475845E-010
          41  9.135958313869455E-010
          42  6.193700760838929E-009
          43  5.448740539450932E-010
          44  1.013347468681630E-009
          45  4.402288672230623E-009
          46  7.410540900912653E-009
          47  8.093026706109214E-009
          48  6.011103584676934E-009
          49  5.020838410086463E-010
          50  3.131531967509191E-009
          51  1.592251461299596E-009
          52  6.281914548114605E-009
          53  2.121809337692240E-010
          54  5.027057257052619E-010
          55  3.274049872536332E-010
          56  4.093364954694771E-010
          57  1.114998757847171E-010
          58  2.255760815198215E-010
          59  1.552076402259368E-010
          60  1.760768240204043E-010
          61  1.747439622705659E-010
          62  8.325822443976310E-010
          63  3.485341761624048E-010
          64  3.733038125032383E-010
          65  3.151876395777949E-010
          66  4.508029940566044E-010
          67  5.740464857093318E-010
          68  8.295453319690832E-010
          69  1.555471938322209E-010
          70  4.689809323222435E-010
          71  1.624906299830276E-010
          72  2.085493286911009E-010
          73  2.241319152060125E-010
          74  4.420005904712114E-010
          75  1.020768243309767E-009
          76  2.732505238808143E-009
          77  5.475573554064553E-009
          78  1.030563317442117E-008
          79  8.099198192725690E-009
          80  3.242784975517224E-008
          81  1.244518281091327E-008
          82  1.101215761071435E-008
          83  4.826929701980165E-009
          84  5.403329653708061E-009
          85  3.641810709398537E-009
          86  3.944351293383491E-009
          87  2.555897801291420E-009
          88  6.053461659385807E-009
          89  2.702491607212158E-009
          90  5.185642156850900E-009
          91  3.697269672807178E-009
          92  3.069337315876729E-009
          93  2.471845717893189E-009
          94  5.505637911850401E-009
          95  2.928365614712133E-009
          96  3.592219733326418E-009
          97  1.598589218874831E-009
          98  1.482794455185882E-009
          99  1.611568504577363E-009
         100  1.419805011232851E-009
         101  1.036131774837231E-009
         102  1.796128810593989E-009
         103  1.733558001311495E-009
         104  1.715320062309245E-009
         105  1.815804491703729E-009
         106  2.308282891918526E-009
         107  1.750424098921509E-009
         108  5.875461691551721E-009
         109  2.635057275647786E-009
         110  7.141071907767117E-009
         111  5.063699697878917E-009
         112  6.729691471517648E-009
         113  3.447192847609054E-009
         114  2.756690137188214E-009
         115  1.436818420234163E-009
         116  1.481060867802661E-009
         117  1.316366572753879E-009
         118  1.412918772838908E-009
         119  5.230958604344523E-010
         120  7.386832599193388E-010
         121  6.044469932276622E-010
         122  7.716527859790949E-010
         123  7.078505372487593E-010
         124  1.872223583737200E-008
         125  8.480841323490119E-008
         126  6.938800859189902E-007
         127  3.506956662091691E-006
         128  2.856587006738670E-005
         129  1.398713460681687E-004
         130  3.371992320535002E-004
         131  1.123357100091452E-003
         132  1.052142371041410E-003
         133  3.328398897551582E-005
         134  8.243927483909560E-005
         135  8.343042549439835E-005
         136  2.239601195068635E-004
         137  1.213192329934590E-004
         138  8.584904382468579E-005
         139  1.468328102002543E-005
         140  3.287202766081573E-005
         141  2.395289838591778E-005
         142  9.150675303915058E-006
         143  1.661059267140293E-006
         144  7.975997335888167E-006
         145  4.282453592848286E-006
         146  1.692086395553409E-005
         147  1.447327968471397E-005
         148  1.492140135883515E-005
         149  9.480718039628953E-006
         150  2.670872776515802E-005
         151  1.436056453703037E-005
         152  2.047154848425315E-005
         153  7.522895765949387E-006
         154  2.531060441514571E-005
         155  1.315491486506710E-005
         156  2.241927190833230E-005
         157  1.401113345106644E-005
         158  4.521041368200832E-005
         159  3.510614946962044E-005
         160  4.649072411911144E-005
         161  1.860364506657840E-005
         162  4.567104441987891E-005
         163  1.103531025195678E-004
         164  1.282547125666690E-004
         165  5.711566738167907E-005
         166  6.509298974707785E-005
         167  3.010143930403632E-005
         168  7.240794167159578E-005
         169  3.468997192818933E-005
         170  4.257190279393691E-005
         171  2.561498540056357E-005
         172  5.016338561752143E-005
         173  3.394256848789711E-005
         174  7.626653930284335E-005
         175  3.810362841945090E-005
         176  3.099764531726896E-005
         177  9.845933370039765E-006
         178  2.302025954156120E-005
         179  6.703338346968111E-006
         180  9.511575959579637E-006
         181  4.875798738938429E-006
         182  1.169479258002726E-005
         183  6.343826401165386E-006
         184  1.188777953207193E-005
         185  3.780931873416432E-006
         186  1.444169726487919E-005
         187  4.318668868475045E-006
         188  1.461144728809425E-005
         189  1.256374082028378E-005
         190  2.633702303573182E-005
         191  2.825441582542961E-005
         192  1.004308318448531E-004
         193  1.334897627687181E-004
         194  3.337802532038361E-004
         195  2.277300443092693E-004
         196  4.260839470199890E-004
         197  2.240440327036268E-004
         198  1.620432782613643E-004
         199  1.326111117041928E-005
         200  2.377410413997264E-006
         201  8.766154492808874E-008
         202  1.058381739114392E-007
         203  2.623203708060193E-008
         204  9.447711139276977E-008
         205  8.353536992826853E-008
         206  2.282486917277951E-006
         207  1.520285726459241E-006
         208  2.492771466011368E-006
         209  1.567391743924319E-006
         226  6.098756145975749E-014
         227  4.695076333221658E-015
         230  2.874037804586879E-012
         231  7.048258888501846E-012
         232  5.496265121791168E-007
         234  9.357620238318900E-012
         235  1.514573539595167E-007
         236  1.534062983737300E-009
         238  1.702955655445426E-007
         240  2.977734217220674E-013
         244  3.634929246839539E-009
