           1  7.423089408202157E-005
           2  6.470609901488105E-012
           3  1.574717819390911E-008
           4  8.260973793052167E-005
           6  5.674563962362780E-015
           7  3.114017005274736E-012
           8  2.708281752318958E-013
           9  1.912633244112939E-009
          10  2.713051082138141E-014
          14  2.273311258635603E-015
          15  2.158881706238785E-012
          16  1.242578225557276E-009
          17  9.236665522436987E-011
          18  4.646859644381566E-010
          19  2.191193451856797E-010
          20  4.598229652126119E-009
          21  7.574735540681302E-010
          22  1.644547252886562E-009
          23  4.846991346950873E-009
          24  1.124995881094019E-008
          25  1.370117264167553E-008
          26  1.226980145445212E-008
          27  2.692110475311110E-009
          28  1.618879020520822E-009
          29  8.709329218689791E-010
          30  2.762847100608401E-009
          31  4.960630921702190E-010
          32  6.392852444063295E-010
          33  7.539714329985373E-010
          34  4.335555233205832E-009
          35  3.045287800853607E-010
          36  1.220877755449975E-009
          37  7.927651207816496E-010
          38  1.046940127325457E-009
          39  2.986624158049704E-010
          40  6.245882209084647E-010
          41  8.873410643610487E-010
          42  5.967887106322800E-009
          43  5.254910514539554E-010
          44  9.634851370872349E-010
          45  4.276151990151784E-009
          46  7.400223456370519E-009
          47  8.232690313825598E-009
          48  6.162090054941980E-009
          49  5.100006384903955E-010
          50  3.137896280653474E-009
          51  1.590310229426046E-009
          52  6.347564638142500E-009
          53  2.128482840516791E-010
          54  4.998364716799560E-010
          55  3.265996598574515E-010
          56  3.956965861621110E-010
          57  1.075890893949872E-010
          58  2.042964422194795E-010
          59  1.436875488427924E-010
          60  1.675424611390707E-010
          61  1.690021892931526E-010
          62  8.198859022498746E-010
          63  3.405147851086936E-010
          64  3.560697082588387E-010
          65  3.030660343015483E-010
          66  4.409694057595962E-010
          67  5.781998505274497E-010
          68  8.535802769518036E-010
          69  1.579701329491583E-010
          70  4.656335677005612E-010
          71  1.619145746041653E-010
          72  2.041681749184708E-010
          73  2.131305744380547E-010
          74  4.310438020150467E-010
          75  9.881970525882033E-010
          76  2.711116873641650E-009
          77  5.438756124785806E-009
          78  1.035528586774794E-008
          79  7.988291034462014E-009
          80  3.187981404387654E-008
          81  1.259912874991775E-008
          82  1.118471408889880E-008
          83  4.860242818930482E-009
          84  5.328495569417700E-009
          85  3.531356649010523E-009
          86  3.812231585906488E-009
          87  2.486217547778495E-009
          88  5.977176567030853E-009
          89  2.740123330693664E-009
          90  5.208693688252778E-009
          91  3.525797162106421E-009
          92  2.971905204894123E-009
          93  2.457676066572020E-009
          94  5.623656054833563E-009
          95  2.943566624427312E-009
          96  3.563834975303591E-009
          97  1.574599778533123E-009
          98  1.459423369491681E-009
          99  1.616587917524001E-009
         100  1.441914874845021E-009
         101  1.057552593166716E-009
         102  1.790581663936107E-009
         103  1.686437823960613E-009
         104  1.640376622145815E-009
         105  1.720989635857590E-009
         106  2.195226461758069E-009
         107  1.680907047477550E-009
         108  5.654258144815853E-009
         109  2.535080811703195E-009
         110  7.076753287760044E-009
         111  5.078900764625396E-009
         112  6.835810146620727E-009
         113  3.509251724331806E-009
         114  2.824536438939539E-009
         115  1.485503439365377E-009
         116  1.558802097462288E-009
         117  1.414235994128613E-009
         118  1.517596099868124E-009
         119  5.472663187339722E-010
         120  7.652956725257319E-010
         121  6.254475312342523E-010
         122  8.014773724307760E-010
         123  7.092057461924070E-010
         124  1.772739791408758E-008
         125  7.564455512990938E-008
         126  6.218623773064926E-007
         127  3.172985992248917E-006
         128  2.627305033855143E-005
         129  1.323794191863723E-004
         130  3.340781561697522E-004
         131  1.111307032548781E-003
         132  1.056553708316077E-003
         133  3.379658356654114E-005
         134  8.440922843092141E-005
         135  8.507592283192812E-005
         136  2.228429534032132E-004
         137  1.200349291658711E-004
         138  8.461184465875415E-005
         139  1.439983252458607E-005
         140  3.350225169365632E-005
         141  2.530439976568395E-005
         142  9.859927546944010E-006
         143  1.908023628554921E-006
         144  1.012685298346722E-005
         145  5.702092915222511E-006
         146  2.249520101504200E-005
         147  1.795435323570471E-005
         148  2.494288312317552E-005
         149  1.548391427396952E-005
         150  1.901712198553642E-005
         151  1.056147048588631E-005
         152  2.122833238593681E-005
         153  1.237779987808915E-005
         154  3.317918131939629E-005
         155  1.632703949395429E-005
         156  2.066318327210929E-005
         157  2.004344176276233E-005
         158  6.287458570431789E-005
         159  3.650271661519377E-005
         160  6.388137836762947E-005
         161  3.320100876815752E-005
         162  5.671757960225946E-005
         163  2.911394769088945E-005
         164  7.671901994234732E-005
         165  4.983430676213152E-005
         166  1.933965975990585E-004
         167  4.603272951763601E-005
         168  9.460443709574338E-005
         169  4.084952699937499E-005
         170  2.868619782114509E-005
         171  1.584230501539814E-005
         172  2.621665935478645E-005
         173  1.397910023011834E-005
         174  2.853038935152074E-005
         175  1.471839285316261E-005
         176  2.446077064154886E-005
         177  1.311927456333312E-005
         178  2.116347747712056E-005
         179  7.126080859988396E-006
         180  1.096776217327628E-005
         181  5.542830371353679E-006
         182  1.272349409192243E-005
         183  6.692756568792693E-006
         184  1.224089652112411E-005
         185  3.887990468762600E-006
         186  1.477467864671545E-005
         187  4.288273609623709E-006
         188  1.374655202629162E-005
         189  1.167979112793724E-005
         190  2.476245567908568E-005
         191  2.798073405743023E-005
         192  9.953562281330337E-005
         193  1.305159267626492E-004
         194  3.263033695867508E-004
         195  2.297328779994904E-004
         196  4.416021376785716E-004
         197  2.343299894288417E-004
         198  1.723135816675017E-004
         199  1.402461774719367E-005
         200  2.493611340116449E-006
         201  9.072797048758859E-008
         202  1.072219395879379E-007
         203  2.597734820590134E-008
         204  8.927126559203263E-008
         205  7.846477974172489E-008
         206  2.329210680626226E-006
         207  1.525684430379031E-006
         208  2.538543751403133E-006
         209  1.624487356641869E-006
         226  6.644513794574066E-014
         227  5.118502922826625E-015
         230  3.131226004388733E-012
         231  7.683907813460515E-012
         232  5.947289099936376E-007
         234  1.019500292677264E-011
         235  1.651165718946733E-007
         236  1.638553830932248E-009
         238  1.855347561587858E-007
         240  3.177575673865907E-013
         244  3.878876322871322E-009
