           1  7.381133912901544E-005
           2  6.470609901488105E-012
           3  1.574717819390911E-008
           4  8.208184058901786E-005
           6  5.674563962362780E-015
           7  3.114017005274736E-012
           8  2.708281752318958E-013
           9  1.912633244112939E-009
          10  2.713051082138141E-014
          14  2.365915153469812E-015
          15  2.405694796891541E-012
          16  1.267922496552080E-009
          17  9.376697105021425E-011
          18  4.448136157864186E-010
          19  1.916118785123085E-010
          20  4.752466848499408E-009
          21  7.770712249473503E-010
          22  1.480912330642409E-009
          23  4.988253363688056E-009
          24  1.148877588593638E-008
          25  1.394993550105939E-008
          26  1.204098582508454E-008
          27  2.581410021314739E-009
          28  1.561802357827414E-009
          29  7.914273472965364E-010
          30  2.576891040919135E-009
          31  4.493439597533798E-010
          32  6.169856583598444E-010
          33  8.571540810053018E-010
          34  4.478985932844145E-009
          35  2.856919211827964E-010
          36  1.105573322396394E-009
          37  8.947043870918538E-010
          38  1.233816133711693E-009
          39  3.274957465288151E-010
          40  5.966482519817463E-010
          41  8.247181791121123E-010
          42  6.072826561364502E-009
          43  5.178740545584623E-010
          44  9.976732432909892E-010
          45  4.513772372921593E-009
          46  7.520974691157979E-009
          47  8.003320892861475E-009
          48  5.806855455477713E-009
          49  5.678742767031702E-010
          50  3.092359611788934E-009
          51  1.491209560074808E-009
          52  6.304225482371419E-009
          53  2.516544333499410E-010
          54  6.575820689645305E-010
          55  4.148199224746543E-010
          56  4.184579537412158E-010
          57  1.092900495617485E-010
          58  2.059718354956686E-010
          59  1.432320891622116E-010
          60  1.713772396853620E-010
          61  1.847368897450227E-010
          62  8.676935187762453E-010
          63  3.498562561140707E-010
          64  3.512956652532438E-010
          65  2.934250896425380E-010
          66  4.235179257101995E-010
          67  5.774686377911155E-010
          68  8.668369085190843E-010
          69  1.620355082802175E-010
          70  4.822137451991845E-010
          71  1.649208945362215E-010
          72  2.016283925652206E-010
          73  2.073398938644023E-010
          74  4.398723990838588E-010
          75  1.077270825927761E-009
          76  2.834721462796482E-009
          77  5.467108900171412E-009
          78  9.987854231420407E-009
          79  7.962294625534539E-009
          80  3.248086529266821E-008
          81  1.274074684906680E-008
          82  1.084046927049822E-008
          83  4.613492618407155E-009
          84  4.970425182826188E-009
          85  3.388872244374423E-009
          86  3.728899192903183E-009
          87  2.698738037846943E-009
          88  6.505449027091823E-009
          89  2.884001206506706E-009
          90  5.483046090841446E-009
          91  3.712582174363270E-009
          92  2.950238041997891E-009
          93  2.467572530925280E-009
          94  6.079865261875873E-009
          95  3.101865883609474E-009
          96  3.451699382892934E-009
          97  1.503684630910171E-009
          98  1.397267965883433E-009
          99  1.553613721725242E-009
         100  1.392305045617813E-009
         101  1.048087323160857E-009
         102  1.865977026654531E-009
         103  1.777989621043039E-009
         104  1.727097530047129E-009
         105  1.810940605327557E-009
         106  2.355715230193716E-009
         107  1.826749852383988E-009
         108  6.117270016390659E-009
         109  2.684561534087742E-009
         110  7.284213593083699E-009
         111  5.216044617941886E-009
         112  6.901158767879734E-009
         113  3.503650283273266E-009
         114  2.778097385957496E-009
         115  1.437222357801576E-009
         116  1.497223873003488E-009
         117  1.362704531205428E-009
         118  1.444024479801305E-009
         119  5.129403221807141E-010
         120  7.136320671877056E-010
         121  5.811682560022411E-010
         122  7.325782879153399E-010
         123  6.832851075916629E-010
         124  1.797181108487735E-008
         125  8.572731566516337E-008
         126  6.942888485688555E-007
         127  3.501945692323882E-006
         128  2.842363210664082E-005
         129  1.390650517681324E-004
         130  3.328213102616388E-004
         131  1.097841807383197E-003
         132  1.073322550506557E-003
         133  3.343279366174584E-005
         134  8.534649971905207E-005
         135  9.998061181555764E-005
         136  2.351275650735045E-004
         137  1.230827983457772E-004
         138  8.762690974138463E-005
         139  1.549242007299520E-005
         140  3.526086992054844E-005
         141  2.549259141941975E-005
         142  1.029365060705282E-005
         143  1.883493154435508E-006
         144  8.822667282978638E-006
         145  5.118593414319921E-006
         146  1.984012730111140E-005
         147  1.495952576557761E-005
         148  2.090187585567357E-005
         149  1.434517017826112E-005
         150  2.724966906983885E-005
         151  1.162153034651819E-005
         152  1.605181839654081E-005
         153  6.444806930193271E-006
         154  2.312481204044734E-005
         155  1.345039094353506E-005
         156  2.519063585370339E-005
         157  1.590052481892402E-005
         158  4.016434103035664E-005
         159  2.456093284457483E-005
         160  4.924934352109958E-005
         161  3.001121132801181E-005
         162  1.026774977218478E-004
         163  4.563391938837548E-005
         164  7.059244486751237E-005
         165  5.422466343999134E-005
         166  9.045681957764181E-005
         167  3.223992527960152E-005
         168  6.918612495794569E-005
         169  3.197345840150050E-005
         170  6.127019707027481E-005
         171  2.862536605493076E-005
         172  5.871653733825567E-005
         173  3.052495227104292E-005
         174  3.288022867435628E-005
         175  1.817158982090565E-005
         176  3.297845876189027E-005
         177  1.355938291015373E-005
         178  1.416971873761078E-005
         179  6.112497534364828E-006
         180  1.153081659999048E-005
         181  5.382956686690360E-006
         182  1.147384639818464E-005
         183  6.050264792281023E-006
         184  1.117284748909715E-005
         185  3.602102972680022E-006
         186  1.382807257346053E-005
         187  4.033294652954113E-006
         188  1.342363482067506E-005
         189  1.186713855704698E-005
         190  2.550390548127128E-005
         191  2.866084478940039E-005
         192  1.030803397302312E-004
         193  1.357427036039340E-004
         194  3.384680072492777E-004
         195  2.337563716510553E-004
         196  4.430479937579438E-004
         197  2.325266007085148E-004
         198  1.688722441639284E-004
         199  1.389162266023245E-005
         200  2.475673753583077E-006
         201  9.279336461880603E-008
         202  1.100204611937901E-007
         203  2.642185946743296E-008
         204  8.183999024008639E-008
         205  7.151861069000268E-008
         206  2.295273614936066E-006
         207  1.513210637324542E-006
         208  2.549980342170518E-006
         209  1.601583822266178E-006
         226  5.794796958549017E-014
         227  4.524603088388263E-015
         230  2.730797088807092E-012
         231  6.792344079482274E-012
         232  5.336912386434106E-007
         234  8.891240770800070E-012
         235  1.459580979834925E-007
         236  1.408532110315664E-009
         238  1.618081132696306E-007
         240  2.731002445572730E-013
         244  3.333743020177328E-009
