           1  7.398987365269221E-005
           2  6.470609901488105E-012
           3  1.574717819390911E-008
           4  8.108686796310874E-005
           6  5.674563962362780E-015
           7  3.114017005274736E-012
           8  2.708281752318958E-013
           9  1.912633244112939E-009
          10  2.713051082138141E-014
          14  2.371275180619198E-015
          15  2.280454676908858E-012
          16  1.222032938422997E-009
          17  9.119825330761225E-011
          18  4.707998012347815E-010
          19  2.277491692562585E-010
          20  4.567893797407719E-009
          21  7.399470253423737E-010
          22  1.590108320513932E-009
          23  4.832628313525150E-009
          24  1.120462799109156E-008
          25  1.374597838259170E-008
          26  1.255371126146300E-008
          27  2.642838848879294E-009
          28  1.563243286505238E-009
          29  8.740262836891063E-010
          30  2.708624300293188E-009
          31  4.703307007363087E-010
          32  6.540177580605917E-010
          33  7.682937445930075E-010
          34  4.373083046246553E-009
          35  3.051512852118184E-010
          36  1.244835859311903E-009
          37  8.633504529890593E-010
          38  1.158489303502315E-009
          39  3.001710722491100E-010
          40  5.999121410499696E-010
          41  8.614321443655290E-010
          42  5.742964432459114E-009
          43  4.982171126037857E-010
          44  9.829142053517225E-010
          45  4.361847739281811E-009
          46  7.556375451693136E-009
          47  8.279959220375314E-009
          48  6.094047513019880E-009
          49  5.365284148470802E-010
          50  3.116341334374922E-009
          51  1.541274448468671E-009
          52  6.347959709011310E-009
          53  2.321217867257505E-010
          54  5.763946980975451E-010
          55  3.461998895437652E-010
          56  3.841473327534537E-010
          57  1.016550261656548E-010
          58  2.027966967388606E-010
          59  1.391633205737714E-010
          60  1.650082520949185E-010
          61  1.698824305287220E-010
          62  7.966737991764778E-010
          63  3.313343949354000E-010
          64  3.580342571191859E-010
          65  3.027773813231203E-010
          66  4.344006059835517E-010
          67  5.734800625708321E-010
          68  8.202645915028439E-010
          69  1.534960215070293E-010
          70  4.553955907323866E-010
          71  1.568179943971504E-010
          72  1.984679708460442E-010
          73  2.154995223016054E-010
          74  4.261389957670060E-010
          75  9.882525832539477E-010
          76  2.692949465028266E-009
          77  5.542095203355904E-009
          78  1.032929251038588E-008
          79  7.990848768881467E-009
          80  3.138921788764049E-008
          81  1.319090206337059E-008
          82  1.130656431672980E-008
          83  4.785380951749600E-009
          84  5.184251929761368E-009
          85  3.467268938394443E-009
          86  3.763790435819162E-009
          87  2.561633979284766E-009
          88  6.150160352085384E-009
          89  2.769078888516138E-009
          90  5.255011421690705E-009
          91  3.586869444073896E-009
          92  2.983157845965690E-009
          93  2.455013243657148E-009
          94  5.585163947643092E-009
          95  2.980450845831425E-009
          96  3.746668050371284E-009
          97  1.653939676929503E-009
          98  1.509538583648915E-009
          99  1.645865468371903E-009
         100  1.456648801575011E-009
         101  1.065533572517209E-009
         102  1.816168664469961E-009
         103  1.703661547501967E-009
         104  1.659307433038223E-009
         105  1.732657447786052E-009
         106  2.200221652117587E-009
         107  1.699346520807481E-009
         108  5.801998841429472E-009
         109  2.601167402823246E-009
         110  7.237102818002598E-009
         111  5.235482260497843E-009
         112  6.993460382450043E-009
         113  3.575251531660913E-009
         114  2.848289000177628E-009
         115  1.480650824092846E-009
         116  1.536443038326499E-009
         117  1.381120120331470E-009
         118  1.492753027691628E-009
         119  5.518950759263393E-010
         120  7.833222012688037E-010
         121  6.452323785319287E-010
         122  8.039326367592911E-010
         123  7.267493395678477E-010
         124  1.752063054601044E-008
         125  8.096420578192728E-008
         126  6.566905362871469E-007
         127  3.332765048787693E-006
         128  2.734905777111612E-005
         129  1.360117157332123E-004
         130  3.357478323718806E-004
         131  1.097423519011829E-003
         132  1.073219556223753E-003
         133  3.403849040171167E-005
         134  8.582545905938043E-005
         135  9.321877950640123E-005
         136  2.297449066733748E-004
         137  1.212745806638694E-004
         138  8.474983831313207E-005
         139  1.494095691272913E-005
         140  3.406401724934438E-005
         141  2.428478692020431E-005
         142  9.521805626839077E-006
         143  1.626386010850958E-006
         144  6.492104629776030E-006
         145  2.910131692914297E-006
         146  1.117611538868299E-005
         147  1.135335381467903E-005
         148  1.438406011250211E-005
         149  1.052465724030747E-005
         150  1.852473856905702E-005
         151  1.598736573673151E-005
         152  4.442736347477065E-005
         153  1.948639311960517E-005
         154  4.965327599616214E-005
         155  2.097941307339578E-005
         156  2.729066577967369E-005
         157  1.655725336896036E-005
         158  5.329905625689180E-005
         159  2.527021449301763E-005
         160  4.618718432820812E-005
         161  2.807589747809702E-005
         162  5.475759049537648E-005
         163  2.965609447808047E-005
         164  7.312708278686117E-005
         165  4.256189743803937E-005
         166  1.116518796680176E-004
         167  3.701677700763985E-005
         168  1.258830182606019E-004
         169  6.146265128584095E-005
         170  4.057126357806728E-005
         171  1.556634855947102E-005
         172  3.197669968574093E-005
         173  3.116344766086703E-005
         174  4.576583519773524E-005
         175  1.647879330862292E-005
         176  1.688687748907095E-005
         177  8.761191115723524E-006
         178  1.964449070016213E-005
         179  6.257724268782453E-006
         180  1.002591647408984E-005
         181  5.215114716599492E-006
         182  1.214814455755061E-005
         183  6.368799399109936E-006
         184  1.166954830638679E-005
         185  3.710622242177837E-006
         186  1.396821868312965E-005
         187  4.118074609492340E-006
         188  1.374568839451936E-005
         189  1.188976690905583E-005
         190  2.539730346132574E-005
         191  2.796897839494263E-005
         192  1.009595250917956E-004
         193  1.337274976002488E-004
         194  3.343607286579970E-004
         195  2.335511752042206E-004
         196  4.438540912696982E-004
         197  2.326508740269790E-004
         198  1.682031773347989E-004
         199  1.377776607608577E-005
         200  2.417792196273495E-006
         201  9.010365208963334E-008
         202  1.047063099847975E-007
         203  2.439737968610942E-008
         204  8.025386036243905E-008
         205  7.032863805242467E-008
         206  2.192588838418640E-006
         207  1.417209765585467E-006
         208  2.368662338001123E-006
         209  1.529254264968181E-006
         226  5.965880055274827E-014
         227  4.682444972271054E-015
         230  2.811419969267761E-012
         231  7.029296661740162E-012
         232  5.542552643778465E-007
         234  9.153741944816034E-012
         235  1.510498818822367E-007
         236  1.449745604500584E-009
         238  1.665852665144374E-007
         240  2.809410375325720E-013
         244  3.429455819323418E-009
