           1  7.430182117576804E-005
           2  6.470609901488105E-012
           3  1.574717819390911E-008
           4  8.169822857742285E-005
           6  5.674563962362780E-015
           7  3.114017005274736E-012
           8  2.708281752318958E-013
           9  1.912633244112939E-009
          10  2.713051082138141E-014
          14  2.278133890207470E-015
          15  2.102820449674191E-012
          16  1.280711077135014E-009
          17  9.438029162820470E-011
          18  4.455026290314549E-010
          19  1.939652073409965E-010
          20  4.660705916392051E-009
          21  7.765380405538143E-010
          22  1.698582900916892E-009
          23  4.890211545332731E-009
          24  1.135309899752143E-008
          25  1.367014574895316E-008
          26  1.227353649169362E-008
          27  2.690727178860714E-009
          28  1.609611840796381E-009
          29  8.082413266928900E-010
          30  2.710113191589045E-009
          31  4.683375555848323E-010
          32  5.821872076536307E-010
          33  7.897806150324043E-010
          34  4.421069278136027E-009
          35  2.862961586554048E-010
          36  1.126401887647724E-009
          37  8.114856117710289E-010
          38  1.100137088266087E-009
          39  3.076612124218810E-010
          40  6.022303915613467E-010
          41  8.530267342376434E-010
          42  6.233772688620312E-009
          43  5.157180144269229E-010
          44  9.440097157092257E-010
          45  4.213936450785952E-009
          46  7.331199306967236E-009
          47  8.158612683268439E-009
          48  6.063907804293647E-009
          49  5.293320882049916E-010
          50  3.157152406165400E-009
          51  1.559671301720664E-009
          52  6.283855229050655E-009
          53  2.188935557063752E-010
          54  5.520741010651278E-010
          55  3.799165916071391E-010
          56  4.201514149352073E-010
          57  1.070835048915335E-010
          58  2.093688697963313E-010
          59  1.458730543834598E-010
          60  1.608612441225865E-010
          61  1.693700139107434E-010
          62  8.317510680123259E-010
          63  3.349569954050114E-010
          64  3.517168596941083E-010
          65  3.026311286798355E-010
          66  4.186092488561526E-010
          67  5.759505731456296E-010
          68  8.725177754035485E-010
          69  1.636759396392629E-010
          70  5.016112945563376E-010
          71  1.725148651967876E-010
          72  2.038613396056807E-010
          73  2.058518753266113E-010
          74  4.216720268900405E-010
          75  1.003338191254809E-009
          76  2.760816576953189E-009
          77  5.430825763864781E-009
          78  1.024073705004086E-008
          79  7.961020566267751E-009
          80  3.307841250012281E-008
          81  1.210058792594375E-008
          82  1.090523015086463E-008
          83  4.776306318558104E-009
          84  5.113060583896354E-009
          85  3.489698737715625E-009
          86  3.771498435154257E-009
          87  2.461948150707953E-009
          88  6.174158359211321E-009
          89  2.848483739733348E-009
          90  5.491119270583636E-009
          91  3.538853686614130E-009
          92  2.805921223159460E-009
          93  2.393646597950680E-009
          94  6.041326838282476E-009
          95  2.975049864403206E-009
          96  3.492224384252389E-009
          97  1.481787931670058E-009
          98  1.353943035729855E-009
          99  1.543906919881190E-009
         100  1.351162291209331E-009
         101  1.032633550078414E-009
         102  1.842355428411694E-009
         103  1.726331389830402E-009
         104  1.657274359518440E-009
         105  1.766895739400236E-009
         106  2.224046738947821E-009
         107  1.722215878498308E-009
         108  5.766070487700865E-009
         109  2.566411158425494E-009
         110  7.245330687888584E-009
         111  5.162136214109462E-009
         112  6.876153431763843E-009
         113  3.419135866074307E-009
         114  2.678243695247074E-009
         115  1.414859257780995E-009
         116  1.492629240886923E-009
         117  1.355076800585584E-009
         118  1.460832513924222E-009
         119  5.399676449160425E-010
         120  7.687148095351257E-010
         121  6.231384755287967E-010
         122  7.848383052590377E-010
         123  7.040921968326134E-010
         124  1.875696843507580E-008
         125  8.274135951409043E-008
         126  6.607155671457474E-007
         127  3.347747100071769E-006
         128  2.747507281358946E-005
         129  1.360367528328465E-004
         130  3.378337902603960E-004
         131  1.114340487262563E-003
         132  1.046179186942062E-003
         133  3.200213944852917E-005
         134  8.083233387082129E-005
         135  8.896531168017041E-005
         136  2.210734954833280E-004
         137  1.174320390575614E-004
         138  8.263349112311909E-005
         139  1.425730644711835E-005
         140  3.324244801101402E-005
         141  2.457267382599048E-005
         142  9.706304067218358E-006
         143  1.676500293378373E-006
         144  7.275555540544733E-006
         145  3.509175228325335E-006
         146  1.235472128689401E-005
         147  8.077617137094802E-006
         148  6.445993133566697E-006
         149  5.516389605345851E-006
         150  4.592483927013797E-005
         151  1.842668439682334E-005
         152  2.535816680284922E-005
         153  1.028591147227094E-005
         154  2.558863738504071E-005
         155  1.584433175405554E-005
         156  9.129331447319779E-005
         157  3.744881210919826E-005
         158  4.896823896104494E-005
         159  2.249107893034080E-005
         160  4.191716872866495E-005
         161  2.564919109098347E-005
         162  1.111490991780403E-004
         163  3.960792736464967E-005
         164  5.284463602098290E-005
         165  3.009216131190536E-005
         166  5.851223882613377E-005
         167  2.351786766148631E-005
         168  9.035848235217164E-005
         169  3.440222160863289E-005
         170  5.059409295785993E-005
         171  4.196879023833790E-005
         172  9.665072826982891E-005
         173  3.595121083160553E-005
         174  3.335105711209728E-005
         175  2.153778994428122E-005
         176  3.518421265879086E-005
         177  1.814450739912416E-005
         178  2.459006346462610E-005
         179  9.019402024079804E-006
         180  1.485516263712482E-005
         181  7.263404136052380E-006
         182  1.572690660483044E-005
         183  8.069844451336880E-006
         184  1.427519266932899E-005
         185  4.509127188796854E-006
         186  1.704666254422104E-005
         187  4.876642832016626E-006
         188  1.562521769191425E-005
         189  1.360258040842062E-005
         190  2.772595339588938E-005
         191  3.185182028863775E-005
         192  1.098585426215405E-004
         193  1.368971729448006E-004
         194  3.243656382840864E-004
         195  2.221606870543654E-004
         196  4.227396106633547E-004
         197  2.163951310279100E-004
         198  1.542588729717639E-004
         199  1.202379181138911E-005
         200  2.110381978115566E-006
         201  7.868255840962412E-008
         202  9.625045931002370E-008
         203  2.377859403789889E-008
         204  8.150845135684590E-008
         205  7.221189508828254E-008
         206  2.221013044506071E-006
         207  1.467351763949691E-006
         208  2.455854589930558E-006
         209  1.541473759753254E-006
         226  6.374388879544159E-014
         227  4.953953682693831E-015
         230  3.003929683766201E-012
         231  7.436886133289796E-012
         232  5.590920902227670E-007
         234  9.780537040408919E-012
         235  1.598084169813620E-007
         236  1.627305574904841E-009
         238  1.779920582591423E-007
         240  3.160887160421590E-013
         244  3.858504603577435E-009
