           1  7.457480994624634E-005
           2  6.470609901488105E-012
           3  1.574717819390911E-008
           4  8.302215359690237E-005
           6  5.674563962362780E-015
           7  3.114017005274736E-012
           8  2.708281752318958E-013
           9  1.912633244112939E-009
          10  2.713051082138141E-014
          14  2.114132572741219E-015
          15  1.959197711869161E-012
          16  1.234834033174172E-009
          17  9.175825953236516E-011
          18  4.655203441857466E-010
          19  2.227023432061607E-010
          20  4.581052899003308E-009
          21  7.492710298897156E-010
          22  1.646706748005467E-009
          23  4.841172088280439E-009
          24  1.123427794069571E-008
          25  1.369709669531691E-008
          26  1.236733429417240E-008
          27  2.629061277978780E-009
          28  1.565330476702756E-009
          29  8.567804453646043E-010
          30  2.690985715064901E-009
          31  4.639174979072870E-010
          32  6.362351010929130E-010
          33  7.665611013252368E-010
          34  4.394491926309418E-009
          35  2.955508342676498E-010
          36  1.192689631501722E-009
          37  7.920198264309298E-010
          38  1.056548491340616E-009
          39  2.836754625965728E-010
          40  6.045290694923607E-010
          41  8.859726236127488E-010
          42  5.908256370367329E-009
          43  4.972191276362119E-010
          44  9.682082852661404E-010
          45  4.303259658841283E-009
          46  7.462936205904812E-009
          47  8.291734455664395E-009
          48  6.151299949766640E-009
          49  5.064057829143842E-010
          50  3.112851763946899E-009
          51  1.562338375551222E-009
          52  6.235048465689889E-009
          53  2.152007289659732E-010
          54  5.294395832551660E-010
          55  3.334010819855961E-010
          56  3.793745736301311E-010
          57  9.859172422285177E-011
          58  1.995711854855398E-010
          59  1.378814063595721E-010
          60  1.601723198007963E-010
          61  1.671700988097902E-010
          62  8.004221555670704E-010
          63  3.300932673604275E-010
          64  3.570197235625818E-010
          65  3.061978418907928E-010
          66  4.312010966820677E-010
          67  5.807034822701626E-010
          68  8.432386666475013E-010
          69  1.573834457321939E-010
          70  4.736763326972402E-010
          71  1.628326302571091E-010
          72  2.005862565743753E-010
          73  2.137931907599490E-010
          74  4.275510941092450E-010
          75  1.001829138740688E-009
          76  2.732069988532895E-009
          77  5.505733279917058E-009
          78  1.044979847826128E-008
          79  8.040433541984117E-009
          80  3.187926935687062E-008
          81  1.258721398129723E-008
          82  1.086071131830187E-008
          83  4.633810488004703E-009
          84  5.230551048548349E-009
          85  3.491724280970677E-009
          86  3.757933869071625E-009
          87  2.462083595155569E-009
          88  5.936379253407330E-009
          89  2.742742437958330E-009
          90  5.315991780007174E-009
          91  3.503468070771707E-009
          92  2.878377930705429E-009
          93  2.390623454364695E-009
          94  5.550820367399916E-009
          95  2.847274209265867E-009
          96  3.562119093913556E-009
          97  1.544166150685133E-009
          98  1.417593458830028E-009
          99  1.574188393960590E-009
         100  1.369771729309693E-009
         101  1.023678882900903E-009
         102  1.762005936545112E-009
         103  1.658809590189651E-009
         104  1.603152458474891E-009
         105  1.703461961800180E-009
         106  2.153989647527196E-009
         107  1.666543432337286E-009
         108  5.675103153986030E-009
         109  2.560635607289290E-009
         110  7.176640010469467E-009
         111  5.106893245321537E-009
         112  6.761535602741146E-009
         113  3.393507173857216E-009
         114  2.667467989919170E-009
         115  1.402774063462210E-009
         116  1.459003394824835E-009
         117  1.319586819985997E-009
         118  1.430251469818669E-009
         119  5.298640324531801E-010
         120  7.565473343967727E-010
         121  6.168355220663001E-010
         122  7.938447295421994E-010
         123  7.067253909824999E-010
         124  1.932447988454233E-008
         125  8.263380245556568E-008
         126  6.668817063361056E-007
         127  3.404332123428771E-006
         128  2.799176524555520E-005
         129  1.378797264557349E-004
         130  3.395990196328068E-004
         131  1.096281297410402E-003
         132  1.037346395609396E-003
         133  3.241225109110207E-005
         134  8.081635391682299E-005
         135  8.461523166192515E-005
         136  2.118641219712262E-004
         137  1.132555007825347E-004
         138  8.505579798933454E-005
         139  1.448018714524206E-005
         140  3.329304675190530E-005
         141  2.433816529740944E-005
         142  9.718811987369519E-006
         143  1.613606948414211E-006
         144  5.740572240413906E-006
         145  2.128356354079127E-006
         146  1.034506817209829E-005
         147  1.704160192880377E-005
         148  3.718423665310770E-005
         149  2.381645513054702E-005
         150  2.304498790416026E-005
         151  1.081942428714841E-005
         152  2.022897205103463E-005
         153  1.054008373056950E-005
         154  8.166975095485473E-005
         155  3.488234494507944E-005
         156  7.295707967014396E-005
         157  2.781612580307918E-005
         158  3.954667563085703E-005
         159  2.015865762632675E-005
         160  5.347003459563811E-005
         161  3.332665480197310E-005
         162  1.001307296525544E-004
         163  6.297747554636757E-005
         164  6.543400652313309E-005
         165  3.398960898208161E-005
         166  4.743465034948456E-005
         167  2.722493086467813E-005
         168  7.818114733360558E-005
         169  2.240623282023837E-005
         170  2.721893220855767E-005
         171  2.355695457327884E-005
         172  4.316626373937721E-005
         173  3.323663760234196E-005
         174  8.226427744157791E-005
         175  3.621989365261927E-005
         176  4.315258176915327E-005
         177  2.089209863327375E-005
         178  2.364768781807083E-005
         179  1.044500068783918E-005
         180  1.915590332618323E-005
         181  8.263122742770080E-006
         182  1.575697611736411E-005
         183  7.646588174733201E-006
         184  1.319562116339992E-005
         185  4.096729525358531E-006
         186  1.526870642293642E-005
         187  4.439077327081669E-006
         188  1.460452061517359E-005
         189  1.275649235944975E-005
         190  2.627294711575505E-005
         191  2.955933118483052E-005
         192  1.041055161701638E-004
         193  1.343062286886756E-004
         194  3.252920865924099E-004
         195  2.229260062602261E-004
         196  4.222358249947580E-004
         197  2.176400308724980E-004
         198  1.549444211114333E-004
         199  1.224856820996400E-005
         200  2.238635598867311E-006
         201  9.185414121796436E-008
         202  1.122832088954334E-007
         203  2.640631552612596E-008
         204  8.909070596520499E-008
         205  7.759432699575148E-008
         206  2.351511345054303E-006
         207  1.521462961629402E-006
         208  2.551412661235686E-006
         209  1.632295509314278E-006
         226  6.878699583973402E-014
         227  5.327107087935236E-015
         230  3.241586018122817E-012
         231  7.997064843624577E-012
         232  6.090991437653144E-007
         234  1.055432565258058E-011
         235  1.718458841848113E-007
         236  1.772748590604590E-009
         238  1.920739258671159E-007
         240  3.442965049245246E-013
         244  4.202837943350410E-009
