           1  7.479803270427985E-005
           2  6.470609901488105E-012
           3  1.574717819390911E-008
           4  7.979047271994280E-005
           6  5.674563962362780E-015
           7  3.114017005274736E-012
           8  2.708281752318958E-013
           9  1.912633244112939E-009
          10  2.713051082138141E-014
          14  1.873520087960079E-015
          15  1.843991087984101E-012
          16  1.190097357756363E-009
          17  8.922602059320048E-011
          18  4.659712883232989E-010
          19  2.248952227068023E-010
          20  4.483032243880493E-009
          21  7.261537936070171E-010
          22  1.636093801077225E-009
          23  4.760603681502945E-009
          24  1.106182002362831E-008
          25  1.358482912670323E-008
          26  1.224888681307477E-008
          27  2.526541808498124E-009
          28  1.542748877877758E-009
          29  8.938493144603410E-010
          30  2.760942070930929E-009
          31  4.591715740461202E-010
          32  6.474524948800090E-010
          33  7.670270615147714E-010
          34  4.298888713017096E-009
          35  2.974121001130423E-010
          36  1.250415186150540E-009
          37  7.513476757177675E-010
          38  9.937217906026750E-010
          39  2.737226378071096E-010
          40  6.162343914143648E-010
          41  9.186016986545437E-010
          42  5.894526035667774E-009
          43  4.797743080499617E-010
          44  9.809474595221984E-010
          45  4.340207592747502E-009
          46  7.411462585545390E-009
          47  8.247891489452090E-009
          48  6.139786386635211E-009
          49  4.871724380711934E-010
          50  3.139555138818346E-009
          51  1.589134047006221E-009
          52  6.243406813006381E-009
          53  2.033804972146896E-010
          54  4.966410875340778E-010
          55  3.107800996589477E-010
          56  3.823483884035670E-010
          57  9.680893874897258E-011
          58  2.127958977684900E-010
          59  1.439961340205633E-010
          60  1.642831671687631E-010
          61  1.728008732745617E-010
          62  8.104273354436954E-010
          63  3.340886484966686E-010
          64  3.753947317680582E-010
          65  3.227977114214373E-010
          66  4.382001171331806E-010
          67  5.898985675924998E-010
          68  8.242662457009845E-010
          69  1.553339594688757E-010
          70  4.711564975230829E-010
          71  1.615489093810498E-010
          72  1.992189725470988E-010
          73  2.234357055004747E-010
          74  4.355356482445575E-010
          75  1.013277072893357E-009
          76  2.750771083482906E-009
          77  5.605646324545497E-009
          78  1.038132676041428E-008
          79  7.949115335607016E-009
          80  3.127731323893387E-008
          81  1.220866438733343E-008
          82  1.063717374962963E-008
          83  4.549932935070479E-009
          84  5.268960860380492E-009
          85  3.521699981445014E-009
          86  3.745927662212910E-009
          87  2.328555913367206E-009
          88  5.653231478621258E-009
          89  2.631229644232276E-009
          90  5.109993358713121E-009
          91  3.311685150732024E-009
          92  2.823900788694886E-009
          93  2.364376020936005E-009
          94  5.344288551044366E-009
          95  2.726818196315693E-009
          96  3.621466998208691E-009
          97  1.540185315881038E-009
          98  1.383099395907712E-009
          99  1.528032660433892E-009
         100  1.300740469396980E-009
         101  9.816079497415160E-010
         102  1.706150143181646E-009
         103  1.589023914423327E-009
         104  1.533453961378278E-009
         105  1.645735853458409E-009
         106  2.057444567725967E-009
         107  1.612320779935390E-009
         108  5.531160203637182E-009
         109  2.505151741045326E-009
         110  6.962219381058646E-009
         111  4.939192202797376E-009
         112  6.417418773051407E-009
         113  3.150041473756546E-009
         114  2.429738874991617E-009
         115  1.272585066817806E-009
         116  1.307987587358793E-009
         117  1.155696348735558E-009
         118  1.265197836205178E-009
         119  4.969957879389855E-010
         120  7.286110203566336E-010
         121  5.942533837642837E-010
         122  7.435761620577793E-010
         123  6.802749156676516E-010
         124  1.856271219195489E-008
         125  8.435797648025193E-008
         126  6.704478946515252E-007
         127  3.459748109549269E-006
         128  2.852047254399239E-005
         129  1.376384977868773E-004
         130  3.315123364582848E-004
         131  1.073972405087169E-003
         132  1.018530192400556E-003
         133  3.384244700597358E-005
         134  8.434367738834988E-005
         135  7.729594244578213E-005
         136  2.060095268974675E-004
         137  1.129667744197379E-004
         138  8.945801931783864E-005
         139  1.439951449652958E-005
         140  3.330568832823385E-005
         141  2.508713641139663E-005
         142  9.703647352648835E-006
         143  2.005203440407692E-006
         144  1.177414557058700E-005
         145  7.176832681678341E-006
         146  2.878180447366687E-005
         147  2.130933071519912E-005
         148  2.719394328874733E-005
         149  1.623823895659835E-005
         150  2.384677572903391E-005
         151  1.667263109318797E-005
         152  4.938494589855586E-005
         153  1.941133743897151E-005
         154  5.429654787080905E-005
         155  2.753803953242640E-005
         156  3.955803118108787E-005
         157  2.125101680890742E-005
         158  6.235498927738909E-005
         159  4.940904990466828E-005
         160  6.732085560061801E-005
         161  2.731087396257052E-005
         162  5.460000665150714E-005
         163  3.230130936552337E-005
         164  9.825461049364127E-005
         165  6.597767844359126E-005
         166  7.713396223892500E-005
         167  2.705636879155556E-005
         168  1.107373390622507E-004
         169  3.911475716084594E-005
         170  4.690837302407715E-005
         171  3.202145795029659E-005
         172  5.760060685107669E-005
         173  3.614109313450908E-005
         174  5.041199578912470E-005
         175  2.248414748707990E-005
         176  2.929146091187986E-005
         177  1.441413567937841E-005
         178  1.686140829144750E-005
         179  7.958278465693708E-006
         180  1.583882888463021E-005
         181  7.280973500069498E-006
         182  1.474282761990962E-005
         183  7.269472148919141E-006
         184  1.267898177073983E-005
         185  3.996082616497032E-006
         186  1.522714507585164E-005
         187  4.485802450493922E-006
         188  1.508891515889255E-005
         189  1.338896796741376E-005
         190  2.716116262098491E-005
         191  3.067863674906135E-005
         192  1.078267259525594E-004
         193  1.374060696894197E-004
         194  3.247929047863871E-004
         195  2.203910754860487E-004
         196  4.140723788353703E-004
         197  2.077924642804207E-004
         198  1.431221123056517E-004
         199  1.101669782173515E-005
         200  1.981489435002538E-006
         201  8.160566378414058E-008
         202  1.037778302658905E-007
         203  2.541786721545209E-008
         204  7.767587002972412E-008
         205  6.567440740013499E-008
         206  2.063298891388339E-006
         207  1.329662003858945E-006
         208  2.223682397865449E-006
         209  1.432420174711333E-006
         226  5.787348923212269E-014
         227  4.527071133321297E-015
         230  2.727287203411553E-012
         231  6.796049113948571E-012
         232  5.158553949087143E-007
         234  8.879812885419070E-012
         235  1.460377140596712E-007
         236  1.513231408481133E-009
         238  1.616001417817551E-007
         240  2.940593901020154E-013
         244  3.589591949503397E-009
