           1  7.442996004151033E-005
           2  6.470609901488105E-012
           3  1.574717819390911E-008
           4  8.176374072223586E-005
           6  5.674563962362780E-015
           7  3.114017005274736E-012
           8  2.708281752318958E-013
           9  1.912633244112939E-009
          10  2.713051082138141E-014
          14  2.141996616928887E-015
          15  2.033724184028428E-012
          16  1.190578277780905E-009
          17  8.941806125542387E-011
          18  4.736873366601425E-010
          19  2.330899596872523E-010
          20  4.496005932497982E-009
          21  7.330737286752855E-010
          22  1.578268277997182E-009
          23  4.780443579442049E-009
          24  1.109472064273036E-008
          25  1.362013903382209E-008
          26  1.256039035025679E-008
          27  2.697509940814641E-009
          28  1.564615685419924E-009
          29  8.673203802242867E-010
          30  2.675690164533376E-009
          31  4.727212310045964E-010
          32  6.579432659149068E-010
          33  7.255766497189783E-010
          34  4.289974423775613E-009
          35  3.096872592116282E-010
          36  1.282525929872031E-009
          37  8.552549730970138E-010
          38  1.133346522986917E-009
          39  2.969164800416297E-010
          40  6.009694184727515E-010
          41  8.598008085364235E-010
          42  5.629097030416986E-009
          43  4.846762065431606E-010
          44  9.602170297607949E-010
          45  4.299300734924979E-009
          46  7.516600820856187E-009
          47  8.360313987871336E-009
          48  6.208521319762096E-009
          49  5.290335340793763E-010
          50  3.143931747613440E-009
          51  1.564339611717565E-009
          52  6.271731443148074E-009
          53  2.184508468016920E-010
          54  5.304597246374024E-010
          55  3.224420829225617E-010
          56  3.757363436363356E-010
          57  9.968219788650671E-011
          58  1.952633831041454E-010
          59  1.367511718151068E-010
          60  1.627728197867092E-010
          61  1.667666328398759E-010
          62  7.923628117067677E-010
          63  3.286171293935341E-010
          64  3.515082128980314E-010
          65  3.021828134835926E-010
          66  4.364956187809694E-010
          67  5.785996057352438E-010
          68  8.302386877094287E-010
          69  1.533684566219857E-010
          70  4.506075536566908E-010
          71  1.569229992512431E-010
          72  1.991531580619862E-010
          73  2.161485937406300E-010
          74  4.302625376730316E-010
          75  9.789718728912587E-010
          76  2.695634201354477E-009
          77  5.533893062194881E-009
          78  1.039563090149237E-008
          79  7.920865733396950E-009
          80  3.092513833283258E-008
          81  1.308600266041932E-008
          82  1.122485348853143E-008
          83  4.718005936725438E-009
          84  5.187364583553612E-009
          85  3.421910825934945E-009
          86  3.684236179609378E-009
          87  2.443763567309993E-009
          88  5.879091762053617E-009
          89  2.687652810723106E-009
          90  5.084477430175225E-009
          91  3.383710126190142E-009
          92  2.916164814909031E-009
          93  2.427590105431056E-009
          94  5.474191677367164E-009
          95  2.856763186925037E-009
          96  3.655816150186744E-009
          97  1.599098810649447E-009
          98  1.467886184747403E-009
          99  1.628401468547499E-009
         100  1.431262841920675E-009
         101  1.050833001196756E-009
         102  1.756543842661982E-009
         103  1.628548857438445E-009
         104  1.562101418081648E-009
         105  1.646883681074658E-009
         106  2.096057568216103E-009
         107  1.623308035321596E-009
         108  5.541017508036771E-009
         109  2.503325240475467E-009
         110  7.077845665292152E-009
         111  5.082188396161605E-009
         112  6.783401497955778E-009
         113  3.438191374955719E-009
         114  2.730796334268420E-009
         115  1.437381541585359E-009
         116  1.497868985334658E-009
         117  1.341887510126522E-009
         118  1.451022760685817E-009
         119  5.447261936038449E-010
         120  7.787903992514730E-010
         121  6.385160482538983E-010
         122  8.082296284863643E-010
         123  7.135748936953108E-010
         124  1.734091865221699E-008
         125  7.489825626027965E-008
         126  6.113776222372872E-007
         127  3.138906239583951E-006
         128  2.614544008780346E-005
         129  1.315069963559494E-004
         130  3.317572303028067E-004
         131  1.087374343782694E-003
         132  1.053401840057508E-003
         133  3.420795115336619E-005
         134  8.608241099498438E-005
         135  8.695898632623228E-005
         136  2.187115868714132E-004
         137  1.165629988483774E-004
         138  8.362575722103802E-005
         139  1.458590871862228E-005
         140  3.441026863929071E-005
         141  2.559439574180736E-005
         142  9.799574066566390E-006
         143  1.939885281933802E-006
         144  1.078288418601181E-005
         145  6.153134926745940E-006
         146  2.383870276631029E-005
         147  1.710396869095808E-005
         148  2.004511522539862E-005
         149  1.331901947785872E-005
         150  1.880071448718648E-005
         151  1.254621379792573E-005
         152  3.075682520271389E-005
         153  1.255558966307025E-005
         154  7.315435752170346E-005
         155  3.355521362764537E-005
         156  3.227188327044225E-005
         157  1.418019704204509E-005
         158  3.198472198079232E-005
         159  3.463487018879835E-005
         160  5.228663948827172E-005
         161  2.340038807448354E-005
         162  8.520725343242351E-005
         163  4.361032411893944E-005
         164  9.077790426864949E-005
         165  6.007532486801015E-005
         166  1.244837770384207E-004
         167  3.035932855728272E-005
         168  9.885077774319876E-005
         169  3.312570296427103E-005
         170  3.774268302457897E-005
         171  2.602047147673397E-005
         172  4.810729679649227E-005
         173  2.303594735371221E-005
         174  3.808048557950382E-005
         175  1.907580929948776E-005
         176  2.049457090102131E-005
         177  1.076803571333150E-005
         178  3.412031958400890E-005
         179  1.029075251591322E-005
         180  1.371018676761252E-005
         181  6.423761954471149E-006
         182  1.338684025269280E-005
         183  6.628035564505062E-006
         184  1.154923848577658E-005
         185  3.611247852653725E-006
         186  1.355532466800269E-005
         187  3.932656258946659E-006
         188  1.274771812703618E-005
         189  1.103680454539500E-005
         190  2.329247401857771E-005
         191  2.698669121039935E-005
         192  9.740838029513609E-005
         193  1.286043191586845E-004
         194  3.198322329599996E-004
         195  2.259493160139461E-004
         196  4.365252865293245E-004
         197  2.290789197886667E-004
         198  1.664321750442781E-004
         199  1.332954751713438E-005
         200  2.364757592603180E-006
         201  8.986116897440848E-008
         202  1.072263236108100E-007
         203  2.529404516123339E-008
         204  8.060749480608634E-008
         205  6.976501794788206E-008
         206  2.226308906102487E-006
         207  1.427256782218162E-006
         208  2.396515903440602E-006
         209  1.560109639365285E-006
         226  6.427220433153428E-014
         227  4.999318759333109E-015
         230  3.028826544488905E-012
         231  7.504988285833707E-012
         232  5.822489559408051E-007
         234  9.861599080510673E-012
         235  1.612718382299876E-007
         236  1.587810748847138E-009
         238  1.794672737104802E-007
         240  3.079525100712360E-013
         244  3.759185688977922E-009
