           1  7.403972236312494E-005
           2  6.470609901488105E-012
           3  1.574717819390911E-008
           4  8.144927285373493E-005
           6  5.674563962362780E-015
           7  3.114017005274736E-012
           8  2.708281752318958E-013
           9  1.912633244112939E-009
          10  2.713051082138141E-014
          14  2.457145597557311E-015
          15  2.268931657793771E-012
          16  1.283626852833562E-009
          17  9.464836212458889E-011
          18  4.548627343117583E-010
          19  2.050196706367984E-010
          20  4.703977302531988E-009
          21  7.757527682062192E-010
          22  1.646302006758504E-009
          23  4.927246637750454E-009
          24  1.141646860914722E-008
          25  1.383569003176196E-008
          26  1.228873871740571E-008
          27  2.700606362006914E-009
          28  1.603368949528916E-009
          29  8.243444206066681E-010
          30  2.679824326814768E-009
          31  4.804953725056342E-010
          32  6.052877193849120E-010
          33  7.879685172065905E-010
          34  4.456770449473069E-009
          35  2.955787211512415E-010
          36  1.142397162213828E-009
          37  8.397710128501645E-010
          38  1.132066591703746E-009
          39  3.075725552596895E-010
          40  5.991826041744258E-010
          41  8.434425921418524E-010
          42  6.074846301642111E-009
          43  5.359967730879174E-010
          44  9.709404725883743E-010
          45  4.312013887987169E-009
          46  7.458729419505848E-009
          47  8.175878338303317E-009
          48  6.030057800476862E-009
          49  5.406534397615872E-010
          50  3.112700706178943E-009
          51  1.539962833578313E-009
          52  6.292848410306086E-009
          53  2.342746575948128E-010
          54  5.834199324838821E-010
          55  3.767863313108168E-010
          56  4.065848027264131E-010
          57  1.092194835764443E-010
          58  2.037467306902613E-010
          59  1.435777367244904E-010
          60  1.659490941477660E-010
          61  1.682622013807951E-010
          62  8.178404195205377E-010
          63  3.365201572658269E-010
          64  3.462714787603600E-010
          65  2.937989657287950E-010
          66  4.290584703064715E-010
          67  5.679974088341254E-010
          68  8.596798237526580E-010
          69  1.600100025373261E-010
          70  4.766211026001254E-010
          71  1.655067897554794E-010
          72  2.061759434433641E-010
          73  2.086146152904600E-010
          74  4.275677401338065E-010
          75  1.002877037752855E-009
          76  2.731695256072632E-009
          77  5.406894420495721E-009
          78  1.028542052965153E-008
          79  8.046257336826694E-009
          80  3.267418690395138E-008
          81  1.279194750517629E-008
          82  1.114533503042181E-008
          83  4.808789864295910E-009
          84  5.156060161815953E-009
          85  3.477082464707484E-009
          86  3.802593304651711E-009
          87  2.625831567459955E-009
          88  6.338301549224840E-009
          89  2.853870457422157E-009
          90  5.425666456013741E-009
          91  3.724833530808094E-009
          92  2.977847086408570E-009
          93  2.448929909665102E-009
          94  5.838470835753580E-009
          95  3.033805936557400E-009
          96  3.509219167637005E-009
          97  1.546216129545580E-009
          98  1.441521135515857E-009
          99  1.614554621028517E-009
         100  1.453449427024907E-009
         101  1.070958466384758E-009
         102  1.856726232447312E-009
         103  1.759258847311775E-009
         104  1.714588505742776E-009
         105  1.800840007104216E-009
         106  2.304564726693637E-009
         107  1.758988545143331E-009
         108  5.901223471246208E-009
         109  2.616241119335416E-009
         110  7.269344530502426E-009
         111  5.237525469977214E-009
         112  7.086369886231872E-009
         113  3.645165326640854E-009
         114  2.930210845470394E-009
         115  1.538853320411232E-009
         116  1.608725730482290E-009
         117  1.414672856201970E-009
         118  1.509554902099252E-009
         119  5.585614682179339E-010
         120  7.749695205556638E-010
         121  6.335890551944724E-010
         122  7.976237613187317E-010
         123  7.188712013859691E-010
         124  1.765098525077974E-008
         125  7.969998036374010E-008
         126  6.523597856494739E-007
         127  3.294938348243692E-006
         128  2.705117951513528E-005
         129  1.359998924503991E-004
         130  3.398104792335822E-004
         131  1.122165379222917E-003
         132  1.067275119450857E-003
         133  3.216127772430284E-005
         134  8.086862699584344E-005
         135  9.384753738501584E-005
         136  2.273835608145988E-004
         137  1.193831849267287E-004
         138  8.255142744509071E-005
         139  1.486917198634741E-005
         140  3.401112054373846E-005
         141  2.442518112720029E-005
         142  9.855111745183934E-006
         143  1.867357259887620E-006
         144  9.479143898844412E-006
         145  5.194949906673503E-006
         146  1.936287070197337E-005
         147  1.350237291553982E-005
         148  1.588802978304527E-005
         149  9.980304668478113E-006
         150  1.882561419910355E-005
         151  9.911971844750419E-006
         152  1.593468003135693E-005
         153  7.464877827557934E-006
         154  4.222593690031595E-005
         155  2.557167416292211E-005
         156  3.123426517206699E-005
         157  1.453842488088860E-005
         158  4.025945465484428E-005
         159  3.861081489025915E-005
         160  7.040782643364972E-005
         161  2.440264052360299E-005
         162  3.934487337417334E-005
         163  2.118149777769098E-005
         164  7.454429301888426E-005
         165  4.953736271494052E-005
         166  1.187878868062492E-004
         167  3.608860821312741E-005
         168  1.027113637531660E-004
         169  4.435649186360805E-005
         170  3.414964364066594E-005
         171  2.040637446278997E-005
         172  3.760468552897158E-005
         173  2.602561658705352E-005
         174  6.798442842356279E-005
         175  3.225275028720083E-005
         176  2.300982560395086E-005
         177  8.459477106212329E-006
         178  1.691430643304506E-005
         179  9.334079319404647E-006
         180  1.807019869787945E-005
         181  7.863528843214835E-006
         182  1.550901281857994E-005
         183  7.798976285003958E-006
         184  1.383206676810808E-005
         185  4.331014379586858E-006
         186  1.604145153694419E-005
         187  4.631595727220515E-006
         188  1.485753975818208E-005
         189  1.256301830915482E-005
         190  2.650128562105540E-005
         191  2.926871534696978E-005
         192  1.030763405582867E-004
         193  1.336923284984627E-004
         194  3.324206647614350E-004
         195  2.293233569559145E-004
         196  4.326577806120758E-004
         197  2.290048265210179E-004
         198  1.678126208103186E-004
         199  1.372388696256172E-005
         200  2.420477181930906E-006
         201  8.752836138959973E-008
         202  1.014206603886443E-007
         203  2.410988413019327E-008
         204  8.497223989848947E-008
         205  7.561219796723753E-008
         206  2.218362126174020E-006
         207  1.465186813739244E-006
         208  2.441256919383505E-006
         209  1.541669269005917E-006
         226  6.125564438327314E-014
         227  4.740515525119797E-015
         230  2.886671207833482E-012
         231  7.116472303034904E-012
         232  5.535003451412708E-007
         234  9.398753514196686E-012
         235  1.529231660747009E-007
         236  1.505655714865745E-009
         238  1.710441334816794E-007
         240  2.919643540736499E-013
         244  3.564017780765811E-009
