           1  7.516944167277549E-005
           2  6.470609901488105E-012
           3  1.574717819390911E-008
           4  8.498151006308440E-005
           6  5.674563962362780E-015
           7  3.114017005274736E-012
           8  2.708281752318958E-013
           9  1.912633244112939E-009
          10  2.713051082138141E-014
          14  1.686780007735438E-015
          15  1.659666147023630E-012
          16  1.206591366578817E-009
          17  8.993891967984923E-011
          18  4.411790658650897E-010
          19  1.943227617431410E-010
          20  4.633448866908834E-009
          21  7.431975983002550E-010
          22  1.540342386328437E-009
          23  4.881823003850417E-009
          24  1.127089748820625E-008
          25  1.384950879864231E-008
          26  1.166137554067484E-008
          27  2.360694874036093E-009
          28  1.501239182882327E-009
          29  8.546551528324168E-010
          30  2.654819447453477E-009
          31  4.335755516681961E-010
          32  6.043476291222704E-010
          33  8.443706323906726E-010
          34  4.186393949115898E-009
          35  2.807745839290539E-010
          36  1.180255845753874E-009
          37  7.377027748568462E-010
          38  9.944088178055655E-010
          39  2.903729792859459E-010
          40  6.264301122681428E-010
          41  9.118946907718365E-010
          42  6.140398386171532E-009
          43  4.897080185225904E-010
          44  1.031404204635559E-009
          45  4.593496154023826E-009
          46  7.348959496961348E-009
          47  7.891786812440838E-009
          48  5.820871236558403E-009
          49  5.074590141125518E-010
          50  3.149384165790542E-009
          51  1.572217912188844E-009
          52  6.178114278588630E-009
          53  2.069192751440557E-010
          54  5.187635628728277E-010
          55  3.364067892639850E-010
          56  4.185405059784782E-010
          57  1.054686764393891E-010
          58  2.289137588807711E-010
          59  1.554293735344934E-010
          60  1.777861980843611E-010
          61  1.914275581349135E-010
          62  8.862663566042109E-010
          63  3.559408390165944E-010
          64  3.815657501464449E-010
          65  3.267121067127150E-010
          66  4.416205872066851E-010
          67  5.882913556184011E-010
          68  8.265731382175059E-010
          69  1.564192732192876E-010
          70  4.823738926887452E-010
          71  1.660186419798558E-010
          72  2.058874014465729E-010
          73  2.323121897580213E-010
          74  4.697443786216886E-010
          75  1.133936404486095E-009
          76  2.928178109712018E-009
          77  5.668408211093062E-009
          78  1.008984567455676E-008
          79  7.940893125276140E-009
          80  3.177398410127780E-008
          81  1.161333948305118E-008
          82  1.010706519016893E-008
          83  4.366321238629569E-009
          84  5.118351802499780E-009
          85  3.466070814624147E-009
          86  3.713978501111481E-009
          87  2.379560250610840E-009
          88  5.730707058892829E-009
          89  2.568711550433212E-009
          90  4.984803179071189E-009
          91  3.320295923643688E-009
          92  2.828014290460607E-009
          93  2.361498123345530E-009
          94  5.401885336096715E-009
          95  2.670644773283257E-009
          96  3.360016060246379E-009
          97  1.414517571911353E-009
          98  1.286751324119297E-009
          99  1.434029616312584E-009
         100  1.211131335612260E-009
         101  9.255679470261449E-010
         102  1.675767313088785E-009
         103  1.589977215951988E-009
         104  1.540990910162183E-009
         105  1.693547123822826E-009
         106  2.162960780384404E-009
         107  1.692824904449756E-009
         108  5.748143122338336E-009
         109  2.555088218885022E-009
         110  6.797332255122864E-009
         111  4.729320344042009E-009
         112  5.998110380920541E-009
         113  2.899980311484917E-009
         114  2.197602482786182E-009
         115  1.147423041299053E-009
         116  1.182918028973845E-009
         117  1.115894785438843E-009
         118  1.214991045128195E-009
         119  4.365553011628834E-010
         120  6.356268655104414E-010
         121  5.148735396061395E-010
         122  7.058342425628775E-010
         123  6.491307263206918E-010
         124  2.237280708075214E-008
         125  9.324276694999966E-008
         126  7.425700816707330E-007
         127  3.831037618649065E-006
         128  3.095014785135410E-005
         129  1.435994003359109E-004
         130  3.245078637111946E-004
         131  1.070044562063288E-003
         132  9.809371539585407E-004
         133  3.326294283617211E-005
         134  8.297763257190747E-005
         135  7.418893034228935E-005
         136  1.992349270444344E-004
         137  1.099514558887475E-004
         138  8.820423998508806E-005
         139  1.418312846346240E-005
         140  3.266391118550831E-005
         141  2.525576922574100E-005
         142  9.408472402784305E-006
         143  1.537568236485898E-006
         144  5.593280191853362E-006
         145  2.534065271316123E-006
         146  1.362955900529846E-005
         147  2.115439651065153E-005
         148  4.519707455843771E-005
         149  2.841661337458363E-005
         150  2.843701643353101E-005
         151  1.535707147563768E-005
         152  4.770650422578318E-005
         153  2.564748975389080E-005
         154  4.887569611768816E-005
         155  2.455844176093725E-005
         156  5.161215558609142E-005
         157  2.292218272506488E-005
         158  6.196297259797145E-005
         159  5.727383317854070E-005
         160  6.646508819529586E-005
         161  2.578369796129901E-005
         162  5.861787238949085E-005
         163  4.445088826864910E-005
         164  1.430846085938156E-004
         165  7.702517412900435E-005
         166  1.190180030246023E-004
         167  3.781048183106757E-005
         168  8.416700692328911E-005
         169  4.077232110915682E-005
         170  5.937106455517286E-005
         171  2.671963734723512E-005
         172  5.884861863877121E-005
         173  2.910160082220365E-005
         174  3.506620325299082E-005
         175  1.640850861093693E-005
         176  1.822749127127089E-005
         177  1.034001603020409E-005
         178  1.856498116577677E-005
         179  9.863670042552867E-006
         180  1.818698814812010E-005
         181  7.725612073024222E-006
         182  1.500607768042219E-005
         183  7.592299448453997E-006
         184  1.353465492119273E-005
         185  4.347627943902461E-006
         186  1.708783084240372E-005
         187  5.055899576164237E-006
         188  1.719921154407793E-005
         189  1.537136313247784E-005
         190  3.028663895713582E-005
         191  3.315318346471448E-005
         192  1.137492838953214E-004
         193  1.428045301414032E-004
         194  3.298978348984861E-004
         195  2.126445418168790E-004
         196  3.852783841909074E-004
         197  1.910740242975721E-004
         198  1.294814683575984E-004
         199  9.962045254973169E-006
         200  1.877169228787415E-006
         201  8.132487873424662E-008
         202  1.102527229221219E-007
         203  2.877411488608962E-008
         204  8.317888572382504E-008
         205  6.959682038410921E-008
         206  2.477869408310295E-006
         207  1.610927437947328E-006
         208  2.716005084069230E-006
         209  1.730427429286804E-006
         210  1.072535629623879E-015
         226  7.595594721440436E-014
         227  5.766227346799721E-015
         230  3.579422730673507E-012
         231  8.656273139294413E-012
         232  6.419386063722148E-007
         234  1.165429297157898E-011
         235  1.860113604747348E-007
         236  2.068898765113161E-009
         238  2.120917885179516E-007
         240  4.029406459172346E-013
         244  4.918708762234799E-009
