           1  7.435961368792002E-005
           2  6.470609901488105E-012
           3  1.574717819390911E-008
           4  8.332073020395220E-005
           6  5.674563962362780E-015
           7  3.114017005274736E-012
           8  2.708281752318958E-013
           9  1.912633244112939E-009
          10  2.713051082138141E-014
          14  2.004238607631633E-015
          15  2.081575566494434E-012
          16  1.188245961879424E-009
          17  8.928429986109492E-011
          18  4.543648155913525E-010
          19  2.075214217797625E-010
          20  4.584628667090399E-009
          21  7.443401223166839E-010
          22  1.426197405551274E-009
          23  4.861605790410677E-009
          24  1.122334636639464E-008
          25  1.377564787524595E-008
          26  1.216682579930116E-008
          27  2.612718877073911E-009
          28  1.529991373299911E-009
          29  8.072216851984514E-010
          30  2.514251103093439E-009
          31  4.479583329794819E-010
          32  6.397725055634212E-010
          33  7.914333806228064E-010
          34  4.352475769726591E-009
          35  2.962854642727647E-010
          36  1.181291023029533E-009
          37  9.231099182356127E-010
          38  1.257197206084617E-009
          39  3.237504380829799E-010
          40  5.944604560741996E-010
          41  8.188202750941393E-010
          42  5.707309181375088E-009
          43  4.971286310063755E-010
          44  9.887316781849579E-010
          45  4.486188572394738E-009
          46  7.552260954803461E-009
          47  8.112371951981424E-009
          48  5.929388198540818E-009
          49  5.722438055219870E-010
          50  3.108262810950185E-009
          51  1.502071939806450E-009
          52  6.282726373764002E-009
          53  2.448548322032777E-010
          54  6.256537689550569E-010
          55  3.750950869062922E-010
          56  3.955939671529423E-010
          57  1.056558773242552E-010
          58  1.980567240808968E-010
          59  1.394772472289796E-010
          60  1.725068579199800E-010
          61  1.808039703485899E-010
          62  8.430733115045206E-010
          63  3.454064412969999E-010
          64  3.508425058981158E-010
          65  2.959651327773818E-010
          66  4.368390963235161E-010
          67  5.805957901999856E-010
          68  8.492443930085142E-010
          69  1.577629686672086E-010
          70  4.604134701968790E-010
          71  1.599153178226452E-010
          72  2.039020244802527E-010
          73  2.161142865934954E-010
          74  4.480608232714776E-010
          75  1.059179848691927E-009
          76  2.816384194067424E-009
          77  5.555128269167844E-009
          78  1.005570708071481E-008
          79  7.830056910957236E-009
          80  3.096423813074808E-008
          81  1.298735911281162E-008
          82  1.081268813704467E-008
          83  4.482873787182180E-009
          84  4.862936924369677E-009
          85  3.256514988353260E-009
          86  3.563546374934405E-009
          87  2.563856363232991E-009
          88  6.138519040499108E-009
          89  2.737065841704301E-009
          90  5.104109985687532E-009
          91  3.444431562648105E-009
          92  2.891280825622619E-009
          93  2.408726147915498E-009
          94  5.616818103145697E-009
          95  2.925412666853774E-009
          96  3.446562308699593E-009
          97  1.516930602479547E-009
          98  1.411250116534941E-009
          99  1.567890797923893E-009
         100  1.401883153303118E-009
         101  1.035825566968419E-009
         102  1.762180466480844E-009
         103  1.648834314383012E-009
         104  1.587745095760210E-009
         105  1.661707117111568E-009
         106  2.162260967670108E-009
         107  1.681527114086170E-009
         108  5.672679603923401E-009
         109  2.515818046724060E-009
         110  6.891771099782248E-009
         111  4.973131809527202E-009
         112  6.601845580625430E-009
         113  3.359665866661366E-009
         114  2.670230599125852E-009
         115  1.404501336369858E-009
         116  1.449493897471169E-009
         117  1.303150192623313E-009
         118  1.393667269286394E-009
         119  5.037528846171516E-010
         120  7.043862850260906E-010
         121  5.778752393511303E-010
         122  7.458135580407844E-010
         123  6.662131400479605E-010
         124  1.725899100724726E-008
         125  7.507178881028863E-008
         126  6.193229468862564E-007
         127  3.200708701441435E-006
         128  2.650595097024739E-005
         129  1.317802843232815E-004
         130  3.223269961938353E-004
         131  1.069812453237794E-003
         132  1.052098306054036E-003
         133  3.447717620438085E-005
         134  8.809886063814516E-005
         135  9.447036180840188E-005
         136  2.244237219232090E-004
         137  1.183279526795282E-004
         138  8.725624207120350E-005
         139  1.481300494539993E-005
         140  3.453113783244586E-005
         141  2.548033845117384E-005
         142  9.998024544922821E-006
         143  1.610256825567308E-006
         144  5.318073024561413E-006
         145  1.933428724721604E-006
         146  7.209810609363532E-006
         147  8.924001821788915E-006
         148  1.337611705442282E-005
         149  1.199177137160473E-005
         150  3.714080429240227E-005
         151  1.657141452318543E-005
         152  5.302468276134634E-005
         153  3.620504373249198E-005
         154  6.195051687140934E-005
         155  2.700500084233068E-005
         156  6.307742819602560E-005
         157  2.618358473959530E-005
         158  3.860450506090220E-005
         159  2.674762590615804E-005
         160  3.851339249185254E-005
         161  1.747967522019777E-005
         162  4.647092477155492E-005
         163  3.241967297934058E-005
         164  1.154652211705529E-004
         165  7.785016740006051E-005
         166  8.655949348574619E-005
         167  2.922865717054564E-005
         168  1.603703868114013E-004
         169  6.217486066072931E-005
         170  3.718468820243172E-005
         171  1.197175213517305E-005
         172  1.670045838982567E-005
         173  1.563204260994271E-005
         174  5.305629332941026E-005
         175  2.477307851518725E-005
         176  1.747904404891675E-005
         177  5.995866218377324E-006
         178  1.756733844076509E-005
         179  5.683452632939655E-006
         180  9.280102801961745E-006
         181  4.687269722572104E-006
         182  1.085592925166855E-005
         183  5.747617864495420E-006
         184  1.064039846754315E-005
         185  3.403588051658177E-006
         186  1.302659848552609E-005
         187  3.753838603803449E-006
         188  1.218751562687577E-005
         189  1.056105844006335E-005
         190  2.278262554533790E-005
         191  2.611033649630200E-005
         192  9.515024604378780E-005
         193  1.271965846763865E-004
         194  3.222597804250028E-004
         195  2.274274086608870E-004
         196  4.367357912594399E-004
         197  2.318315771817561E-004
         198  1.699245584368297E-004
         199  1.403713174326481E-005
         200  2.536819499649687E-006
         201  9.605396168773887E-008
         202  1.163096635973001E-007
         203  2.827740274064560E-008
         204  7.847092394636839E-008
         205  6.611376154517263E-008
         206  2.372553823418506E-006
         207  1.522987842331060E-006
         208  2.584234100360688E-006
         209  1.682545044589666E-006
         226  6.623390111076735E-014
         227  5.113790588719901E-015
         230  3.121271472105373E-012
         231  7.676833647164581E-012
         232  6.034040984730538E-007
         234  1.016259182466079E-011
         235  1.649645578262912E-007
         236  1.611241872474204E-009
         238  1.849449195525235E-007
         240  3.122092354527536E-013
         244  3.811147665622985E-009
