           1  7.432635924291466E-005
           2  6.470609901488105E-012
           3  1.574717819390911E-008
           4  8.057347358354795E-005
           6  5.674563962362780E-015
           7  3.114017005274736E-012
           8  2.708281752318958E-013
           9  1.912633244112939E-009
          10  2.713051082138141E-014
          14  2.243204579085015E-015
          15  2.091215183369038E-012
          16  1.275136078265703E-009
          17  9.408955369362990E-011
          18  4.594877787290270E-010
          19  2.127028368144973E-010
          20  4.677504373410158E-009
          21  7.684839630185827E-010
          22  1.686003107919682E-009
          23  4.901174307767773E-009
          24  1.136653260759194E-008
          25  1.382552853265202E-008
          26  1.214416938097865E-008
          27  2.648778554663322E-009
          28  1.599886881853543E-009
          29  8.603504996846324E-010
          30  2.740330380001098E-009
          31  4.896059389176445E-010
          32  6.149438396144868E-010
          33  7.750247786525071E-010
          34  4.380445056893105E-009
          35  2.992079436428122E-010
          36  1.183007160886356E-009
          37  7.678328744028978E-010
          38  1.014370003727972E-009
          39  2.886473948264584E-010
          40  6.164345253360659E-010
          41  8.881110081536841E-010
          42  6.124961865002071E-009
          43  5.386424344564140E-010
          44  9.823011772809869E-010
          45  4.327939536120199E-009
          46  7.414661792500500E-009
          47  8.189272901567986E-009
          48  6.093437781343000E-009
          49  5.066769233352185E-010
          50  3.122078333855233E-009
          51  1.581669103527002E-009
          52  6.221000353396138E-009
          53  2.138203500447763E-010
          54  5.094941250113372E-010
          55  3.340427756529810E-010
          56  3.995505577348406E-010
          57  1.083675747568882E-010
          58  2.079642824949753E-010
          59  1.470372925309174E-010
          60  1.690200740381233E-010
          61  1.691105383759931E-010
          62  8.241556703633710E-010
          63  3.404996143158206E-010
          64  3.545364210903250E-010
          65  3.035327632454952E-010
          66  4.413346375853866E-010
          67  5.752661564716995E-010
          68  8.551313217353988E-010
          69  1.581219649956824E-010
          70  4.717199931388653E-010
          71  1.648527923569206E-010
          72  2.082919344823873E-010
          73  2.161650772232615E-010
          74  4.376679568961369E-010
          75  1.010231935115410E-009
          76  2.737801948624991E-009
          77  5.407330724101040E-009
          78  1.039017298076103E-008
          79  8.093143162095725E-009
          80  3.251983026775997E-008
          81  1.250691342969124E-008
          82  1.094834695708448E-008
          83  4.756022775618040E-009
          84  5.344765863148561E-009
          85  3.561361392452951E-009
          86  3.857937245507541E-009
          87  2.544857510174553E-009
          88  6.039220021522872E-009
          89  2.743134858344589E-009
          90  5.270674595946086E-009
          91  3.641894589285348E-009
          92  3.006914016582042E-009
          93  2.452796708476270E-009
          94  5.587218356432335E-009
          95  2.894951988293767E-009
          96  3.467521092706970E-009
          97  1.527988009778621E-009
          98  1.426433366508022E-009
          99  1.598130180320792E-009
         100  1.423498722611632E-009
         101  1.041089959483206E-009
         102  1.792103276237281E-009
         103  1.703876928888985E-009
         104  1.666132523649027E-009
         105  1.776535401854142E-009
         106  2.269858034513879E-009
         107  1.722747318660310E-009
         108  5.795115209893258E-009
         109  2.582569890169375E-009
         110  7.137384051958135E-009
         111  5.079770076977283E-009
         112  6.830099742113270E-009
         113  3.496674431251682E-009
         114  2.794364821232648E-009
         115  1.470092928145383E-009
         116  1.535048786198425E-009
         117  1.345135653160052E-009
         118  1.436374851841874E-009
         119  5.370889157517536E-010
         120  7.500058134210786E-010
         121  6.127315459318361E-010
         122  7.766012409684975E-010
         123  7.034695400326167E-010
         124  1.782418982197231E-008
         125  8.000507619071675E-008
         126  6.559031199930921E-007
         127  3.330828852247101E-006
         128  2.745682605070437E-005
         129  1.369848778208658E-004
         130  3.399100197136170E-004
         131  1.121528125787516E-003
         132  1.044620803808084E-003
         133  3.227268232552889E-005
         134  7.988127505498973E-005
         135  8.395110134037714E-005
         136  2.164483014050064E-004
         137  1.161637636828128E-004
         138  8.384081741825754E-005
         139  1.458431472254770E-005
         140  3.332847484729618E-005
         141  2.452659179975400E-005
         142  9.602711522284908E-006
         143  1.752357576935716E-006
         144  8.474044404105800E-006
         145  4.471181939846665E-006
         146  1.679060344384661E-005
         147  1.248553744196509E-005
         148  2.181695278325679E-005
         149  1.547987175206679E-005
         150  3.756492445363733E-005
         151  1.343921689953903E-005
         152  1.321613929625570E-005
         153  5.439687339012665E-006
         154  2.321499772090848E-005
         155  1.320634508294481E-005
         156  2.221755513399937E-005
         157  1.143236543095634E-005
         158  2.441289561486072E-005
         159  1.764950647177304E-005
         160  4.894729784233003E-005
         161  2.741464798521461E-005
         162  9.895236655029940E-005
         163  3.996986174990785E-005
         164  6.734096781207885E-005
         165  5.301712472593074E-005
         166  1.413583477285673E-004
         167  5.354503437123885E-005
         168  1.392630377095842E-004
         169  7.891540549680931E-005
         170  5.397183708691389E-005
         171  1.757415300610902E-005
         172  5.867078905172930E-005
         173  2.656426943875015E-005
         174  3.202052066676173E-005
         175  1.478086861951994E-005
         176  1.623963385742621E-005
         177  9.574708941189484E-006
         178  2.230039662076561E-005
         179  1.215051381865250E-005
         180  2.214510847285805E-005
         181  9.154751261433741E-006
         182  1.689879183856830E-005
         183  8.238997043203248E-006
         184  1.422251536642634E-005
         185  4.407249460245286E-006
         186  1.624510995702322E-005
         187  4.705112281070693E-006
         188  1.511837802480038E-005
         189  1.277133724103857E-005
         190  2.644170442471430E-005
         191  2.913056174447691E-005
         192  1.019223528145245E-004
         193  1.319288440913012E-004
         194  3.252235827138017E-004
         195  2.211795737195265E-004
         196  4.136276561872380E-004
         197  2.176370078169050E-004
         198  1.578416568796567E-004
         199  1.271929835474573E-005
         200  2.280006559828649E-006
         201  8.569109678954184E-008
         202  1.025005510985441E-007
         203  2.481863374390591E-008
         204  8.969351964641621E-008
         205  7.911188322382965E-008
         206  2.172768158565580E-006
         207  1.438143340063147E-006
         208  2.377891111454500E-006
         209  1.497864512483884E-006
         226  5.968196724470085E-014
         227  4.593871015918669E-015
         230  2.812511699235073E-012
         231  6.896329244206802E-012
         232  5.324755496020779E-007
         234  9.157296523820038E-012
         235  1.481925956302680E-007
         236  1.506097691613733E-009
         238  1.666499548674955E-007
         240  2.923050483705119E-013
         244  3.568176646445406E-009
