           1  7.434804986160775E-005
           2  6.470609901488105E-012
           3  1.574717819390911E-008
           4  8.443757122353248E-005
           6  5.674563962362780E-015
           7  3.114017005274736E-012
           8  2.708281752318958E-013
           9  1.912633244112939E-009
          10  2.713051082138141E-014
          14  2.075806087685202E-015
          15  2.095162836698532E-012
          16  1.234958534242221E-009
          17  9.194835853918432E-011
          18  4.448943449444649E-010
          19  1.930854573913191E-010
          20  4.673594389432960E-009
          21  7.760369984079875E-010
          22  1.478466937766722E-009
          23  4.925190131810362E-009
          24  1.136762870032246E-008
          25  1.377597176380450E-008
          26  1.183597731084986E-008
          27  2.659345949629533E-009
          28  1.608708870708367E-009
          29  7.980248767955238E-010
          30  2.585756029918030E-009
          31  4.741455129189694E-010
          32  6.268423325943801E-010
          33  7.976470641084081E-010
          34  4.371294362872959E-009
          35  2.925687895453806E-010
          36  1.132905224619434E-009
          37  8.456763663564237E-010
          38  1.142101920010872E-009
          39  3.256249850215733E-010
          40  6.171213340325587E-010
          41  8.387118834771009E-010
          42  6.043817972151080E-009
          43  5.286920167724048E-010
          44  9.644191507668765E-010
          45  4.397592263975928E-009
          46  7.390690834376026E-009
          47  8.036224278100063E-009
          48  5.954045946040678E-009
          49  5.451647270035843E-010
          50  3.122642714179675E-009
          51  1.545176154765849E-009
          52  6.344680886555168E-009
          53  2.305140939632442E-010
          54  5.693793944097834E-010
          55  3.787303415481398E-010
          56  4.220065571512283E-010
          57  1.145182003841996E-010
          58  2.003554360026006E-010
          59  1.438254467359299E-010
          60  1.736000408870139E-010
          61  1.808216301314596E-010
          62  8.799542338614728E-010
          63  3.578579593563285E-010
          64  3.474879278627834E-010
          65  2.932058660456089E-010
          66  4.351632437057399E-010
          67  5.813740664825991E-010
          68  8.909102030419957E-010
          69  1.641740555622141E-010
          70  4.789799021902187E-010
          71  1.668452951639192E-010
          72  2.079381755471165E-010
          73  2.075833633472443E-010
          74  4.465527859524631E-010
          75  1.061121792978550E-009
          76  2.844499044216653E-009
          77  5.416562127004315E-009
          78  1.003669682077428E-008
          79  7.846014204829794E-009
          80  3.194940851777725E-008
          81  1.231816438168147E-008
          82  1.074436013068141E-008
          83  4.624221578526074E-009
          84  5.049990211720782E-009
          85  3.362261108739445E-009
          86  3.661940719722498E-009
          87  2.532067786276201E-009
          88  6.127927145540762E-009
          89  2.783044709065412E-009
          90  5.227610867404509E-009
          91  3.473076389251962E-009
          92  2.903888424322593E-009
          93  2.446333168031084E-009
          94  5.883296520094697E-009
          95  2.969311868904899E-009
          96  3.276158593295932E-009
          97  1.437811687373199E-009
          98  1.356259581056968E-009
          99  1.529728014960569E-009
         100  1.376904184052161E-009
         101  1.027340088663512E-009
         102  1.765637997759075E-009
         103  1.675648108148968E-009
         104  1.614136094535818E-009
         105  1.700179538756929E-009
         106  2.223309748491263E-009
         107  1.710271632349423E-009
         108  5.676933932531567E-009
         109  2.517344421811087E-009
         110  6.929880770187988E-009
         111  4.923190188554705E-009
         112  6.581861228667056E-009
         113  3.364223401222895E-009
         114  2.695929697223144E-009
         115  1.431082010212132E-009
         116  1.498617252923880E-009
         117  1.349338440141003E-009
         118  1.433399031737055E-009
         119  5.078789333479141E-010
         120  6.965404433788717E-010
         121  5.658340871818594E-010
         122  7.487713173916532E-010
         123  6.565251502931637E-010
         124  1.781619488839436E-008
         125  7.265354618484374E-008
         126  6.040622752504318E-007
         127  3.110946935586139E-006
         128  2.582571949738933E-005
         129  1.297451783677613E-004
         130  3.237850958160323E-004
         131  1.092011062942741E-003
         132  1.047812125992979E-003
         133  3.415135282657697E-005
         134  8.660052838639462E-005
         135  8.921854245327885E-005
         136  2.230424406024354E-004
         137  1.195926451654162E-004
         138  8.749193212417753E-005
         139  1.442458780611947E-005
         140  3.407559881110067E-005
         141  2.620194977224041E-005
         142  1.019626118803801E-005
         143  1.592601488342103E-006
         144  5.079800380939029E-006
         145  1.695683782326113E-006
         146  4.781053090561013E-006
         147  3.357766028518744E-006
         148  8.853369488216546E-006
         149  6.904626710879871E-006
         150  1.109911481765312E-005
         151  1.179044846856691E-005
         152  8.089014908476654E-005
         153  5.699558485011248E-005
         154  5.114139051777867E-005
         155  1.473994172655783E-005
         156  6.849614338233086E-005
         157  2.783888232382715E-005
         158  4.003540617320370E-005
         159  3.138881030404199E-005
         160  6.744910264007131E-005
         161  3.186831272827885E-005
         162  1.055812968135102E-004
         163  4.029025729829383E-005
         164  5.253877412183011E-005
         165  2.943221885636142E-005
         166  7.651160358497412E-005
         167  3.972981617893983E-005
         168  9.802729554122665E-005
         169  5.742835745188394E-005
         170  6.729391168586235E-005
         171  3.327874570237670E-005
         172  4.753272855937628E-005
         173  3.036874119002557E-005
         174  3.600684249606792E-005
         175  1.288820962649129E-005
         176  1.827891418711773E-005
         177  6.312175389629175E-006
         178  6.867428614392062E-006
         179  4.045129234525323E-006
         180  9.471864073473081E-006
         181  4.536686670522194E-006
         182  1.006496752930857E-005
         183  5.420438458409926E-006
         184  1.015849868501743E-005
         185  3.332086102192674E-006
         186  1.325779234996787E-005
         187  3.802467560257103E-006
         188  1.215496307997050E-005
         189  1.058791610810156E-005
         190  2.279418548942235E-005
         191  2.719014304243904E-005
         192  9.734489932929198E-005
         193  1.278577949238422E-004
         194  3.212455803456485E-004
         195  2.267670492558929E-004
         196  4.390303385290250E-004
         197  2.348586079453056E-004
         198  1.743905461071342E-004
         199  1.422011034305774E-005
         200  2.565639290838583E-006
         201  9.324112161381748E-008
         202  1.132482900660636E-007
         203  2.829410957425495E-008
         204  8.464321076284190E-008
         205  7.259932530413422E-008
         206  2.469201105377354E-006
         207  1.616311519758966E-006
         208  2.738200195934931E-006
         209  1.749315763058686E-006
         210  1.016861904523802E-015
         226  7.201318726487055E-014
         227  5.466229935140844E-015
         230  3.393620234588328E-012
         231  8.205916366968768E-012
         232  6.291099104103500E-007
         234  1.104933600305129E-011
         235  1.763338151187513E-007
         236  1.777814592299172E-009
         238  2.010824200608229E-007
         240  3.449675358934014E-013
         244  4.211029238866978E-009
