           1  7.455834276394966E-005
           2  6.470609901488105E-012
           3  1.574717819390911E-008
           4  8.156267647034663E-005
           6  5.674563962362780E-015
           7  3.114017005274736E-012
           8  2.708281752318958E-013
           9  1.912633244112939E-009
          10  2.713051082138141E-014
          14  1.966113819450695E-015
          15  1.956685139975133E-012
          16  1.220238534882743E-009
          17  9.107283607783519E-011
          18  4.591898658479828E-010
          19  2.131559507865767E-010
          20  4.536922572740780E-009
          21  7.511118697340393E-010
          22  1.649860230858381E-009
          23  4.798478162366137E-009
          24  1.115509675778585E-008
          25  1.356021291773349E-008
          26  1.219424425562061E-008
          27  2.683167893223832E-009
          28  1.604189346088712E-009
          29  8.497477158241330E-010
          30  2.717849458954986E-009
          31  4.832289982952858E-010
          32  6.280243979795396E-010
          33  7.479627589430264E-010
          34  4.346853719574345E-009
          35  3.011986128416982E-010
          36  1.215673159800694E-009
          37  7.863137479679146E-010
          38  1.037213785266823E-009
          39  2.918057130478073E-010
          40  6.125613157880118E-010
          41  8.780497023862756E-010
          42  6.009838770011248E-009
          43  5.123832227424814E-010
          44  9.482390569692650E-010
          45  4.226020477682810E-009
          46  7.357385583393719E-009
          47  8.256032590996900E-009
          48  6.188218553365036E-009
          49  5.067706590919698E-010
          50  3.151513829931592E-009
          51  1.590875480778568E-009
          52  6.229662811240753E-009
          53  2.064407331971613E-010
          54  4.956414502044206E-010
          55  3.292744289855927E-010
          56  3.981547600898348E-010
          57  1.061517038352055E-010
          58  2.054199401442767E-010
          59  1.449953542257287E-010
          60  1.657941981121565E-010
          61  1.673875823794132E-010
          62  8.197565649592491E-010
          63  3.399971014517439E-010
          64  3.577937190807144E-010
          65  3.096258802311061E-010
          66  4.422306855132076E-010
          67  5.847522902709731E-010
          68  8.680013950859864E-010
          69  1.611991321398378E-010
          70  4.806820469349860E-010
          71  1.668341141510595E-010
          72  2.070095100949692E-010
          73  2.134110457335485E-010
          74  4.319033752062555E-010
          75  9.941384296495625E-010
          76  2.735985390207464E-009
          77  5.447081558112154E-009
          78  1.032134299552726E-008
          79  7.901224196460899E-009
          80  3.184041766427297E-008
          81  1.223767988218041E-008
          82  1.077756230863976E-008
          83  4.640610836601520E-009
          84  5.223680360444152E-009
          85  3.473230136247769E-009
          86  3.723389618025720E-009
          87  2.380451932223593E-009
          88  5.785128906049549E-009
          89  2.699599018745129E-009
          90  5.168510765771074E-009
          91  3.375023839727749E-009
          92  2.846522493309253E-009
          93  2.386824272722207E-009
          94  5.600160784359706E-009
          95  2.810776661996878E-009
          96  3.442876536349240E-009
          97  1.499960333978447E-009
          98  1.401581006191867E-009
          99  1.564804374951456E-009
         100  1.362937220410268E-009
         101  1.017306254560672E-009
         102  1.718925496733666E-009
         103  1.629424370996073E-009
         104  1.564364072661449E-009
         105  1.663734618654143E-009
         106  2.114102570081158E-009
         107  1.618373257416211E-009
         108  5.413259538030009E-009
         109  2.467251721177321E-009
         110  7.017811463701619E-009
         111  4.905197889241372E-009
         112  6.535115476387878E-009
         113  3.296205564151094E-009
         114  2.621727650342082E-009
         115  1.394017879441038E-009
         116  1.460001912731257E-009
         117  1.282056086188218E-009
         118  1.373145899249337E-009
         119  5.246563569520394E-010
         120  7.446984307250947E-010
         121  6.020497071992818E-010
         122  7.708025915320185E-010
         123  6.793837852367418E-010
         124  1.739758771449782E-008
         125  7.342598718331116E-008
         126  6.030060307972505E-007
         127  3.107195785737860E-006
         128  2.604676125212047E-005
         129  1.304512676099248E-004
         130  3.292433762795154E-004
         131  1.093795638512546E-003
         132  1.035958265836929E-003
         133  3.357219940496277E-005
         134  8.424141740483252E-005
         135  8.100528544273636E-005
         136  2.119906234874825E-004
         137  1.151716001058767E-004
         138  8.647817356643201E-005
         139  1.347674094648967E-005
         140  3.130086848743354E-005
         141  2.316798053235515E-005
         142  8.773626766870401E-006
         143  1.494797058080091E-006
         144  6.223959342557664E-006
         145  2.955860618702578E-006
         146  1.185871494709884E-005
         147  1.143473265421822E-005
         148  2.483415356368877E-005
         149  1.737459473429469E-005
         150  5.207977971557139E-005
         151  1.815987234829432E-005
         152  1.636834453347469E-005
         153  6.648278550012087E-006
         154  1.502931016099605E-005
         155  1.200539101621115E-005
         156  7.454639226224973E-005
         157  3.097168849854562E-005
         158  4.959893675573167E-005
         159  3.856703198065797E-005
         160  6.078563357289811E-005
         161  3.462796529892831E-005
         162  1.024521461873648E-004
         163  1.084983228529264E-004
         164  1.379089533915501E-004
         165  5.914627623566350E-005
         166  6.604546010630037E-005
         167  2.886129440772700E-005
         168  7.920783153514379E-005
         169  2.857397758265722E-005
         170  3.289278906370162E-005
         171  2.878899597788368E-005
         172  4.632623837194251E-005
         173  4.033686000051199E-005
         174  5.428933696740674E-005
         175  1.439984419515752E-005
         176  1.296465759999826E-005
         177  7.256338111124799E-006
         178  1.174272229789694E-005
         179  6.811809997147994E-006
         180  1.458416723544989E-005
         181  6.552358523869993E-006
         182  1.325759183748762E-005
         183  6.703126688774848E-006
         184  1.176863716804386E-005
         185  3.693876784895652E-006
         186  1.415098199844742E-005
         187  4.092832571888397E-006
         188  1.313425068387283E-005
         189  1.147632628722996E-005
         190  2.360312946970547E-005
         191  2.806643838405791E-005
         192  9.892406818672541E-005
         193  1.287512023999397E-004
         194  3.149153802478651E-004
         195  2.208343152692474E-004
         196  4.293283543440753E-004
         197  2.251722232253112E-004
         198  1.636453303772704E-004
         199  1.282058136891007E-005
         200  2.321628073087604E-006
         201  8.838892063590386E-008
         202  1.098562367753145E-007
         203  2.715125733465572E-008
         204  8.624056400753624E-008
         205  7.409280959051903E-008
         206  2.253925330865615E-006
         207  1.474423438094493E-006
         208  2.469534873988308E-006
         209  1.572265419673166E-006
         226  6.367869029217462E-014
         227  4.898846613982327E-015
         230  3.000857205400012E-012
         231  7.354159280881280E-012
         232  5.618282229015667E-007
         234  9.770533314746241E-012
         235  1.580307311208677E-007
         236  1.591865163495080E-009
         238  1.778100044809493E-007
         240  3.090595958142160E-013
         244  3.772699918430117E-009
