           1  7.447043744863584E-005
           2  6.470609901488105E-012
           3  1.574717819390911E-008
           4  8.131242425267597E-005
           6  5.674563962362780E-015
           7  3.114017005274736E-012
           8  2.708281752318958E-013
           9  1.912633244112939E-009
          10  2.713051082138141E-014
          14  2.138006243506564E-015
          15  2.009359858804000E-012
          16  1.230446625903183E-009
          17  9.160450666144504E-011
          18  4.630750744241803E-010
          19  2.184041108521131E-010
          20  4.628401013161732E-009
          21  7.609407236054312E-010
          22  1.521254129616460E-009
          23  4.897578302052483E-009
          24  1.132089272334701E-008
          25  1.377169849605181E-008
          26  1.225659186237367E-008
          27  2.666597381591927E-009
          28  1.564312548325159E-009
          29  8.147060381408712E-010
          30  2.551513258703387E-009
          31  4.560368424110280E-010
          32  6.506851091052408E-010
          33  7.757801441425025E-010
          34  4.452534179597749E-009
          35  2.957224409954621E-010
          36  1.154800026878476E-009
          37  8.519904264436744E-010
          38  1.147404878558836E-009
          39  2.988230880103572E-010
          40  5.931376018105194E-010
          41  8.466685003243690E-010
          42  5.795288530063329E-009
          43  5.035558537677373E-010
          44  9.652293989347161E-010
          45  4.367748374283671E-009
          46  7.547597967357390E-009
          47  8.270578397990626E-009
          48  6.086416500273441E-009
          49  5.333738889695480E-010
          50  3.079867471543261E-009
          51  1.523797397905241E-009
          52  6.231540076507922E-009
          53  2.335563018984768E-010
          54  5.860983987057674E-010
          55  3.611662234253554E-010
          56  3.806178008571811E-010
          57  1.012694952662486E-010
          58  1.864467723145331E-010
          59  1.304670320448607E-010
          60  1.602257373554933E-010
          61  1.698857039990888E-010
          62  8.130899954557187E-010
          63  3.346432279758478E-010
          64  3.441512209022738E-010
          65  2.898068861410529E-010
          66  4.258269386977877E-010
          67  5.800246616344534E-010
          68  8.625824597303784E-010
          69  1.596986966094140E-010
          70  4.682769798545709E-010
          71  1.609633397561775E-010
          72  1.998547111827886E-010
          73  2.071120752445221E-010
          74  4.317535029814652E-010
          75  1.027715561723052E-009
          76  2.773626534430646E-009
          77  5.456750143287604E-009
          78  1.033499855882025E-008
          79  8.005672915719258E-009
          80  3.163771520788721E-008
          81  1.295054110513373E-008
          82  1.083246618287542E-008
          83  4.539667913710582E-009
          84  5.093312408979058E-009
          85  3.371675998320120E-009
          86  3.665478517538316E-009
          87  2.554034086719794E-009
          88  6.092608307203875E-009
          89  2.800048230385988E-009
          90  5.359299371844071E-009
          91  3.547784660518187E-009
          92  2.896680411630552E-009
          93  2.407153258350908E-009
          94  5.647227026825134E-009
          95  2.938439154872981E-009
          96  3.429290308502065E-009
          97  1.511810927279030E-009
          98  1.404863077218262E-009
          99  1.554644312557499E-009
         100  1.389898509180426E-009
         101  1.034425436909260E-009
         102  1.766232007553791E-009
         103  1.667559917682254E-009
         104  1.617216437238388E-009
         105  1.688190494997181E-009
         106  2.183694480564810E-009
         107  1.694519025173281E-009
         108  5.728947524664878E-009
         109  2.558637277058667E-009
         110  7.112620816413961E-009
         111  5.124122293263560E-009
         112  6.847990941389142E-009
         113  3.504900301919027E-009
         114  2.799939753052694E-009
         115  1.471528821516000E-009
         116  1.515263758496930E-009
         117  1.311089758422293E-009
         118  1.404557616241723E-009
         119  5.285518503213953E-010
         120  7.373024262335554E-010
         121  6.030982708320571E-010
         122  7.679369795015065E-010
         123  6.900395620499706E-010
         124  1.759852494055119E-008
         125  7.805111527256742E-008
         126  6.393585784216752E-007
         127  3.278821431888574E-006
         128  2.711365336561250E-005
         129  1.354376372345687E-004
         130  3.368197312471290E-004
         131  1.087957782641360E-003
         132  1.049086591053748E-003
         133  3.267289116613083E-005
         134  8.200593786661451E-005
         135  9.084836581729222E-005
         136  2.152231438559011E-004
         137  1.133608434136903E-004
         138  8.573607539754963E-005
         139  1.461300277448038E-005
         140  3.354772819675204E-005
         141  2.444572851719538E-005
         142  1.002833621002341E-005
         143  1.906049662319669E-006
         144  9.421598635201602E-006
         145  5.292580933734018E-006
         146  2.043161531640094E-005
         147  1.522751374817227E-005
         148  1.878760678526712E-005
         149  1.148088750041727E-005
         150  1.974450175636814E-005
         151  1.124500855168103E-005
         152  2.307249587881995E-005
         153  1.161709699956804E-005
         154  5.438534255282974E-005
         155  2.206701379793485E-005
         156  2.185924916158641E-005
         157  1.302506489709012E-005
         158  4.808270800728440E-005
         159  2.553494860769087E-005
         160  7.017663585492117E-005
         161  4.082183104745605E-005
         162  1.226627614701542E-004
         163  5.296552905151263E-005
         164  7.634532245699101E-005
         165  4.386093285989699E-005
         166  6.628357638406099E-005
         167  2.625087905039875E-005
         168  1.328665519109179E-004
         169  9.535006926149347E-005
         170  5.931349817491823E-005
         171  1.767952000187975E-005
         172  2.934688659005364E-005
         173  1.455450639904879E-005
         174  3.675053606908811E-005
         175  2.463758400223309E-005
         176  2.826669922938748E-005
         177  1.268520339995346E-005
         178  1.991824550345033E-005
         179  7.375178877736668E-006
         180  1.234854622547072E-005
         181  6.008320443466434E-006
         182  1.329746574353924E-005
         183  6.880091374695098E-006
         184  1.255518292210463E-005
         185  3.981094887782839E-006
         186  1.502929308803542E-005
         187  4.309940916725816E-006
         188  1.386056743688275E-005
         189  1.192615950435468E-005
         190  2.544899073887721E-005
         191  2.847401735764015E-005
         192  1.006625294024319E-004
         193  1.307047697211540E-004
         194  3.236450003471108E-004
         195  2.240382229438874E-004
         196  4.231560684455785E-004
         197  2.221955454838475E-004
         198  1.604721917533996E-004
         199  1.305429156316656E-005
         200  2.365102057905813E-006
         201  9.401387224921382E-008
         202  1.108690389070749E-007
         203  2.538844683397369E-008
         204  8.087077891391774E-008
         205  6.994097842938945E-008
         206  2.184942103061571E-006
         207  1.408304530278237E-006
         208  2.381217839300466E-006
         209  1.532169205417062E-006
         226  6.228879604415612E-014
         227  4.797837339827015E-015
         230  2.935358462417496E-012
         231  7.202523936989484E-012
         232  5.577557214634347E-007
         234  9.557275033334824E-012
         235  1.547722969010267E-007
         236  1.557465924856570E-009
         238  1.739290028250690E-007
         240  3.022069216705538E-013
         244  3.689049116018651E-009
