           1  7.467480112862635E-005
           2  6.470609901488105E-012
           3  1.574717819390911E-008
           4  8.284402799609095E-005
           6  5.674563962362780E-015
           7  3.114017005274736E-012
           8  2.708281752318958E-013
           9  1.912633244112939E-009
          10  2.713051082138141E-014
          14  1.974691572243555E-015
          15  1.905426963019811E-012
          16  1.239970372400432E-009
          17  9.200766414946576E-011
          18  4.458943486054238E-010
          19  1.969581364018330E-010
          20  4.714656636534664E-009
          21  7.671938656543226E-010
          22  1.489713706693946E-009
          23  4.958515954340063E-009
          24  1.142178898930337E-008
          25  1.393338254463566E-008
          26  1.171229058048518E-008
          27  2.491004680913613E-009
          28  1.550946952132701E-009
          29  8.289489805302813E-010
          30  2.599235769021084E-009
          31  4.523965314240525E-010
          32  6.301304522705563E-010
          33  8.354429561335476E-010
          34  4.303777713666118E-009
          35  2.841700739416037E-010
          36  1.133865843800660E-009
          37  7.856496301270550E-010
          38  1.062609110843716E-009
          39  3.064488938390825E-010
          40  6.265284784716894E-010
          41  8.850130824537053E-010
          42  6.093294462132549E-009
          43  5.140689266382311E-010
          44  1.010602580943027E-009
          45  4.558283317919564E-009
          46  7.415647732985376E-009
          47  7.955644397004383E-009
          48  5.861427550819927E-009
          49  5.218365607166109E-010
          50  3.108396656624319E-009
          51  1.551023881574526E-009
          52  6.268920058127527E-009
          53  2.212664870003078E-010
          54  5.472735821485655E-010
          55  3.547724999608466E-010
          56  4.104633114154945E-010
          57  1.085066294478581E-010
          58  2.084583291676943E-010
          59  1.460420619383315E-010
          60  1.755578518994719E-010
          61  1.876307883015001E-010
          62  8.853700593674011E-010
          63  3.577177962045923E-010
          64  3.604565572227362E-010
          65  3.044914995909145E-010
          66  4.376304939999840E-010
          67  5.849940189578423E-010
          68  8.586199591536687E-010
          69  1.592232758206937E-010
          70  4.756994934813398E-010
          71  1.643925816870568E-010
          72  2.051390955946831E-010
          73  2.178651635200156E-010
          74  4.596126409541077E-010
          75  1.111612613855010E-009
          76  2.896226885467715E-009
          77  5.523098200888186E-009
          78  1.011105555565003E-008
          79  7.983154488333775E-009
          80  3.203317334807125E-008
          81  1.211678005157431E-008
          82  1.046041046404727E-008
          83  4.508471828610093E-009
          84  5.147503319769469E-009
          85  3.436669230225023E-009
          86  3.727141889610054E-009
          87  2.536673356388365E-009
          88  6.019763545503203E-009
          89  2.699384033796058E-009
          90  5.183517047870564E-009
          91  3.498294515244939E-009
          92  2.932192168010243E-009
          93  2.434768861582079E-009
          94  5.647207463034014E-009
          95  2.852720271115826E-009
          96  3.310173079385064E-009
          97  1.437249915900234E-009
          98  1.340813045591027E-009
          99  1.495440884569845E-009
         100  1.312471935828589E-009
         101  9.864472299851725E-010
         102  1.733403411957417E-009
         103  1.656108545368681E-009
         104  1.608811641109842E-009
         105  1.727334468045873E-009
         106  2.253084410103301E-009
         107  1.747702459799893E-009
         108  5.882247903780829E-009
         109  2.604458676319335E-009
         110  6.977047129746773E-009
         111  4.911486336171757E-009
         112  6.400911949181699E-009
         113  3.206455999892475E-009
         114  2.508924912626919E-009
         115  1.312385007428265E-009
         116  1.351943625757680E-009
         117  1.226339068032721E-009
         118  1.304355452213714E-009
         119  4.696576112615506E-010
         120  6.610656256996383E-010
         121  5.360433635110802E-010
         122  7.108827469234479E-010
         123  6.541601628285913E-010
         124  1.965420438996138E-008
         125  8.556766275443129E-008
         126  6.969912979989207E-007
         127  3.562398262044629E-006
         128  2.900895180810315E-005
         129  1.397883898832200E-004
         130  3.294315890785408E-004
         131  1.087698699997769E-003
         132  1.018196418267774E-003
         133  3.331619569584519E-005
         134  8.333823568470097E-005
         135  8.293121611707418E-005
         136  2.120739200121802E-004
         137  1.146952460695967E-004
         138  8.715931843001612E-005
         139  1.437358771897505E-005
         140  3.298638874705032E-005
         141  2.525065522654652E-005
         142  9.782854915441491E-006
         143  1.619648240747048E-006
         144  6.123856989486308E-006
         145  2.959812148885611E-006
         146  1.254181772850830E-005
         147  1.372515470806595E-005
         148  2.676840116844723E-005
         149  1.838417222643745E-005
         150  4.734029753717059E-005
         151  2.156147295752684E-005
         152  2.398339824583374E-005
         153  8.732850768395549E-006
         154  5.857220005335786E-005
         155  3.553377233599750E-005
         156  5.107580675162107E-005
         157  2.664443915320889E-005
         158  6.257886437351024E-005
         159  3.231193682803795E-005
         160  5.000795440478583E-005
         161  2.810871728452653E-005
         162  1.189021126264601E-004
         163  4.274874980408697E-005
         164  7.366151112022945E-005
         165  3.218711441736462E-005
         166  1.190068434880563E-004
         167  2.907865987619291E-005
         168  7.930984844953647E-005
         169  2.435793909746678E-005
         170  2.286914618329088E-005
         171  1.889313911073914E-005
         172  7.634109494676357E-005
         173  3.662346953387048E-005
         174  6.679680849793581E-005
         175  3.251513445780383E-005
         176  2.369349508162501E-005
         177  9.715710236010645E-006
         178  1.149870191373527E-005
         179  6.117088304923721E-006
         180  1.322960615038049E-005
         181  6.230434653338768E-006
         182  1.354012600962664E-005
         183  7.213609839371869E-006
         184  1.346133906070837E-005
         185  4.345978874165975E-006
         186  1.702932924030286E-005
         187  4.929152320738526E-006
         188  1.608907507762078E-005
         189  1.399940824034609E-005
         190  2.877647738055721E-005
         191  3.153492746290045E-005
         192  1.089919432488138E-004
         193  1.392872515174234E-004
         194  3.348203153473270E-004
         195  2.213502822316150E-004
         196  4.055983832009277E-004
         197  2.089325878652662E-004
         198  1.475243900130524E-004
         199  1.175716311423211E-005
         200  2.146761984709388E-006
         201  8.512246389705089E-008
         202  1.071089175917298E-007
         203  2.669749886048603E-008
         204  8.226648564943790E-008
         205  7.056523927165273E-008
         206  2.321546586850258E-006
         207  1.518220403198401E-006
         208  2.566034836060086E-006
         209  1.623967780881165E-006
         226  6.711120381847341E-014
         227  5.100242613444725E-015
         230  3.162614347400976E-012
         231  7.656495396968565E-012
         232  5.826564279681490E-007
         234  1.029720067565050E-011
         235  1.645275169048970E-007
         236  1.740910038746227E-009
         238  1.873946118698851E-007
         240  3.384293112973087E-013
         244  4.131216931679518E-009
