           1  7.456648277168976E-005
           2  6.470609901488105E-012
           3  1.574717819390911E-008
           4  8.117932490088783E-005
           6  5.674563962362780E-015
           7  3.114017005274736E-012
           8  2.708281752318958E-013
           9  1.912633244112939E-009
          10  2.713051082138141E-014
          14  2.005860308058590E-015
          15  1.950000885845199E-012
          16  1.220006968915774E-009
          17  9.095182296706317E-011
          18  4.568493293157045E-010
          19  2.113970210935507E-010
          20  4.612856401842320E-009
          21  7.477059018872573E-010
          22  1.567109745596762E-009
          23  4.864630603151312E-009
          24  1.125796730753973E-008
          25  1.380094298782949E-008
          26  1.205473666262392E-008
          27  2.550062529975248E-009
          28  1.549043036594755E-009
          29  8.592852072655521E-010
          30  2.668331119272651E-009
          31  4.658134003061870E-010
          32  6.292931204192159E-010
          33  7.885007297537615E-010
          34  4.287253390052203E-009
          35  2.984638043276534E-010
          36  1.218885189170538E-009
          37  7.983928102347999E-010
          38  1.062768070249877E-009
          39  2.943065296895808E-010
          40  6.119632904429399E-010
          41  8.775538174533702E-010
          42  5.943013003308704E-009
          43  5.128415242769049E-010
          44  1.001301644735283E-009
          45  4.449313510069741E-009
          46  7.463871216128818E-009
          47  8.111597008596497E-009
          48  5.991092536675043E-009
          49  5.226986966504670E-010
          50  3.131239316646605E-009
          51  1.565052033209944E-009
          52  6.217370864511040E-009
          53  2.192407840662997E-010
          54  5.375352842792046E-010
          55  3.365939641511024E-010
          56  4.001897742617064E-010
          57  1.075921114531017E-010
          58  2.117007132640498E-010
          59  1.468733725586251E-010
          60  1.731007744066529E-010
          61  1.768400359520503E-010
          62  8.367793889765033E-010
          63  3.475313152757498E-010
          64  3.651661443458755E-010
          65  3.096170753435570E-010
          66  4.461157849971805E-010
          67  5.797064081272143E-010
          68  8.360129758194337E-010
          69  1.559660996708749E-010
          70  4.653132297223765E-010
          71  1.611245917978633E-010
          72  2.060472919374797E-010
          73  2.222768383990431E-010
          74  4.490953983836251E-010
          75  1.050926677819164E-009
          76  2.796264267856319E-009
          77  5.543217089430405E-009
          78  1.022702191239342E-008
          79  7.969538832435596E-009
          80  3.160285133813858E-008
          81  1.252396245467723E-008
          82  1.072936766149456E-008
          83  4.574761374242333E-009
          84  5.185352317935146E-009
          85  3.462606626189037E-009
          86  3.745241218771118E-009
          87  2.495940679426169E-009
          88  5.909944210061968E-009
          89  2.654435469363917E-009
          90  5.060805778644378E-009
          91  3.485061567969795E-009
          92  2.948421286325261E-009
          93  2.414916650900623E-009
          94  5.440233414035630E-009
          95  2.830010759340677E-009
          96  3.454668946050639E-009
          97  1.525243777523580E-009
          98  1.419192434983420E-009
          99  1.551228988210130E-009
         100  1.356155537417352E-009
         101  1.000983855003343E-009
         102  1.714311612522803E-009
         103  1.643090312702281E-009
         104  1.602609962864188E-009
         105  1.702366449429927E-009
         106  2.193058544943245E-009
         107  1.685891537400275E-009
         108  5.681980578830416E-009
         109  2.561182918148829E-009
         110  6.995755063308206E-009
         111  4.931329949227966E-009
         112  6.490643726466222E-009
         113  3.293630044768080E-009
         114  2.609414003031702E-009
         115  1.368200090236617E-009
         116  1.400976425381598E-009
         117  1.224101657344531E-009
         118  1.309406847937809E-009
         119  4.980989031283819E-010
         120  7.072566085151721E-010
         121  5.764660034321153E-010
         122  7.435566194374479E-010
         123  6.765700393844696E-010
         124  1.831284796831022E-008
         125  8.091821692877827E-008
         126  6.642755011930939E-007
         127  3.402996830583009E-006
         128  2.800021613763626E-005
         129  1.368677835626338E-004
         130  3.294767818062701E-004
         131  1.090948935188413E-003
         132  1.029208700480139E-003
         133  3.357378786859851E-005
         134  8.392198363312376E-005
         135  8.256047969473497E-005
         136  2.129581802821919E-004
         137  1.150457498812710E-004
         138  8.603674926050229E-005
         139  1.453343231523429E-005
         140  3.342233837315806E-005
         141  2.473352619429377E-005
         142  9.363392287387449E-006
         143  1.510083715271316E-006
         144  5.246065067549779E-006
         145  1.996082961830015E-006
         146  9.097497541776490E-006
         147  1.379596065745301E-005
         148  2.860529022806736E-005
         149  1.960670623477683E-005
         150  4.463883732313680E-005
         151  1.747179241555754E-005
         152  2.339287041479764E-005
         153  9.414038530654448E-006
         154  6.159115708708000E-005
         155  3.831259881485442E-005
         156  5.993406114691780E-005
         157  2.700328279383926E-005
         158  3.853215557366234E-005
         159  1.922859370919232E-005
         160  5.237477889517268E-005
         161  3.428492510760981E-005
         162  7.380588312279684E-005
         163  9.481272392571504E-005
         164  1.112469468823272E-004
         165  4.815653573655883E-005
         166  4.911407049816831E-005
         167  1.629946680311494E-005
         168  8.122008009941880E-005
         169  4.546846885538651E-005
         170  4.098230354043553E-005
         171  2.249114302671195E-005
         172  4.808718856689934E-005
         173  3.957709517737725E-005
         174  7.106540364965211E-005
         175  3.489185861547347E-005
         176  2.638369439545613E-005
         177  9.366900672737572E-006
         178  2.145042933129135E-005
         179  6.973360196036034E-006
         180  1.155683181336258E-005
         181  5.953813415328128E-006
         182  1.385386320383599E-005
         183  7.306896379035457E-006
         184  1.334916588480272E-005
         185  4.193702801824386E-006
         186  1.594012849629375E-005
         187  4.656959573667964E-006
         188  1.527082330473744E-005
         189  1.314916352495103E-005
         190  2.714619923543498E-005
         191  2.957299336051040E-005
         192  1.033245769843714E-004
         193  1.347979377204310E-004
         194  3.297318056908719E-004
         195  2.221162641750513E-004
         196  4.123447878817088E-004
         197  2.146570343763063E-004
         198  1.528956323507701E-004
         199  1.227990720200979E-005
         200  2.215087706088080E-006
         201  8.491428480411696E-008
         202  1.050832766438583E-007
         203  2.594967815247428E-008
         204  8.130775328120182E-008
         205  6.995439545153304E-008
         206  2.201779276003993E-006
         207  1.437576904847487E-006
         208  2.406471760781719E-006
         209  1.536862774354052E-006
         226  6.221725908775972E-014
         227  4.762456400494009E-015
         230  2.931987284554547E-012
         231  7.149409993266597E-012
         232  5.537094332492138E-007
         234  9.546298767766240E-012
         235  1.536309515699483E-007
         236  1.573398542753109E-009
         238  1.737292501844441E-007
         240  3.055141919987161E-013
         244  3.729421065850568E-009
