           1  7.440252044905975E-005
           2  6.470609901488105E-012
           3  1.574717819390911E-008
           4  8.347885701048543E-005
           6  5.674563962362780E-015
           7  3.114017005274736E-012
           8  2.708281752318958E-013
           9  1.912633244112939E-009
          10  2.713051082138141E-014
          14  2.012231495956924E-015
          15  2.045423803387379E-012
          16  1.208961881781304E-009
          17  9.024556336830848E-011
          18  4.582456285841777E-010
          19  2.142771258456057E-010
          20  4.628861168240072E-009
          21  7.328845446241608E-010
          22  1.502230546420159E-009
          23  4.888414304552439E-009
          24  1.127678765918903E-008
          25  1.394611469883990E-008
          26  1.205076368114764E-008
          27  2.396873163428205E-009
          28  1.496086746077053E-009
          29  8.868815553776573E-010
          30  2.673510538776943E-009
          31  4.400648806403988E-010
          32  6.496972195312981E-010
          33  8.405820880207546E-010
          34  4.289780203353445E-009
          35  2.900872433052750E-010
          36  1.213085561617216E-009
          37  8.101796272786720E-010
          38  1.098555443441484E-009
          39  2.943988339185188E-010
          40  6.152881146097273E-010
          41  8.965935541912784E-010
          42  5.884699090804199E-009
          43  4.849668992417747E-010
          44  1.048077297857752E-009
          45  4.647901476580722E-009
          46  7.536469225977215E-009
          47  8.011054940659978E-009
          48  5.832052648350667E-009
          49  5.276755817741427E-010
          50  3.100756348349597E-009
          51  1.532163822764579E-009
          52  6.326751327442250E-009
          53  2.304887458267285E-010
          54  5.849157406756392E-010
          55  3.430409874506862E-010
          56  3.947399807594587E-010
          57  1.012195994317624E-010
          58  2.188053004404611E-010
          59  1.478694696828091E-010
          60  1.771951981372767E-010
          61  1.881215777778673E-010
          62  8.505011420032212E-010
          63  3.470131247068078E-010
          64  3.755107378567977E-010
          65  3.178924315269980E-010
          66  4.424446111894599E-010
          67  5.803172116727722E-010
          68  7.991537001869488E-010
          69  1.507117571180608E-010
          70  4.570204954143062E-010
          71  1.573880245887773E-010
          72  2.015941656643404E-010
          73  2.303362972514590E-010
          74  4.556597566481778E-010
          75  1.089795614985894E-009
          76  2.829751307781021E-009
          77  5.687129238072954E-009
          78  1.015505847946577E-008
          79  8.002662794022047E-009
          80  3.129556851518389E-008
          81  1.258376079501578E-008
          82  1.067521344378063E-008
          83  4.519815119469568E-009
          84  5.136498218107132E-009
          85  3.469008075839663E-009
          86  3.761263046346917E-009
          87  2.571841919161554E-009
          88  6.050579479684450E-009
          89  2.657245501601804E-009
          90  5.118017698712505E-009
          91  3.535067621266052E-009
          92  2.981447035060222E-009
          93  2.438504336615251E-009
          94  5.416197571740314E-009
          95  2.817217598782746E-009
          96  3.622494659631271E-009
          97  1.565969713220375E-009
          98  1.429815774982028E-009
          99  1.558150927157400E-009
         100  1.336063270524571E-009
         101  9.935261214774108E-010
         102  1.747560931645002E-009
         103  1.658944864590847E-009
         104  1.614804903333286E-009
         105  1.741615391567018E-009
         106  2.232786184454595E-009
         107  1.738573781677901E-009
         108  5.977089800880709E-009
         109  2.665224674439157E-009
         110  7.110757341117771E-009
         111  5.011579771746561E-009
         112  6.430826391808984E-009
         113  3.184970617100286E-009
         114  2.449250279567894E-009
         115  1.262483500119248E-009
         116  1.300591190015092E-009
         117  1.228273380255289E-009
         118  1.330204144546962E-009
         119  4.774778620436603E-010
         120  6.900510526379132E-010
         121  5.629810263552889E-010
         122  7.332781712820919E-010
         123  6.842495874570875E-010
         124  2.066265444972371E-008
         125  9.358020702354248E-008
         126  7.494230774112932E-007
         127  3.807922980680993E-006
         128  3.065273845628360E-005
         129  1.444939632528035E-004
         130  3.302572861159832E-004
         131  1.076838046019565E-003
         132  1.034063271740776E-003
         133  3.413265695456784E-005
         134  8.573036202823751E-005
         135  8.645795015846747E-005
         136  2.197005238684727E-004
         137  1.180713592305667E-004
         138  8.817681431293310E-005
         139  1.427059138853728E-005
         140  3.131774454497176E-005
         141  2.208040515422981E-005
         142  8.346581476862672E-006
         143  1.376919991489152E-006
         144  5.053450778705810E-006
         145  2.167427071888837E-006
         146  1.067316820698673E-005
         147  1.590841079830707E-005
         148  3.124025265869644E-005
         149  1.951559866789331E-005
         150  1.940296412639572E-005
         151  7.483859922548061E-006
         152  1.369590647282921E-005
         153  9.707586581181174E-006
         154  3.919588120213571E-005
         155  2.147387265500376E-005
         156  7.301195722240884E-005
         157  3.184889290335995E-005
         158  5.339612275519763E-005
         159  3.048156422344405E-005
         160  6.386019363560800E-005
         161  3.707555691935241E-005
         162  8.893698472519835E-005
         163  4.716042365818856E-005
         164  1.227423088937145E-004
         165  7.070703492774055E-005
         166  6.774383244334302E-005
         167  1.976617182769112E-005
         168  9.005185641260982E-005
         169  4.501913437050892E-005
         170  4.458422495282372E-005
         171  2.066804876896660E-005
         172  3.800894118424917E-005
         173  5.261819029172678E-005
         174  7.261450692574195E-005
         175  1.826830678990172E-005
         176  1.485561306975770E-005
         177  6.711222865647336E-006
         178  1.734136900488191E-005
         179  6.218776239064779E-006
         180  9.923078499347112E-006
         181  4.935553036228209E-006
         182  1.115637171186562E-005
         183  5.923962208751403E-006
         184  1.101041800126484E-005
         185  3.561767164088109E-006
         186  1.393925541467100E-005
         187  4.218803038283590E-006
         188  1.486242459816019E-005
         189  1.334723741696340E-005
         190  2.746321692452885E-005
         191  2.970561341715260E-005
         192  1.065538782378025E-004
         193  1.406757438546319E-004
         194  3.408067853714394E-004
         195  2.257503258607774E-004
         196  4.139895995710554E-004
         197  2.101929452493095E-004
         198  1.462082008868157E-004
         199  1.168749917069426E-005
         200  2.136716672033735E-006
         201  8.847756368899813E-008
         202  1.115704035878784E-007
         203  2.723451711625984E-008
         204  8.233138078532267E-008
         205  7.046438824062064E-008
         206  2.386848384977953E-006
         207  1.539675874169393E-006
         208  2.590811548747262E-006
         209  1.661189052769608E-006
         226  6.706479121059522E-014
         227  5.188386744113490E-015
         230  3.160427154037959E-012
         231  7.788817559242996E-012
         232  6.015459163629867E-007
         234  1.029007936192031E-011
         235  1.673709375120744E-007
         236  1.732876887081276E-009
         238  1.872650139466720E-007
         240  3.367963793089788E-013
         244  4.111283681061802E-009
