           1  7.405594454147145E-005
           2  6.470609901488105E-012
           3  1.574717819390911E-008
           4  8.177695028299804E-005
           6  5.674563962362780E-015
           7  3.114017005274736E-012
           8  2.708281752318958E-013
           9  1.912633244112939E-009
          10  2.713051082138141E-014
          14  2.383588273981933E-015
          15  2.236622840017430E-012
          16  1.273875884580206E-009
          17  9.401057444162476E-011
          18  4.579600740414054E-010
          19  2.102797320679796E-010
          20  4.748334803897413E-009
          21  7.764987610805622E-010
          22  1.528030506337644E-009
          23  4.988984193318447E-009
          24  1.149317249387505E-008
          25  1.397798460004606E-008
          26  1.211174508270796E-008
          27  2.603016242062347E-009
          28  1.578340248468047E-009
          29  8.381762064765895E-010
          30  2.638167187478932E-009
          31  4.633184733060803E-010
          32  6.492085638531890E-010
          33  8.128541524017974E-010
          34  4.346356324900832E-009
          35  2.906306874205278E-010
          36  1.158538633324698E-009
          37  8.281331240319860E-010
          38  1.121908297644419E-009
          39  3.153511687732395E-010
          40  6.263148202071303E-010
          41  8.796419631677499E-010
          42  6.004090117104668E-009
          43  5.097311927873133E-010
          44  9.945103056625854E-010
          45  4.492375001563961E-009
          46  7.489316420450684E-009
          47  8.107919182430579E-009
          48  5.967799640459650E-009
          49  5.279259502218023E-010
          50  3.110134518096324E-009
          51  1.546735074954934E-009
          52  6.325436937287561E-009
          53  2.221146583769174E-010
          54  5.413866870006111E-010
          55  3.494967388380585E-010
          56  3.999471699499192E-010
          57  1.053477296330586E-010
          58  1.983114313657469E-010
          59  1.396010801717296E-010
          60  1.691079663234998E-010
          61  1.823558323748397E-010
          62  8.666405681919906E-010
          63  3.476531507686377E-010
          64  3.497688157944650E-010
          65  2.955641211184701E-010
          66  4.273334169581829E-010
          67  5.803475552038199E-010
          68  8.549803291273331E-010
          69  1.567307223114175E-010
          70  4.647447582726300E-010
          71  1.608602100463114E-010
          72  1.987273956946346E-010
          73  2.100237006913658E-010
          74  4.418844085811776E-010
          75  1.059471704602221E-009
          76  2.809928695425826E-009
          77  5.457895199595154E-009
          78  1.025028632943575E-008
          79  8.074875618826323E-009
          80  3.233681276068131E-008
          81  1.269805588967195E-008
          82  1.106575891695380E-008
          83  4.778033278361617E-009
          84  5.272938436121131E-009
          85  3.495708679329959E-009
          86  3.802334877730204E-009
          87  2.621372335315288E-009
          88  6.257777916435050E-009
          89  2.804538415077585E-009
          90  5.394241220163788E-009
          91  3.635739220394104E-009
          92  3.030409117800240E-009
          93  2.528960255433246E-009
          94  5.919957134802762E-009
          95  3.021737419625550E-009
          96  3.533366010331696E-009
          97  1.531564284452467E-009
          98  1.413309791206341E-009
          99  1.589822168238680E-009
         100  1.411163699712223E-009
         101  1.048646649621581E-009
         102  1.834026582492267E-009
         103  1.728156966420762E-009
         104  1.676395157260746E-009
         105  1.792487649414285E-009
         106  2.327460010110368E-009
         107  1.803789665238366E-009
         108  6.133977738651393E-009
         109  2.697093448105388E-009
         110  7.331806031975465E-009
         111  5.238311371034432E-009
         112  6.932014453845086E-009
         113  3.496350335825196E-009
         114  2.749971873776280E-009
         115  1.431755770094959E-009
         116  1.489647889616491E-009
         117  1.347554310481174E-009
         118  1.437271356718324E-009
         119  5.182997039271687E-010
         120  7.266359649656425E-010
         121  5.927183751586951E-010
         122  7.560044158088798E-010
         123  6.980735832022434E-010
         124  1.890727471645727E-008
         125  8.689285840828969E-008
         126  7.013373407648047E-007
         127  3.527760719528051E-006
         128  2.860761684318435E-005
         129  1.403979731114509E-004
         130  3.395383204547631E-004
         131  1.110656332444121E-003
         132  1.059046079333517E-003
         133  3.344048006662955E-005
         134  8.383646835653952E-005
         135  9.121063540826858E-005
         136  2.272436286794025E-004
         137  1.202222128873572E-004
         138  8.170125808911138E-005
         139  1.303160770251614E-005
         140  2.847957165364386E-005
         141  2.026621132984902E-005
         142  7.811905538592228E-006
         143  1.369114223101856E-006
         144  6.283285757691924E-006
         145  3.273839168336583E-006
         146  1.144228678415501E-005
         147  6.703964293132743E-006
         148  4.326660852529397E-006
         149  4.094129506765080E-006
         150  3.952858085591085E-005
         151  1.761739229291939E-005
         152  2.861481090588831E-005
         153  1.115431400518431E-005
         154  3.159442097722009E-005
         155  1.800250517317989E-005
         156  5.382166634038829E-005
         157  2.286965947576859E-005
         158  3.301046126408778E-005
         159  1.787754240175159E-005
         160  4.608473110023100E-005
         161  2.460341967585072E-005
         162  1.040452667221425E-004
         163  4.722286568314417E-005
         164  9.124020946549517E-005
         165  6.309401845626133E-005
         166  1.781114678103819E-004
         167  3.821492382293737E-005
         168  5.071083619690239E-005
         169  2.287868378168419E-005
         170  1.707741951903370E-005
         171  1.043252636108795E-005
         172  3.533406359240938E-005
         173  2.570483268415562E-005
         174  5.163961034348675E-005
         175  2.120886994747443E-005
         176  1.950971567828870E-005
         177  1.067385655844630E-005
         178  2.229633018159006E-005
         179  1.245093225316129E-005
         180  2.273656424532241E-005
         181  9.209110838982475E-006
         182  1.636036922701402E-005
         183  7.907382247634459E-006
         184  1.383747436119893E-005
         185  4.384946721161685E-006
         186  1.654483055346003E-005
         187  4.748906483454578E-006
         188  1.536812492055835E-005
         189  1.330041426863234E-005
         190  2.775609381509422E-005
         191  3.066407062888095E-005
         192  1.078280560023062E-004
         193  1.387293838985161E-004
         194  3.386232090668604E-004
         195  2.283244122933457E-004
         196  4.244733531025368E-004
         197  2.203822001634026E-004
         198  1.582695193167430E-004
         199  1.272231080882171E-005
         200  2.250602608121813E-006
         201  8.573349485532803E-008
         202  1.018024574902487E-007
         203  2.424526664916950E-008
         204  8.502195623086398E-008
         205  7.520436863044758E-008
         206  2.254440739463835E-006
         207  1.475385550431480E-006
         208  2.481152668439304E-006
         209  1.561290273855842E-006
         226  6.177068890843515E-014
         227  4.779518102186838E-015
         230  2.910942672390035E-012
         231  7.175023057266970E-012
         232  5.520202005225667E-007
         234  9.477779318097235E-012
         235  1.541813409585420E-007
         236  1.570421578271696E-009
         238  1.724822922897007E-007
         240  3.048725287972087E-013
         244  3.721588263566567E-009
