           1  7.392401033995000E-005
           2  6.470609901488105E-012
           3  1.574717819390911E-008
           4  8.217458836474701E-005
           6  5.674563962362780E-015
           7  3.114017005274736E-012
           8  2.708281752318958E-013
           9  1.912633244112939E-009
          10  2.713051082138141E-014
          14  2.201541022577174E-015
          15  2.333039475077501E-012
          16  1.236481572981285E-009
          17  9.198594141803441E-011
          18  4.615485380739043E-010
          19  2.152040728128155E-010
          20  4.670251593473376E-009
          21  7.532181286323418E-010
          22  1.496807630310264E-009
          23  4.923970031645000E-009
          24  1.135886875226604E-008
          25  1.393466487048747E-008
          26  1.192917364818202E-008
          27  2.505691172948374E-009
          28  1.573272223059281E-009
          29  8.861495508660872E-010
          30  2.703146049690685E-009
          31  4.722431282427001E-010
          32  6.775579688885821E-010
          33  8.334513070077148E-010
          34  4.384453670200443E-009
          35  2.955916367581574E-010
          36  1.182472047637464E-009
          37  8.047678429466922E-010
          38  1.082704751554979E-009
          39  3.027318011987609E-010
          40  6.337243136304594E-010
          41  9.059526594135042E-010
          42  5.985340112937698E-009
          43  5.188171028740797E-010
          44  1.022228146818774E-009
          45  4.563182835694033E-009
          46  7.497740942540017E-009
          47  8.050996300430100E-009
          48  5.922331306228640E-009
          49  5.144093158401914E-010
          50  3.069990249800009E-009
          51  1.545688672459036E-009
          52  6.431592974123491E-009
          53  2.281633648568132E-010
          54  5.533842291688832E-010
          55  3.425325316873157E-010
          56  3.970343391624361E-010
          57  1.065988991359026E-010
          58  2.088023494206269E-010
          59  1.453110077065463E-010
          60  1.781891381616996E-010
          61  1.864111528793672E-010
          62  8.661496020379074E-010
          63  3.548856262100881E-010
          64  3.661582502928156E-010
          65  3.078791231319668E-010
          66  4.475096122629519E-010
          67  5.853726176486818E-010
          68  8.399803789970585E-010
          69  1.557363543805685E-010
          70  4.595385957024411E-010
          71  1.587934198164631E-010
          72  2.026529753552642E-010
          73  2.191369260203581E-010
          74  4.483298373697084E-010
          75  1.063684002362004E-009
          76  2.794650658267126E-009
          77  5.515997121221871E-009
          78  1.016903170578688E-008
          79  8.019779828365528E-009
          80  3.160533732908695E-008
          81  1.260805457559458E-008
          82  1.084408224984848E-008
          83  4.658561628945171E-009
          84  5.286147537377853E-009
          85  3.511421807452629E-009
          86  3.817828040758036E-009
          87  2.628111925972374E-009
          88  6.161617550770620E-009
          89  2.758222066505997E-009
          90  5.280044875313237E-009
          91  3.638389799787933E-009
          92  3.073574304494317E-009
          93  2.518567582934723E-009
          94  5.618217023943540E-009
          95  2.951729407016125E-009
          96  3.553154583263162E-009
          97  1.568594995967870E-009
          98  1.456158478344473E-009
          99  1.602088523842895E-009
         100  1.423979866718574E-009
         101  1.041529306217304E-009
         102  1.793407548500040E-009
         103  1.702762571133104E-009
         104  1.672015408102280E-009
         105  1.773571558445125E-009
         106  2.294409969502664E-009
         107  1.763879005299787E-009
         108  5.982855884680324E-009
         109  2.645506815849586E-009
         110  7.105452417370628E-009
         111  5.073880668737881E-009
         112  6.685840640846204E-009
         113  3.400291788950932E-009
         114  2.692133993157332E-009
         115  1.396508453324454E-009
         116  1.446492002111117E-009
         117  1.318215004653359E-009
         118  1.408538888527638E-009
         119  4.996502128620424E-010
         120  6.971745423317518E-010
         121  5.716408951490498E-010
         122  7.316630759271072E-010
         123  6.776609699300688E-010
         124  1.817967429296876E-008
         125  8.414098547568878E-008
         126  6.872420897130968E-007
         127  3.492531840447129E-006
         128  2.844673624953546E-005
         129  1.387216587278742E-004
         130  3.310524756294172E-004
         131  1.091481776984586E-003
         132  1.064632566215419E-003
         133  3.504208127666522E-005
         134  8.782906800037917E-005
         135  8.955329178377779E-005
         136  2.304233290214530E-004
         137  1.242777010173354E-004
         138  9.232225660813673E-005
         139  1.505410329434218E-005
         140  3.375327329344855E-005
         141  2.523172965182258E-005
         142  9.950945237216499E-006
         143  1.656329039963820E-006
         144  6.046400931363682E-006
         145  2.708831674142467E-006
         146  1.197186623156223E-005
         147  1.559087498292124E-005
         148  1.708563556784854E-005
         149  1.090283411702811E-005
         150  2.449976706329131E-005
         151  1.193325236236445E-005
         152  2.760777073448338E-005
         153  1.534875105528533E-005
         154  3.706610730224828E-005
         155  1.856156229616162E-005
         156  2.564581331228759E-005
         157  1.377980731942234E-005
         158  3.424539071785135E-005
         159  2.046643159200190E-005
         160  1.056940620593789E-004
         161  4.699140538595171E-005
         162  5.848828948537007E-005
         163  4.406856020996058E-005
         164  8.633606867222415E-005
         165  3.747853979273504E-005
         166  7.731092006621696E-005
         167  3.239739708827461E-005
         168  1.241380789485087E-004
         169  6.491969449113931E-005
         170  5.049402211979215E-005
         171  2.442777973552301E-005
         172  3.635242319757258E-005
         173  1.821105649237098E-005
         174  4.028514549935683E-005
         175  2.173703246752338E-005
         176  1.494915593984301E-005
         177  4.734215588141807E-006
         178  8.459567893160025E-006
         179  5.494765603287381E-006
         180  1.192529187017401E-005
         181  5.272613499313942E-006
         182  1.062447420261248E-005
         183  5.490781745189615E-006
         184  1.013008139479101E-005
         185  3.288985398551042E-006
         186  1.278301474731875E-005
         187  3.800167503100847E-006
         188  1.300651416769975E-005
         189  1.151028922361153E-005
         190  2.482534070895026E-005
         191  2.770923629905700E-005
         192  1.009941443454375E-004
         193  1.353498734902391E-004
         194  3.411994924624761E-004
         195  2.343272632093433E-004
         196  4.400704059476857E-004
         197  2.316716122238987E-004
         198  1.677136728523765E-004
         199  1.379288997872815E-005
         200  2.483707501728027E-006
         201  9.511435597773842E-008
         202  1.135788838981565E-007
         203  2.726605782368158E-008
         204  8.636675727841669E-008
         205  7.453217186232976E-008
         206  2.323850920837275E-006
         207  1.513719483248385E-006
         208  2.539183624387390E-006
         209  1.618848340855494E-006
         226  6.056275008199707E-014
         227  4.701988637158621E-015
         230  2.854018575578883E-012
         231  7.058635654331826E-012
         232  5.553923031630446E-007
         234  9.292439348136529E-012
         235  1.516803363329125E-007
         236  1.495098206814307E-009
         238  1.691093647505790E-007
         240  2.900032156401155E-013
         244  3.540078104054811E-009
