           1  7.442453026012428E-005
           2  6.470609901488105E-012
           3  1.574717819390911E-008
           4  8.201457410551963E-005
           6  5.674563962362780E-015
           7  3.114017005274736E-012
           8  2.708281752318958E-013
           9  1.912633244112939E-009
          10  2.713051082138141E-014
          14  1.952550403903986E-015
          15  2.041686743078112E-012
          16  1.227357382361351E-009
          17  9.147365188553999E-011
          18  4.516362174003690E-010
          19  2.028114560651103E-010
          20  4.464891503901095E-009
          21  7.451110270616089E-010
          22  1.773761323177599E-009
          23  4.720627097327954E-009
          24  1.104362224261607E-008
          25  1.334209130161141E-008
          26  1.232484489225871E-008
          27  2.696082707150292E-009
          28  1.634475137481358E-009
          29  8.495537612931660E-010
          30  2.832844118255407E-009
          31  4.875280209468923E-010
          32  5.936458089458265E-010
          33  7.595790913515083E-010
          34  4.456255033076521E-009
          35  2.949878212780932E-010
          36  1.169874414397235E-009
          37  7.666778260053873E-010
          38  1.021619532862028E-009
          39  2.883521736258262E-010
          40  6.082758931248448E-010
          41  8.837677600775032E-010
          42  6.223620985643984E-009
          43  5.227439485892242E-010
          44  9.249068067431184E-010
          45  4.048656015327509E-009
          46  7.239087713331518E-009
          47  8.245598291420517E-009
          48  6.226088092013109E-009
          49  5.005490139294197E-010
          50  3.160469222736030E-009
          51  1.594403413463994E-009
          52  6.347002772030344E-009
          53  2.092609379862937E-010
          54  5.150034786791093E-010
          55  3.551630088577432E-010
          56  4.083326655441652E-010
          57  1.056111464265487E-010
          58  2.181314472449170E-010
          59  1.488852735653918E-010
          60  1.599472163772626E-010
          61  1.614030769293017E-010
          62  7.930394113356665E-010
          63  3.325731686284775E-010
          64  3.699971868488375E-010
          65  3.175724882664584E-010
          66  4.336664754936311E-010
          67  5.834474757639859E-010
          68  8.716870990391037E-010
          69  1.671694932691429E-010
          70  5.122834695983144E-010
          71  1.744140976659628E-010
          72  2.078781933284287E-010
          73  2.104155340268333E-010
          74  4.115930999305227E-010
          75  9.532428112162812E-010
          76  2.685666957397309E-009
          77  5.457312109794705E-009
          78  1.028495762202997E-008
          79  7.837926206070986E-009
          80  3.229385456782379E-008
          81  1.176175346304931E-008
          82  1.070570511297005E-008
          83  4.704539296809243E-009
          84  5.119837890997695E-009
          85  3.501903672134438E-009
          86  3.744406672247899E-009
          87  2.297557318396483E-009
          88  5.800846787982371E-009
          89  2.773946339552886E-009
          90  5.336822327194112E-009
          91  3.380794929731760E-009
          92  2.696566643361210E-009
          93  2.287941133095853E-009
          94  5.661650423744605E-009
          95  2.867877936157348E-009
          96  3.540150226386994E-009
          97  1.529090016556207E-009
          98  1.391479661343952E-009
          99  1.531371633104715E-009
         100  1.331803537450305E-009
         101  1.016271038577674E-009
         102  1.758795331839443E-009
         103  1.660501959299812E-009
         104  1.606571412187211E-009
         105  1.671317712721797E-009
         106  2.056778664741400E-009
         107  1.584232379071395E-009
         108  5.239430320638048E-009
         109  2.395687285384391E-009
         110  6.884647542716297E-009
         111  4.901682168052155E-009
         112  6.546038643894313E-009
         113  3.293042120784905E-009
         114  2.621603242903041E-009
         115  1.386662446805353E-009
         116  1.458204573739918E-009
         117  1.315105871875974E-009
         118  1.432739321142506E-009
         119  5.390828140628897E-010
         120  7.720329505300186E-010
         121  6.259135013391801E-010
         122  7.854601392692044E-010
         123  6.875889732575707E-010
         124  1.729778233503801E-008
         125  7.347585063028013E-008
         126  5.940270241970056E-007
         127  3.079379754372153E-006
         128  2.582119026081328E-005
         129  1.290990647663678E-004
         130  3.281006278426802E-004
         131  1.093094156892254E-003
         132  1.042113305499748E-003
         133  3.321418015668564E-005
         134  8.392893261261958E-005
         135  8.244882524941197E-005
         136  2.167571813787692E-004
         137  1.182620126873268E-004
         138  9.016214197948322E-005
         139  1.392812505008428E-005
         140  3.255783855347510E-005
         141  2.418706876686107E-005
         142  9.733715398483566E-006
         143  1.893442850418464E-006
         144  9.956897363146140E-006
         145  5.529866824977861E-006
         146  2.068357246675855E-005
         147  1.309892415170506E-005
         148  1.057538400190730E-005
         149  7.632273767187918E-006
         150  5.095008520115408E-005
         151  2.434094499092810E-005
         152  2.984880863391569E-005
         153  1.245537221381690E-005
         154  2.045368337935778E-005
         155  9.279927828656579E-006
         156  1.717693206222654E-005
         157  1.194221635319466E-005
         158  6.335827558861908E-005
         159  3.676820465844403E-005
         160  7.166535540809430E-005
         161  4.159120357416198E-005
         162  1.066468489082196E-004
         163  4.361503890244310E-005
         164  1.468375306851341E-004
         165  7.469752720685023E-005
         166  1.039971024448687E-004
         167  2.714547770952215E-005
         168  6.023490826956505E-005
         169  2.343480237167128E-005
         170  5.099277274138909E-005
         171  3.672564578120472E-005
         172  5.544513400118718E-005
         173  3.566785845533209E-005
         174  3.691360465782173E-005
         175  1.614446714998211E-005
         176  2.643584079049348E-005
         177  1.389784772891582E-005
         178  1.836607035693125E-005
         179  7.071700303661653E-006
         180  1.187870687297295E-005
         181  5.803835342370313E-006
         182  1.266031463329533E-005
         183  6.419519010926326E-006
         184  1.114830482380872E-005
         185  3.421389140585101E-006
         186  1.261890456475088E-005
         187  3.673022033060344E-006
         188  1.198140261676734E-005
         189  1.056604505805047E-005
         190  2.216092910266617E-005
         191  2.642771758076528E-005
         192  9.453662098876808E-005
         193  1.231735272758906E-004
         194  3.025342140334915E-004
         195  2.212311901126416E-004
         196  4.429310256401392E-004
         197  2.308455114464833E-004
         198  1.678275420183573E-004
         199  1.326864735090465E-005
         200  2.394345077688224E-006
         201  9.018788079023666E-008
         202  1.126004122431461E-007
         203  2.828469398289147E-008
         204  8.750081637995794E-008
         205  7.490203517645566E-008
         206  2.300583239774587E-006
         207  1.515661907144936E-006
         208  2.519093627375534E-006
         209  1.607305183456649E-006
         226  6.338172503035128E-014
         227  4.962660781700022E-015
         230  2.986862722448065E-012
         231  7.449957249413978E-012
         232  5.682966628026520E-007
         234  9.724968480252087E-012
         235  1.600892972232464E-007
         236  1.565877828374086E-009
         238  1.769807883916544E-007
         240  3.036749230365814E-013
         244  3.706969053496331E-009
