           1  7.362166425557153E-005
           2  6.470609901488105E-012
           3  1.574717819390911E-008
           4  8.203260415101730E-005
           6  5.674563962362780E-015
           7  3.114017005274736E-012
           8  2.708281752318958E-013
           9  1.912633244112939E-009
          10  2.713051082138141E-014
          14  2.655656987280679E-015
          15  2.543934007884587E-012
          16  1.253794770688074E-009
          17  9.306793468094138E-011
          18  4.730099407775543E-010
          19  2.285161844746808E-010
          20  4.538956026647519E-009
          21  7.417302066999566E-010
          22  1.775996655744836E-009
          23  4.777165826826820E-009
          24  1.114503045796721E-008
          25  1.362628048640691E-008
          26  1.277251588519195E-008
          27  2.728031028738789E-009
          28  1.633855430811731E-009
          29  9.173371609869872E-010
          30  2.939859939683133E-009
          31  5.110575757833804E-010
          32  6.282947341890334E-010
          33  7.433727905726145E-010
          34  4.305059768448180E-009
          35  3.140234116126258E-010
          36  1.297228941862055E-009
          37  8.169967541315041E-010
          38  1.080154806508779E-009
          39  3.016323112141931E-010
          40  6.252118411587563E-010
          41  8.961034172275695E-010
          42  5.945471628235723E-009
          43  5.262849762489387E-010
          44  9.635281418508930E-010
          45  4.171382090330108E-009
          46  7.401245976926709E-009
          47  8.302761853233804E-009
          48  6.234803403823014E-009
          49  5.168754620025783E-010
          50  3.181142259695154E-009
          51  1.604984537158478E-009
          52  6.435679851683917E-009
          53  2.107639800229079E-010
          54  4.896571853770800E-010
          55  3.185577585508266E-010
          56  3.952591957380121E-010
          57  1.062419738981041E-010
          58  2.216202916286548E-010
          59  1.508469880788205E-010
          60  1.673117077612375E-010
          61  1.649985670150285E-010
          62  7.864823355545280E-010
          63  3.315639856816216E-010
          64  3.704756728197771E-010
          65  3.131119518519113E-010
          66  4.413925587981283E-010
          67  5.713396359075422E-010
          68  8.207048052968553E-010
          69  1.548335007820505E-010
          70  4.631644154101771E-010
          71  1.596287259050496E-010
          72  2.007309517955879E-010
          73  2.155641468089767E-010
          74  4.116877026501996E-010
          75  9.250935950442904E-010
          76  2.596991386087868E-009
          77  5.478202633319403E-009
          78  1.040192489596205E-008
          79  8.009767299348687E-009
          80  3.199481984083211E-008
          81  1.294135023569663E-008
          82  1.179838112678659E-008
          83  5.188270424543700E-009
          84  5.402892829830609E-009
          85  3.642979785033738E-009
          86  3.931682039370719E-009
          87  2.487279647018158E-009
          88  6.112315679569302E-009
          89  2.774418928731585E-009
          90  5.240225168482394E-009
          91  3.627487506888729E-009
          92  3.021234388826048E-009
          93  2.485104838170554E-009
          94  5.664497829064444E-009
          95  3.093191600211466E-009
          96  3.973771795143988E-009
          97  1.761979925389984E-009
          98  1.580077764311559E-009
          99  1.710839234709366E-009
         100  1.525457577833730E-009
         101  1.105357280182650E-009
         102  1.889547082490420E-009
         103  1.763162657683492E-009
         104  1.731760674033438E-009
         105  1.787400013969470E-009
         106  2.217031739781581E-009
         107  1.696008614191269E-009
         108  5.743254643342072E-009
         109  2.576075185323711E-009
         110  7.215454466727402E-009
         111  5.283476156717698E-009
         112  7.185501410680586E-009
         113  3.710883017644052E-009
         114  2.998613138494058E-009
         115  1.559690737173134E-009
         116  1.644569668159164E-009
         117  1.536017406088961E-009
         118  1.675131695596841E-009
         119  5.937484560433534E-010
         120  8.412188951327438E-010
         121  6.966422858111307E-010
         122  8.607115641281390E-010
         123  7.653675579440752E-010
         124  1.740722354216886E-008
         125  7.899011922470481E-008
         126  6.380854210801008E-007
         127  3.218584239963435E-006
         128  2.638560187383145E-005
         129  1.331586201158444E-004
         130  3.374476809787402E-004
         131  1.130256076597141E-003
         132  1.092026577744044E-003
         133  3.462628283303665E-005
         134  8.687273256378674E-005
         135  9.036364625637201E-005
         136  2.408567863593447E-004
         137  1.287471343451512E-004
         138  8.183815692349511E-005
         139  1.492198212666651E-005
         140  3.453808407394047E-005
         141  2.538988349309880E-005
         142  9.732666581175988E-006
         143  1.754935578135521E-006
         144  8.362631058174931E-006
         145  3.992374810133237E-006
         146  1.338099923514164E-005
         147  8.497574860695755E-006
         148  2.096924088021860E-005
         149  1.707470932519070E-005
         150  3.287718589574097E-005
         151  1.279934920194440E-005
         152  1.573286953838789E-005
         153  7.278524491742431E-006
         154  4.331436694733569E-005
         155  2.473340980089293E-005
         156  3.576870089334286E-005
         157  1.702226882604927E-005
         158  3.536852060905827E-005
         159  1.667956974980214E-005
         160  2.815424118748513E-005
         161  1.615424545812813E-005
         162  9.614809646549708E-005
         163  3.831669583787365E-005
         164  7.407531361918607E-005
         165  5.134019687486467E-005
         166  6.342217346859865E-005
         167  2.004546174140072E-005
         168  8.880649069015323E-005
         169  5.414165117583389E-005
         170  3.481854252289638E-005
         171  1.083928438395610E-005
         172  2.969810983008588E-005
         173  1.620835250417732E-005
         174  2.150412890196055E-005
         175  1.573725679836501E-005
         176  3.061192073211524E-005
         177  1.659987995181985E-005
         178  2.695016917271775E-005
         179  8.460257655714850E-006
         180  1.155950357952096E-005
         181  5.831867139263700E-006
         182  1.337655193826611E-005
         183  6.881785078480425E-006
         184  1.232350964530301E-005
         185  3.848024064457727E-006
         186  1.397461154803643E-005
         187  4.132926137862159E-006
         188  1.370411164422981E-005
         189  1.160304624349415E-005
         190  2.502327367142803E-005
         191  2.730390025679852E-005
         192  9.925575595095595E-005
         193  1.319025597397062E-004
         194  3.344851482781621E-004
         195  2.416813094252610E-004
         196  4.709430439899046E-004
         197  2.495252710859017E-004
         198  1.840902594331165E-004
         199  1.531597835534392E-005
         200  2.624531214592941E-006
         201  8.829237600951366E-008
         202  9.989695168250392E-008
         203  2.432660022874388E-008
         204  9.063616501852799E-008
         205  8.132098791581066E-008
         206  2.313124142972973E-006
         207  1.521502063972948E-006
         208  2.490872369227497E-006
         209  1.599751316283357E-006
         226  6.224114484054458E-014
         227  4.917999328789938E-015
         230  2.933112900251447E-012
         231  7.382911378355498E-012
         232  5.846613906894851E-007
         234  9.549963675795308E-012
         235  1.586485740056311E-007
         236  1.478647603309077E-009
         238  1.737959463710371E-007
         240  2.860720078026824E-013
         244  3.492089730004999E-009
