           1  7.410216597500901E-005
           2  6.470609901488105E-012
           3  1.574717819390911E-008
           4  7.998506027178289E-005
           6  5.674563962362780E-015
           7  3.114017005274736E-012
           8  2.708281752318958E-013
           9  1.912633244112939E-009
          10  2.713051082138141E-014
          14  2.174349564313295E-015
          15  2.216055040347781E-012
          16  1.285698280693357E-009
          17  9.467214914973735E-011
          18  4.431682048681001E-010
          19  1.903972023878817E-010
          20  4.778373601216198E-009
          21  7.831180129645893E-010
          22  1.561174024146908E-009
          23  4.994697091402945E-009
          24  1.151730139746339E-008
          25  1.397408789488097E-008
          26  1.172572229370490E-008
          27  2.527282060058602E-009
          28  1.596237114926418E-009
          29  8.374705914706429E-010
          30  2.692976447073889E-009
          31  4.723687875773077E-010
          32  6.149395167311489E-010
          33  8.494478835346284E-010
          34  4.323871618478052E-009
          35  2.893884539722838E-010
          36  1.149643597657128E-009
          37  7.798875920348913E-010
          38  1.051079122850979E-009
          39  3.133282965824978E-010
          40  6.344909002173006E-010
          41  8.899687048588041E-010
          42  6.323752335973585E-009
          43  5.425678765800340E-010
          44  1.009084492633053E-009
          45  4.510540065530685E-009
          46  7.382968879745683E-009
          47  7.935859294330817E-009
          48  5.861330964889639E-009
          49  5.206587602237842E-010
          50  3.127081523098537E-009
          51  1.566708518953016E-009
          52  6.266009223781246E-009
          53  2.168469867812736E-010
          54  5.276285224468348E-010
          55  3.618344858588038E-010
          56  4.322023306580970E-010
          57  1.158067002522783E-010
          58  2.178661787773152E-010
          59  1.523412084623330E-010
          60  1.779037448606080E-010
          61  1.870831745331022E-010
          62  8.975866606081170E-010
          63  3.631746472037039E-010
          64  3.635383383753643E-010
          65  3.052694890577377E-010
          66  4.386207774749809E-010
          67  5.802334707070293E-010
          68  8.669263374140945E-010
          69  1.613198218668366E-010
          70  4.850552923219355E-010
          71  1.674332815746883E-010
          72  2.073428961369314E-010
          73  2.153603017614714E-010
          74  4.539026613901350E-010
          75  1.093399264709206E-009
          76  2.860470665459191E-009
          77  5.428735073488573E-009
          78  1.006200107850730E-008
          79  8.028772567278524E-009
          80  3.282885402457322E-008
          81  1.208650063196205E-008
          82  1.066963843709258E-008
          83  4.688817559871970E-009
          84  5.271236617269644E-009
          85  3.540612845340838E-009
          86  3.847756006210370E-009
          87  2.581365752128940E-009
          88  6.169161870713970E-009
          89  2.752294945878505E-009
          90  5.281053134120516E-009
          91  3.638891491389959E-009
          92  3.018497294318648E-009
          93  2.501540050446186E-009
          94  5.878431088050170E-009
          95  2.990193376840925E-009
          96  3.369115330358058E-009
          97  1.469053469141290E-009
          98  1.364405500407028E-009
          99  1.519360345637140E-009
         100  1.348689670067460E-009
         101  1.006488652072999E-009
         102  1.795046506744334E-009
         103  1.729243923873828E-009
         104  1.700334560425295E-009
         105  1.819012682004825E-009
         106  2.360893028357733E-009
         107  1.811340039731695E-009
         108  6.028730828936614E-009
         109  2.652180916418115E-009
         110  7.083766677965881E-009
         111  5.010663991843864E-009
         112  6.600534479582531E-009
         113  3.339508198110780E-009
         114  2.639233845572884E-009
         115  1.373816562497523E-009
         116  1.412860192118894E-009
         117  1.227991489490284E-009
         118  1.304447558153458E-009
         119  4.870594863299452E-010
         120  6.804637065525376E-010
         121  5.531775937896360E-010
         122  7.012388611513456E-010
         123  6.641306135512055E-010
         124  1.810712716682593E-008
         125  8.607178777235464E-008
         126  7.000347242953087E-007
         127  3.544176335845192E-006
         128  2.883137678241712E-005
         129  1.400138372201597E-004
         130  3.324132464750006E-004
         131  1.112637373033611E-003
         132  1.044543094884008E-003
         133  3.370131807989816E-005
         134  8.421517849650923E-005
         135  8.569303849960850E-005
         136  2.241364196344954E-004
         137  1.211699445006818E-004
         138  8.702645070059710E-005
         139  1.478335913291963E-005
         140  3.377217556102821E-005
         141  2.578995946780162E-005
         142  9.793839915540915E-006
         143  1.536818066735846E-006
         144  5.287002539148107E-006
         145  2.102470425125933E-006
         146  7.369134008440913E-006
         147  7.013465957768737E-006
         148  2.136797688685118E-005
         149  1.686528019557914E-005
         150  3.313191024534917E-005
         151  1.408704334848775E-005
         152  1.955714159288796E-005
         153  8.355703659265701E-006
         154  1.906106697708662E-005
         155  9.653829329553916E-006
         156  2.070166323358388E-005
         157  1.347401592178850E-005
         158  3.571087019639869E-005
         159  2.227164028562353E-005
         160  5.360308203208562E-005
         161  3.095186322773115E-005
         162  1.308190705867341E-004
         163  8.634401594887132E-005
         164  1.326354773020470E-004
         165  7.535765682647607E-005
         166  8.829662257454205E-005
         167  2.392958737384069E-005
         168  8.577348531937603E-005
         169  5.829089578680068E-005
         170  4.074628572424309E-005
         171  1.748609232969838E-005
         172  4.229250969325224E-005
         173  2.175342399286410E-005
         174  2.900598785040487E-005
         175  1.040533241388052E-005
         176  1.379915481763290E-005
         177  8.133219429472835E-006
         178  1.434098529913060E-005
         179  6.372118185645747E-006
         180  1.193409042271060E-005
         181  5.841066084345865E-006
         182  1.325287956388978E-005
         183  7.173787950502227E-006
         184  1.347641086747367E-005
         185  4.352162054247724E-006
         186  1.687210589436093E-005
         187  4.891292129665077E-006
         188  1.594385908138568E-005
         189  1.374328664515746E-005
         190  2.857881730905612E-005
         191  3.111856906924904E-005
         192  1.083114826452994E-004
         193  1.394201707456580E-004
         194  3.406455224412406E-004
         195  2.282278967798954E-004
         196  4.219581171264568E-004
         197  2.197880895184074E-004
         198  1.574688101239130E-004
         199  1.271488781124912E-005
         200  2.257121970534458E-006
         201  8.269353779945942E-008
         202  1.010647550567946E-007
         203  2.552344388839674E-008
         204  8.577630993476467E-008
         205  7.516003995439055E-008
         206  2.158595902771355E-006
         207  1.446483395267529E-006
         208  2.404244982541629E-006
         209  1.489136984620968E-006
         226  5.419717151316548E-014
         227  4.180828426781604E-015
         230  2.554040792945913E-012
         231  6.276268803524358E-012
         232  4.864659765330202E-007
         234  8.315737453216322E-012
         235  1.348683527035589E-007
         236  1.366325736079884E-009
         238  1.513347599549321E-007
         240  2.652464397565191E-013
         244  3.237871385280797E-009
