           1  7.445307478992562E-005
           2  6.470609901488105E-012
           3  1.574717819390911E-008
           4  8.061630232644045E-005
           6  5.674563962362780E-015
           7  3.114017005274736E-012
           8  2.708281752318958E-013
           9  1.912633244112939E-009
          10  2.713051082138141E-014
          14  2.001256742029438E-015
          15  2.002652031011635E-012
          16  1.262402526134792E-009
          17  9.332578352770843E-011
          18  4.374839541548623E-010
          19  1.843848907559894E-010
          20  4.747179384257240E-009
          21  7.781852207288519E-010
          22  1.530076606813158E-009
          23  4.970904923464042E-009
          24  1.146491073209155E-008
          25  1.391723094708841E-008
          26  1.161616966671461E-008
          27  2.513631975923167E-009
          28  1.577864399707417E-009
          29  8.146012610035137E-010
          30  2.625341668410748E-009
          31  4.636269012494766E-010
          32  6.021116618074213E-010
          33  8.480823540366439E-010
          34  4.317725003552561E-009
          35  2.858058023900960E-010
          36  1.126734704290456E-009
          37  7.869934206962124E-010
          38  1.062997929836431E-009
          39  3.123234750181988E-010
          40  6.242591080692402E-010
          41  8.714699953223171E-010
          42  6.288445953500387E-009
          43  5.404938106312394E-010
          44  1.005745466097721E-009
          45  4.508579606471407E-009
          46  7.366863730296060E-009
          47  7.899767236413215E-009
          48  5.829766148463700E-009
          49  5.295415133786054E-010
          50  3.123593340607912E-009
          51  1.555871528196160E-009
          52  6.227534943095300E-009
          53  2.214542410313289E-010
          54  5.487833018442233E-010
          55  3.725934412134393E-010
          56  4.313436371643951E-010
          57  1.163403020569731E-010
          58  2.176579223218504E-010
          59  1.531045628551209E-010
          60  1.790575536724224E-010
          61  1.855439944861757E-010
          62  8.930894976174264E-010
          63  3.642666253267621E-010
          64  3.625784229476515E-010
          65  3.061466494272326E-010
          66  4.428140612294710E-010
          67  5.788265768315472E-010
          68  8.729636249482819E-010
          69  1.632276123848155E-010
          70  4.907247164697563E-010
          71  1.693908434975086E-010
          72  2.112999600305925E-010
          73  2.161036818861179E-010
          74  4.584303902576071E-010
          75  1.108985030016146E-009
          76  2.894306586462870E-009
          77  5.461480734171542E-009
          78  1.000886410718023E-008
          79  7.957313379214148E-009
          80  3.258427151743557E-008
          81  1.195217433609291E-008
          82  1.040988439869829E-008
          83  4.529920263929443E-009
          84  5.125866849979175E-009
          85  3.454963344426091E-009
          86  3.759257948521170E-009
          87  2.551909972503988E-009
          88  6.086225101651600E-009
          89  2.715552340309865E-009
          90  5.183079854328599E-009
          91  3.558703634183511E-009
          92  2.938576068549580E-009
          93  2.433163709474699E-009
          94  5.770196308199493E-009
          95  2.897837735411422E-009
          96  3.231937711806653E-009
          97  1.415405727447423E-009
          98  1.338733942581836E-009
          99  1.490199616464547E-009
         100  1.314741204532570E-009
         101  9.846604110046731E-010
         102  1.736522645769432E-009
         103  1.687553066719741E-009
         104  1.652844530122056E-009
         105  1.771339402757568E-009
         106  2.308430850378237E-009
         107  1.762337345099938E-009
         108  5.826864332520028E-009
         109  2.591043875731446E-009
         110  6.971819018830902E-009
         111  4.869478364080366E-009
         112  6.391971878459614E-009
         113  3.226970421194180E-009
         114  2.554031959991164E-009
         115  1.342426253807910E-009
         116  1.379148141130177E-009
         117  1.191995630548433E-009
         118  1.259070903390342E-009
         119  4.734094456277118E-010
         120  6.595650082545150E-010
         121  5.329338858447596E-010
         122  6.939368926546864E-010
         123  6.454143635237599E-010
         124  1.838154271440038E-008
         125  8.248863490898936E-008
         126  6.793806562748257E-007
         127  3.467895653248355E-006
         128  2.840694512523024E-005
         129  1.378400995078820E-004
         130  3.269044388372620E-004
         131  1.098881092742989E-003
         132  1.024554158237226E-003
         133  3.330692872006752E-005
         134  8.359354116830315E-005
         135  8.363742881056839E-005
         136  2.154951491723851E-004
         137  1.167800710567435E-004
         138  8.767329701944685E-005
         139  1.452691923642689E-005
         140  3.352153544758078E-005
         141  2.565263446973750E-005
         142  9.794287356746240E-006
         143  1.527079956901405E-006
         144  5.015832600514498E-006
         145  1.827715954281147E-006
         146  6.588278250812078E-006
         147  7.307445518708515E-006
         148  2.846237216062951E-005
         149  2.224719182388435E-005
         150  4.055222244391600E-005
         151  1.488690300558021E-005
         152  1.931380436983913E-005
         153  8.232852397379382E-006
         154  2.197372913193585E-005
         155  1.199472487281015E-005
         156  5.657545305702518E-005
         157  3.721956969581556E-005
         158  6.161491198373550E-005
         159  2.383133403377899E-005
         160  5.793102549008058E-005
         161  2.334869799429296E-005
         162  6.679875952177834E-005
         163  8.768246826847787E-005
         164  1.753877876939996E-004
         165  7.571463490750042E-005
         166  8.655047754240103E-005
         167  2.497568295765476E-005
         168  9.632827257389156E-005
         169  4.669559204558781E-005
         170  2.729361703596547E-005
         171  1.133457653234315E-005
         172  5.126911079582313E-005
         173  2.122045604829195E-005
         174  2.428235011913147E-005
         175  1.341864289258588E-005
         176  2.398437781256756E-005
         177  1.295984857871658E-005
         178  1.473016578306864E-005
         179  6.982710825456492E-006
         180  1.404544267536637E-005
         181  6.509145422087466E-006
         182  1.413157154181516E-005
         183  7.604971579753100E-006
         184  1.413697318260071E-005
         185  4.515209609874698E-006
         186  1.753064305422040E-005
         187  5.073352102604707E-006
         188  1.641678100489207E-005
         189  1.414913681945662E-005
         190  2.896626813110212E-005
         191  3.172909795446422E-005
         192  1.087142065498025E-004
         193  1.391853631666097E-004
         194  3.366977042970487E-004
         195  2.220781904295523E-004
         196  4.069276256160773E-004
         197  2.120794931339824E-004
         198  1.510743320034898E-004
         199  1.206877291237086E-005
         200  2.166818197024530E-006
         201  8.028473216120117E-008
         202  1.006425159495534E-007
         203  2.576370305405518E-008
         204  7.998063363184757E-008
         205  6.887104512376653E-008
         206  2.162050901931398E-006
         207  1.439488153042763E-006
         208  2.414155417828435E-006
         209  1.508959240054146E-006
         226  5.940534196657362E-014
         227  4.501515517824832E-015
         230  2.799475737671557E-012
         231  6.757684967917637E-012
         232  5.173439442802229E-007
         234  9.114852552638439E-012
         235  1.452133215200838E-007
         236  1.516842408406816E-009
         238  1.658775341139017E-007
         240  2.947717467432137E-013
         244  3.598287708763231E-009
