           1  7.473833629743506E-005
           2  6.470609901488105E-012
           3  1.574717819390911E-008
           4  8.134645515697266E-005
           6  5.674563962362780E-015
           7  3.114017005274736E-012
           8  2.708281752318958E-013
           9  1.912633244112939E-009
          10  2.713051082138141E-014
          14  1.894896353518962E-015
          15  1.830727242585472E-012
          16  1.221257964186388E-009
          17  9.093907852788629E-011
          18  4.543467931086405E-010
          19  2.090737998289549E-010
          20  4.648802997461248E-009
          21  7.524120461600695E-010
          22  1.511258497475429E-009
          23  4.907390625584658E-009
          24  1.132519719354592E-008
          25  1.386788372129625E-008
          26  1.194241316773188E-008
          27  2.507379808199041E-009
          28  1.514713286874340E-009
          29  8.288186951401325E-010
          30  2.560687949944936E-009
          31  4.419470514465140E-010
          32  6.320973731632994E-010
          33  8.114459522473761E-010
          34  4.367730056596597E-009
          35  2.866436193640726E-010
          36  1.149343864700144E-009
          37  8.041876646116651E-010
          38  1.084833369113489E-009
          39  2.917529700296654E-010
          40  6.059733772210350E-010
          41  8.762934242022841E-010
          42  5.939636699109546E-009
          43  4.962800273447979E-010
          44  1.007602911772561E-009
          45  4.527414338785757E-009
          46  7.501996219965419E-009
          47  8.101661366040990E-009
          48  5.936632614160974E-009
          49  5.233340638158935E-010
          50  3.086919757782231E-009
          51  1.530791381333591E-009
          52  6.179507831856496E-009
          53  2.251795349526883E-010
          54  5.683086331888174E-010
          55  3.485615359543449E-010
          56  3.874929914114807E-010
          57  1.012983910465216E-010
          58  2.011999368617118E-010
          59  1.410185324353999E-010
          60  1.699306597186907E-010
          61  1.793368945165572E-010
          62  8.446836860857454E-010
          63  3.442529337169255E-010
          64  3.567332007424654E-010
          65  3.062820536598443E-010
          66  4.386899724732025E-010
          67  5.842780158993456E-010
          68  8.470173659624591E-010
          69  1.571243552550258E-010
          70  4.707544053558022E-010
          71  1.629012467111258E-010
          72  2.049407560404385E-010
          73  2.198798653594691E-010
          74  4.535349107941435E-010
          75  1.086225152773219E-009
          76  2.851967320003843E-009
          77  5.551467999712933E-009
          78  1.024611904547273E-008
          79  8.003527036299541E-009
          80  3.169541705722429E-008
          81  1.242475866341650E-008
          82  1.041387010626838E-008
          83  4.379408225073797E-009
          84  5.077428765904829E-009
          85  3.391558877223865E-009
          86  3.675743291707493E-009
          87  2.530854334181000E-009
          88  5.966730602955918E-009
          89  2.690224689917623E-009
          90  5.196972712865983E-009
          91  3.484488300840859E-009
          92  2.891918455056069E-009
          93  2.385776693557140E-009
          94  5.489837865747421E-009
          95  2.752439837806721E-009
          96  3.344530497513154E-009
          97  1.450119797721620E-009
          98  1.366399938549800E-009
          99  1.526886086991264E-009
         100  1.321841293507075E-009
         101  9.896108573381133E-010
         102  1.708311233984830E-009
         103  1.628966788754074E-009
         104  1.572209114547710E-009
         105  1.700479085992768E-009
         106  2.202077160568180E-009
         107  1.699677278627200E-009
         108  5.771708831429673E-009
         109  2.589358710699412E-009
         110  7.090351684132077E-009
         111  4.940113071927333E-009
         112  6.426172261098247E-009
         113  3.200492891300745E-009
         114  2.493150783856366E-009
         115  1.305835468317976E-009
         116  1.345460156402533E-009
         117  1.183645302046255E-009
         118  1.257820019097146E-009
         119  4.793511235873275E-010
         120  6.821316591782343E-010
         121  5.506754148054368E-010
         122  7.165050596457611E-010
         123  6.602861166712442E-010
         124  1.903474115024626E-008
         125  8.469761700864892E-008
         126  6.901888296238362E-007
         127  3.533857770667330E-006
         128  2.901836254936004E-005
         129  1.401138937929644E-004
         130  3.322975143745884E-004
         131  1.078324252262708E-003
         132  1.016383564396298E-003
         133  3.248041905617381E-005
         134  8.127488759370023E-005
         135  8.396609701612371E-005
         136  2.065401886070728E-004
         137  1.107281349743446E-004
         138  8.763634810568244E-005
         139  1.465364938917822E-005
         140  3.361726249977197E-005
         141  2.493012283381109E-005
         142  9.868083029389072E-006
         143  1.707763563953036E-006
         144  7.214917914450515E-006
         145  3.556473120282992E-006
         146  1.338982550755852E-005
         147  1.026581108128178E-005
         148  1.242423698952334E-005
         149  8.655547854334612E-006
         150  2.507000260570285E-005
         151  1.514780176006842E-005
         152  2.786799890534948E-005
         153  1.026844511456750E-005
         154  4.421522087437207E-005
         155  2.815767405134265E-005
         156  4.183070977752490E-005
         157  2.261742107458931E-005
         158  5.763127981789756E-005
         159  3.438308043056355E-005
         160  7.264461931107244E-005
         161  3.277440262251714E-005
         162  8.307341851780793E-005
         163  5.413639598345710E-005
         164  9.030406466640688E-005
         165  4.727704279270242E-005
         166  1.536886027464584E-004
         167  4.957178271178435E-005
         168  1.235828202620616E-004
         169  3.846802768466416E-005
         170  6.682451366105782E-005
         171  3.336490861914213E-005
         172  5.926740804509699E-005
         173  3.586429475425258E-005
         174  3.818550498789686E-005
         175  1.606527146329450E-005
         176  4.495812824276883E-005
         177  1.440791951279308E-005
         178  1.519026014000771E-005
         179  5.283122284133455E-006
         180  9.869333390680043E-006
         181  5.368324673082044E-006
         182  1.282706583832691E-005
         183  6.973468656303748E-006
         184  1.299201394778713E-005
         185  4.158708542916713E-006
         186  1.619770895612643E-005
         187  4.730612074936017E-006
         188  1.556805693420676E-005
         189  1.365934228457034E-005
         190  2.749938338734245E-005
         191  3.057963373484454E-005
         192  1.058088575886318E-004
         193  1.359718110489034E-004
         194  3.247193999334488E-004
         195  2.127477573709821E-004
         196  3.900084064192996E-004
         197  2.000995579048007E-004
         198  1.403240816956738E-004
         199  1.097829202024111E-005
         200  2.040591154285168E-006
         201  8.590095714463204E-008
         202  1.083512608239822E-007
         203  2.608537893060233E-008
         204  7.950569196516427E-008
         205  6.780173363916459E-008
         206  2.189603499648357E-006
         207  1.419090040263374E-006
         208  2.402775633643602E-006
         209  1.525710548747028E-006
         226  6.257936040822240E-014
         227  4.777282789233644E-015
         230  2.949051303170659E-012
         231  7.171667400559228E-012
         232  5.483755444706619E-007
         234  9.601857746738033E-012
         235  1.541092325281067E-007
         236  1.620956411935867E-009
         238  1.747403456878003E-007
         240  3.151776924008325E-013
         244  3.847383710183830E-009
