           1  7.436144522090131E-005
           2  6.470609901488105E-012
           3  1.574717819390911E-008
           4  8.173549909209174E-005
           6  5.674563962362780E-015
           7  3.114017005274736E-012
           8  2.708281752318958E-013
           9  1.912633244112939E-009
          10  2.713051082138141E-014
          14  2.113977441960597E-015
          15  2.039549573459558E-012
          16  1.261813022309083E-009
          17  9.336476923483490E-011
          18  4.558874575739543E-010
          19  2.078659474979207E-010
          20  4.701316817240522E-009
          21  7.794360251909329E-010
          22  1.537068971722363E-009
          23  4.953219676498380E-009
          24  1.143382962707813E-008
          25  1.383057264437824E-008
          26  1.188577167108816E-008
          27  2.633608941367019E-009
          28  1.606658058527990E-009
          29  8.261833630731653E-010
          30  2.615898926394989E-009
          31  4.713119687847905E-010
          32  6.553083783516654E-010
          33  7.999096900632213E-010
          34  4.447077447300311E-009
          35  2.869985265695792E-010
          36  1.102756730606593E-009
          37  7.823252283218020E-010
          38  1.051259572261119E-009
          39  3.008133075913185E-010
          40  6.277749070571758E-010
          41  8.911093424711345E-010
          42  6.094100931495462E-009
          43  5.198271319880874E-010
          44  9.676438964000820E-010
          45  4.394217723500158E-009
          46  7.413926755156144E-009
          47  8.157475606687146E-009
          48  6.059463782135929E-009
          49  5.037850726356436E-010
          50  3.077756494017631E-009
          51  1.556679716041830E-009
          52  6.330856767517457E-009
          53  2.179922694305604E-010
          54  5.267680031194217E-010
          55  3.493721472419641E-010
          56  3.942050622594811E-010
          57  1.047293146416196E-010
          58  1.913514498995578E-010
          59  1.371467705279048E-010
          60  1.661213790144719E-010
          61  1.768592624599138E-010
          62  8.610793949529212E-010
          63  3.472879485015690E-010
          64  3.447814459600273E-010
          65  2.942343930367101E-010
          66  4.301096998269078E-010
          67  5.864050335078714E-010
          68  8.881609206760949E-010
          69  1.624054849624787E-010
          70  4.782546678335883E-010
          71  1.661055201812233E-010
          72  2.037042552510720E-010
          73  2.057030359836641E-010
          74  4.388853598084827E-010
          75  1.050208839196314E-009
          76  2.819411837634963E-009
          77  5.387366121483562E-009
          78  1.029939757886402E-008
          79  8.025669859321960E-009
          80  3.231360077067381E-008
          81  1.224201869957829E-008
          82  1.066560764637763E-008
          83  4.610570461531532E-009
          84  5.264178970731482E-009
          85  3.462013224996883E-009
          86  3.745114337415649E-009
          87  2.541621038567790E-009
          88  6.077035327576015E-009
          89  2.814572560078582E-009
          90  5.444432896014108E-009
          91  3.549488270885630E-009
          92  2.934451184956482E-009
          93  2.459544805592998E-009
          94  5.811671154655076E-009
          95  2.902560405149072E-009
          96  3.318068447574732E-009
          97  1.439485517723190E-009
          98  1.356239980620246E-009
          99  1.545230280435433E-009
         100  1.373272378723663E-009
         101  1.031953849326002E-009
         102  1.778801784939736E-009
         103  1.678085803681352E-009
         104  1.616210595038639E-009
         105  1.727392165399725E-009
         106  2.240923164879077E-009
         107  1.730544252083198E-009
         108  5.829752080807589E-009
         109  2.585926955526969E-009
         110  7.139083731535054E-009
         111  5.056907714683095E-009
         112  6.722068964986845E-009
         113  3.388318625272475E-009
         114  2.683118544949280E-009
         115  1.416169473091060E-009
         116  1.473732949919229E-009
         117  1.296994018260667E-009
         118  1.375492730182314E-009
         119  5.103252814098036E-010
         120  7.102226922944193E-010
         121  5.734692858747968E-010
         122  7.369492806646229E-010
         123  6.667014614422613E-010
         124  1.797787349637701E-008
         125  7.898996635154118E-008
         126  6.459562235179629E-007
         127  3.296633735009527E-006
         128  2.723823072382965E-005
         129  1.355919258428510E-004
         130  3.364708967534139E-004
         131  1.098573060122143E-003
         132  1.042747617805245E-003
         133  3.294731698986516E-005
         134  8.228032056010035E-005
         135  8.626118099157792E-005
         136  2.161112732389007E-004
         137  1.160388592346682E-004
         138  8.822947786095716E-005
         139  1.417674952646972E-005
         140  3.263206994599385E-005
         141  2.503337111485774E-005
         142  1.018445956408517E-005
         143  1.871001070882852E-006
         144  8.956297616304441E-006
         145  4.832157497755903E-006
         146  1.802724791431045E-005
         147  1.205709514396403E-005
         148  1.259915024026745E-005
         149  7.216045443421148E-006
         150  9.541624259862279E-006
         151  6.962719575217361E-006
         152  2.942584669259432E-005
         153  1.943136453894843E-005
         154  3.924973640587776E-005
         155  1.916172047846658E-005
         156  5.622372243265940E-005
         157  2.437099240900701E-005
         158  3.524449321428677E-005
         159  1.688423835095378E-005
         160  6.965299809662900E-005
         161  3.057520381062332E-005
         162  3.886215597025233E-005
         163  2.450691911829881E-005
         164  8.656295346110884E-005
         165  6.809576143030576E-005
         166  1.459240497494646E-004
         167  3.429533330975086E-005
         168  1.165313608902794E-004
         169  4.450309143461067E-005
         170  7.345813823633475E-005
         171  4.653669880090072E-005
         172  8.945595597036029E-005
         173  3.191336531387550E-005
         174  3.237147911991477E-005
         175  1.935141667039858E-005
         176  2.873595050928661E-005
         177  1.181515670577748E-005
         178  1.114663285670447E-005
         179  5.474477495461412E-006
         180  1.189782445112453E-005
         181  5.749985464595828E-006
         182  1.266940933119722E-005
         183  6.776810039670870E-006
         184  1.267769915675443E-005
         185  4.115269838820878E-006
         186  1.612720724149237E-005
         187  4.591534402297807E-006
         188  1.449626073173748E-005
         189  1.249314644144030E-005
         190  2.588367470084393E-005
         191  2.973988180344854E-005
         192  1.033256131547247E-004
         193  1.316966361811080E-004
         194  3.197977128745461E-004
         195  2.179819556530945E-004
         196  4.117393210686750E-004
         197  2.154035550228662E-004
         198  1.561607741151955E-004
         199  1.239229665302796E-005
         200  2.267270351370145E-006
         201  9.020317986108488E-008
         202  1.092543049756858E-007
         203  2.589908963943981E-008
         204  8.596445393937933E-008
         205  7.458443844058108E-008
         206  2.245883480498422E-006
         207  1.467293415603497E-006
         208  2.484153957718388E-006
         209  1.562543274190164E-006
         226  6.254997741014103E-014
         227  4.804024115899485E-015
         230  2.947666629881932E-012
         231  7.211811538798087E-012
         232  5.505224888997139E-007
         234  9.597349369440637E-012
         235  1.549718746431064E-007
         236  1.591094711830772E-009
         238  1.746582995433753E-007
         240  3.089083352222677E-013
         244  3.770853475767815E-009
