           1  7.482353082130705E-005
           2  6.470609901488105E-012
           3  1.574717819390911E-008
           4  8.346748727710126E-005
           6  5.674563962362780E-015
           7  3.114017005274736E-012
           8  2.708281752318958E-013
           9  1.912633244112939E-009
          10  2.713051082138141E-014
          14  1.916386973251079E-015
          15  1.794384650403639E-012
          16  1.171009512775709E-009
          17  8.808140986947281E-011
          18  4.588942673209858E-010
          19  2.171939336480905E-010
          20  4.464973270141406E-009
          21  7.115986659025056E-010
          22  1.623091103021426E-009
          23  4.736341040315166E-009
          24  1.100975931294747E-008
          25  1.362408486317135E-008
          26  1.249367287775763E-008
          27  2.493259541570610E-009
          28  1.487823411482623E-009
          29  8.766598873130350E-010
          30  2.708001702902330E-009
          31  4.388693966750074E-010
          32  6.031459841234030E-010
          33  7.711267010477945E-010
          34  4.193539845100856E-009
          35  2.934856296237326E-010
          36  1.258697208401914E-009
          37  8.268530808267643E-010
          38  1.118189618072647E-009
          39  2.947526006708894E-010
          40  6.056351351871373E-010
          41  8.813070293659041E-010
          42  5.756810725733501E-009
          43  4.679377336771069E-010
          44  1.002581986940370E-009
          45  4.395826804632002E-009
          46  7.444709933212977E-009
          47  8.144962211780707E-009
          48  6.012976876485598E-009
          49  5.358184629494851E-010
          50  3.176903219328574E-009
          51  1.557970743319307E-009
          52  6.282968613590034E-009
          53  2.173804327699532E-010
          54  5.502641435323995E-010
          55  3.276848751515163E-010
          56  3.844727535938367E-010
          57  9.691203772182083E-011
          58  2.240990976106656E-010
          59  1.494307671255295E-010
          60  1.679417572454193E-010
          61  1.728876940875143E-010
          62  7.963566817966547E-010
          63  3.320376181758082E-010
          64  3.805676360738519E-010
          65  3.275007473238387E-010
          66  4.398204462558564E-010
          67  5.730461770860100E-010
          68  7.877152493032398E-010
          69  1.514502953178939E-010
          70  4.652366859575414E-010
          71  1.598398911398133E-010
          72  2.028715987835805E-010
          73  2.314760044226405E-010
          74  4.387867858302584E-010
          75  1.021453989452689E-009
          76  2.761268257593397E-009
          77  5.766386567425199E-009
          78  1.026379993038024E-008
          79  7.871438256100108E-009
          80  3.095996014509223E-008
          81  1.247417231661371E-008
          82  1.085949938421970E-008
          83  4.602109918657198E-009
          84  4.966499295673701E-009
          85  3.404793697211856E-009
          86  3.658980741572085E-009
          87  2.364889817143428E-009
          88  5.821131875853927E-009
          89  2.592402569126076E-009
          90  4.929013974172830E-009
          91  3.317147165269931E-009
          92  2.785310196861988E-009
          93  2.309266223005241E-009
          94  5.284912891856604E-009
          95  2.726941863769412E-009
          96  3.745562134291816E-009
          97  1.601760514171018E-009
          98  1.448081069325813E-009
          99  1.575044734294950E-009
         100  1.322037868430164E-009
         101  9.860924836800932E-010
         102  1.707897031098458E-009
         103  1.602876562852309E-009
         104  1.538356844341401E-009
         105  1.648353344824528E-009
         106  2.052904816491296E-009
         107  1.598588423268603E-009
         108  5.518443916894205E-009
         109  2.523166235851125E-009
         110  7.019705584942051E-009
         111  4.928024116219555E-009
         112  6.358632039892322E-009
         113  3.117991997373887E-009
         114  2.396416201482678E-009
         115  1.252699863554531E-009
         116  1.303598364514456E-009
         117  1.228149558448703E-009
         118  1.349640249650802E-009
         119  5.013776248734139E-010
         120  7.378232568792383E-010
         121  6.012178851618590E-010
         122  7.771848214233034E-010
         123  6.951265313690509E-010
         124  2.022207540681296E-008
         125  8.656158940347645E-008
         126  6.908077896409737E-007
         127  3.546728585486571E-006
         128  2.898982578900737E-005
         129  1.383482945604363E-004
         130  3.261534619868863E-004
         131  1.072361355984049E-003
         132  1.012014889176162E-003
         133  3.345849106607305E-005
         134  8.469469708309891E-005
         135  8.225713036574771E-005
         136  2.118906019701104E-004
         137  1.140756294585956E-004
         138  8.315008334824777E-005
         139  1.442257736625801E-005
         140  3.374501888733180E-005
         141  2.502669167700193E-005
         142  9.437383718972864E-006
         143  1.716434125857181E-006
         144  8.266805652868285E-006
         145  4.222944304374798E-006
         146  1.574180026577061E-005
         147  1.121850545838384E-005
         148  2.454475897510181E-005
         149  1.839471535633066E-005
         150  3.660266965294778E-005
         151  1.640574964106019E-005
         152  2.745020244332302E-005
         153  1.630236439737676E-005
         154  4.674714495950449E-005
         155  2.181335523777611E-005
         156  3.833096745174742E-005
         157  3.480812233368083E-005
         158  7.089582558221084E-005
         159  2.856966791280967E-005
         160  6.098085203816728E-005
         161  3.893224468151331E-005
         162  7.746840815866962E-005
         163  5.058755578586757E-005
         164  1.690548055422176E-004
         165  7.259953700582398E-005
         166  8.660337621640933E-005
         167  2.466344709624994E-005
         168  8.598634621896246E-005
         169  2.708499518571160E-005
         170  2.987730526860353E-005
         171  2.347687306871657E-005
         172  6.299159255824144E-005
         173  3.909823422083072E-005
         174  6.189117344316694E-005
         175  2.448073046749442E-005
         176  2.758847071102227E-005
         177  1.319086367360039E-005
         178  2.758285963576632E-005
         179  8.320464304214954E-006
         180  1.170339089942665E-005
         181  5.780776050794938E-006
         182  1.265108836272222E-005
         183  6.489898475739705E-006
         184  1.149345550193527E-005
         185  3.623312865942771E-006
         186  1.390583924199015E-005
         187  4.238361780439106E-006
         188  1.483149316441463E-005
         189  1.330674530296306E-005
         190  2.666370313565886E-005
         191  2.971373235667060E-005
         192  1.054335911416969E-004
         193  1.370287216466198E-004
         194  3.248022653761504E-004
         195  2.171904267885481E-004
         196  4.047101370004062E-004
         197  2.032310871138673E-004
         198  1.397172283559189E-004
         199  1.084326975739302E-005
         200  1.940198573783267E-006
         201  7.787653181219151E-008
         202  1.004764894529577E-007
         203  2.523126909882232E-008
         204  7.378372682947060E-008
         205  6.283439023000292E-008
         206  2.318863007633433E-006
         207  1.482327257146128E-006
         208  2.492696328946434E-006
         209  1.626012570925933E-006
         210  1.004368078975993E-015
         226  7.112838649192947E-014
         227  5.520307969088138E-015
         230  3.351924013095059E-012
         231  8.287098430132411E-012
         232  6.314603857027320E-007
         234  1.091357668719117E-011
         235  1.780783055908306E-007
         236  1.832321068274511E-009
         238  1.986117908961911E-007
         240  3.560918544851975E-013
         244  4.346824135425014E-009
