           1  7.456226636780156E-005
           2  6.470609901488105E-012
           3  1.574717819390911E-008
           4  8.150729966209549E-005
           6  5.674563962362780E-015
           7  3.114017005274736E-012
           8  2.708281752318958E-013
           9  1.912633244112939E-009
          10  2.713051082138141E-014
          14  2.101362322738557E-015
          15  1.948736157072775E-012
          16  1.257365330586408E-009
          17  9.305806204407700E-011
          18  4.681712487512321E-010
          19  2.252271362594289E-010
          20  4.576412472721987E-009
          21  7.567366540463198E-010
          22  1.743936000457218E-009
          23  4.825095387170463E-009
          24  1.123124299732649E-008
          25  1.362692780319655E-008
          26  1.234442565707458E-008
          27  2.689631121604935E-009
          28  1.600388588352914E-009
          29  8.614747546527909E-010
          30  2.745834241417741E-009
          31  4.823789855447468E-010
          32  6.290146984289717E-010
          33  7.496302697252067E-010
          34  4.495823193422463E-009
          35  2.964380685613238E-010
          36  1.165473011196498E-009
          37  7.429528321062871E-010
          38  9.771575165317397E-010
          39  2.678305597728845E-010
          40  6.062338667824994E-010
          41  9.026769195702442E-010
          42  6.055636451360824E-009
          43  5.146324825510215E-010
          44  9.499883805060223E-010
          45  4.188123837508203E-009
          46  7.405258890763149E-009
          47  8.378816900217133E-009
          48  6.269461594828755E-009
          49  4.823664944515418E-010
          50  3.098317606019142E-009
          51  1.581637364031292E-009
          52  6.188348535334272E-009
          53  2.083097266530027E-010
          54  5.039755534177239E-010
          55  3.268179409118856E-010
          56  3.759180874080058E-010
          57  9.861555708691819E-011
          58  1.972920277193762E-010
          59  1.384779096395804E-010
          60  1.572802235295428E-010
          61  1.599004254482309E-010
          62  7.837612297186581E-010
          63  3.250011616512840E-010
          64  3.515403867440776E-010
          65  3.054049007240603E-010
          66  4.327235189468119E-010
          67  5.813604261838202E-010
          68  8.626839502925693E-010
          69  1.601683017674411E-010
          70  4.828015501836375E-010
          71  1.671354601730153E-010
          72  2.050572042934511E-010
          73  2.114425656823718E-010
          74  4.209359995385472E-010
          75  9.702003013207375E-010
          76  2.688156325504113E-009
          77  5.402617945827877E-009
          78  1.059467810459948E-008
          79  8.099047429429004E-009
          80  3.235721982739824E-008
          81  1.237786315114234E-008
          82  1.077631877264411E-008
          83  4.636828119753469E-009
          84  5.348440609504419E-009
          85  3.556618593274404E-009
          86  3.814626230074746E-009
          87  2.442229142881941E-009
          88  5.872054201082163E-009
          89  2.772001961493901E-009
          90  5.424659609491362E-009
          91  3.548510495843767E-009
          92  2.876578561290569E-009
          93  2.374896386582328E-009
          94  5.521402465921596E-009
          95  2.795512167179044E-009
          96  3.482592965328542E-009
          97  1.511704579361218E-009
          98  1.408317523588128E-009
          99  1.585800519537259E-009
         100  1.383202147548807E-009
         101  1.034714687666740E-009
         102  1.770279958016729E-009
         103  1.671396488193555E-009
         104  1.610839749574335E-009
         105  1.718755015318275E-009
         106  2.157775431234073E-009
         107  1.649487347268876E-009
         108  5.576714782864951E-009
         109  2.531110955373609E-009
         110  7.209524300172510E-009
         111  5.087894631098068E-009
         112  6.810896409016057E-009
         113  3.425407385573915E-009
         114  2.712331813550897E-009
         115  1.440467475067173E-009
         116  1.506995667297316E-009
         117  1.326057368187356E-009
         118  1.431971538581720E-009
         119  5.470441048343081E-010
         120  7.789887128884633E-010
         121  6.324935663809167E-010
         122  8.067159345847579E-010
         123  7.126612216009178E-010
         124  1.859906910306599E-008
         125  7.898019336881802E-008
         126  6.411962792575469E-007
         127  3.275756039874538E-006
         128  2.722338211197230E-005
         129  1.361222439311622E-004
         130  3.442972209419942E-004
         131  1.107794805343010E-003
         132  1.037237771821917E-003
         133  3.141782499174827E-005
         134  7.762976589167935E-005
         135  8.181070307113764E-005
         136  2.071326571674795E-004
         137  1.114077627232990E-004
         138  8.670139370317210E-005
         139  1.435268141384115E-005
         140  3.290731770536521E-005
         141  2.378980786110668E-005
         142  9.738095714477059E-006
         143  1.621622821234254E-006
         144  6.058178435257303E-006
         145  2.012620531057559E-006
         146  6.083327349743793E-006
         147  5.021525046374692E-006
         148  9.960527805593230E-006
         149  8.247723989280781E-006
         150  1.374511263077230E-005
         151  1.327690821057873E-005
         152  4.075008028540079E-005
         153  1.534690120077058E-005
         154  2.436598309398975E-005
         155  1.269817975528397E-005
         156  5.426724490764272E-005
         157  3.453078705343874E-005
         158  6.302269186017940E-005
         159  2.425081848931325E-005
         160  4.152607540338024E-005
         161  2.859291261039673E-005
         162  1.368621281736829E-004
         163  6.819849791652705E-005
         164  8.226764506792468E-005
         165  6.701609492593640E-005
         166  1.092819693906503E-004
         167  2.852927814265319E-005
         168  7.620005033545737E-005
         169  3.654913657874428E-005
         170  3.856624444870870E-005
         171  2.677135558035387E-005
         172  5.396492852150908E-005
         173  5.035427673295256E-005
         174  7.838324201564194E-005
         175  3.393628544255320E-005
         176  3.020711748843007E-005
         177  1.215683558961731E-005
         178  1.495760721714296E-005
         179  7.098836273151239E-006
         180  1.439207290897051E-005
         181  6.901766996615408E-006
         182  1.467071335056022E-005
         183  7.455782162661785E-006
         184  1.315903897786877E-005
         185  4.105812801236338E-006
         186  1.543428291542787E-005
         187  4.466213067347161E-006
         188  1.442997227421613E-005
         189  1.248904853644319E-005
         190  2.538414974612022E-005
         191  2.914505910210389E-005
         192  1.016231844824207E-004
         193  1.301710124644047E-004
         194  3.143163706225499E-004
         195  2.160256323931577E-004
         196  4.123926753337592E-004
         197  2.138269552111746E-004
         198  1.535140485684439E-004
         199  1.199803548283403E-005
         200  2.222082025188734E-006
         201  9.245640751086227E-008
         202  1.128250958255340E-007
         203  2.621271601581567E-008
         204  9.347633901556972E-008
         205  8.137131089903682E-008
         206  2.244756439348327E-006
         207  1.464232243907339E-006
         208  2.439009790570327E-006
         209  1.545924951593613E-006
         226  6.537306837490045E-014
         227  5.036117920314831E-015
         230  3.080704743954750E-012
         231  7.560231267006037E-012
         232  5.712694360606221E-007
         234  1.003051004211123E-011
         235  1.624589336368897E-007
         236  1.694555318996267E-009
         238  1.825412163369025E-007
         240  3.293268823902828E-013
         244  4.020103304210413E-009
