           1  7.453366827718001E-005
           2  6.470609901488105E-012
           3  1.574717819390911E-008
           4  8.200989556572690E-005
           6  5.674563962362780E-015
           7  3.114017005274736E-012
           8  2.708281752318958E-013
           9  1.912633244112939E-009
          10  2.713051082138141E-014
          14  2.065706564366641E-015
          15  1.973215507346959E-012
          16  1.256971813790195E-009
          17  9.292305703434397E-011
          18  4.447720553428181E-010
          19  1.951945955120069E-010
          20  4.777554879193833E-009
          21  7.738092513291706E-010
          22  1.460623138393407E-009
          23  5.015172246866304E-009
          24  1.152144361947855E-008
          25  1.405410160842996E-008
          26  1.170979533332840E-008
          27  2.457956355283290E-009
          28  1.537018596972112E-009
          29  8.238883124442686E-010
          30  2.576664709680250E-009
          31  4.428155816352377E-010
          32  6.341663642818399E-010
          33  8.580780900318224E-010
          34  4.295787610631018E-009
          35  2.821204748615584E-010
          36  1.133392429035644E-009
          37  8.001548486983986E-010
          38  1.088669576270567E-009
          39  3.093063535970351E-010
          40  6.202396875118259E-010
          41  8.765227035345607E-010
          42  6.101331050125849E-009
          43  5.082944376560656E-010
          44  1.026214455302035E-009
          45  4.644724237207138E-009
          46  7.473260914663301E-009
          47  7.924847721846911E-009
          48  5.787227647863284E-009
          49  5.311565252765281E-010
          50  3.107966671652261E-009
          51  1.537414420478146E-009
          52  6.238903595684401E-009
          53  2.262863407331449E-010
          54  5.690488885012450E-010
          55  3.651493341279634E-010
          56  4.156406784732241E-010
          57  1.085656026606852E-010
          58  2.086836261976280E-010
          59  1.455239125715746E-010
          60  1.763395630204198E-010
          61  1.921785901880467E-010
          62  8.979149086525929E-010
          63  3.585029788763059E-010
          64  3.585483094986960E-010
          65  3.019938425551712E-010
          66  4.321004820740302E-010
          67  5.829793622812932E-010
          68  8.516758070678028E-010
          69  1.576540434953307E-010
          70  4.730052152492742E-010
          71  1.628726403498863E-010
          72  2.018116296456738E-010
          73  2.167226138806244E-010
          74  4.619848297832297E-010
          75  1.133974079928686E-009
          76  2.918252117673983E-009
          77  5.532669755288786E-009
          78  1.007520602673464E-008
          79  8.034838777523076E-009
          80  3.226219762681060E-008
          81  1.227288916344265E-008
          82  1.049816691748785E-008
          83  4.510055296524652E-009
          84  5.169478196597338E-009
          85  3.455095306909379E-009
          86  3.759307252339410E-009
          87  2.607013743986015E-009
          88  6.136847868936154E-009
          89  2.719070722989165E-009
          90  5.250177409245189E-009
          91  3.567481619151530E-009
          92  2.979777302097238E-009
          93  2.476236906765696E-009
          94  5.765202199979172E-009
          95  2.896583171824575E-009
          96  3.330923203080911E-009
          97  1.436007991503583E-009
          98  1.331202739914005E-009
          99  1.489813418870923E-009
         100  1.305334027718694E-009
         101  9.832224338746919E-010
         102  1.755934756238982E-009
         103  1.680631823084190E-009
         104  1.639384001707253E-009
         105  1.775597253289679E-009
         106  2.327647383006659E-009
         107  1.808150978830836E-009
         108  6.099511210978251E-009
         109  2.678996213813627E-009
         110  7.105807281464857E-009
         111  5.006263209581440E-009
         112  6.487152949237361E-009
         113  3.228210884142885E-009
         114  2.503506765976678E-009
         115  1.303497958832587E-009
         116  1.334157226153189E-009
         117  1.189404035439345E-009
         118  1.268797825834171E-009
         119  4.647336823186819E-010
         120  6.557603592542829E-010
         121  5.332953323418248E-010
         122  6.995508875646039E-010
         123  6.613331389007503E-010
         124  2.005814764036928E-008
         125  9.146066267751319E-008
         126  7.379854294362098E-007
         127  3.740920139006976E-006
         128  3.017338297968655E-005
         129  1.438375505180418E-004
         130  3.326727726032140E-004
         131  1.092470136488893E-003
         132  1.024133886828487E-003
         133  3.321416395745229E-005
         134  8.307708714864547E-005
         135  8.556726103286678E-005
         136  2.149754833671518E-004
         137  1.153042929210023E-004
         138  8.574196196986041E-005
         139  1.461891164679068E-005
         140  3.320140994108112E-005
         141  2.503012617694938E-005
         142  9.557528592353892E-006
         143  1.537403478227717E-006
         144  5.513601269095746E-006
         145  2.510788637681598E-006
         146  1.077768383994099E-005
         147  1.269735566498182E-005
         148  1.342094031951860E-005
         149  7.619455534802755E-006
         150  2.316549409973529E-005
         151  1.627836870767573E-005
         152  5.179426204327162E-005
         153  2.361933703725333E-005
         154  3.383718246498638E-005
         155  1.403094135399465E-005
         156  4.940723781273249E-005
         157  2.829026881905192E-005
         158  6.146655785462919E-005
         159  4.007795716984325E-005
         160  5.515802299245608E-005
         161  2.902466567277767E-005
         162  6.724200667483498E-005
         163  4.179049741977550E-005
         164  1.201176912666684E-004
         165  7.224536212947324E-005
         166  8.809591055257304E-005
         167  3.567217314972392E-005
         168  8.692167521040375E-005
         169  4.646328777926124E-005
         170  4.053347314654514E-005
         171  1.564744262645508E-005
         172  5.416084132446287E-005
         173  3.010091317572910E-005
         174  5.618157949541090E-005
         175  3.055011331756168E-005
         176  2.776153852551403E-005
         177  1.122282527338391E-005
         178  1.954733062105387E-005
         179  5.910406754088029E-006
         180  9.564443847305792E-006
         181  5.302345342513052E-006
         182  1.319284926649919E-005
         183  7.378975887755397E-006
         184  1.423307017313347E-005
         185  4.659648955786587E-006
         186  1.834166129314833E-005
         187  5.296374979509565E-006
         188  1.740998661989421E-005
         189  1.518818139184287E-005
         190  3.090993861530053E-005
         191  3.310264882964967E-005
         192  1.134540298655642E-004
         193  1.434971691999883E-004
         194  3.412913061385809E-004
         195  2.210833874224926E-004
         196  3.978369162777395E-004
         197  2.029915890756272E-004
         198  1.417631024223398E-004
         199  1.127201417751679E-005
         200  2.040162412031194E-006
         201  8.136734406343428E-008
         202  1.018228609265218E-007
         203  2.519572565048575E-008
         204  8.013986006694464E-008
         205  6.951604815151891E-008
         206  2.252501848423330E-006
         207  1.475470520866982E-006
         208  2.495001385545963E-006
         209  1.566154842938300E-006
         226  6.315921461837820E-014
         227  4.828267968965629E-015
         230  2.976376923038840E-012
         231  7.248206464191715E-012
         232  5.525717756326719E-007
         234  9.690827618009385E-012
         235  1.557539513495488E-007
         236  1.652085815105678E-009
         238  1.763594725767648E-007
         240  3.212314293737129E-013
         244  3.921281862168448E-009
