           1  7.414111079954637E-005
           2  6.470609901488105E-012
           3  1.574717819390911E-008
           4  8.098969689271357E-005
           6  5.674563962362780E-015
           7  3.114017005274736E-012
           8  2.708281752318958E-013
           9  1.912633244112939E-009
          10  2.713051082138141E-014
          14  2.172777027018011E-015
          15  2.198698558133048E-012
          16  1.220207875703511E-009
          17  9.111683112673555E-011
          18  4.674427816634340E-010
          19  2.230718836678343E-010
          20  4.529225581682209E-009
          21  7.395489066606627E-010
          22  1.658395365674616E-009
          23  4.789054615937260E-009
          24  1.113192590655438E-008
          25  1.362606462850476E-008
          26  1.235297957210434E-008
          27  2.630426218944478E-009
          28  1.588645149866244E-009
          29  8.877774370887640E-010
          30  2.803817473565723E-009
          31  4.843395055243590E-010
          32  6.394377970859464E-010
          33  7.627983119326740E-010
          34  4.384594684161399E-009
          35  3.039649197213624E-010
          36  1.242997674733400E-009
          37  7.932755465784052E-010
          38  1.051017186282602E-009
          39  2.887924666171931E-010
          40  6.148509170170166E-010
          41  8.937605595936280E-010
          42  5.949012600509743E-009
          43  5.052982411207709E-010
          44  9.717945144219020E-010
          45  4.289320581513746E-009
          46  7.422024944881860E-009
          47  8.256991194628967E-009
          48  6.145973849688885E-009
          49  5.064027793101934E-010
          50  3.128453880191034E-009
          51  1.575654583510864E-009
          52  6.347079379323859E-009
          53  2.155980706120257E-010
          54  5.241497930143606E-010
          55  3.305472794872607E-010
          56  3.921007088084421E-010
          57  1.027409993891792E-010
          58  2.106062717226675E-010
          59  1.453298571875497E-010
          60  1.661456171002470E-010
          61  1.698182426534516E-010
          62  8.076848650770511E-010
          63  3.350947172044190E-010
          64  3.650356799520928E-010
          65  3.128411398805341E-010
          66  4.395395690160442E-010
          67  5.828057385496418E-010
          68  8.371647138174401E-010
          69  1.564510978241008E-010
          70  4.681197885513254E-010
          71  1.618594374874803E-010
          72  2.022688902964402E-010
          73  2.184850534447618E-010
          74  4.293831988391794E-010
          75  9.828919612954268E-010
          76  2.696502600607306E-009
          77  5.503232148412216E-009
          78  1.033448586267720E-008
          79  7.951676316199452E-009
          80  3.164606784053999E-008
          81  1.253907912802945E-008
          82  1.105498001833784E-008
          83  4.759922902978933E-009
          84  5.269643389634302E-009
          85  3.536322649997034E-009
          86  3.800298213183495E-009
          87  2.442654816789049E-009
          88  5.940636181464659E-009
          89  2.731763139306120E-009
          90  5.228751369688382E-009
          91  3.482524697440537E-009
          92  2.923419244256471E-009
          93  2.425743215722124E-009
          94  5.556313822635859E-009
          95  2.878925025000561E-009
          96  3.674447316560233E-009
          97  1.598362652495746E-009
          98  1.461971014482141E-009
          99  1.613015250395459E-009
         100  1.407836669827131E-009
         101  1.045830573403411E-009
         102  1.792397510522926E-009
         103  1.679561660670810E-009
         104  1.620374389433531E-009
         105  1.708660416099276E-009
         106  2.149316754345135E-009
         107  1.660281067723295E-009
         108  5.633791630814580E-009
         109  2.543917469420832E-009
         110  7.129960236783761E-009
         111  5.083408468667342E-009
         112  6.741453208221798E-009
         113  3.398315721496319E-009
         114  2.689927806971528E-009
         115  1.405359633057549E-009
         116  1.467165349499149E-009
         117  1.324211806748120E-009
         118  1.429649778143963E-009
         119  5.360883894244689E-010
         120  7.700802249616739E-010
         121  6.283519710326673E-010
         122  7.824598360989096E-010
         123  7.065455033251635E-010
         124  1.734929469978363E-008
         125  7.923845302625539E-008
         126  6.400878786931666E-007
         127  3.267402157590296E-006
         128  2.703403389720154E-005
         129  1.340779993168689E-004
         130  3.330518708798590E-004
         131  1.095944797760225E-003
         132  1.058390275837618E-003
         133  3.409279991955933E-005
         134  8.557396980728555E-005
         135  8.560282962412067E-005
         136  2.234590144075180E-004
         137  1.207815574397988E-004
         138  8.898642807087659E-005
         139  1.482611307704525E-005
         140  3.426611118525171E-005
         141  2.515941479330791E-005
         142  9.770185291301441E-006
         143  1.591621237203855E-006
         144  5.674859005058668E-006
         145  1.892334524756182E-006
         146  6.583945048132253E-006
         147  8.004540764122549E-006
         148  2.850423296687482E-005
         149  2.125864926180938E-005
         150  2.907080316123180E-005
         151  1.041170552930214E-005
         152  1.361824250698767E-005
         153  7.257724849474206E-006
         154  5.362180393828714E-005
         155  3.059937722376684E-005
         156  4.891609161396300E-005
         157  2.789788817881981E-005
         158  6.389344237801017E-005
         159  2.822627866763992E-005
         160  4.814963340711039E-005
         161  2.730088288404563E-005
         162  1.130500193159145E-004
         163  4.782889199008998E-005
         164  7.377876707002601E-005
         165  5.872464169333657E-005
         166  1.247816011436393E-004
         167  2.667694660952419E-005
         168  4.707470664204965E-005
         169  2.322362993262142E-005
         170  5.773743742814436E-005
         171  3.052425374805829E-005
         172  5.035063697098925E-005
         173  2.050276657568686E-005
         174  2.770164211130318E-005
         175  1.344574461201764E-005
         176  1.646316444886268E-005
         177  9.118075091067538E-006
         178  1.456928640868331E-005
         179  7.410027449395795E-006
         180  1.435797609100245E-005
         181  6.379329177797683E-006
         182  1.268518821338199E-005
         183  6.320905166475593E-006
         184  1.110494823338196E-005
         185  3.508530939393366E-006
         186  1.338389382595128E-005
         187  3.953505959865352E-006
         188  1.314354141031374E-005
         189  1.153507619277871E-005
         190  2.421240037509395E-005
         191  2.792171902136559E-005
         192  1.006972771724204E-004
         193  1.327384462215378E-004
         194  3.277714624256761E-004
         195  2.313514165450373E-004
         196  4.485132034097615E-004
         197  2.336657844652283E-004
         198  1.688675141410623E-004
         199  1.347224905379118E-005
         200  2.406261779164435E-006
         201  9.189201754991962E-008
         202  1.115563593689140E-007
         203  2.695551959623592E-008
         204  8.724378417345012E-008
         205  7.550822077749477E-008
         206  2.237701457922679E-006
         207  1.463328552146581E-006
         208  2.431694387787670E-006
         209  1.550544099667595E-006
         226  5.826907011388121E-014
         227  4.590891248849487E-015
         230  2.745928945788742E-012
         231  6.891856011347431E-012
         232  5.375060558535168E-007
         234  8.940508797444970E-012
         235  1.480964720310582E-007
         236  1.433272062135828E-009
         238  1.627047222628444E-007
         240  2.777478337157065E-013
         244  3.390476282876148E-009
