           1  7.416542834065721E-005
           2  6.470609901488105E-012
           3  1.574717819390911E-008
           4  8.258340753280062E-005
           6  5.674563962362780E-015
           7  3.114017005274736E-012
           8  2.708281752318958E-013
           9  1.912633244112939E-009
          10  2.713051082138141E-014
          14  2.063834461605745E-015
          15  2.141164429559344E-012
          16  1.291858919120157E-009
          17  9.513903800082578E-011
          18  4.342892536257655E-010
          19  1.774983884537550E-010
          20  4.790482532204805E-009
          21  7.998494905689313E-010
          22  1.580373582553337E-009
          23  4.990575509972782E-009
          24  1.152371579050679E-008
          25  1.389639668940093E-008
          26  1.145102242279740E-008
          27  2.605425781507528E-009
          28  1.650491635756277E-009
          29  8.123320076353439E-010
          30  2.704821103716641E-009
          31  5.010117942841484E-010
          32  5.821298517182083E-010
          33  8.267844354088515E-010
          34  4.369261673648160E-009
          35  2.945354086150256E-010
          36  1.127029728808221E-009
          37  7.557431136823072E-010
          38  1.002966821392355E-009
          39  3.127809809448952E-010
          40  6.304340062549624E-010
          41  8.655447476869264E-010
          42  6.481692849793072E-009
          43  5.815490751273341E-010
          44  9.844884916398759E-010
          45  4.409682796476495E-009
          46  7.286129002450019E-009
          47  7.891605584805129E-009
          48  5.880437017252680E-009
          49  5.216090622411652E-010
          50  3.133073154683282E-009
          51  1.582303549314131E-009
          52  6.250754184191338E-009
          53  2.202401210539952E-010
          54  5.304510516826207E-010
          55  3.803681811070972E-010
          56  4.585878184067153E-010
          57  1.277397706905419E-010
          58  2.182869230135934E-010
          59  1.568578417526662E-010
          60  1.820727473299721E-010
          61  1.834760994166858E-010
          62  9.100115878874810E-010
          63  3.712548182966065E-010
          64  3.555011414458557E-010
          65  2.969357091207908E-010
          66  4.426962506010420E-010
          67  5.780668903594345E-010
          68  9.032439207666030E-010
          69  1.672650643867357E-010
          70  4.946322551687103E-010
          71  1.735542856415801E-010
          72  2.180534360268715E-010
          73  2.142925724361081E-010
          74  4.611525259392656E-010
          75  1.084913467537532E-009
          76  2.871916455316145E-009
          77  5.295839238155916E-009
          78  9.974231484496847E-009
          79  7.943432855551678E-009
          80  3.306412930361304E-008
          81  1.181766387485719E-008
          82  1.052307237171782E-008
          83  4.666175014169981E-009
          84  5.248903227556535E-009
          85  3.522783641202832E-009
          86  3.838502228133760E-009
          87  2.561801532605641E-009
          88  6.114016355023071E-009
          89  2.755159777222616E-009
          90  5.201950817939433E-009
          91  3.612251333780574E-009
          92  3.006678927160857E-009
          93  2.481780915708004E-009
          94  5.859122185656726E-009
          95  2.984948491481840E-009
          96  3.143299033914636E-009
          97  1.386343375144407E-009
          98  1.310935133032912E-009
          99  1.480002888141857E-009
         100  1.348795605977369E-009
         101  1.006332347654965E-009
         102  1.786589134461967E-009
         103  1.725813526479754E-009
         104  1.694662209236567E-009
         105  1.794557121966064E-009
         106  2.347122317901732E-009
         107  1.784927459827553E-009
         108  5.814232025332487E-009
         109  2.547821158678140E-009
         110  6.803211158219422E-009
         111  4.834841394829518E-009
         112  6.491600335318310E-009
         113  3.345404233551258E-009
         114  2.702212520996708E-009
         115  1.431027095798043E-009
         116  1.486587551921555E-009
         117  1.304279590066088E-009
         118  1.382366963870956E-009
         119  4.970924182560202E-010
         120  6.767153196278725E-010
         121  5.496539283900381E-010
         122  7.262927757409422E-010
         123  6.509065514481209E-010
         124  1.791312394422495E-008
         125  7.487631671988905E-008
         126  6.250141990211493E-007
         127  3.207833272671192E-006
         128  2.649512247465351E-005
         129  1.324964941690641E-004
         130  3.268888503190775E-004
         131  1.119395884957684E-003
         132  1.039300220763688E-003
         133  3.328716340134655E-005
         134  8.291384655219339E-005
         135  8.266879693952578E-005
         136  2.196180289251897E-004
         137  1.197170534626647E-004
         138  8.738307046400440E-005
         139  1.302063738962633E-005
         140  2.857105025299212E-005
         141  2.049279354819896E-005
         142  7.658887814255347E-006
         143  1.373220852362381E-006
         144  6.704528942555462E-006
         145  3.908239699992354E-006
         146  1.499488333469568E-005
         147  1.023066743322146E-005
         148  8.284504497605503E-006
         149  5.397121695449104E-006
         150  1.786940770983172E-005
         151  9.897942795173684E-006
         152  3.374557052108092E-005
         153  2.459728455048420E-005
         154  2.328017998376668E-005
         155  6.840305970726610E-006
         156  1.193636055504493E-005
         157  7.249882519113295E-006
         158  1.574254021975275E-005
         159  1.004389744435702E-005
         160  3.397313509284613E-005
         161  2.676101916359394E-005
         162  1.653571977237409E-004
         163  6.810018093889130E-005
         164  1.398639807520042E-004
         165  9.540077329199805E-005
         166  1.666157526026559E-004
         167  4.021123571375683E-005
         168  1.038775429331326E-004
         169  7.530975019211510E-005
         170  5.236973549989470E-005
         171  1.564413977600653E-005
         172  1.828060119786748E-005
         173  1.534798959794340E-005
         174  3.319391195830886E-005
         175  2.252517043449514E-005
         176  3.002091538418332E-005
         177  1.135644626091700E-005
         178  1.285402932724083E-005
         179  4.761566214319546E-006
         180  8.401716896889344E-006
         181  4.458563921865981E-006
         182  1.116060084123114E-005
         183  6.254373282730987E-006
         184  1.197708422958877E-005
         185  3.915240128648467E-006
         186  1.551794170979836E-005
         187  4.439470649326874E-006
         188  1.392831079033194E-005
         189  1.168872744363970E-005
         190  2.488055902166097E-005
         191  2.810833943581201E-005
         192  9.816454661977958E-005
         193  1.267816929469086E-004
         194  3.169087373870494E-004
         195  2.189065720162725E-004
         196  4.132757856603031E-004
         197  2.213154748736776E-004
         198  1.640236819120948E-004
         199  1.352477831320524E-005
         200  2.464397682298669E-006
         201  8.798823111948298E-008
         202  1.079678897844652E-007
         203  2.798116378202953E-008
         204  9.180911888041436E-008
         205  8.021022288639023E-008
         206  2.354637723444704E-006
         207  1.592980773802864E-006
         208  2.637437410124313E-006
         209  1.647120843918588E-006
         226  6.639759810935604E-014
         227  4.975481709529619E-015
         230  3.128985690401373E-012
         231  7.469204054390160E-012
         232  5.696618241937629E-007
         234  1.018770865685217E-011
         235  1.605028844935186E-007
         236  1.681329586267450E-009
         238  1.854020106754570E-007
         240  3.263945821267551E-013
         244  3.984308625401368E-009
