           1  7.421790242551323E-005
           2  6.470609901488105E-012
           3  1.574717819390911E-008
           4  8.141607776330088E-005
           6  5.674563962362780E-015
           7  3.114017005274736E-012
           8  2.708281752318958E-013
           9  1.912633244112939E-009
          10  2.713051082138141E-014
          14  2.264431522705804E-015
          15  2.151396039065668E-012
          16  1.270238217097120E-009
          17  9.392003000806366E-011
          18  4.584761242093187E-010
          19  2.101637140726823E-010
          20  4.664643955400596E-009
          21  7.773298315140519E-010
          22  1.619916003972351E-009
          23  4.908895178212886E-009
          24  1.137974773813136E-008
          25  1.373223620424491E-008
          26  1.215721551999646E-008
          27  2.730425170224475E-009
          28  1.632391795548665E-009
          29  8.254271115624024E-010
          30  2.655487085266753E-009
          31  4.869412496165495E-010
          32  6.378001966063862E-010
          33  7.735477044854213E-010
          34  4.484065382061949E-009
          35  2.957527713826409E-010
          36  1.124694781103270E-009
          37  8.086862126173153E-010
          38  1.081278098725799E-009
          39  3.005613164015887E-010
          40  6.114411365102759E-010
          41  8.653209918571559E-010
          42  6.064610985693386E-009
          43  5.381362925973408E-010
          44  9.488717462929092E-010
          45  4.252141436744469E-009
          46  7.420780282532661E-009
          47  8.245666558605324E-009
          48  6.143500763795523E-009
          49  5.163583407592748E-010
          50  3.091586915325757E-009
          51  1.558287816877047E-009
          52  6.315257896217470E-009
          53  2.235163431245676E-010
          54  5.399470170973289E-010
          55  3.579188116588058E-010
          56  3.941505719517018E-010
          57  1.074022011027392E-010
          58  1.931886048301137E-010
          59  1.374313190064724E-010
          60  1.628633376648801E-010
          61  1.659680828297004E-010
          62  8.203877624243939E-010
          63  3.395847074665049E-010
          64  3.443200004134420E-010
          65  2.918508453450411E-010
          66  4.323399424002520E-010
          67  5.762424038342123E-010
          68  8.849218211884505E-010
          69  1.638308208366669E-010
          70  4.817887486746056E-010
          71  1.668192927209267E-010
          72  2.065435262122273E-010
          73  2.031860021662529E-010
          74  4.238209569611519E-010
          75  9.974829830222439E-010
          76  2.736764877632308E-009
          77  5.355699660120912E-009
          78  1.035641745114113E-008
          79  8.024062380547645E-009
          80  3.241028116189689E-008
          81  1.256176741589487E-008
          82  1.093718967905707E-008
          83  4.723485527381508E-009
          84  5.234688893387401E-009
          85  3.465350255029979E-009
          86  3.764428321200794E-009
          87  2.555166424484661E-009
          88  6.138197984813256E-009
          89  2.846531695329753E-009
          90  5.449611306128877E-009
          91  3.632638412734062E-009
          92  2.937226358315073E-009
          93  2.433750266145271E-009
          94  5.784491889075595E-009
          95  2.989878733447149E-009
          96  3.390734324153790E-009
          97  1.501371373758322E-009
          98  1.415008950704537E-009
          99  1.584410301127235E-009
         100  1.428682929900402E-009
         101  1.058870765595893E-009
         102  1.798951603844420E-009
         103  1.707408615255040E-009
         104  1.662444276078840E-009
         105  1.739225015625472E-009
         106  2.235226888838270E-009
         107  1.707175063764043E-009
         108  5.691104816289517E-009
         109  2.545146595450848E-009
         110  7.133032384177723E-009
         111  5.119759788779057E-009
         112  6.946115451747672E-009
         113  3.580491654764444E-009
         114  2.899447317500986E-009
         115  1.537646375677798E-009
         116  1.599102365731144E-009
         117  1.380888889974465E-009
         118  1.469899734266593E-009
         119  5.507646784310543E-010
         120  7.583224088951219E-010
         121  6.157233603641479E-010
         122  7.817800909140618E-010
         123  6.941282753610659E-010
         124  1.709963255855562E-008
         125  7.398919213086679E-008
         126  6.127124247743067E-007
         127  3.128714780591334E-006
         128  2.602170707925234E-005
         129  1.323410153445876E-004
         130  3.375128827411655E-004
         131  1.111907232585136E-003
         132  1.059937616776334E-003
         133  3.261151365689241E-005
         134  8.159387510162981E-005
         135  8.956183941498532E-005
         136  2.207937675882343E-004
         137  1.173823951735624E-004
         138  8.585232550710920E-005
         139  1.434112467008611E-005
         140  3.306671903632402E-005
         141  2.457356926974351E-005
         142  1.006532276567799E-005
         143  1.741321085865940E-006
         144  7.042787245642828E-006
         145  3.379893082249719E-006
         146  1.301998732234385E-005
         147  1.180685004337717E-005
         148  1.278194645663161E-005
         149  8.106010057833757E-006
         150  2.966408794086697E-005
         151  2.313021805774030E-005
         152  4.562540313971140E-005
         153  2.199067483278559E-005
         154  4.451488226753288E-005
         155  2.250048903218964E-005
         156  2.660973816875804E-005
         157  1.181167029188490E-005
         158  2.541238650546819E-005
         159  2.320046229954604E-005
         160  5.263311832055233E-005
         161  3.104291162785700E-005
         162  1.028037809984296E-004
         163  7.316546109028013E-005
         164  8.408294045534665E-005
         165  5.363110546729323E-005
         166  6.492197173417541E-005
         167  1.968940252310687E-005
         168  6.747599191712617E-005
         169  2.838018005821590E-005
         170  3.445903738110754E-005
         171  2.426761244550587E-005
         172  5.756961986212126E-005
         173  2.903816787993700E-005
         174  7.868033314833991E-005
         175  4.468723363718876E-005
         176  3.011745730785070E-005
         177  1.100466105070328E-005
         178  2.089796373526379E-005
         179  6.847184002394087E-006
         180  1.103601126427860E-005
         181  5.796142102451566E-006
         182  1.377627236998127E-005
         183  7.328243909935919E-006
         184  1.350196973129177E-005
         185  4.243783604699829E-006
         186  1.587209932229202E-005
         187  4.518493313197713E-006
         188  1.412995514294222E-005
         189  1.187668769663798E-005
         190  2.511307729468181E-005
         191  2.831845047080307E-005
         192  9.925041982467905E-005
         193  1.287017292863621E-004
         194  3.213428706388541E-004
         195  2.252472681381964E-004
         196  4.316645061901486E-004
         197  2.305055292570578E-004
         198  1.706410893954458E-004
         199  1.390730095670664E-005
         200  2.498518128029370E-006
         201  9.248139946551394E-008
         202  1.077976392111470E-007
         203  2.536726164597768E-008
         204  8.753933556749497E-008
         205  7.680945045408874E-008
         206  2.229947617350886E-006
         207  1.463636040799612E-006
         208  2.456448711213283E-006
         209  1.555406455599183E-006
         226  6.261392338050849E-014
         227  4.803596779109550E-015
         230  2.950680082656369E-012
         231  7.211170019871817E-012
         232  5.581479873178619E-007
         234  9.607160912846325E-012
         235  1.549580892869462E-007
         236  1.543592083279611E-009
         238  1.748368558740002E-007
         240  2.993885472442001E-013
         244  3.654645133380941E-009
