           1  7.395760980324900E-005
           2  6.470609901488105E-012
           3  1.574717819390911E-008
           4  8.218757492326850E-005
           6  5.674563962362780E-015
           7  3.114017005274736E-012
           8  2.708281752318958E-013
           9  1.912633244112939E-009
          10  2.713051082138141E-014
          14  2.355632575859443E-015
          15  2.304282282119399E-012
          16  1.253727307483357E-009
          17  9.309550684898363E-011
          18  4.569021316579224E-010
          19  2.072803238769567E-010
          20  4.629571428260229E-009
          21  7.692467329108668E-010
          22  1.612804608599676E-009
          23  4.870984469540451E-009
          24  1.130462710436761E-008
          25  1.369887177594102E-008
          26  1.229691410204886E-008
          27  2.775915485096797E-009
          28  1.635774773983037E-009
          29  8.247744018692422E-010
          30  2.673167071887307E-009
          31  4.958860767073083E-010
          32  6.214416344766491E-010
          33  7.578057457183781E-010
          34  4.408540678104500E-009
          35  3.044429392814846E-010
          36  1.177902745277246E-009
          37  8.628108706655871E-010
          38  1.154395536834916E-009
          39  3.190661853635108E-010
          40  6.093218852438263E-010
          41  8.375171690939902E-010
          42  5.975615773307083E-009
          43  5.433308638619911E-010
          44  9.504033460330521E-010
          45  4.239756866619104E-009
          46  7.422213328254813E-009
          47  8.210134202744079E-009
          48  6.117778381197330E-009
          49  5.454062572601266E-010
          50  3.134509822001781E-009
          51  1.558526338539390E-009
          52  6.331761391939951E-009
          53  2.298804124120026E-010
          54  5.564593248599620E-010
          55  3.649498164195440E-010
          56  4.063691808431243E-010
          57  1.128249239355336E-010
          58  2.008234013608385E-010
          59  1.429079347130932E-010
          60  1.682983649437266E-010
          61  1.667861735887028E-010
          62  8.195499810756788E-010
          63  3.427453528526020E-010
          64  3.470012200785784E-010
          65  2.921383440437638E-010
          66  4.382034690671959E-010
          67  5.714071294641509E-010
          68  8.743682470685043E-010
          69  1.624209843216525E-010
          70  4.737745386611544E-010
          71  1.650616155460895E-010
          72  2.091122225800306E-010
          73  2.070739205488443E-010
          74  4.267144335427383E-010
          75  9.836093943376490E-010
          76  2.709820878496579E-009
          77  5.375234242591940E-009
          78  1.022545877618065E-008
          79  7.925438491760653E-009
          80  3.209779363352791E-008
          81  1.283138788270285E-008
          82  1.124020728461687E-008
          83  4.845253296216157E-009
          84  5.139901913690681E-009
          85  3.422494576834039E-009
          86  3.736000235424003E-009
          87  2.561955885115553E-009
          88  6.200281119237262E-009
          89  2.820122568879333E-009
          90  5.274520951825241E-009
          91  3.608796668010124E-009
          92  2.967427051507953E-009
          93  2.449889744116051E-009
          94  5.790855254452128E-009
          95  3.055316762090444E-009
          96  3.484957638726989E-009
          97  1.561768549358230E-009
          98  1.469395097475448E-009
          99  1.627537523868996E-009
         100  1.481457374240265E-009
         101  1.083209435645853E-009
         102  1.821679256680851E-009
         103  1.727921400838251E-009
         104  1.682219952365802E-009
         105  1.736465623386449E-009
         106  2.234854347067337E-009
         107  1.699183463377417E-009
         108  5.632209607168405E-009
         109  2.519507413224096E-009
         110  7.062701978226362E-009
         111  5.090722492281294E-009
         112  6.960276905649178E-009
         113  3.639280679857579E-009
         114  2.984234148365473E-009
         115  1.580960777028111E-009
         116  1.657639700871781E-009
         117  1.459832909011688E-009
         118  1.551551224304507E-009
         119  5.663734349100449E-010
         120  7.757556633641748E-010
         121  6.334064339129740E-010
         122  8.079508688935044E-010
         123  7.075515634175627E-010
         124  1.655991559379512E-008
         125  7.004263129400635E-008
         126  5.857661899439956E-007
         127  2.994258024815986E-006
         128  2.497064378161465E-005
         129  1.283434779230922E-004
         130  3.304838916445742E-004
         131  1.114580649078911E-003
         132  1.075273843642958E-003
         133  3.366654230809047E-005
         134  8.510349158716891E-005
         135  9.305137559713894E-005
         136  2.308603516489728E-004
         137  1.221427332437456E-004
         138  8.280427343067470E-005
         139  1.364971181005959E-005
         140  3.116683235731729E-005
         141  2.229360151484404E-005
         142  8.736883292792845E-006
         143  1.430352227624861E-006
         144  4.898172321585605E-006
         145  1.983761398181218E-006
         146  9.332711278676003E-006
         147  1.477283557920441E-005
         148  1.869101843071885E-005
         149  1.133867249588899E-005
         150  2.064534524927010E-005
         151  1.529672099443104E-005
         152  4.415882009985464E-005
         153  2.106298439332994E-005
         154  5.583332260278094E-005
         155  2.552751237625988E-005
         156  4.581532691863221E-005
         157  1.765846948339918E-005
         158  2.522222035857017E-005
         159  1.989011476211545E-005
         160  4.165945444732851E-005
         161  2.150401426212924E-005
         162  4.987949500925561E-005
         163  4.474711304167382E-005
         164  7.570198999494273E-005
         165  5.628991065000785E-005
         166  7.616029548371412E-005
         167  4.654262433756453E-005
         168  1.096671142088884E-004
         169  4.101290981904907E-005
         170  3.331288746836215E-005
         171  2.189167623164071E-005
         172  4.890184526493689E-005
         173  2.569489971572445E-005
         174  6.760178658080898E-005
         175  3.644684897529268E-005
         176  2.922235469766776E-005
         177  1.131628193098357E-005
         178  1.351906013864779E-005
         179  7.207246401788514E-006
         180  1.571230537525414E-005
         181  7.171972852162646E-006
         182  1.482724094448548E-005
         183  7.458690088513108E-006
         184  1.312975543164894E-005
         185  4.031280847166938E-006
         186  1.455999596297944E-005
         187  4.143465208610061E-006
         188  1.284017708838696E-005
         189  1.065624393520056E-005
         190  2.291144738483741E-005
         191  2.591615225584629E-005
         192  9.266010076852003E-005
         193  1.232203245533061E-004
         194  3.161273787709555E-004
         195  2.272972856125487E-004
         196  4.428543253987558E-004
         197  2.405626277886572E-004
         198  1.816033818018469E-004
         199  1.514467256603379E-005
         200  2.683448513138385E-006
         201  9.192833849999155E-008
         202  1.050664436889445E-007
         203  2.536681700971881E-008
         204  8.459935843888314E-008
         205  7.461537403517569E-008
         206  2.291493233236428E-006
         207  1.506854635216052E-006
         208  2.516261720920781E-006
         209  1.613291828566073E-006
         226  6.562148608176878E-014
         227  5.010393404090571E-015
         230  3.092411424198712E-012
         231  7.521613566832112E-012
         232  5.884839486087218E-007
         234  1.006862598748940E-011
         235  1.616290925687804E-007
         236  1.565054902990215E-009
         238  1.832348730903428E-007
         240  3.032068112432921E-013
         244  3.701254798549139E-009
