           1  7.414639667983852E-005
           2  6.470609901488105E-012
           3  1.574717819390911E-008
           4  8.083129133355044E-005
           6  5.674563962362780E-015
           7  3.114017005274736E-012
           8  2.708281752318958E-013
           9  1.912633244112939E-009
          10  2.713051082138141E-014
          14  2.139625547562234E-015
          15  2.185374419285023E-012
          16  1.250036278756827E-009
          17  9.272159174034691E-011
          18  4.471608711786465E-010
          19  1.963487377333926E-010
          20  4.657178283975300E-009
          21  7.629814016833448E-010
          22  1.582746632845138E-009
          23  4.894609427213890E-009
          24  1.133735393041653E-008
          25  1.378323932003420E-008
          26  1.206456920875048E-008
          27  2.598593971635743E-009
          28  1.581482191940653E-009
          29  8.236867903001814E-010
          30  2.661200106912238E-009
          31  4.676058149465651E-010
          32  6.070992229027824E-010
          33  8.198199521136068E-010
          34  4.417310729876255E-009
          35  2.909012649550399E-010
          36  1.135409200990309E-009
          37  8.345622113584210E-010
          38  1.133297546833371E-009
          39  3.124462544315534E-010
          40  6.099734523700338E-010
          41  8.564925148242870E-010
          42  6.113667953178718E-009
          43  5.339568924729860E-010
          44  9.860292714963383E-010
          45  4.381498428214633E-009
          46  7.422847852862361E-009
          47  8.051599988144751E-009
          48  5.940960433158438E-009
          49  5.419925940291172E-010
          50  3.115055372430329E-009
          51  1.537824947137111E-009
          52  6.321399417605006E-009
          53  2.338606557111701E-010
          54  5.876865465893619E-010
          55  3.800275743088431E-010
          56  4.114916105845100E-010
          57  1.102579505841493E-010
          58  2.131414930700234E-010
          59  1.472544202246097E-010
          60  1.711287462045199E-010
          61  1.760488661314020E-010
          62  8.405035442394237E-010
          63  3.486019926288870E-010
          64  3.629234280291267E-010
          65  3.038736659516269E-010
          66  4.377352842879599E-010
          67  5.769820849079567E-010
          68  8.613256789636053E-010
          69  1.627583875523166E-010
          70  4.873730661835232E-010
          71  1.669832859401010E-010
          72  2.077083623376770E-010
          73  2.129955246128525E-010
          74  4.361572429517083E-010
          75  1.041344165468884E-009
          76  2.789595364201498E-009
          77  5.483113217915183E-009
          78  1.010768770420588E-008
          79  7.939719926326039E-009
          80  3.222637446093554E-008
          81  1.240457423991183E-008
          82  1.076278373670588E-008
          83  4.642214361001312E-009
          84  5.037288934930010E-009
          85  3.424760331414653E-009
          86  3.737167893919808E-009
          87  2.559064471538804E-009
          88  6.198971604381039E-009
          89  2.791702068119966E-009
          90  5.293980029842123E-009
          91  3.613366362129381E-009
          92  2.899961085733984E-009
          93  2.394151370781046E-009
          94  5.728982691393523E-009
          95  2.995349212209125E-009
          96  3.449219966260690E-009
          97  1.526247119454800E-009
          98  1.418754511215006E-009
          99  1.550366581277971E-009
         100  1.381871430141975E-009
         101  1.029283258910297E-009
         102  1.792720777215848E-009
         103  1.719417622386141E-009
         104  1.681659535713582E-009
         105  1.747657408925203E-009
         106  2.240179637953097E-009
         107  1.722670346014727E-009
         108  5.739039388792835E-009
         109  2.560390695786592E-009
         110  7.000137375194161E-009
         111  5.007835298285196E-009
         112  6.672172751508909E-009
         113  3.423868723259498E-009
         114  2.744614203407811E-009
         115  1.433604209680174E-009
         116  1.475211036503475E-009
         117  1.292583402129469E-009
         118  1.377753560856186E-009
         119  5.123100121198291E-010
         120  7.152371471916802E-010
         121  5.829691553474442E-010
         122  7.378547899009426E-010
         123  6.738881275084045E-010
         124  1.740805937433054E-008
         125  7.957141758528677E-008
         126  6.526534502071525E-007
         127  3.336561744020333E-006
         128  2.743162227903373E-005
         129  1.353993975050901E-004
         130  3.294466863975543E-004
         131  1.098447431686258E-003
         132  1.052527560211209E-003
         133  3.333665700236575E-005
         134  8.426288810809237E-005
         135  9.090748914665287E-005
         136  2.257625611983231E-004
         137  1.204157576378690E-004
         138  8.738358449751232E-005
         139  1.470247668916596E-005
         140  3.356220312741554E-005
         141  2.457583706203836E-005
         142  9.841082048652490E-006
         143  1.697108975876539E-006
         144  6.843542540588379E-006
         145  3.278510840896758E-006
         146  1.285208591368811E-005
         147  1.240161602501842E-005
         148  1.880311537050994E-005
         149  1.188098334572074E-005
         150  1.490942574437328E-005
         151  9.201956381505692E-006
         152  2.355140419744424E-005
         153  1.021656730575076E-005
         154  2.140753952799368E-005
         155  1.253855033606942E-005
         156  3.652961814429653E-005
         157  2.583669944457282E-005
         158  6.484414974901404E-005
         159  3.090462806038252E-005
         160  6.134114178301398E-005
         161  3.612137479712114E-005
         162  8.673560064857664E-005
         163  4.296173188814536E-005
         164  1.249106538989573E-004
         165  5.601061842168631E-005
         166  6.079649617703585E-005
         167  3.018885628709468E-005
         168  1.146581499513246E-004
         169  7.168127528602539E-005
         170  4.428382006639022E-005
         171  1.525774359902246E-005
         172  3.860124975006489E-005
         173  3.959878685222929E-005
         174  5.328559145151320E-005
         175  1.936625713003240E-005
         176  2.532461281500175E-005
         177  1.299283498337597E-005
         178  2.243465204402875E-005
         179  6.783676320783851E-006
         180  9.659464518996368E-006
         181  5.020706527546266E-006
         182  1.209093462996408E-005
         183  6.531082083785917E-006
         184  1.212872556873205E-005
         185  3.820930411364006E-006
         186  1.435414369257073E-005
         187  4.189701923691263E-006
         188  1.378120290746026E-005
         189  1.189831416967407E-005
         190  2.540691464106072E-005
         191  2.795866914251625E-005
         192  9.925163227086974E-005
         193  1.305252263327485E-004
         194  3.254869230170612E-004
         195  2.253587490544296E-004
         196  4.259226750617836E-004
         197  2.241737887915248E-004
         198  1.622421171956210E-004
         199  1.333681877105487E-005
         200  2.373037781753991E-006
         201  8.642389196727443E-008
         202  1.035057411355076E-007
         203  2.546753564768934E-008
         204  7.944754295098038E-008
         205  6.895474065181951E-008
         206  2.176512087848623E-006
         207  1.435457339186749E-006
         208  2.401265451309954E-006
         209  1.524346776726758E-006
         226  5.873087800352770E-014
         227  4.525630702245844E-015
         230  2.767691634795029E-012
         231  6.793886735659001E-012
         232  5.314917698400078E-007
         234  9.011366243634596E-012
         235  1.459912475352176E-007
         236  1.440870626202156E-009
         238  1.639942284155403E-007
         240  2.792693568790243E-013
         244  3.409049562566804E-009
