           1  7.471377101430798E-005
           2  6.470609901488105E-012
           3  1.574717819390911E-008
           4  8.153789420744395E-005
           6  5.674563962362780E-015
           7  3.114017005274736E-012
           8  2.708281752318958E-013
           9  1.912633244112939E-009
          10  2.713051082138141E-014
          14  1.937619608214098E-015
          15  1.867887635658099E-012
          16  1.220668920497064E-009
          17  9.101209599425825E-011
          18  4.543850853190030E-010
          19  2.079238007651695E-010
          20  4.590767615785777E-009
          21  7.565532980795569E-010
          22  1.591592834260744E-009
          23  4.847075433914477E-009
          24  1.122957149941625E-008
          25  1.367856171518226E-008
          26  1.195066242602395E-008
          27  2.610735819841202E-009
          28  1.589971382363642E-009
          29  8.490219613858979E-010
          30  2.698918942627296E-009
          31  4.776235449622051E-010
          32  6.259467496667409E-010
          33  7.686917799786324E-010
          34  4.308996426755831E-009
          35  2.947767488302420E-010
          36  1.187294322295121E-009
          37  7.609617269941987E-010
          38  1.007483659688676E-009
          39  2.951499619692916E-010
          40  6.269842816594093E-010
          41  8.927667675135800E-010
          42  6.043010121151449E-009
          43  5.118153894972144E-010
          44  9.680241810179400E-010
          45  4.341599039897805E-009
          46  7.342453315115725E-009
          47  8.134438536427321E-009
          48  6.084280437010168E-009
          49  5.031204197596264E-010
          50  3.141579368568047E-009
          51  1.590543945429168E-009
          52  6.289160125995471E-009
          53  2.086053319696926E-010
          54  5.005073970513057E-010
          55  3.311299631299218E-010
          56  4.047581295329938E-010
          57  1.074863886834614E-010
          58  2.054647439153031E-010
          59  1.453706069929328E-010
          60  1.691105231272882E-010
          61  1.747833432212342E-010
          62  8.476452065403602E-010
          63  3.466497685513454E-010
          64  3.575767989724021E-010
          65  3.078751899835002E-010
          66  4.403706174399406E-010
          67  5.863526099171257E-010
          68  8.648397873666836E-010
          69  1.595357320323569E-010
          70  4.750658030945059E-010
          71  1.655168775486467E-010
          72  2.061977303224180E-010
          73  2.166737968078478E-010
          74  4.459312107774790E-010
          75  1.036801491625513E-009
          76  2.802437744300248E-009
          77  5.479163987744983E-009
          78  1.026207112211222E-008
          79  7.915406604860681E-009
          80  3.178786343763483E-008
          81  1.204215584261883E-008
          82  1.067835684783757E-008
          83  4.631494120560973E-009
          84  5.229192474094407E-009
          85  3.474004415297349E-009
          86  3.730142738767474E-009
          87  2.402341254804165E-009
          88  5.798806009665006E-009
          89  2.675921077711107E-009
          90  5.125330248434038E-009
          91  3.367513512598706E-009
          92  2.864906820077093E-009
          93  2.398880936221509E-009
          94  5.567851460164908E-009
          95  2.789584800919198E-009
          96  3.373052919484187E-009
          97  1.460857783837485E-009
          98  1.362181895939648E-009
          99  1.533129128629408E-009
         100  1.337449141909290E-009
         101  1.003859779282132E-009
         102  1.720749379137994E-009
         103  1.624421243630961E-009
         104  1.557815041096868E-009
         105  1.668041221888809E-009
         106  2.138983860619774E-009
         107  1.650838462130973E-009
         108  5.549196156582307E-009
         109  2.498782763910999E-009
         110  6.944185253930497E-009
         111  4.878282999600586E-009
         112  6.438506606621990E-009
         113  3.220740938143632E-009
         114  2.539597519560223E-009
         115  1.347236624965986E-009
         116  1.392634865897563E-009
         117  1.214112950740851E-009
         118  1.303007324101405E-009
         119  4.991462913930526E-010
         120  7.103205162494338E-010
         121  5.753603005679627E-010
         122  7.461405870390442E-010
         123  6.655905582353546E-010
         124  1.814180421007410E-008
         125  7.668410077496179E-008
         126  6.272022373559559E-007
         127  3.230295934928813E-006
         128  2.684586214755136E-005
         129  1.328446048134184E-004
         130  3.284578461436360E-004
         131  1.090849476998453E-003
         132  1.021004175090383E-003
         133  3.345642121987834E-005
         134  8.360157823193181E-005
         135  7.887672399073930E-005
         136  2.094617700719118E-004
         137  1.144854413482938E-004
         138  8.713160879628929E-005
         139  1.403395092792945E-005
         140  3.297918585838211E-005
         141  2.532750583267006E-005
         142  9.749475624615035E-006
         143  1.558367516306739E-006
         144  5.417286701432748E-006
         145  1.844502379828043E-006
         146  6.182222961773243E-006
         147  6.246543117665077E-006
         148  1.156461845049461E-005
         149  7.760861006767804E-006
         150  1.877056583068322E-005
         151  1.278195980132484E-005
         152  5.428902573832459E-005
         153  3.776273111327826E-005
         154  6.909941305186783E-005
         155  3.168657635643227E-005
         156  7.658492170701904E-005
         157  3.176368338264519E-005
         158  4.773002703545250E-005
         159  2.077808861610824E-005
         160  4.929888202356360E-005
         161  3.279562148213976E-005
         162  1.133898797820265E-004
         163  1.166967740901507E-004
         164  1.283307280522015E-004
         165  4.519549276577066E-005
         166  9.663728426592507E-005
         167  2.097931711048101E-005
         168  2.039581098084820E-005
         169  1.401069718739558E-005
         170  3.251727654320788E-005
         171  2.875088834823199E-005
         172  4.850591831980635E-005
         173  2.590292431925404E-005
         174  4.177366886647808E-005
         175  2.856067684483702E-005
         176  3.822823025947723E-005
         177  1.937467489003042E-005
         178  3.092575029351430E-005
         179  8.268620848283922E-006
         180  1.138248590596709E-005
         181  5.860148214570132E-006
         182  1.356191282202359E-005
         183  7.187236072793184E-006
         184  1.310468374641740E-005
         185  4.185344435413166E-006
         186  1.632581784700237E-005
         187  4.678025610064426E-006
         188  1.487566048601606E-005
         189  1.284872930187835E-005
         190  2.617079815312853E-005
         191  3.017095328446623E-005
         192  1.044864154599358E-004
         193  1.332916654132141E-004
         194  3.206198811895600E-004
         195  2.185837608963486E-004
         196  4.137771277258351E-004
         197  2.144688141457818E-004
         198  1.533365086992123E-004
         199  1.198362523425483E-005
         200  2.162437559319792E-006
         201  8.319812544108422E-008
         202  1.045295303120495E-007
         203  2.605681768893554E-008
         204  8.125101055679670E-008
         205  6.957359166842407E-008
         206  2.216492012864055E-006
         207  1.449127574393258E-006
         208  2.435402446188430E-006
         209  1.549851148722318E-006
         226  6.514039475831661E-014
         227  4.971037726864625E-015
         230  3.069740003699752E-012
         231  7.462532737867093E-012
         232  5.653905108546322E-007
         234  9.994809789611310E-012
         235  1.603595271106537E-007
         236  1.663944945904153E-009
         238  1.818915218061646E-007
         240  3.233116669418165E-013
         244  3.946675385649974E-009
