           1  7.432663223626765E-005
           2  6.470609901488105E-012
           3  1.574717819390911E-008
           4  8.234506532777006E-005
           6  5.674563962362780E-015
           7  3.114017005274736E-012
           8  2.708281752318958E-013
           9  1.912633244112939E-009
          10  2.713051082138141E-014
          14  2.197500531185341E-015
          15  2.093797898835608E-012
          16  1.232690372315687E-009
          17  9.164416269317091E-011
          18  4.703521793718275E-010
          19  2.288924042132654E-010
          20  4.587068254450101E-009
          21  7.346752369249200E-010
          22  1.688164370374334E-009
          23  4.828917633003737E-009
          24  1.120221492929069E-008
          25  1.382862029086995E-008
          26  1.235088933092663E-008
          27  2.527673705888889E-009
          28  1.545885005145001E-009
          29  9.280631674068064E-010
          30  2.853510546164777E-009
          31  4.790863510093984E-010
          32  6.284625365174025E-010
          33  7.693902332071117E-010
          34  4.221250064015993E-009
          35  3.050432843421069E-010
          36  1.299419234905440E-009
          37  7.540983003096044E-010
          38  9.904905265935142E-010
          39  2.810552657874943E-010
          40  6.282714321795177E-010
          41  9.257482496219197E-010
          42  5.944079932901945E-009
          43  4.989665174582467E-010
          44  1.017034288368090E-009
          45  4.436479308837865E-009
          46  7.451542111628053E-009
          47  8.191030473323599E-009
          48  6.077563292718813E-009
          49  4.964683424727264E-010
          50  3.160733011897375E-009
          51  1.601935442164098E-009
          52  6.254489038197223E-009
          53  2.023603336979657E-010
          54  4.781235124542550E-010
          55  2.970768364776800E-010
          56  3.916941473336454E-010
          57  1.021419321279894E-010
          58  2.229255492568194E-010
          59  1.530526874816413E-010
          60  1.731034811754233E-010
          61  1.754049573222740E-010
          62  8.199844920053715E-010
          63  3.375239403142720E-010
          64  3.734977881326810E-010
          65  3.226835615709866E-010
          66  4.472571010127626E-010
          67  5.776704561506148E-010
          68  7.991098528229564E-010
          69  1.485940152229916E-010
          70  4.506136768646892E-010
          71  1.578477733680067E-010
          72  2.030573625267903E-010
          73  2.321957691299942E-010
          74  4.453098388490007E-010
          75  1.009736016683525E-009
          76  2.717621840575863E-009
          77  5.583092282163212E-009
          78  1.041189239754650E-008
          79  8.076950348204591E-009
          80  3.170511241228662E-008
          81  1.261954715683478E-008
          82  1.115426469509796E-008
          83  4.825977008586832E-009
          84  5.428536931664215E-009
          85  3.637778235096060E-009
          86  3.903385570787366E-009
          87  2.464827273299871E-009
          88  5.869538214346865E-009
          89  2.616646924180857E-009
          90  5.043424974801135E-009
          91  3.520557313221344E-009
          92  3.043228657942620E-009
          93  2.479296858742273E-009
          94  5.360633599378062E-009
          95  2.800212306788925E-009
          96  3.769283340243215E-009
          97  1.624189184841922E-009
          98  1.474692461240369E-009
          99  1.637708742467180E-009
         100  1.406624681081486E-009
         101  1.026871288167019E-009
         102  1.781346708735092E-009
         103  1.667260716770270E-009
         104  1.619693470076683E-009
         105  1.762713964768618E-009
         106  2.213967917619334E-009
         107  1.700867876658661E-009
         108  5.868812025094223E-009
         109  2.629903173198993E-009
         110  7.188153476180962E-009
         111  5.089360707470959E-009
         112  6.665264802293788E-009
         113  3.312504022019990E-009
         114  2.569600770847817E-009
         115  1.338487256289706E-009
         116  1.397924822401380E-009
         117  1.301531618646228E-009
         118  1.416770145039996E-009
         119  5.213622977060602E-010
         120  7.586473879811240E-010
         121  6.218109899126524E-010
         122  7.910174745598400E-010
         123  7.230421666544412E-010
         124  1.977395522704751E-008
         125  8.889486653924511E-008
         126  7.111664692236328E-007
         127  3.594527644733309E-006
         128  2.921936561080277E-005
         129  1.414174869314546E-004
         130  3.380800561870236E-004
         131  1.110033356346544E-003
         132  1.039276106047593E-003
         133  3.367131549395221E-005
         134  8.332760959100174E-005
         135  8.002766854595485E-005
         136  2.184307491787451E-004
         137  1.186319033806187E-004
         138  8.372911596406685E-005
         139  1.476997337476859E-005
         140  3.366503992601548E-005
         141  2.486985749077153E-005
         142  9.161312519282502E-006
         143  1.658549401967727E-006
         144  8.253094964956455E-006
         145  4.151930847743048E-006
         146  1.533979504624652E-005
         147  1.136828742887443E-005
         148  1.124871739420370E-005
         149  8.666293763861833E-006
         150  4.274424097490904E-005
         151  1.723395349283440E-005
         152  2.265510164000702E-005
         153  9.711616373899261E-006
         154  3.944776810747131E-005
         155  2.165850724013194E-005
         156  3.034743467917980E-005
         157  1.642531768344750E-005
         158  4.303462633577679E-005
         159  3.049525553517104E-005
         160  5.465869886467242E-005
         161  3.006944605626118E-005
         162  9.444091141530299E-005
         163  4.326097644602732E-005
         164  8.406028380247888E-005
         165  4.351671535837853E-005
         166  1.148438263028765E-004
         167  2.778718796430907E-005
         168  3.923853913858438E-005
         169  3.114553177430418E-005
         170  6.309684088274086E-005
         171  4.487846583612851E-005
         172  8.344029801587549E-005
         173  3.770427708237313E-005
         174  6.366542263658695E-005
         175  2.562981367375602E-005
         176  3.382990040655555E-005
         177  1.726560425516438E-005
         178  2.430276018573029E-005
         179  8.042089907968984E-006
         180  1.184657565795830E-005
         181  5.784034838142703E-006
         182  1.259159081395980E-005
         183  6.450969806310831E-006
         184  1.155427742069441E-005
         185  3.681463126383952E-006
         186  1.412999914618463E-005
         187  4.244435047306062E-006
         188  1.452034523414722E-005
         189  1.271327782405456E-005
         190  2.586650206060450E-005
         191  2.869331503377226E-005
         192  1.032206910484273E-004
         193  1.358378727979175E-004
         194  3.309495418796639E-004
         195  2.237315508922496E-004
         196  4.190844355608000E-004
         197  2.148204600723400E-004
         198  1.521619031605825E-004
         199  1.201121459831319E-005
         200  2.159585849101593E-006
         201  8.548058642246334E-008
         202  1.063891980232302E-007
         203  2.613684074594248E-008
         204  9.270121942022613E-008
         205  8.166321650980572E-008
         206  2.336524445528235E-006
         207  1.529766003651599E-006
         208  2.516778443956959E-006
         209  1.600304814904917E-006
         226  6.427852800010079E-014
         227  5.015828229964568E-015
         230  3.029124547263386E-012
         231  7.529772339353617E-012
         232  5.801040961219558E-007
         234  9.862569351948688E-012
         235  1.618044133277384E-007
         236  1.659988783247852E-009
         238  1.794849312899782E-007
         240  3.224549285839262E-013
         244  3.936217154368032E-009
