           1  7.411557107559678E-005
           2  6.470609901488105E-012
           3  1.574717819390911E-008
           4  7.925788821748687E-005
           6  5.674563962362780E-015
           7  3.114017005274736E-012
           8  2.708281752318958E-013
           9  1.912633244112939E-009
          10  2.713051082138141E-014
          14  2.306923493687155E-015
          15  2.230209419873920E-012
          16  1.286417430060744E-009
          17  9.472413910873894E-011
          18  4.559160394276675E-010
          19  2.070760456314939E-010
          20  4.734891973887450E-009
          21  7.746778942886285E-010
          22  1.618286765457639E-009
          23  4.960520630484429E-009
          24  1.146422906377944E-008
          25  1.392095791987896E-008
          26  1.200267627940190E-008
          27  2.567110258941265E-009
          28  1.590279642725847E-009
          29  8.564042737223246E-010
          30  2.714852135336755E-009
          31  4.733747888180835E-010
          32  6.320942668333179E-010
          33  8.235930465637506E-010
          34  4.406981024510861E-009
          35  2.912195880757535E-010
          36  1.150988210251588E-009
          37  7.734009893870051E-010
          38  1.037775128994207E-009
          39  2.967239219017081E-010
          40  6.263976751378152E-010
          41  9.024697014122613E-010
          42  6.200679909709453E-009
          43  5.306757433587005E-010
          44  9.980414573716041E-010
          45  4.434035868123979E-009
          46  7.432476725695714E-009
          47  8.095011225130008E-009
          48  5.980902617233884E-009
          49  5.059608719617659E-010
          50  3.098260047923074E-009
          51  1.562386301005450E-009
          52  6.258973562317665E-009
          53  2.165867971334697E-010
          54  5.259283843781152E-010
          55  3.465036993253974E-010
          56  4.038975255307837E-010
          57  1.073135276996790E-010
          58  2.083657075174102E-010
          59  1.450615562276193E-010
          60  1.697583569906436E-010
          61  1.776626593604009E-010
          62  8.534392628417814E-010
          63  3.483533493097768E-010
          64  3.603353004339120E-010
          65  3.050599895343283E-010
          66  4.363667993396724E-010
          67  5.805632788250163E-010
          68  8.578599440608225E-010
          69  1.593684561982241E-010
          70  4.791144909874047E-010
          71  1.649546100876156E-010
          72  2.040442407654475E-010
          73  2.134074849861924E-010
          74  4.396991399454926E-010
          75  1.049734332584396E-009
          76  2.788845943861989E-009
          77  5.428683874854244E-009
          78  1.028567913827278E-008
          79  8.117146950405969E-009
          80  3.273727158675983E-008
          81  1.238344148643795E-008
          82  1.081812007997720E-008
          83  4.711581366477281E-009
          84  5.345508967871485E-009
          85  3.573148985083286E-009
          86  3.873734885585271E-009
          87  2.588434620593662E-009
          88  6.155442127615277E-009
          89  2.790091348277121E-009
          90  5.418153012778836E-009
          91  3.694221020578720E-009
          92  3.019913681673067E-009
          93  2.486783685887397E-009
          94  5.781265515576521E-009
          95  2.967299918349671E-009
          96  3.485733289848954E-009
          97  1.522573066740908E-009
          98  1.413603234301857E-009
          99  1.572119503968980E-009
         100  1.388622585267930E-009
         101  1.031219644217777E-009
         102  1.811260610921005E-009
         103  1.734239307296752E-009
         104  1.702689899641642E-009
         105  1.819527106240694E-009
         106  2.335909927120905E-009
         107  1.789699772229308E-009
         108  6.029309280409648E-009
         109  2.675845381102919E-009
         110  7.276378551535734E-009
         111  5.159833440405659E-009
         112  6.835435898875210E-009
         113  3.454567735955982E-009
         114  2.732391510236830E-009
         115  1.425179692799797E-009
         116  1.468924287835662E-009
         117  1.274000515158525E-009
         118  1.356738046122054E-009
         119  5.136737395913868E-010
         120  7.220057531996519E-010
         121  5.877782040339626E-010
         122  7.338652300640414E-010
         123  6.908650383261104E-010
         124  1.815398660545609E-008
         125  8.730240853433428E-008
         126  7.063364994187831E-007
         127  3.559134987147847E-006
         128  2.896472716702726E-005
         129  1.414516776152055E-004
         130  3.405646730784280E-004
         131  1.114584642246537E-003
         132  1.051910858433719E-003
         133  3.292960765120477E-005
         134  8.187223714315721E-005
         135  8.683262269459178E-005
         136  2.221868290170343E-004
         137  1.191990901983277E-004
         138  8.653402654206977E-005
         139  1.451871242936160E-005
         140  3.252263921976226E-005
         141  2.397880642669068E-005
         142  9.474720799465573E-006
         143  1.801020434525148E-006
         144  9.186477337241826E-006
         145  5.434178869017231E-006
         146  2.297470745948595E-005
         147  2.116380003851762E-005
         148  1.856541004522532E-005
         149  9.892330205252641E-006
         150  3.577658130918265E-005
         151  1.602037190370929E-005
         152  2.443391821681960E-005
         153  9.345179418340625E-006
         154  1.579891908185355E-005
         155  7.959449443524054E-006
         156  2.493560065583529E-005
         157  2.360285363389038E-005
         158  4.715056134732005E-005
         159  2.095191561216815E-005
         160  4.958238361994336E-005
         161  3.409801389862051E-005
         162  7.214282808876066E-005
         163  6.181126926786671E-005
         164  8.000012783643249E-005
         165  5.196411164212368E-005
         166  6.540153426842752E-005
         167  2.514039403600422E-005
         168  1.114572558243326E-004
         169  3.823618943137758E-005
         170  3.919019207328577E-005
         171  2.598167624614971E-005
         172  7.422589573647517E-005
         173  3.758755902922334E-005
         174  6.167481040016633E-005
         175  2.862229454362884E-005
         176  1.868298431053117E-005
         177  7.330843275730498E-006
         178  1.549215169978361E-005
         179  6.153504843494493E-006
         180  1.094895348640239E-005
         181  5.608774395683293E-006
         182  1.305309269788182E-005
         183  7.027923525323812E-006
         184  1.313956879230642E-005
         185  4.215397219813867E-006
         186  1.614501423077984E-005
         187  4.711256065893725E-006
         188  1.555945576976046E-005
         189  1.349959006059777E-005
         190  2.803733499679144E-005
         191  3.069071149707186E-005
         192  1.076538216927416E-004
         193  1.393381002173131E-004
         194  3.408756732455569E-004
         195  2.290262176982706E-004
         196  4.248852132870975E-004
         197  2.206174232951379E-004
         198  1.574926277441153E-004
         199  1.261767109632497E-005
         200  2.243856057008584E-006
         201  8.537743711380288E-008
         202  1.024386784920211E-007
         203  2.469733234696433E-008
         204  8.711903747041240E-008
         205  7.644755493873624E-008
         206  2.079749304061100E-006
         207  1.380299310967892E-006
         208  2.291401318288458E-006
         209  1.425729955010732E-006
         226  5.268744017798268E-014
         227  4.088285772243549E-015
         230  2.482894729253107E-012
         231  6.137343567570668E-012
         232  4.755121653174328E-007
         234  8.084091980625115E-012
         235  1.318830411580263E-007
         236  1.338412703070923E-009
         238  1.471191372051208E-007
         240  2.598585159571806E-013
         244  3.172100835025851E-009
