           1  7.466221443334398E-005
           2  6.470609901488105E-012
           3  1.574717819390911E-008
           4  8.072108555903203E-005
           6  5.674563962362780E-015
           7  3.114017005274736E-012
           8  2.708281752318958E-013
           9  1.912633244112939E-009
          10  2.713051082138141E-014
          14  1.931048084663047E-015
          15  1.899623514841520E-012
          16  1.238314475454786E-009
          17  9.188877498811856E-011
          18  4.542761158235887E-010
          19  2.084024172970112E-010
          20  4.672854898480742E-009
          21  7.592578499534509E-010
          22  1.544140103635074E-009
          23  4.922018719692821E-009
          24  1.136023442912384E-008
          25  1.388113971065144E-008
          26  1.188887943386804E-008
          27  2.500740725219420E-009
          28  1.529475517750512E-009
          29  8.328662198764646E-010
          30  2.611152948822483E-009
          31  4.468330384953253E-010
          32  6.247173555931186E-010
          33  8.222961035436057E-010
          34  4.454794938625618E-009
          35  2.857028738084712E-010
          36  1.130730423857683E-009
          37  7.746821260129095E-010
          38  1.042618687446582E-009
          39  2.828256114006315E-010
          40  6.048930229986407E-010
          41  8.867108747529022E-010
          42  6.047150020078527E-009
          43  5.028677072557292E-010
          44  1.005673079393128E-009
          45  4.510168068524554E-009
          46  7.488470716995134E-009
          47  8.103160825058747E-009
          48  5.934584397946855E-009
          49  5.115415321722907E-010
          50  3.068392843888752E-009
          51  1.528885314119121E-009
          52  6.188478626420693E-009
          53  2.279948618672665E-010
          54  5.807811545736173E-010
          55  3.577923735596118E-010
          56  3.932357193813376E-010
          57  1.013226380818884E-010
          58  2.022412829010345E-010
          59  1.403777325719415E-010
          60  1.673525604664765E-010
          61  1.802068040795658E-010
          62  8.456180667138344E-010
          63  3.420486546348192E-010
          64  3.573861522822250E-010
          65  3.040221659471979E-010
          66  4.305180505221654E-010
          67  5.881260352626434E-010
          68  8.525170606481859E-010
          69  1.580648620823942E-010
          70  4.753556185415670E-010
          71  1.640360404495997E-010
          72  2.031108539777692E-010
          73  2.194839122437393E-010
          74  4.522990903166149E-010
          75  1.083567853576975E-009
          76  2.847659493802499E-009
          77  5.503959622366306E-009
          78  1.026350942560815E-008
          79  8.049396980534959E-009
          80  3.201311282454091E-008
          81  1.232193063772014E-008
          82  1.037264953846401E-008
          83  4.394160221162615E-009
          84  5.136435643028525E-009
          85  3.449571257347874E-009
          86  3.734394344128217E-009
          87  2.535475622488234E-009
          88  6.007759322188952E-009
          89  2.734017772493313E-009
          90  5.323173637378990E-009
          91  3.542713486208943E-009
          92  2.889786679190340E-009
          93  2.384388788903764E-009
          94  5.519330290810585E-009
          95  2.790604698518329E-009
          96  3.352091243573409E-009
          97  1.443870842915600E-009
          98  1.337869077073443E-009
          99  1.498653317959392E-009
         100  1.307651207776031E-009
         101  9.930734634349488E-010
         102  1.758699429237477E-009
         103  1.665161975494767E-009
         104  1.605549038575811E-009
         105  1.721142271643620E-009
         106  2.218872222762308E-009
         107  1.731512080051471E-009
         108  5.878153376376943E-009
         109  2.608996112490544E-009
         110  7.060785530143049E-009
         111  4.998405577986607E-009
         112  6.504117036189308E-009
         113  3.233482164969654E-009
         114  2.511132560322519E-009
         115  1.310824369119556E-009
         116  1.338054549368383E-009
         117  1.166628163605760E-009
         118  1.252257713634373E-009
         119  4.806372723996419E-010
         120  6.879711532230959E-010
         121  5.592619106008022E-010
         122  7.162545799672681E-010
         123  6.681753996553589E-010
         124  1.909092277970135E-008
         125  8.764709808741697E-008
         126  7.049795320418390E-007
         127  3.608826626261459E-006
         128  2.948938823012440E-005
         129  1.420506372525752E-004
         130  3.367235616303737E-004
         131  1.083061756630509E-003
         132  1.021845187909894E-003
         133  3.200091360465728E-005
         134  7.964119664003018E-005
         135  8.423255570897682E-005
         136  2.071865422711186E-004
         137  1.112409700666155E-004
         138  8.984567345440757E-005
         139  1.485100608447893E-005
         140  3.343500969519676E-005
         141  2.408330747107722E-005
         142  9.760522068013352E-006
         143  1.583795928828024E-006
         144  5.446890879341339E-006
         145  1.804222829711404E-006
         146  6.007466943454127E-006
         147  6.442997637431782E-006
         148  8.062844509919771E-006
         149  8.159341274316023E-006
         150  3.639617505672900E-005
         151  2.262363984799599E-005
         152  4.567368881238943E-005
         153  1.948738119486013E-005
         154  3.685940503843098E-005
         155  1.833852822385317E-005
         156  3.058290833023493E-005
         157  2.042869833609819E-005
         158  7.062011556350229E-005
         159  3.295176183894416E-005
         160  5.801711317989274E-005
         161  3.662931082823821E-005
         162  1.180453584417744E-004
         163  4.815902807016631E-005
         164  1.105997899337354E-004
         165  5.870498115743247E-005
         166  7.098426127773839E-005
         167  2.550416425490807E-005
         168  1.232813136568033E-004
         169  7.259757317987192E-005
         170  5.369601524784458E-005
         171  3.320535412502880E-005
         172  6.844555140834449E-005
         173  2.475070199546957E-005
         174  2.620566210932802E-005
         175  2.019575413851730E-005
         176  2.910591410011016E-005
         177  1.375878074765560E-005
         178  2.015651177187921E-005
         179  6.867358846653257E-006
         180  1.082183997599125E-005
         181  5.508249344437998E-006
         182  1.272750954052932E-005
         183  6.818397306325245E-006
         184  1.271722362046501E-005
         185  4.120541757054120E-006
         186  1.617720052929248E-005
         187  4.702144108794009E-006
         188  1.554546902341007E-005
         189  1.364169548190316E-005
         190  2.794057007743838E-005
         191  3.084848166573112E-005
         192  1.074131437882197E-004
         193  1.370865566808377E-004
         194  3.277069278994252E-004
         195  2.179278228617910E-004
         196  4.017759830976212E-004
         197  2.045910474318718E-004
         198  1.429847464943438E-004
         199  1.127827573154325E-005
         200  2.104578614012058E-006
         201  9.020733151827149E-008
         202  1.129225328605824E-007
         203  2.685935731228232E-008
         204  8.376279303431069E-008
         205  7.167056367335579E-008
         206  2.173324560164056E-006
         207  1.418060302077939E-006
         208  2.381697122377749E-006
         209  1.504835345515281E-006
         226  5.954094269725931E-014
         227  4.583073830153926E-015
         230  2.805865919816770E-012
         231  6.880120485256779E-012
         232  5.251636882354054E-007
         234  9.135658436845376E-012
         235  1.478442917753197E-007
         236  1.553689424824251E-009
         238  1.662561720290379E-007
         240  3.020794839606323E-013
         244  3.687493480004311E-009
