           1  7.394383634124382E-005
           2  6.470609901488105E-012
           3  1.574717819390911E-008
           4  8.160624556649921E-005
           6  5.674563962362780E-015
           7  3.114017005274736E-012
           8  2.708281752318958E-013
           9  1.912633244112939E-009
          10  2.713051082138141E-014
          14  2.249131201589620E-015
          15  2.320620377844153E-012
          16  1.274094441750540E-009
          17  9.405029927956943E-011
          18  4.647862065160484E-010
          19  2.189690563514910E-010
          20  4.685087838522180E-009
          21  7.605577399304273E-010
          22  1.638380146402694E-009
          23  4.919362424176257E-009
          24  1.138770336288973E-008
          25  1.389858506691978E-008
          26  1.203375833304093E-008
          27  2.536571128627986E-009
          28  1.594018814500900E-009
          29  9.025406433426524E-010
          30  2.789390587452778E-009
          31  4.834913639922774E-010
          32  6.609541633849843E-010
          33  8.203988380634110E-010
          34  4.437709344445266E-009
          35  2.963036083300218E-010
          36  1.180496083032467E-009
          37  7.476055274507760E-010
          38  9.925786681062771E-010
          39  2.816315884289015E-010
          40  6.312235549911008E-010
          41  9.300697434875817E-010
          42  6.161772484017866E-009
          43  5.307941453849089E-010
          44  1.009786715471003E-009
          45  4.444690785125384E-009
          46  7.460017407190366E-009
          47  8.152833010669310E-009
          48  6.029619806918837E-009
          49  4.869218661692898E-010
          50  3.078728469538420E-009
          51  1.573632798947012E-009
          52  6.308696781669053E-009
          53  2.149670377898524E-010
          54  5.143917713573472E-010
          55  3.299447848927920E-010
          56  3.944212818070180E-010
          57  1.050581864947998E-010
          58  2.119338050410464E-010
          59  1.467739102352620E-010
          60  1.718740666869916E-010
          61  1.770580859522572E-010
          62  8.409077195554540E-010
          63  3.458882470945126E-010
          64  3.673491700621457E-010
          65  3.119033399411092E-010
          66  4.451422426730467E-010
          67  5.837466359740191E-010
          68  8.442239385985132E-010
          69  1.569720615012415E-010
          70  4.709542125855682E-010
          71  1.625331923143704E-010
          72  2.038943108628252E-010
          73  2.179441140201236E-010
          74  4.373661326157420E-010
          75  1.029475955590744E-009
          76  2.743512923631506E-009
          77  5.442008617037637E-009
          78  1.035853307805539E-008
          79  8.144392376121998E-009
          80  3.237449616945916E-008
          81  1.245208760853178E-008
          82  1.081763072819765E-008
          83  4.701958248927127E-009
          84  5.467808996598112E-009
          85  3.632441642151387E-009
          86  3.924730966807600E-009
          87  2.590341419097295E-009
          88  6.082111493309292E-009
          89  2.771751786947029E-009
          90  5.408740083105297E-009
          91  3.720151383099116E-009
          92  3.078852076554042E-009
          93  2.506361616819689E-009
          94  5.590471677800222E-009
          95  2.925858511954952E-009
          96  3.574626297088791E-009
          97  1.566769357384620E-009
          98  1.445852877012074E-009
          99  1.601021269698266E-009
         100  1.413412978569396E-009
         101  1.039218211882672E-009
         102  1.810293191798269E-009
         103  1.722170646101662E-009
         104  1.700410653049009E-009
         105  1.818947130196361E-009
         106  2.314100046574708E-009
         107  1.769365354461810E-009
         108  5.997301718438907E-009
         109  2.660751236463647E-009
         110  7.203287433138878E-009
         111  5.147228336742793E-009
         112  6.821722635308807E-009
         113  3.452515079639073E-009
         114  2.728171660528065E-009
         115  1.420449858324148E-009
         116  1.468307388443968E-009
         117  1.314942019694162E-009
         118  1.411797670585104E-009
         119  5.170044169858142E-010
         120  7.275003133039243E-010
         121  5.948744342357907E-010
         122  7.499753892215060E-010
         123  6.972520446549987E-010
         124  1.862004692851468E-008
         125  8.707673232955168E-008
         126  7.046345999758384E-007
         127  3.563177927546593E-006
         128  2.899420648030107E-005
         129  1.415878446720421E-004
         130  3.408468305454311E-004
         131  1.110434407876970E-003
         132  1.061877917679898E-003
         133  3.364386958799122E-005
         134  8.321325104524574E-005
         135  8.569609775255085E-005
         136  2.240519745555784E-004
         137  1.211303681991508E-004
         138  9.043737202314496E-005
         139  1.451094670952402E-005
         140  3.173175693516928E-005
         141  2.277911516973802E-005
         142  8.986019738363977E-006
         143  1.441053065742868E-006
         144  4.945320265002019E-006
         145  1.660886135076004E-006
         146  5.938783650190509E-006
         147  7.587446493728659E-006
         148  1.677867509412727E-005
         149  1.288555184260933E-005
         150  2.072972003354902E-005
         151  1.033176255276226E-005
         152  1.780881091228929E-005
         153  8.531418054974703E-006
         154  4.041010157232239E-005
         155  2.231643255860855E-005
         156  4.203849164208068E-005
         157  3.964660689773611E-005
         158  8.025873893331099E-005
         159  3.454692095197587E-005
         160  4.194939574128661E-005
         161  2.009647249205158E-005
         162  5.257899520156277E-005
         163  2.786769244300853E-005
         164  8.545407381756064E-005
         165  7.689604610369385E-005
         166  1.069134228612850E-004
         167  3.083777958355030E-005
         168  8.581035577660802E-005
         169  4.291426980567112E-005
         170  2.322653074402589E-005
         171  9.967771157949421E-006
         172  2.817461841126490E-005
         173  2.360059982371090E-005
         174  6.678456695160109E-005
         175  3.079508141144680E-005
         176  3.400971476050083E-005
         177  1.643453406585189E-005
         178  2.075983395675685E-005
         179  9.574589355699194E-006
         180  1.726292711545380E-005
         181  7.265107673394412E-006
         182  1.366230238257227E-005
         183  6.718235140180004E-006
         184  1.186032590781408E-005
         185  3.731025430825709E-006
         186  1.397191900378046E-005
         187  4.126558433165374E-006
         188  1.395326602106633E-005
         189  1.217664181934611E-005
         190  2.566999935223620E-005
         191  2.824841210986008E-005
         192  1.016459271344512E-004
         193  1.345363438591377E-004
         194  3.355401373492563E-004
         195  2.302348136537135E-004
         196  4.338475718809999E-004
         197  2.269349843172560E-004
         198  1.640756751591684E-004
         199  1.334090027296036E-005
         200  2.449907146243666E-006
         201  9.820967890393507E-008
         202  1.185295852019538E-007
         203  2.820458702075242E-008
         204  9.990643191464641E-008
         205  8.721954270010811E-008
         206  2.340074009566773E-006
         207  1.544026370415292E-006
         208  2.554693946246405E-006
         209  1.600295763774524E-006
         226  5.830533195406532E-014
         227  4.564392830906727E-015
         230  2.747637784395477E-012
         231  6.852076528216399E-012
         232  5.363826065001571E-007
         234  8.946072629174977E-012
         235  1.472416658509486E-007
         236  1.470324118159404E-009
         238  1.628059761978114E-007
         240  2.852784522692138E-013
         244  3.482402773389077E-009
