           1  7.407598540016985E-005
           2  6.470609901488105E-012
           3  1.574717819390911E-008
           4  8.199902047905519E-005
           6  5.674563962362780E-015
           7  3.114017005274736E-012
           8  2.708281752318958E-013
           9  1.912633244112939E-009
          10  2.713051082138141E-014
          14  2.414560237796992E-015
          15  2.239779680064138E-012
          16  1.217352914896826E-009
          17  9.093604056267409E-011
          18  4.707504839964499E-010
          19  2.277385768615374E-010
          20  4.556017432937295E-009
          21  7.429375549235027E-010
          22  1.566564578614492E-009
          23  4.832963004640123E-009
          24  1.119939637865632E-008
          25  1.369393748474653E-008
          26  1.274480894211846E-008
          27  2.707356039437551E-009
          28  1.557662942883019E-009
          29  8.389687302893148E-010
          30  2.631553528805601E-009
          31  4.555049785261929E-010
          32  6.481862069862823E-010
          33  7.560809027183903E-010
          34  4.422045851260361E-009
          35  3.013137795134998E-010
          36  1.221058833088363E-009
          37  9.102420489894015E-010
          38  1.233524268183393E-009
          39  3.070837088171182E-010
          40  5.820576515982185E-010
          41  8.292875123347228E-010
          42  5.632044485690174E-009
          43  4.770275369554902E-010
          44  9.587535091978482E-010
          45  4.309277425543840E-009
          46  7.586515503039457E-009
          47  8.354465083388217E-009
          48  6.125766873850888E-009
          49  5.537237487163406E-010
          50  3.118801946606016E-009
          51  1.516534519285464E-009
          52  6.326562865203743E-009
          53  2.413757263972823E-010
          54  6.204119683211899E-010
          55  3.694118857748833E-010
          56  3.822775149170043E-010
          57  9.846922396492255E-011
          58  1.917038125999317E-010
          59  1.318344797280847E-010
          60  1.571049214754802E-010
          61  1.660514338823963E-010
          62  7.814546764056405E-010
          63  3.214186946341188E-010
          64  3.450365615012977E-010
          65  2.932612883036187E-010
          66  4.180787070253600E-010
          67  5.706633115495773E-010
          68  8.259008756983222E-010
          69  1.542805223740660E-010
          70  4.583832145000964E-010
          71  1.572672761625808E-010
          72  1.943667790257137E-010
          73  2.085678893870093E-010
          74  4.178207788031594E-010
          75  9.779613108430301E-010
          76  2.689921430679220E-009
          77  5.540484102639312E-009
          78  1.034873318896251E-008
          79  7.955225877070390E-009
          80  3.138312361659757E-008
          81  1.336584726922644E-008
          82  1.137949378360150E-008
          83  4.759583294105859E-009
          84  5.054994617248597E-009
          85  3.386922363258467E-009
          86  3.679607712250736E-009
          87  2.553213382586800E-009
          88  6.234671433618777E-009
          89  2.830887590829780E-009
          90  5.382204333294583E-009
          91  3.545245580069937E-009
          92  2.899190813771528E-009
          93  2.427640465640014E-009
          94  5.754565869422667E-009
          95  2.996953472043965E-009
          96  3.749884184811066E-009
          97  1.632888193965063E-009
          98  1.488528403828253E-009
          99  1.640983913077028E-009
         100  1.445488163068004E-009
         101  1.075315846521670E-009
         102  1.839116130860575E-009
         103  1.712216101979536E-009
         104  1.643465241119278E-009
         105  1.714415324347223E-009
         106  2.174301289767229E-009
         107  1.692920237622512E-009
         108  5.790783956310808E-009
         109  2.603495117641238E-009
         110  7.389357691085628E-009
         111  5.334002039415853E-009
         112  7.112204152021636E-009
         113  3.604784823113940E-009
         114  2.855050757223290E-009
         115  1.487101723209599E-009
         116  1.559906038849933E-009
         117  1.431056690125709E-009
         118  1.546869155255757E-009
         119  5.660982862352005E-010
         120  8.082736042843571E-010
         121  6.629987376878712E-010
         122  8.272323087659705E-010
         123  7.388367291327314E-010
         124  1.779718631117461E-008
         125  8.077463382180651E-008
         126  6.501569602859130E-007
         127  3.292917692884397E-006
         128  2.707684239830293E-005
         129  1.352999746585929E-004
         130  3.382584781773252E-004
         131  1.091704179685769E-003
         132  1.077180938039199E-003
         133  3.334106415526868E-005
         134  8.485784557234949E-005
         135  9.791524250045716E-005
         136  2.294179125606679E-004
         137  1.191321898204704E-004
         138  8.281605030552086E-005
         139  1.501996558107941E-005
         140  3.477538091565436E-005
         141  2.453123301279149E-005
         142  9.865337168053125E-006
         143  1.676403569071333E-006
         144  6.605667522823480E-006
         145  2.639152900533252E-006
         146  8.150875187245434E-006
         147  5.055298984833455E-006
         148  5.115779092855262E-006
         149  8.296815048666104E-006
         150  7.670337919028002E-005
         151  2.726819887023413E-005
         152  2.231315835873052E-005
         153  8.957743386604399E-006
         154  4.070309644254489E-005
         155  2.246599046343994E-005
         156  3.656944129690438E-005
         157  1.525809172755040E-005
         158  3.827226040657930E-005
         159  1.904991277592207E-005
         160  7.440035403769321E-005
         161  3.161388759853130E-005
         162  3.638160947195960E-005
         163  2.035977073349532E-005
         164  6.614317320925127E-005
         165  4.958193823416471E-005
         166  9.637292593216667E-005
         167  3.650597945916786E-005
         168  1.286195337333182E-004
         169  4.090746755651768E-005
         170  6.953265610672117E-005
         171  3.177360826503171E-005
         172  2.836602565461186E-005
         173  1.536298548348560E-005
         174  3.064480050348084E-005
         175  1.688278157993188E-005
         176  2.334240693841186E-005
         177  1.271770380346374E-005
         178  1.876230759295118E-005
         179  9.367354362235380E-006
         180  1.803208540578722E-005
         181  7.766845083793445E-006
         182  1.462677192784422E-005
         183  7.043816267683217E-006
         184  1.210688309250241E-005
         185  3.779600193458996E-006
         186  1.400123875538625E-005
         187  4.074242357728329E-006
         188  1.340274205033493E-005
         189  1.174440028826796E-005
         190  2.490002750162667E-005
         191  2.830304137754868E-005
         192  1.019995067811469E-004
         193  1.337911473215257E-004
         194  3.303356924185680E-004
         195  2.320921408269438E-004
         196  4.463512063592030E-004
         197  2.323947812713136E-004
         198  1.678143276532947E-004
         199  1.353242806729372E-005
         200  2.380119863356120E-006
         201  9.188893125419756E-008
         202  1.067349680838952E-007
         203  2.411072003596390E-008
         204  7.766448161755927E-008
         205  6.815768541951703E-008
         206  2.236234302757507E-006
         207  1.432847092749444E-006
         208  2.418054620464213E-006
         209  1.565465568163402E-006
         226  6.324189241949131E-014
         227  4.982319892761435E-015
         230  2.980273113021055E-012
         231  7.479469550055014E-012
         232  5.830259233425545E-007
         234  9.703513277944589E-012
         235  1.607234758246654E-007
         236  1.540068705050221E-009
         238  1.765903337976686E-007
         240  2.984922235864797E-013
         244  3.643703683135851E-009
