           1  7.453713664228560E-005
           2  6.470609901488105E-012
           3  1.574717819390911E-008
           4  8.236557162620824E-005
           6  5.674563962362780E-015
           7  3.114017005274736E-012
           8  2.708281752318958E-013
           9  1.912633244112939E-009
          10  2.713051082138141E-014
          14  1.958164198767639E-015
          15  1.990764692623561E-012
          16  1.246671382170012E-009
          17  9.251628361312139E-011
          18  4.324726661510044E-010
          19  1.776363204646896E-010
          20  4.620056966529734E-009
          21  7.664264332584115E-010
          22  1.666999795176544E-009
          23  4.841078584742882E-009
          24  1.125691618000456E-008
          25  1.361855740977859E-008
          26  1.177605368001191E-008
          27  2.600645153785498E-009
          28  1.623096094036620E-009
          29  8.234247466078772E-010
          30  2.759234136226154E-009
          31  4.892266748105061E-010
          32  5.617984413333053E-010
          33  8.097815564341393E-010
          34  4.319620743212286E-009
          35  2.909677586264590E-010
          36  1.142830063874967E-009
          37  7.680686316642836E-010
          38  1.029323200452102E-009
          39  3.119679254895669E-010
          40  6.262279512910840E-010
          41  8.699673606713171E-010
          42  6.407693992779300E-009
          43  5.601990465166040E-010
          44  9.677156450413214E-010
          45  4.259523851043871E-009
          46  7.203002469654762E-009
          47  7.923036435376595E-009
          48  5.943057342932101E-009
          49  5.262448604881641E-010
          50  3.168771140347918E-009
          51  1.587802749701054E-009
          52  6.335377454256227E-009
          53  2.174763345212181E-010
          54  5.327864751712915E-010
          55  3.795336438616227E-010
          56  4.463559596183138E-010
          57  1.204935134423889E-010
          58  2.312820464812681E-010
          59  1.614234022303521E-010
          60  1.768002207307006E-010
          61  1.748133151575543E-010
          62  8.570458507548802E-010
          63  3.553132784648069E-010
          64  3.690011798438185E-010
          65  3.130143593661573E-010
          66  4.450160472634513E-010
          67  5.755019297053781E-010
          68  8.768917792546251E-010
          69  1.671515621222782E-010
          70  5.084476818667237E-010
          71  1.758951307194737E-010
          72  2.171038490737344E-010
          73  2.172039933335092E-010
          74  4.427007539150457E-010
          75  1.038677946464503E-009
          76  2.814674079068318E-009
          77  5.463402300727303E-009
          78  1.000246668530621E-008
          79  7.822337108960314E-009
          80  3.260612593610754E-008
          81  1.154922728250839E-008
          82  1.053609890506250E-008
          83  4.689788687797797E-009
          84  5.043957648179590E-009
          85  3.461099402045533E-009
          86  3.749143929544296E-009
          87  2.411042872042814E-009
          88  5.962671040233347E-009
          89  2.712264979591218E-009
          90  5.093708425830615E-009
          91  3.442569132879359E-009
          92  2.806922927006992E-009
          93  2.343620457359899E-009
          94  5.684158249553278E-009
          95  2.906876566978756E-009
          96  3.300056436366198E-009
          97  1.445983511668994E-009
          98  1.339944825361571E-009
          99  1.485472297104894E-009
         100  1.322274196576393E-009
         101  9.917608408893036E-010
         102  1.750543140203837E-009
         103  1.678845021331165E-009
         104  1.643008908811644E-009
         105  1.722949615885015E-009
         106  2.185105933902087E-009
         107  1.668761472249016E-009
         108  5.461925322995522E-009
         109  2.435190161538980E-009
         110  6.676838121604936E-009
         111  4.762851705066758E-009
         112  6.366027149904251E-009
         113  3.247452807384590E-009
         114  2.603216244943569E-009
         115  1.375951764882559E-009
         116  1.430072621932402E-009
         117  1.273019952770117E-009
         118  1.367513314707772E-009
         119  5.003097704467575E-010
         120  6.980743988070410E-010
         121  5.678153105260337E-010
         122  7.390957155684327E-010
         123  6.550955717745117E-010
         124  1.790260324806105E-008
         125  7.438073136471395E-008
         126  6.131470660303698E-007
         127  3.172680366428335E-006
         128  2.629471239869683E-005
         129  1.302871918093649E-004
         130  3.204415436729581E-004
         131  1.101581575142992E-003
         132  1.023811008155656E-003
         133  3.354898995548850E-005
         134  8.466311123325619E-005
         135  8.111103983664363E-005
         136  2.175566204695194E-004
         137  1.192205501881741E-004
         138  8.806998988190649E-005
         139  1.418620067103673E-005
         140  3.336881138502744E-005
         141  2.585635535655955E-005
         142  9.977044510822409E-006
         143  1.740420480805298E-006
         144  7.498544086679534E-006
         145  4.216158689306512E-006
         146  1.733678944860136E-005
         147  1.550435156901500E-005
         148  3.220437780267617E-005
         149  2.180014789084670E-005
         150  2.390114704783708E-005
         151  1.663854743136630E-005
         152  5.505169713104072E-005
         153  2.780811362972057E-005
         154  4.136221870527724E-005
         155  1.651647200382828E-005
         156  2.465111931673220E-005
         157  1.812847062631255E-005
         158  4.959308727774860E-005
         159  2.313704355025863E-005
         160  5.322171250068669E-005
         161  3.052746940442255E-005
         162  1.006832633792149E-004
         163  4.817144207551360E-005
         164  1.222414150206226E-004
         165  8.881960218382137E-005
         166  1.528384950886837E-004
         167  3.553292827056130E-005
         168  6.584953458203906E-005
         169  4.806350182453236E-005
         170  3.196621570646396E-005
         171  1.025069213778255E-005
         172  3.021745344704351E-005
         173  1.741204768602795E-005
         174  3.076486579334681E-005
         175  1.280041065296720E-005
         176  2.067216688093679E-005
         177  1.102081810971682E-005
         178  1.333903779238317E-005
         179  5.845996315552196E-006
         180  1.098300347478217E-005
         181  5.314748968050076E-006
         182  1.212913784236209E-005
         183  6.500825899268981E-006
         184  1.190822104259562E-005
         185  3.778914013311278E-006
         186  1.453960979483419E-005
         187  4.247858285438166E-006
         188  1.381712030661775E-005
         189  1.186295600327719E-005
         190  2.510837649896888E-005
         191  2.853944760700475E-005
         192  1.003317184667569E-004
         193  1.298557362287025E-004
         194  3.209128440454258E-004
         195  2.251970960306350E-004
         196  4.321954844203551E-004
         197  2.279051685784808E-004
         198  1.659260974181870E-004
         199  1.347506273179547E-005
         200  2.385880691621411E-006
         201  8.278163475930336E-008
         202  1.035524572768262E-007
         203  2.745136798892858E-008
         204  8.203401939420524E-008
         205  7.012722818351248E-008
         206  2.298263227173978E-006
         207  1.540725087748264E-006
         208  2.554544977760838E-006
         209  1.622734904025931E-006
         226  6.645357844790399E-014
         227  5.046248209993091E-015
         230  3.131623762910741E-012
         231  7.575438880088423E-012
         232  5.768984096771248E-007
         234  1.019629799435650E-011
         235  1.627857242491436E-007
         236  1.673826042923572E-009
         238  1.855583245726553E-007
         240  3.248037609571816E-013
         244  3.964889422833411E-009
