           1  7.486341194594221E-005
           2  6.470609901488105E-012
           3  1.574717819390911E-008
           4  8.242239946415379E-005
           6  5.674563962362780E-015
           7  3.114017005274736E-012
           8  2.708281752318958E-013
           9  1.912633244112939E-009
          10  2.713051082138141E-014
          14  1.778219309964715E-015
          15  1.815817978085238E-012
          16  1.248756435681483E-009
          17  9.242323470125238E-011
          18  4.300293717830746E-010
          19  1.767311825730160E-010
          20  4.697961266704581E-009
          21  7.652170642674251E-010
          22  1.602260928120315E-009
          23  4.914468872530177E-009
          24  1.136625324194362E-008
          25  1.383865394713669E-008
          26  1.156162826204676E-008
          27  2.437129056898872E-009
          28  1.541738478068846E-009
          29  8.159847154971816E-010
          30  2.665997461583334E-009
          31  4.513194055568691E-010
          32  5.592057370232713E-010
          33  8.589686123982168E-010
          34  4.297846456366729E-009
          35  2.811213167047642E-010
          36  1.132093296693034E-009
          37  7.502318602901936E-010
          38  1.012717134902145E-009
          39  2.992038963884483E-010
          40  6.171989185221902E-010
          41  8.810752258175410E-010
          42  6.421584195713616E-009
          43  5.317051662673001E-010
          44  1.015036805149674E-009
          45  4.493511174139436E-009
          46  7.290369885082780E-009
          47  7.836969293092269E-009
          48  5.783813081692854E-009
          49  5.232455115155933E-010
          50  3.145003392930228E-009
          51  1.560599247490487E-009
          52  6.129542888806533E-009
          53  2.163699357064964E-010
          54  5.505878023629721E-010
          55  3.752763373210398E-010
          56  4.400632129155441E-010
          57  1.143049733414209E-010
          58  2.329916605443281E-010
          59  1.613744605697180E-010
          60  1.785699548910925E-010
          61  1.849100055685110E-010
          62  8.853926293062933E-010
          63  3.588407045174192E-010
          64  3.734448088724058E-010
          65  3.203121574142741E-010
          66  4.433472172283471E-010
          67  5.809086342020568E-010
          68  8.609575485351848E-010
          69  1.635079760974588E-010
          70  5.057039512357222E-010
          71  1.745959588447818E-010
          72  2.150682934109743E-010
          73  2.265511665707111E-010
          74  4.655608736976368E-010
          75  1.120982517507618E-009
          76  2.915764996551508E-009
          77  5.527843330330557E-009
          78  9.980995667986731E-009
          79  7.929531602616836E-009
          80  3.272938481209672E-008
          81  1.147610192582843E-008
          82  1.006319609915046E-008
          83  4.394826518519485E-009
          84  5.040285754606898E-009
          85  3.463932340684551E-009
          86  3.745395998847756E-009
          87  2.446274440094263E-009
          88  5.923894115393477E-009
          89  2.645390797833420E-009
          90  5.086040862947667E-009
          91  3.460036224637218E-009
          92  2.826406627646762E-009
          93  2.346765660996724E-009
          94  5.604149557145168E-009
          95  2.753681045752859E-009
          96  3.214457717178040E-009
          97  1.376364718890182E-009
          98  1.281252692662935E-009
          99  1.437591569014915E-009
         100  1.240552796287988E-009
         101  9.452280320194884E-010
         102  1.720784143007522E-009
         103  1.661595181234708E-009
         104  1.616184267146044E-009
         105  1.756724118999233E-009
         106  2.246544255429776E-009
         107  1.723948608325437E-009
         108  5.718525403683496E-009
         109  2.540148683682187E-009
         110  6.814759032934545E-009
         111  4.730248208389756E-009
         112  6.122329022374275E-009
         113  3.024568375951447E-009
         114  2.341843978920513E-009
         115  1.228499472852972E-009
         116  1.265119035343367E-009
         117  1.121143957009808E-009
         118  1.199155230961176E-009
         119  4.520403271421973E-010
         120  6.452613378657788E-010
         121  5.210448663214259E-010
         122  6.881536569718619E-010
         123  6.403030104110402E-010
         124  1.989721030670969E-008
         125  8.711104759071984E-008
         126  7.051564878133290E-007
         127  3.625950603803262E-006
         128  2.959461037064348E-005
         129  1.403629762455876E-004
         130  3.248151300749667E-004
         131  1.089090825958216E-003
         132  9.961777838222148E-004
         133  3.246021087887907E-005
         134  8.130227764627591E-005
         135  7.811714198432841E-005
         136  2.050840545737036E-004
         137  1.123871216596648E-004
         138  8.881359945719373E-005
         139  1.457583819514039E-005
         140  3.364785305303110E-005
         141  2.569451745196109E-005
         142  9.750611859691522E-006
         143  1.985361268218524E-006
         144  1.184948297874929E-005
         145  8.105611050976319E-006
         146  3.195960401671070E-005
         147  1.916291123054950E-005
         148  1.416781144902503E-005
         149  8.980148255526073E-006
         150  1.819855396663041E-005
         151  1.205240722757596E-005
         152  3.824688507911129E-005
         153  2.035075269532690E-005
         154  4.549983759356951E-005
         155  2.557218490398643E-005
         156  7.668504370729519E-005
         157  3.015887854990067E-005
         158  5.423627694539934E-005
         159  5.715613113331817E-005
         160  6.824570457684543E-005
         161  2.568886570947181E-005
         162  6.270711273941593E-005
         163  5.690708249946444E-005
         164  1.233794743887004E-004
         165  6.199647904202262E-005
         166  8.576720796804426E-005
         167  4.031215248141365E-005
         168  6.567859809121328E-005
         169  3.672915370081752E-005
         170  7.097242858074876E-005
         171  4.654356006349363E-005
         172  6.882921145840352E-005
         173  3.670942203411790E-005
         174  3.581207019256969E-005
         175  1.141067823682515E-005
         176  1.236068239432749E-005
         177  6.295581252729853E-006
         178  2.547820800955511E-005
         179  7.117278509280502E-006
         180  1.034308894177524E-005
         181  5.503006597216202E-006
         182  1.317822300858939E-005
         183  7.201615888123052E-006
         184  1.320321149504005E-005
         185  4.213388154776076E-006
         186  1.645708841053907E-005
         187  4.837395914138485E-006
         188  1.610622610316313E-005
         189  1.417658116222963E-005
         190  2.832672925326160E-005
         191  3.153574392651443E-005
         192  1.087304925737483E-004
         193  1.385758592848704E-004
         194  3.289985001211602E-004
         195  2.166713252486267E-004
         196  4.002728557845858E-004
         197  2.041710695108870E-004
         198  1.427216763325904E-004
         199  1.116094958865607E-005
         200  2.071862940783204E-006
         201  8.314964515189124E-008
         202  1.106765435554201E-007
         203  2.918809938511092E-008
         204  8.635996179542945E-008
         205  7.307198817186341E-008
         206  2.317654136027373E-006
         207  1.551018421149556E-006
         208  2.580736508379345E-006
         209  1.610844415370817E-006
         226  6.404308330694356E-014
         227  4.859191734847870E-015
         230  3.018029220071632E-012
         231  7.294629289355005E-012
         232  5.484272134778413E-007
         234  9.826443919598900E-012
         235  1.567515137793323E-007
         236  1.688232362094471E-009
         238  1.788274990822296E-007
         240  3.284845153110233E-013
         244  4.009820503565321E-009
