           1  7.460907766465025E-005
           2  6.470609901488105E-012
           3  1.574717819390911E-008
           4  8.298435257966321E-005
           6  5.674563962362780E-015
           7  3.114017005274736E-012
           8  2.708281752318958E-013
           9  1.912633244112939E-009
          10  2.713051082138141E-014
          14  1.906522149672507E-015
          15  1.914602763953157E-012
          16  1.209299169529068E-009
          17  9.031129677266135E-011
          18  4.434735769970687E-010
          19  1.943080211198353E-010
          20  4.643001374554702E-009
          21  7.497029786873877E-010
          22  1.488355449616592E-009
          23  4.892217965073529E-009
          24  1.128677499363895E-008
          25  1.385675064008768E-008
          26  1.186483556052057E-008
          27  2.486350917696582E-009
          28  1.512568472925387E-009
          29  8.185063959569093E-010
          30  2.592138220892023E-009
          31  4.433530044986875E-010
          32  6.001976267708595E-010
          33  8.247932174556607E-010
          34  4.297476388518163E-009
          35  2.874385730340982E-010
          36  1.171157230321445E-009
          37  8.364288298876453E-010
          38  1.136256818287428E-009
          39  3.110061565447316E-010
          40  6.046800949491444E-010
          41  8.489046056685218E-010
          42  6.000934330603722E-009
          43  4.989542743905305E-010
          44  1.015566954077122E-009
          45  4.563218379718844E-009
          46  7.448622155143483E-009
          47  7.950749190907813E-009
          48  5.808105722976994E-009
          49  5.518390981213951E-010
          50  3.130171522071666E-009
          51  1.524941680607524E-009
          52  6.235874799381705E-009
          53  2.334917005241905E-010
          54  6.016803147373471E-010
          55  3.722928164186019E-010
          56  4.175078508494255E-010
          57  1.082810025908846E-010
          58  2.160094893751253E-010
          59  1.508696313699251E-010
          60  1.769250434180639E-010
          61  1.864781309031433E-010
          62  8.696936028354516E-010
          63  3.511128648334758E-010
          64  3.615194027162976E-010
          65  3.095335011869011E-010
          66  4.381959112193386E-010
          67  5.807581139603239E-010
          68  8.390978081186722E-010
          69  1.566644506304416E-010
          70  4.720573031594223E-010
          71  1.643063386137336E-010
          72  2.072006014842574E-010
          73  2.251982588125294E-010
          74  4.628218592762552E-010
          75  1.101712734570505E-009
          76  2.881052234787948E-009
          77  5.599432423138468E-009
          78  1.000678643442524E-008
          79  7.873743302758814E-009
          80  3.166020594705238E-008
          81  1.228175965089994E-008
          82  1.050196556827833E-008
          83  4.451504220224768E-009
          84  4.937965861290158E-009
          85  3.360819072617422E-009
          86  3.655052526025531E-009
          87  2.518065421162276E-009
          88  6.054328975516448E-009
          89  2.668745425665400E-009
          90  5.055155829427730E-009
          91  3.429104094518169E-009
          92  2.872219463327595E-009
          93  2.389232356772507E-009
          94  5.597535576970586E-009
          95  2.797958259771483E-009
          96  3.376335848554926E-009
          97  1.450629356186518E-009
          98  1.347910118669708E-009
          99  1.512605224296093E-009
         100  1.311374064323035E-009
         101  9.876087722729101E-010
         102  1.741308058687591E-009
         103  1.646906180520204E-009
         104  1.578390139555100E-009
         105  1.703149286135816E-009
         106  2.204326351625234E-009
         107  1.713368010839719E-009
         108  5.786107809193172E-009
         109  2.571190927458949E-009
         110  6.962469107480612E-009
         111  4.888650256702367E-009
         112  6.335444083268480E-009
         113  3.136874360288964E-009
         114  2.430998927912343E-009
         115  1.273045834435282E-009
         116  1.313392400204105E-009
         117  1.188735587833105E-009
         118  1.272440967271517E-009
         119  4.715090895636700E-010
         120  6.756728169942895E-010
         121  5.481501326458994E-010
         122  7.196401944638747E-010
         123  6.579777433040523E-010
         124  1.933182889240864E-008
         125  8.426614594690307E-008
         126  6.836591375332671E-007
         127  3.505916184049011E-006
         128  2.865765149273246E-005
         129  1.378145911177007E-004
         130  3.236073321124668E-004
         131  1.076387591177934E-003
         132  1.020034704351922E-003
         133  3.347485003824044E-005
         134  8.481973888340033E-005
         135  8.597339627827647E-005
         136  2.147042031906885E-004
         137  1.153101704865120E-004
         138  8.721329863326382E-005
         139  1.467188012536490E-005
         140  3.392326462173721E-005
         141  2.506175186323488E-005
         142  9.440720215681470E-006
         143  1.525479811275580E-006
         144  5.302904144203037E-006
         145  2.163236490867111E-006
         146  1.104551371992984E-005
         147  1.759491480832483E-005
         148  3.034662060152983E-005
         149  1.731862934765363E-005
         150  1.939203272665315E-005
         151  9.245411328990946E-006
         152  1.532927659746293E-005
         153  6.160922413334899E-006
         154  4.999160467759209E-005
         155  3.489375504443596E-005
         156  6.252069893285997E-005
         157  2.965633678076551E-005
         158  7.499444960191551E-005
         159  7.656616931783885E-005
         160  9.446511582253915E-005
         161  3.459723244773458E-005
         162  1.074884358737573E-004
         163  5.175731212388440E-005
         164  1.061977318890811E-004
         165  4.992569195716355E-005
         166  6.386077985222952E-005
         167  2.300135251312619E-005
         168  5.673768221298274E-005
         169  2.289139192835023E-005
         170  4.293169591679186E-005
         171  3.543813169409871E-005
         172  4.941838129274262E-005
         173  2.643858896637536E-005
         174  5.964281280852501E-005
         175  3.181341719762165E-005
         176  2.091182364587954E-005
         177  6.887841802829787E-006
         178  1.280900705089117E-005
         179  6.661759959673987E-006
         180  1.319866394330659E-005
         181  6.098435150327750E-006
         182  1.291966144462463E-005
         183  6.751301215963574E-006
         184  1.227058238086164E-005
         185  3.947881276908659E-006
         186  1.553003501904042E-005
         187  4.537377693885899E-006
         188  1.502000691045136E-005
         189  1.324213381732275E-005
         190  2.695225221756696E-005
         191  3.041018618675606E-005
         192  1.068132645116093E-004
         193  1.380628895639174E-004
         194  3.320553128563544E-004
         195  2.214518788108679E-004
         196  4.114858542889788E-004
         197  2.111746413119335E-004
         198  1.489342802096975E-004
         199  1.176300880621068E-005
         200  2.136788652967236E-006
         201  8.423410237996490E-008
         202  1.085139583544751E-007
         203  2.761565301769529E-008
         204  7.828492356242619E-008
         205  6.606399003501473E-008
         206  2.327615611057087E-006
         207  1.519121888960948E-006
         208  2.563557635197411E-006
         209  1.634431224834314E-006
         226  6.688772120385411E-014
         227  5.109620121707276E-015
         230  3.152082732958454E-012
         231  7.670572932938712E-012
         232  5.854038379730446E-007
         234  1.026291064359448E-011
         235  1.648300237199896E-007
         236  1.715931537740610E-009
         238  1.867705813735831E-007
         240  3.335295130597163E-013
         244  4.071404945054126E-009
