           1  7.449586148424688E-005
           2  6.470609901488105E-012
           3  1.574717819390911E-008
           4  8.203101627126517E-005
           6  5.674563962362780E-015
           7  3.114017005274736E-012
           8  2.708281752318958E-013
           9  1.912633244112939E-009
          10  2.713051082138141E-014
          14  2.027238673751408E-015
          15  1.971397979944812E-012
          16  1.237619260090907E-009
          17  9.193873354725569E-011
          18  4.445481918706192E-010
          19  1.943984737913512E-010
          20  4.616444339834562E-009
          21  7.553161852992097E-010
          22  1.647300793704620E-009
          23  4.848150214582248E-009
          24  1.124660766103896E-008
          25  1.371220207013068E-008
          26  1.195489580480218E-008
          27  2.548396754200618E-009
          28  1.578849004706830E-009
          29  8.500753589220461E-010
          30  2.764945318752927E-009
          31  4.729912376864452E-010
          32  5.841751832195955E-010
          33  8.043036864730884E-010
          34  4.295267535048557E-009
          35  2.899319716765457E-010
          36  1.176302947348818E-009
          37  7.660086559555095E-010
          38  1.027545363556686E-009
          39  3.027118226066527E-010
          40  6.257340741096230E-010
          41  8.890317039996659E-010
          42  6.222932695706844E-009
          43  5.223351533559879E-010
          44  9.874573096641624E-010
          45  4.361107713810247E-009
          46  7.300025523964369E-009
          47  8.000374403213766E-009
          48  5.957160391510318E-009
          49  5.178511691226781E-010
          50  3.161133385888872E-009
          51  1.581160222088598E-009
          52  6.330344277111422E-009
          53  2.146341148146297E-010
          54  5.291174913841419E-010
          55  3.543316196457771E-010
          56  4.251382144263390E-010
          57  1.109246862170394E-010
          58  2.255422584726322E-010
          59  1.557382843577305E-010
          60  1.730901494382420E-010
          61  1.780389261969385E-010
          62  8.513406764148044E-010
          63  3.483109589590893E-010
          64  3.698418103552623E-010
          65  3.160899943576578E-010
          66  4.387966067955904E-010
          67  5.793926644487235E-010
          68  8.471287718416611E-010
          69  1.596704193257219E-010
          70  4.869633864583092E-010
          71  1.684195399551299E-010
          72  2.081685299334522E-010
          73  2.216043289314614E-010
          74  4.457219310563768E-010
          75  1.045155456352733E-009
          76  2.808445857455834E-009
          77  5.538570446352966E-009
          78  1.012639990916833E-008
          79  7.904637438406747E-009
          80  3.227428637917076E-008
          81  1.184491410649996E-008
          82  1.070302119378521E-008
          83  4.705439546846720E-009
          84  5.128400158920223E-009
          85  3.503046069718789E-009
          86  3.778101655377356E-009
          87  2.421613290909539E-009
          88  5.959031530070821E-009
          89  2.691100777784800E-009
          90  5.126931850037944E-009
          91  3.441175494420468E-009
          92  2.847699519426567E-009
          93  2.376936231270101E-009
          94  5.632430136716960E-009
          95  2.848474703049789E-009
          96  3.463293590941212E-009
          97  1.492839635462678E-009
          98  1.368685355763366E-009
          99  1.523397874409317E-009
         100  1.324100608060400E-009
         101  9.984672583980849E-010
         102  1.767550490058891E-009
         103  1.677143642593928E-009
         104  1.619502349020765E-009
         105  1.725503206405630E-009
         106  2.185263899164876E-009
         107  1.688317481877759E-009
         108  5.661638660413882E-009
         109  2.532822339238488E-009
         110  6.945991970012218E-009
         111  4.905742393218802E-009
         112  6.439366557359274E-009
         113  3.218714051948567E-009
         114  2.519666694500891E-009
         115  1.321789992529080E-009
         116  1.368661079181421E-009
         117  1.225723953199766E-009
         118  1.324390917305715E-009
         119  4.959485344211161E-010
         120  7.104025227343968E-010
         121  5.778549490656520E-010
         122  7.465157217884225E-010
         123  6.750228475314550E-010
         124  1.904652659728843E-008
         125  8.259670940254198E-008
         126  6.669027149510278E-007
         127  3.412663639549029E-006
         128  2.796432655639326E-005
         129  1.359491440869965E-004
         130  3.272394061517997E-004
         131  1.098221248762967E-003
         132  1.022856282435486E-003
         133  3.329729327482848E-005
         134  8.369157455323544E-005
         135  8.121276611916975E-005
         136  2.165327072181901E-004
         137  1.180496829017696E-004
         138  8.664180931919071E-005
         139  1.429829553256011E-005
         140  3.323309187363707E-005
         141  2.517241667970241E-005
         142  9.611618195147691E-006
         143  1.553790321637724E-006
         144  5.683068047481414E-006
         145  2.161868775407664E-006
         146  7.336309971350596E-006
         147  6.503905483056080E-006
         148  1.341377633125173E-005
         149  1.052429075577598E-005
         150  3.512053512033009E-005
         151  1.816446619272284E-005
         152  2.899106434002361E-005
         153  1.228059752155486E-005
         154  5.261196381843026E-005
         155  2.828537989952022E-005
         156  4.274976088927566E-005
         157  1.515264687733433E-005
         158  3.276001183867595E-005
         159  4.233716145465935E-005
         160  5.558918789282365E-005
         161  2.472472410003005E-005
         162  9.926026449091349E-005
         163  4.465651547657124E-005
         164  1.339535491977917E-004
         165  9.357912207377051E-005
         166  1.041637926612024E-004
         167  2.752531443238938E-005
         168  7.395342333601978E-005
         169  5.162262789240662E-005
         170  6.247615212102662E-005
         171  3.524963797261235E-005
         172  5.201551182137476E-005
         173  4.232237136547554E-005
         174  5.090983413437974E-005
         175  1.624940487761602E-005
         176  1.536612872756930E-005
         177  7.785765569658592E-006
         178  1.053157398521500E-005
         179  5.712035075769378E-006
         180  1.232660657760942E-005
         181  5.829997695621469E-006
         182  1.261707922153413E-005
         183  6.603878214478699E-006
         184  1.194809098860823E-005
         185  3.832892144179560E-006
         186  1.499248160194339E-005
         187  4.415531034117904E-006
         188  1.469452131424691E-005
         189  1.289609751377934E-005
         190  2.649966332853990E-005
         191  2.990672178338695E-005
         192  1.046300547026291E-004
         193  1.340615137758328E-004
         194  3.222563976451396E-004
         195  2.193042902453032E-004
         196  4.133120252957077E-004
         197  2.123015490786554E-004
         198  1.504440510115873E-004
         199  1.188812517941208E-005
         200  2.117907159006052E-006
         201  7.917567998409010E-008
         202  1.004570628818191E-007
         203  2.585743567950095E-008
         204  8.034099411543619E-008
         205  6.939421130972896E-008
         206  2.260488393426376E-006
         207  1.495224316190719E-006
         208  2.489891509562070E-006
         209  1.579483908163541E-006
         226  6.539786438485100E-014
         227  5.018291934490435E-015
         230  3.081873255505221E-012
         231  7.533470857991157E-012
         232  5.702271099839836E-007
         234  1.003431461535517E-011
         235  1.618838893877517E-007
         236  1.677182141006630E-009
         238  1.826104542345442E-007
         240  3.258676309858951E-013
         244  3.977876116742636E-009
