           1  7.400666418730261E-005
           2  6.470609901488105E-012
           3  1.574717819390911E-008
           4  8.329659822211629E-005
           6  5.674563962362780E-015
           7  3.114017005274736E-012
           8  2.708281752318958E-013
           9  1.912633244112939E-009
          10  2.713051082138141E-014
          14  2.342088142316656E-015
          15  2.267205528126934E-012
          16  1.244594025929837E-009
          17  9.252340627004922E-011
          18  4.545563745703175E-010
          19  2.049622535036195E-010
          20  4.662375962066191E-009
          21  7.663674256639164E-010
          22  1.523977490102889E-009
          23  4.911478240048751E-009
          24  1.135666804859692E-008
          25  1.380587934245931E-008
          26  1.218605180737677E-008
          27  2.681050493501467E-009
          28  1.596724604645645E-009
          29  8.193851042984843E-010
          30  2.609484398869503E-009
          31  4.741540366343329E-010
          32  6.362491760857092E-010
          33  7.932401599929557E-010
          34  4.388204150645668E-009
          35  2.963707763957265E-010
          36  1.153077477279729E-009
          37  8.777005967702650E-010
          38  1.189982088431464E-009
          39  3.254050806599896E-010
          40  6.138173764957898E-010
          41  8.422180955401527E-010
          42  5.924650033063973E-009
          43  5.277739024563179E-010
          44  9.741128329276108E-010
          45  4.379244039314270E-009
          46  7.470794061411356E-009
          47  8.119725009658029E-009
          48  5.996456676946324E-009
          49  5.529776256618766E-010
          50  3.114267642208683E-009
          51  1.534992075083927E-009
          52  6.364871312015858E-009
          53  2.363254331109349E-010
          54  5.832480323736802E-010
          55  3.724997279930113E-010
          56  4.023300654337572E-010
          57  1.100302436723997E-010
          58  2.000351748816039E-010
          59  1.413958884053864E-010
          60  1.706374138576898E-010
          61  1.743960301940722E-010
          62  8.388998828892656E-010
          63  3.474101016016527E-010
          64  3.499755448718453E-010
          65  2.938965450586220E-010
          66  4.376332496121621E-010
          67  5.736397371312649E-010
          68  8.649811783116848E-010
          69  1.609587813476394E-010
          70  4.711579417442483E-010
          71  1.629866384078696E-010
          72  2.057316795144009E-010
          73  2.078997862593855E-010
          74  4.335088675648815E-010
          75  1.026262736119453E-009
          76  2.767701545816751E-009
          77  5.454544942277191E-009
          78  1.014799484619599E-008
          79  7.931017685707933E-009
          80  3.190121535829109E-008
          81  1.283620745443074E-008
          82  1.109912840868537E-008
          83  4.749986401416554E-009
          84  5.074368419307264E-009
          85  3.386240399304196E-009
          86  3.706879404023304E-009
          87  2.611323701735616E-009
          88  6.270094171004488E-009
          89  2.816507499095546E-009
          90  5.288472664027867E-009
          91  3.612878951147461E-009
          92  2.968062713864535E-009
          93  2.457853729551666E-009
          94  5.821540609450806E-009
          95  3.049065732463090E-009
          96  3.476646745582516E-009
          97  1.548169735227767E-009
          98  1.458014733586748E-009
          99  1.611227077323382E-009
         100  1.454401303830092E-009
         101  1.068780831472032E-009
         102  1.809677095619589E-009
         103  1.719551031904248E-009
         104  1.677850328318064E-009
         105  1.745903222126015E-009
         106  2.262868207810662E-009
         107  1.732339503685767E-009
         108  5.782879240890319E-009
         109  2.576430406245566E-009
         110  7.124388916761542E-009
         111  5.118060530281683E-009
         112  6.892838884555231E-009
         113  3.566690279629454E-009
         114  2.889853640022237E-009
         115  1.516111434418619E-009
         116  1.582772404013528E-009
         117  1.425943831752012E-009
         118  1.511883504410360E-009
         119  5.394587759269077E-010
         120  7.415421946006087E-010
         121  6.030841495445819E-010
         122  7.785986536805517E-010
         123  6.916701516893605E-010
         124  1.753811494924513E-008
         125  7.525205584038421E-008
         126  6.255737436648179E-007
         127  3.183493942128194E-006
         128  2.623414595982592E-005
         129  1.321160978542177E-004
         130  3.294288074012768E-004
         131  1.101848000455183E-003
         132  1.068400015109342E-003
         133  3.401546379899849E-005
         134  8.633032897179865E-005
         135  9.460652025494272E-005
         136  2.314359956005687E-004
         137  1.223014706509066E-004
         138  8.495569085529905E-005
         139  1.476841370129768E-005
         140  3.437870248938966E-005
         141  2.574502099564429E-005
         142  1.028311342810333E-005
         143  1.782792414383928E-006
         144  7.483698448843612E-006
         145  3.609757581449234E-006
         146  1.235364360656063E-005
         147  7.548684316999581E-006
         148  1.659952258657666E-005
         149  1.313676617499630E-005
         150  2.869080634211406E-005
         151  1.087899375605712E-005
         152  2.324451174558793E-005
         153  1.521047207905905E-005
         154  4.335620584696487E-005
         155  2.468412584937576E-005
         156  2.898660192982745E-005
         157  1.599838366553610E-005
         158  4.483425460718902E-005
         159  3.769595198640403E-005
         160  5.076130452626789E-005
         161  2.103042325195034E-005
         162  5.663184236401478E-005
         163  4.881583478947024E-005
         164  1.162466866101258E-004
         165  6.720680539191568E-005
         166  1.683884728862919E-004
         167  3.819431128731265E-005
         168  3.731455486532321E-005
         169  1.535446819266378E-005
         170  4.556847447160801E-005
         171  2.395347838453615E-005
         172  2.667634414058567E-005
         173  1.686853092824536E-005
         174  5.508373012965572E-005
         175  3.394173061316353E-005
         176  2.337007105873457E-005
         177  8.346661574475869E-006
         178  1.463571265512229E-005
         179  4.826408468727957E-006
         180  7.494781760310612E-006
         181  3.980278737664769E-006
         182  9.823829507834550E-006
         183  5.468313965274221E-006
         184  1.051060300766520E-005
         185  3.407063953173399E-006
         186  1.325917254294459E-005
         187  3.877479938757579E-006
         188  1.265262915827121E-005
         189  1.090550843150230E-005
         190  2.372200433569294E-005
         191  2.697171085223841E-005
         192  9.707493091660667E-005
         193  1.295163167247339E-004
         194  3.296967149315275E-004
         195  2.318951370878789E-004
         196  4.441416444436267E-004
         197  2.386274871692090E-004
         198  1.774315139492844E-004
         199  1.473456170497920E-005
         200  2.618185966355220E-006
         201  9.283690977479840E-008
         202  1.078364323225200E-007
         203  2.594521881185229E-008
         204  8.245115240982140E-008
         205  7.213929486137115E-008
         206  2.366321012347925E-006
         207  1.544499758356436E-006
         208  2.604069555914636E-006
         209  1.669976631528409E-006
         226  6.756044832218902E-014
         227  5.171772620548873E-015
         230  3.183784987057285E-012
         231  7.763876400510304E-012
         232  6.077201701297421E-007
         234  1.036613046000820E-011
         235  1.668349864401721E-007
         236  1.634275864925417E-009
         238  1.886490372805240E-007
         240  3.167318551616758E-013
         244  3.866355422437622E-009
