           1  7.449292377032589E-005
           2  6.470609901488105E-012
           3  1.574717819390911E-008
           4  8.098643413707480E-005
           6  5.674563962362780E-015
           7  3.114017005274736E-012
           8  2.708281752318958E-013
           9  1.912633244112939E-009
          10  2.713051082138141E-014
          14  1.916702740723021E-015
          15  2.004794523239382E-012
          16  1.261331507910603E-009
          17  9.326175530532731E-011
          18  4.389080657501783E-010
          19  1.863980909012675E-010
          20  4.775118328489610E-009
          21  7.826710715851760E-010
          22  1.481697194691124E-009
          23  5.001997667995906E-009
          24  1.150982519326486E-008
          25  1.398685700919900E-008
          26  1.139549627508891E-008
          27  2.479644836691941E-009
          28  1.587714819739269E-009
          29  8.258691281968706E-010
          30  2.624632453689608E-009
          31  4.685276603494046E-010
          32  6.222777303452311E-010
          33  8.567993128428349E-010
          34  4.345904936283678E-009
          35  2.857851902011554E-010
          36  1.116363189146619E-009
          37  7.562344762205906E-010
          38  1.015291060923801E-009
          39  3.066169520144315E-010
          40  6.347125552847005E-010
          41  8.897757628930951E-010
          42  6.311932570598530E-009
          43  5.437936982911069E-010
          44  1.016113666341345E-009
          45  4.585079895004385E-009
          46  7.373274888691628E-009
          47  7.869236421400612E-009
          48  5.805122920174249E-009
          49  5.145814061761781E-010
          50  3.099166842592394E-009
          51  1.561232739874451E-009
          52  6.244416482676988E-009
          53  2.216744068931844E-010
          54  5.438040960649185E-010
          55  3.666424524589296E-010
          56  4.328050886197593E-010
          57  1.173804135821383E-010
          58  2.127304072466821E-010
          59  1.513630459357912E-010
          60  1.815856825574635E-010
          61  1.902915242927679E-010
          62  9.151196558745965E-010
          63  3.701564496666784E-010
          64  3.597792350610718E-010
          65  3.034091321426304E-010
          66  4.447705720441961E-010
          67  5.845226378348955E-010
          68  8.809770221367379E-010
          69  1.627842619741187E-010
          70  4.840991735864576E-010
          71  1.682119897904562E-010
          72  2.111975189941772E-010
          73  2.173948534250109E-010
          74  4.689528647525945E-010
          75  1.133283725385036E-009
          76  2.926563563665264E-009
          77  5.424503698079241E-009
          78  1.000257915849847E-008
          79  7.978012930885618E-009
          80  3.244289267716247E-008
          81  1.185861574518695E-008
          82  1.028670204844118E-008
          83  4.482456563287765E-009
          84  5.219751372653806E-009
          85  3.477029427284238E-009
          86  3.778738507325508E-009
          87  2.571236825590602E-009
          88  6.030847737255091E-009
          89  2.704547824691157E-009
          90  5.190446019238429E-009
          91  3.559365713395238E-009
          92  2.987330567774926E-009
          93  2.465724450072905E-009
          94  5.710328136656352E-009
          95  2.854325809342111E-009
          96  3.150720942119793E-009
          97  1.378635509727797E-009
          98  1.310299037713335E-009
          99  1.472852291348242E-009
         100  1.309263166239275E-009
         101  9.791528783596232E-010
         102  1.727300973793926E-009
         103  1.673922439776365E-009
         104  1.641328554839856E-009
         105  1.772847786230047E-009
         106  2.330219680032559E-009
         107  1.778067919334006E-009
         108  5.884132368754673E-009
         109  2.594135324296116E-009
         110  6.900394380388973E-009
         111  4.812089233423722E-009
         112  6.300911566676879E-009
         113  3.185547233450261E-009
         114  2.515470593730554E-009
         115  1.317848210024279E-009
         116  1.361023974465544E-009
         117  1.189773114459235E-009
         118  1.245548623604739E-009
         119  4.603379143480882E-010
         120  6.367972979978204E-010
         121  5.143723054974298E-010
         122  6.712487109711769E-010
         123  6.304327683496831E-010
         124  1.799372891751585E-008
         125  8.193997336829075E-008
         126  6.767571898893604E-007
         127  3.466372514883088E-006
         128  2.847554719183855E-005
         129  1.381643861802390E-004
         130  3.269310812457964E-004
         131  1.095359477642014E-003
         132  1.023652161171063E-003
         133  3.359619630070300E-005
         134  8.372042638073610E-005
         135  8.164870520020730E-005
         136  2.136022390692753E-004
         137  1.167111313948587E-004
         138  9.084184101239466E-005
         139  1.460915483417705E-005
         140  3.334958764825900E-005
         141  2.567988529917753E-005
         142  9.920055774156188E-006
         143  1.838338809869602E-006
         144  9.298816323564831E-006
         145  5.639771999236622E-006
         146  2.178670709343713E-005
         147  1.416800630152307E-005
         148  1.290284005143232E-005
         149  8.226616290227088E-006
         150  2.929592020496702E-005
         151  1.258409342415592E-005
         152  2.639065635784040E-005
         153  1.585681714109492E-005
         154  3.512034673647002E-005
         155  2.170378041064720E-005
         156  7.409114463462676E-005
         157  4.303784626694589E-005
         158  6.610633657767541E-005
         159  3.484029629533299E-005
         160  5.503682137470456E-005
         161  2.935266504553501E-005
         162  6.063875700761285E-005
         163  3.312385545544241E-005
         164  6.859039129460455E-005
         165  4.087704727662478E-005
         166  2.446044192075906E-004
         167  5.320228407335996E-005
         168  5.259242901786589E-005
         169  2.387998887417871E-005
         170  2.015773315048655E-005
         171  1.319925839647412E-005
         172  6.148462094560304E-005
         173  3.086625822523235E-005
         174  3.283892203887055E-005
         175  1.533411837590640E-005
         176  1.876940645945504E-005
         177  7.705087878249401E-006
         178  1.840651566350709E-005
         179  8.586046283312363E-006
         180  1.448336470178066E-005
         181  6.452936148374990E-006
         182  1.354282728439426E-005
         183  7.258575034670398E-006
         184  1.352364402508025E-005
         185  4.362474140978106E-006
         186  1.707146361238560E-005
         187  4.909362814423808E-006
         188  1.570144208143559E-005
         189  1.349386839691409E-005
         190  2.774585605087459E-005
         191  3.074272506959912E-005
         192  1.063036163951298E-004
         193  1.371361495105791E-004
         194  3.350295295783154E-004
         195  2.225336370520621E-004
         196  4.105325008581788E-004
         197  2.153888104300262E-004
         198  1.548783579728803E-004
         199  1.242773677853376E-005
         200  2.280638926120274E-006
         201  8.771667372571388E-008
         202  1.104083048863635E-007
         203  2.804609881656904E-008
         204  8.644571055463949E-008
         205  7.382338977090566E-008
         206  2.224613424601712E-006
         207  1.484561602996359E-006
         208  2.487241524847495E-006
         209  1.546672870513933E-006
         226  5.765314218696978E-014
         227  4.379527787849478E-015
         230  2.716903352627220E-012
         231  6.574556720139613E-012
         232  5.066438005911874E-007
         234  8.846003959142566E-012
         235  1.412781482691480E-007
         236  1.465457443718471E-009
         238  1.609848667359551E-007
         240  2.847154705087359E-013
         244  3.475530437857035E-009
