           1  7.411931119759825E-005
           2  6.470609901488105E-012
           3  1.574717819390911E-008
           4  8.205554208307668E-005
           6  5.674563962362780E-015
           7  3.114017005274736E-012
           8  2.708281752318958E-013
           9  1.912633244112939E-009
          10  2.713051082138141E-014
          14  2.303184841972867E-015
          15  2.198999073563799E-012
          16  1.247197726709500E-009
          17  9.258365974972894E-011
          18  4.560942518052783E-010
          19  2.078587307301894E-010
          20  4.645419942826422E-009
          21  7.632570249975816E-010
          22  1.579699891154061E-009
          23  4.892858563843536E-009
          24  1.132179115792042E-008
          25  1.377609155688958E-008
          26  1.229070831297083E-008
          27  2.666009714315951E-009
          28  1.579432159487983E-009
          29  8.246746434764340E-010
          30  2.655811837472154E-009
          31  4.668616797491615E-010
          32  6.191530789583552E-010
          33  7.841879188261087E-010
          34  4.405987316433443E-009
          35  2.952321660549060E-010
          36  1.174580126171022E-009
          37  8.568448618612676E-010
          38  1.157878763731119E-009
          39  3.108282758476702E-010
          40  5.985364447137930E-010
          41  8.415969968476876E-010
          42  5.953328029335718E-009
          43  5.068668867039054E-010
          44  9.701055047114192E-010
          45  4.357248413696896E-009
          46  7.473690869476253E-009
          47  8.179401213765636E-009
          48  6.020093771294611E-009
          49  5.444931475968553E-010
          50  3.126959038111892E-009
          51  1.535412399194704E-009
          52  6.307793002671692E-009
          53  2.325448670122307E-010
          54  5.873216315440459E-010
          55  3.723614891334694E-010
          56  4.064632415528999E-010
          57  1.064309183665749E-010
          58  2.022353563867697E-010
          59  1.417227239666202E-010
          60  1.656812454097831E-010
          61  1.736785889182091E-010
          62  8.306398539756334E-010
          63  3.379740702477778E-010
          64  3.488148444110482E-010
          65  2.969146328125432E-010
          66  4.259285411242880E-010
          67  5.758783508535704E-010
          68  8.532488485330631E-010
          69  1.581858018685829E-010
          70  4.713842129690035E-010
          71  1.632696012813476E-010
          72  2.016241804856888E-010
          73  2.105817594536198E-010
          74  4.326757673384950E-010
          75  1.018022668415143E-009
          76  2.759899863913506E-009
          77  5.472590370396643E-009
          78  1.021457977585828E-008
          79  7.952423296860107E-009
          80  3.211230443256242E-008
          81  1.273981512721063E-008
          82  1.107028178230284E-008
          83  4.730434114165333E-009
          84  5.097626972654096E-009
          85  3.432714271136126E-009
          86  3.732970120846520E-009
          87  2.555433425632431E-009
          88  6.226028273163993E-009
          89  2.810601199018868E-009
          90  5.345242220209996E-009
          91  3.566927602920166E-009
          92  2.921377607422906E-009
          93  2.442299644462507E-009
          94  5.844108918806261E-009
          95  2.978745701109062E-009
          96  3.541044858949465E-009
          97  1.537052696158686E-009
          98  1.419716845305482E-009
          99  1.589693810875526E-009
         100  1.405323195160376E-009
         101  1.052873778240734E-009
         102  1.828656290861107E-009
         103  1.719073206246679E-009
         104  1.651161481513026E-009
         105  1.742457754604124E-009
         106  2.233510404764450E-009
         107  1.731077630410079E-009
         108  5.842287260232351E-009
         109  2.603341219882620E-009
         110  7.248495552730893E-009
         111  5.181272120031722E-009
         112  6.892277701826262E-009
         113  3.485963844138251E-009
         114  2.760711655128382E-009
         115  1.444621150736969E-009
         116  1.506310304001818E-009
         117  1.351403227734271E-009
         118  1.447150199802565E-009
         119  5.367389580481096E-010
         120  7.602407262644811E-010
         121  6.185063554282542E-010
         122  7.837737927161103E-010
         123  7.054390912797542E-010
         124  1.807098931263354E-008
         125  8.054434873870694E-008
         126  6.530158410890222E-007
         127  3.310656599997862E-006
         128  2.719163825269370E-005
         129  1.352504987806169E-004
         130  3.346244688000924E-004
         131  1.102468126311436E-003
         132  1.061132450857526E-003
         133  3.310972460993354E-005
         134  8.384641957878754E-005
         135  9.278246467271477E-005
         136  2.262902637682256E-004
         137  1.194312406299284E-004
         138  8.407430102470287E-005
         139  1.458572138857460E-005
         140  3.359797004685943E-005
         141  2.421649899828606E-005
         142  9.452794222941027E-006
         143  1.531607976801084E-006
         144  5.318348615836921E-006
         145  1.995395915011678E-006
         146  8.525336760139259E-006
         147  1.215594817789531E-005
         148  1.885172188711052E-005
         149  1.155900370600773E-005
         150  2.711574985454921E-005
         151  1.500565123466108E-005
         152  2.498566741024524E-005
         153  1.041205064463496E-005
         154  3.005031056898998E-005
         155  1.595819216823326E-005
         156  2.395678738768173E-005
         157  1.256209615076224E-005
         158  5.895718923643828E-005
         159  6.151050898947443E-005
         160  7.912933736166495E-005
         161  3.567548292608285E-005
         162  7.603413192716965E-005
         163  3.399184692843990E-005
         164  7.502327443703262E-005
         165  6.341226777975187E-005
         166  1.331402442856590E-004
         167  2.816212362125395E-005
         168  3.496529596353198E-005
         169  1.753657315150777E-005
         170  3.860806360850340E-005
         171  3.601528255294866E-005
         172  6.071799389232924E-005
         173  2.969280256253043E-005
         174  5.423482832461819E-005
         175  3.111823795696445E-005
         176  3.136891874638059E-005
         177  1.370958798986041E-005
         178  2.438433166017963E-005
         179  7.000208064575396E-006
         180  1.045895501971162E-005
         181  5.452346540788794E-006
         182  1.255324648001175E-005
         183  6.596496363345178E-006
         184  1.200759314124026E-005
         185  3.831226464804133E-006
         186  1.471352231453567E-005
         187  4.258137986948748E-006
         188  1.381025716181149E-005
         189  1.202063273282825E-005
         190  2.524358381197538E-005
         191  2.887217884370466E-005
         192  1.025399299239866E-004
         193  1.331863226542939E-004
         194  3.270341426409868E-004
         195  2.267768167088098E-004
         196  4.330006392437244E-004
         197  2.260718665992714E-004
         198  1.639087428833027E-004
         199  1.314914068438738E-005
         200  2.327843575378808E-006
         201  8.699193954788424E-008
         202  1.040301757551480E-007
         203  2.494722543433863E-008
         204  8.133358986957197E-008
         205  7.141659992689161E-008
         206  2.264492462466050E-006
         207  1.480744667690128E-006
         208  2.488068271147660E-006
         209  1.580777183356205E-006
         226  6.346183630985973E-014
         227  4.926198677942886E-015
         230  2.990637965142972E-012
         231  7.395220259286416E-012
         232  5.703607824280066E-007
         234  9.737260346208075E-012
         235  1.589130748654166E-007
         236  1.578479054712836E-009
         238  1.772044831143790E-007
         240  3.061402096778876E-013
         244  3.737062882765924E-009
