           1  7.441539955141645E-005
           2  6.470609901488105E-012
           3  1.574717819390911E-008
           4  8.283713390535324E-005
           6  5.674563962362780E-015
           7  3.114017005274736E-012
           8  2.708281752318958E-013
           9  1.912633244112939E-009
          10  2.713051082138141E-014
          14  2.173934207532475E-015
          15  2.042405285299100E-012
          16  1.217326527869178E-009
          17  9.085457698930727E-011
          18  4.668552751942630E-010
          19  2.239489014084254E-010
          20  4.525410764704023E-009
          21  7.385470368412656E-010
          22  1.660958587188074E-009
          23  4.789554734357568E-009
          24  1.113634254817291E-008
          25  1.362148444248898E-008
          26  1.254628775377366E-008
          27  2.664321287790861E-009
          28  1.569900860362428E-009
          29  8.652597504171765E-010
          30  2.728556706155355E-009
          31  4.701407923424219E-010
          32  6.288865022630677E-010
          33  7.498643399235835E-010
          34  4.346291483802153E-009
          35  3.004977328757846E-010
          36  1.230378170354980E-009
          37  8.258538778269141E-010
          38  1.103345501562340E-009
          39  2.930626334063051E-010
          40  6.025206201743832E-010
          41  8.717390101034792E-010
          42  5.828307472375983E-009
          43  4.938706282675313E-010
          44  9.627540606958534E-010
          45  4.258620408000790E-009
          46  7.451449949842783E-009
          47  8.301396868018264E-009
          48  6.171539473957630E-009
          49  5.216648553566027E-010
          50  3.141629127493436E-009
          51  1.564793321304279E-009
          52  6.302156826434399E-009
          53  2.175434160200080E-010
          54  5.349673884660290E-010
          55  3.339757337642903E-010
          56  3.821051838320053E-010
          57  9.965746186098500E-011
          58  2.049884457688065E-010
          59  1.412080541940859E-010
          60  1.617689123319136E-010
          61  1.656402963860858E-010
          62  7.889857137197558E-010
          63  3.280604128029631E-010
          64  3.593164333934871E-010
          65  3.085913027008756E-010
          66  4.333958628833744E-010
          67  5.759762194053790E-010
          68  8.306129285164530E-010
          69  1.558425748221620E-010
          70  4.683162791230487E-010
          71  1.614324786275327E-010
          72  2.010048235754997E-010
          73  2.156798676586308E-010
          74  4.236941383996210E-010
          75  9.771799059409736E-010
          76  2.695376239791100E-009
          77  5.544027628948946E-009
          78  1.040165672428006E-008
          79  7.961117301029743E-009
          80  3.158118662351021E-008
          81  1.273024294393201E-008
          82  1.111455255020110E-008
          83  4.742467643733091E-009
          84  5.162054886823481E-009
          85  3.467844583857049E-009
          86  3.735563803873619E-009
          87  2.440988934245092E-009
          88  5.962742560585587E-009
          89  2.730532402506107E-009
          90  5.217226836392651E-009
          91  3.464475549341147E-009
          92  2.871741745233793E-009
          93  2.386761484878093E-009
          94  5.543753346734214E-009
          95  2.871002892181412E-009
          96  3.678042898274630E-009
          97  1.599781895899291E-009
          98  1.464977743300323E-009
          99  1.617581545314170E-009
         100  1.405807515272924E-009
         101  1.043689813528805E-009
         102  1.777883980048233E-009
         103  1.665406270501645E-009
         104  1.601787880413862E-009
         105  1.688584644044342E-009
         106  2.121358662002077E-009
         107  1.638791675991976E-009
         108  5.578614448026700E-009
         109  2.530956097652226E-009
         110  7.155879595306877E-009
         111  5.105287789377714E-009
         112  6.781867632962310E-009
         113  3.413982719882659E-009
         114  2.696461197302243E-009
         115  1.418800924086573E-009
         116  1.479216214175477E-009
         117  1.337574243385027E-009
         118  1.454334437064563E-009
         119  5.432083526611073E-010
         120  7.799006025184297E-010
         121  6.373965450790914E-010
         122  8.121140311871345E-010
         123  7.176609826191292E-010
         124  1.857117869965144E-008
         125  7.954487449923286E-008
         126  6.433778457275595E-007
         127  3.285449799950864E-006
         128  2.713026542467065E-005
         129  1.346926686666191E-004
         130  3.352349980625712E-004
         131  1.096408306495708E-003
         132  1.048274490960477E-003
         133  3.313871101774215E-005
         134  8.338723348490641E-005
         135  8.692264708287558E-005
         136  2.189396611231890E-004
         137  1.167189907709098E-004
         138  8.372115236370986E-005
         139  1.448392573123236E-005
         140  3.373268750111574E-005
         141  2.467853343336225E-005
         142  9.648471092017998E-006
         143  1.600653563039966E-006
         144  5.940931539616549E-006
         145  2.212481837612420E-006
         146  8.607940476719598E-006
         147  1.068498795471814E-005
         148  2.331950490411209E-005
         149  1.717825706996239E-005
         150  4.536240751282374E-005
         151  1.778067875525918E-005
         152  4.239077850310048E-005
         153  3.022175135489997E-005
         154  4.425164752133701E-005
         155  2.033088624192806E-005
         156  2.873902065557452E-005
         157  1.364541259209017E-005
         158  4.786601747820887E-005
         159  4.790482750371171E-005
         160  5.893448405372483E-005
         161  2.335287057670842E-005
         162  3.979526092028957E-005
         163  6.520565679151047E-005
         164  1.128427844170557E-004
         165  6.478342327933260E-005
         166  7.237323733406876E-005
         167  2.349964012410103E-005
         168  6.012259554761005E-005
         169  2.938068686004326E-005
         170  4.573705749509156E-005
         171  3.300882172993351E-005
         172  5.461100444222898E-005
         173  3.358414499196805E-005
         174  5.905092949731899E-005
         175  2.355079491660826E-005
         176  2.136648500004246E-005
         177  1.158618427239536E-005
         178  3.127325300579769E-005
         179  1.181527380445801E-005
         180  1.688439029578334E-005
         181  7.427973530639854E-006
         182  1.467316776894342E-005
         183  7.175021316759712E-006
         184  1.234934624353980E-005
         185  3.817882376045915E-006
         186  1.417753154201726E-005
         187  4.150299947877264E-006
         188  1.371914177896805E-005
         189  1.198985853540777E-005
         190  2.486925996113048E-005
         191  2.832783559096813E-005
         192  1.010130834603080E-004
         193  1.319701868897831E-004
         194  3.229895362821561E-004
         195  2.250973137608104E-004
         196  4.321035927737815E-004
         197  2.241830145488254E-004
         198  1.610441858698556E-004
         199  1.279079423448708E-005
         200  2.284256938062868E-006
         201  8.821407105722297E-008
         202  1.068950251028181E-007
         203  2.550487984199465E-008
         204  8.405244021290516E-008
         205  7.342844108162185E-008
         206  2.325586313038877E-006
         207  1.502585871646343E-006
         208  2.515664189518974E-006
         209  1.621804874100864E-006
         226  6.799217177818054E-014
         227  5.297229133217207E-015
         230  3.204129947635275E-012
         231  7.952211992474637E-012
         232  6.112529967757970E-007
         234  1.043237190420512E-011
         235  1.708820583293518E-007
         236  1.703133012437200E-009
         238  1.898545386702693E-007
         240  3.304972869573312E-013
         244  4.034390468480467E-009
