           1  7.375542290642745E-005
           2  6.470609901488105E-012
           3  1.574717819390911E-008
           4  8.189670266244161E-005
           6  5.674563962362780E-015
           7  3.114017005274736E-012
           8  2.708281752318958E-013
           9  1.912633244112939E-009
          10  2.713051082138141E-014
          14  2.429223966397398E-015
          15  2.465462040285045E-012
          16  1.247222117653200E-009
          17  9.274120230435111E-011
          18  4.594783334351117E-010
          19  2.102805815672600E-010
          20  4.657002218629284E-009
          21  7.656833033336306E-010
          22  1.531849086141561E-009
          23  4.906748479867844E-009
          24  1.134545142583486E-008
          25  1.381011651628014E-008
          26  1.209094062959185E-008
          27  2.664493786554803E-009
          28  1.630202836535481E-009
          29  8.591863805934212E-010
          30  2.722827710788708E-009
          31  4.951184723688580E-010
          32  6.621780212732745E-010
          33  7.970073345018836E-010
          34  4.412170216029980E-009
          35  3.007041390132337E-010
          36  1.175361527448255E-009
          37  8.374314711263406E-010
          38  1.124989469378534E-009
          39  3.196023275760952E-010
          40  6.313199309457647E-010
          41  8.731217695147037E-010
          42  5.986966320742455E-009
          43  5.327811809009077E-010
          44  9.778088903604243E-010
          45  4.389120242363870E-009
          46  7.438634849740224E-009
          47  8.112014509689559E-009
          48  6.014713208462291E-009
          49  5.305587019562383E-010
          50  3.100655160244103E-009
          51  1.554828177644646E-009
          52  6.513791506174131E-009
          53  2.329376936558595E-010
          54  5.613931394449120E-010
          55  3.614676002198757E-010
          56  4.088273438405491E-010
          57  1.120093151975239E-010
          58  2.030779318839947E-010
          59  1.437082489531421E-010
          60  1.736774453551965E-010
          61  1.778147636455219E-010
          62  8.527656930966777E-010
          63  3.517842643691888E-010
          64  3.536211780758316E-010
          65  2.968204645611983E-010
          66  4.408117773086598E-010
          67  5.782596378953949E-010
          68  8.635302589566209E-010
          69  1.595672416013556E-010
          70  4.643752075908132E-010
          71  1.611253454784038E-010
          72  2.038560360047852E-010
          73  2.089030864600408E-010
          74  4.339554177877189E-010
          75  1.015056837502621E-009
          76  2.744727723229081E-009
          77  5.434026472509251E-009
          78  1.016004003555153E-008
          79  7.935447246887161E-009
          80  3.181728490703662E-008
          81  1.268822014592359E-008
          82  1.124247509186726E-008
          83  4.885686932765037E-009
          84  5.252806848938735E-009
          85  3.484699750913874E-009
          86  3.798736606447263E-009
          87  2.616267903646765E-009
          88  6.271128505111520E-009
          89  2.830734929491131E-009
          90  5.327241218754091E-009
          91  3.632809412317345E-009
          92  3.040363190936189E-009
          93  2.517127517438934E-009
          94  5.838943611682245E-009
          95  3.063398415640805E-009
          96  3.542915121105789E-009
          97  1.576149109816315E-009
          98  1.477349491672788E-009
          99  1.634871413460261E-009
         100  1.479121468239203E-009
         101  1.083553266801547E-009
         102  1.838766994402031E-009
         103  1.740371606619093E-009
         104  1.698563385055990E-009
         105  1.769356910297471E-009
         106  2.287175328762419E-009
         107  1.749840528781366E-009
         108  5.857779275524941E-009
         109  2.601776918769967E-009
         110  7.166066564707826E-009
         111  5.149870587607584E-009
         112  6.937507302409484E-009
         113  3.583778267526094E-009
         114  2.906848175209891E-009
         115  1.518979228999350E-009
         116  1.590558225099341E-009
         117  1.436865145281646E-009
         118  1.525636388012742E-009
         119  5.418471441362309E-010
         120  7.469617017679388E-010
         121  6.093422771548609E-010
         122  7.716441965208965E-010
         123  6.946636971604253E-010
         124  1.666096795506177E-008
         125  7.509945077988386E-008
         126  6.216392180006341E-007
         127  3.153594574381565E-006
         128  2.601509321277469E-005
         129  1.313396828558752E-004
         130  3.292280130356431E-004
         131  1.106724593707930E-003
         132  1.084084244357750E-003
         133  3.505285305089951E-005
         134  8.865984465600347E-005
         135  9.372742471327966E-005
         136  2.388295996821718E-004
         137  1.277041166272385E-004
         138  8.869462592706067E-005
         139  1.483373958738919E-005
         140  3.415284513619711E-005
         141  2.574199129407816E-005
         142  1.020861903678656E-005
         143  1.922720975724961E-006
         144  9.428361531133930E-006
         145  5.449043914094434E-006
         146  2.282069589479931E-005
         147  2.138193740676089E-005
         148  2.708171922352314E-005
         149  1.660427897237042E-005
         150  4.097249870053273E-005
         151  1.662973872285151E-005
         152  1.537011084096238E-005
         153  5.228917587862454E-006
         154  1.413512040612347E-005
         155  6.201897758468905E-006
         156  1.058760981591718E-005
         157  9.927893511867024E-006
         158  5.478657796661071E-005
         159  5.535732337434974E-005
         160  6.966970385701908E-005
         161  2.552447842887516E-005
         162  3.756159648556280E-005
         163  3.227805721465812E-005
         164  1.313351103675877E-004
         165  5.994698616666018E-005
         166  7.439452149401199E-005
         167  1.858068074145617E-005
         168  4.633389243248095E-005
         169  2.678528940672346E-005
         170  6.706456161981819E-005
         171  3.721633114467368E-005
         172  4.309581083604918E-005
         173  1.934727492794278E-005
         174  3.377214758230972E-005
         175  1.829826992238627E-005
         176  1.309500786362126E-005
         177  5.059455551646860E-006
         178  9.866809862860501E-006
         179  6.187231634910656E-006
         180  1.301710990774854E-005
         181  5.701059461403058E-006
         182  1.137091293473497E-005
         183  5.845404414733451E-006
         184  1.068147277257257E-005
         185  3.434341979890542E-006
         186  1.321428824567219E-005
         187  3.854883270719962E-006
         188  1.252362585917698E-005
         189  1.078836773490395E-005
         190  2.355307311216378E-005
         191  2.701406838655253E-005
         192  9.811220584754790E-005
         193  1.314833454767145E-004
         194  3.364513607964348E-004
         195  2.389866093601734E-004
         196  4.618197870855156E-004
         197  2.485843713558656E-004
         198  1.856045056523873E-004
         199  1.540292984889818E-005
         200  2.687984755990878E-006
         201  9.189255456577992E-008
         202  1.046762557123750E-007
         203  2.518001346914679E-008
         204  8.174082399167780E-008
         205  7.156421376581254E-008
         206  2.262377891130980E-006
         207  1.483415901114451E-006
         208  2.490951051848266E-006
         209  1.587500169655301E-006
         226  6.076628485794980E-014
         227  4.701275077889238E-015
         230  2.863610148460876E-012
         231  7.057564457591676E-012
         232  5.573451683678325E-007
         234  9.323668685612395E-012
         235  1.516573177936676E-007
         236  1.444905368788372E-009
         238  1.696776948977309E-007
         240  2.797001037106639E-013
         244  3.414307702286781E-009
