           1  7.493992011973179E-005
           2  6.470609901488105E-012
           3  1.574717819390911E-008
           4  8.185008139298130E-005
           6  5.674563962362780E-015
           7  3.114017005274736E-012
           8  2.708281752318958E-013
           9  1.912633244112939E-009
          10  2.713051082138141E-014
          14  1.744525935664101E-015
          15  1.745487281553907E-012
          16  1.212628711972456E-009
          17  9.041210899931675E-011
          18  4.399675368951855E-010
          19  1.908712948951944E-010
          20  4.656419158177314E-009
          21  7.577114863354772E-010
          22  1.460751223100181E-009
          23  4.916890750690624E-009
          24  1.133696411276076E-008
          25  1.382331364260711E-008
          26  1.161991089035688E-008
          27  2.449745196463457E-009
          28  1.530163520945970E-009
          29  8.092904921528835E-010
          30  2.541325989655712E-009
          31  4.356880184145034E-010
          32  6.272563481703871E-010
          33  8.491271803057446E-010
          34  4.332881010407749E-009
          35  2.769114136444608E-010
          36  1.095606814814685E-009
          37  7.878973053713719E-010
          38  1.074753069049299E-009
          39  3.029401491244652E-010
          40  6.183149067820651E-010
          41  8.797652707401919E-010
          42  6.091935126936984E-009
          43  5.053657407554515E-010
          44  1.004592750783335E-009
          45  4.545848789280321E-009
          46  7.395811788325936E-009
          47  7.933656562754586E-009
          48  5.839666364918542E-009
          49  5.238942201051215E-010
          50  3.095821026801989E-009
          51  1.535861561725432E-009
          52  6.264081900394529E-009
          53  2.249003545609106E-010
          54  5.703317947299517E-010
          55  3.679713648495525E-010
          56  4.054175951850783E-010
          57  1.053757994655186E-010
          58  2.095104903927518E-010
          59  1.450984638788064E-010
          60  1.738647977001501E-010
          61  1.878344816724992E-010
          62  8.802158279490122E-010
          63  3.567382623141719E-010
          64  3.655063397313000E-010
          65  3.085575566049180E-010
          66  4.367853537312057E-010
          67  5.894777587512628E-010
          68  8.657255143700183E-010
          69  1.628003735991601E-010
          70  4.892574487456478E-010
          71  1.671588033390938E-010
          72  2.053595206643922E-010
          73  2.164179725202963E-010
          74  4.574016325187902E-010
          75  1.126629435389144E-009
          76  2.930888239493140E-009
          77  5.575411960653102E-009
          78  1.005151655345892E-008
          79  7.904927922015417E-009
          80  3.176605766158606E-008
          81  1.183188500560871E-008
          82  1.009012947505740E-008
          83  4.315037767641445E-009
          84  4.988561507786026E-009
          85  3.353545702819723E-009
          86  3.628894038575990E-009
          87  2.470664524525514E-009
          88  5.918616715931395E-009
          89  2.688237622088706E-009
          90  5.172179431745212E-009
          91  3.395349535384620E-009
          92  2.799522190935837E-009
          93  2.346841892906256E-009
          94  5.564378673422032E-009
          95  2.783706792173844E-009
          96  3.219288741676571E-009
          97  1.392074325356145E-009
          98  1.296499979586720E-009
          99  1.435938165337187E-009
         100  1.250786642775572E-009
         101  9.542006969470801E-010
         102  1.683458350598294E-009
         103  1.612577660268832E-009
         104  1.562343237079663E-009
         105  1.667099229354115E-009
         106  2.167762466758738E-009
         107  1.694050210669569E-009
         108  5.686667594051211E-009
         109  2.531716696055386E-009
         110  6.806780620451749E-009
         111  4.774363497510484E-009
         112  6.174970474382261E-009
         113  3.076763945370566E-009
         114  2.394205110523904E-009
         115  1.251576281945622E-009
         116  1.277992657816433E-009
         117  1.135706751359570E-009
         118  1.212738031125973E-009
         119  4.484264091673244E-010
         120  6.338499115732518E-010
         121  5.124338220306084E-010
         122  6.792262086184516E-010
         123  6.263980550351539E-010
         124  1.933747437326531E-008
         125  8.430778429282983E-008
         126  6.854173102329013E-007
         127  3.549093926586885E-006
         128  2.906018946592926E-005
         129  1.386680024069487E-004
         130  3.236994987862817E-004
         131  1.064801856796788E-003
         132  1.000791994947426E-003
         133  3.324351823422542E-005
         134  8.365156096521726E-005
         135  8.162588549182143E-005
         136  2.048518880254855E-004
         137  1.112657021422982E-004
         138  9.031777157800991E-005
         139  1.408221549186348E-005
         140  3.232804032356915E-005
         141  2.481594605621951E-005
         142  9.846336414097148E-006
         143  1.758744308843897E-006
         144  7.785085754683608E-006
         145  4.579614491206727E-006
         146  1.915151425487071E-005
         147  1.676042387009684E-005
         148  3.917436874696355E-005
         149  2.716609074941760E-005
         150  2.794549260975149E-005
         151  1.288649533861007E-005
         152  1.708907224175276E-005
         153  8.604493704747358E-006
         154  2.086399245001012E-005
         155  1.203013280952183E-005
         156  5.701017241014763E-005
         157  2.764003889215865E-005
         158  5.967771496788191E-005
         159  2.930714966803995E-005
         160  8.507025791104037E-005
         161  5.991136705292697E-005
         162  1.529948424862341E-004
         163  6.056245448131821E-005
         164  1.044967291993021E-004
         165  4.074141368209661E-005
         166  6.581969876781371E-005
         167  2.863168199220147E-005
         168  1.309003010106237E-004
         169  7.874795269261544E-005
         170  8.234395706867577E-005
         171  3.213947028323044E-005
         172  2.654784011925406E-005
         173  1.622368121285622E-005
         174  4.116359390727004E-005
         175  2.626607552422270E-005
         176  2.228738000688470E-005
         177  6.309886956172249E-006
         178  9.032091262538069E-006
         179  5.966241232974558E-006
         180  1.367623367835284E-005
         181  6.340326069134804E-006
         182  1.363349499920796E-005
         183  7.209464808040687E-006
         184  1.329021779005523E-005
         185  4.249348424261761E-006
         186  1.652365023921513E-005
         187  4.795297845068034E-006
         188  1.582996462860669E-005
         189  1.398877681417974E-005
         190  2.869393564626785E-005
         191  3.162241652848610E-005
         192  1.085697870679663E-004
         193  1.374335995997489E-004
         194  3.254321948204638E-004
         195  2.140747594529778E-004
         196  3.908000941309137E-004
         197  1.988120652552383E-004
         198  1.377458232729708E-004
         199  1.086322964902867E-005
         200  1.997451969976827E-006
         201  8.165095913831482E-008
         202  1.055762037260568E-007
         203  2.670782156682727E-008
         204  7.437858389924545E-008
         205  6.171648499919227E-008
         206  2.200394487148890E-006
         207  1.425656128694973E-006
         208  2.429545655043158E-006
         209  1.551272201659065E-006
         226  6.492756786461370E-014
         227  4.926084018491161E-015
         230  3.059710539925593E-012
         231  7.395048132266021E-012
         232  5.585467477257238E-007
         234  9.962154717001354E-012
         235  1.589093760933558E-007
         236  1.698258276551955E-009
         238  1.812972452789725E-007
         240  3.302738166156580E-013
         244  4.031662559199471E-009
