           1  7.438287718311956E-005
           2  6.470609901488105E-012
           3  1.574717819390911E-008
           4  8.471909250644532E-005
           6  5.674563962362780E-015
           7  3.114017005274736E-012
           8  2.708281752318958E-013
           9  1.912633244112939E-009
          10  2.713051082138141E-014
          14  2.205329959459551E-015
          15  2.071509103312496E-012
          16  1.239037787933737E-009
          17  9.202359356037093E-011
          18  4.472537775234802E-010
          19  1.978081933316193E-010
          20  4.753429255443946E-009
          21  7.690161987305381E-010
          22  1.409227471508627E-009
          23  4.998987560037464E-009
          24  1.148190524600368E-008
          25  1.404834190366728E-008
          26  1.188442402502534E-008
          27  2.531464256805542E-009
          28  1.535377829880843E-009
          29  8.106307902413200E-010
          30  2.526806242746453E-009
          31  4.473570250422999E-010
          32  6.386550467633081E-010
          33  8.356331685091534E-010
          34  4.267398062601592E-009
          35  2.878778472623494E-010
          36  1.150070309443188E-009
          37  8.727867983238817E-010
          38  1.192482523666051E-009
          39  3.290305632557138E-010
          40  6.154752447919143E-010
          41  8.413162258811260E-010
          42  5.900617145078413E-009
          43  5.093599389074502E-010
          44  1.020615064838354E-009
          45  4.636104837401319E-009
          46  7.521047825020885E-009
          47  7.938954245839649E-009
          48  5.788126890531287E-009
          49  5.628142744816920E-010
          50  3.114640960670626E-009
          51  1.518455287355445E-009
          52  6.297643261280304E-009
          53  2.382419877650823E-010
          54  5.979840127149426E-010
          55  3.724154560220111E-010
          56  4.113688227226897E-010
          57  1.104065913805194E-010
          58  2.038625185232648E-010
          59  1.442102560724432E-010
          60  1.791612606168657E-010
          61  1.909700588100916E-010
          62  8.893343196450734E-010
          63  3.583824500686516E-010
          64  3.510551732520847E-010
          65  2.941775870346530E-010
          66  4.348265999309990E-010
          67  5.762523237507858E-010
          68  8.475154061897297E-010
          69  1.562056643554889E-010
          70  4.592055527776777E-010
          71  1.595280382136623E-010
          72  2.029045345087413E-010
          73  2.153902467163856E-010
          74  4.602066553475810E-010
          75  1.114973781094134E-009
          76  2.890310351090673E-009
          77  5.547996232973235E-009
          78  1.002630298107732E-008
          79  7.962717350238971E-009
          80  3.176687300425406E-008
          81  1.275991281578506E-008
          82  1.082392861994523E-008
          83  4.593635646090434E-009
          84  5.043843992621820E-009
          85  3.363573821497299E-009
          86  3.692350052411267E-009
          87  2.669732089639448E-009
          88  6.267882580826730E-009
          89  2.733157738226257E-009
          90  5.153054903024750E-009
          91  3.571814255498791E-009
          92  3.013152919320550E-009
          93  2.495609720957338E-009
          94  5.789153104646693E-009
          95  2.971790824043168E-009
          96  3.383490742029963E-009
          97  1.482722285727813E-009
          98  1.388036342178352E-009
          99  1.550672416852873E-009
         100  1.383066548509525E-009
         101  1.021402097758635E-009
         102  1.774785423616562E-009
         103  1.687924542868546E-009
         104  1.643999273314711E-009
         105  1.757017591861641E-009
         106  2.320926551067983E-009
         107  1.794465790069882E-009
         108  6.048481845835191E-009
         109  2.655385744035651E-009
         110  7.090716885302185E-009
         111  5.047541073054741E-009
         112  6.633470128972692E-009
         113  3.358421602432518E-009
         114  2.647857815661878E-009
         115  1.384407411309416E-009
         116  1.434511012408082E-009
         117  1.325270140693613E-009
         118  1.409231839647961E-009
         119  4.878563093098350E-010
         120  6.763458884998672E-010
         121  5.525110772406244E-010
         122  7.396124676188693E-010
         123  6.721301264604946E-010
         124  1.971073783233426E-008
         125  8.453796039422017E-008
         126  6.945904360282547E-007
         127  3.524857236991315E-006
         128  2.854260562053354E-005
         129  1.389567666996028E-004
         130  3.283586520505901E-004
         131  1.092413231861822E-003
         132  1.041524535475310E-003
         133  3.394712456253861E-005
         134  8.582525515354155E-005
         135  9.157602932228976E-005
         136  2.238526751986029E-004
         137  1.184501052397855E-004
         138  8.320247096116728E-005
         139  1.472169969133473E-005
         140  3.395111247087524E-005
         141  2.564881704123263E-005
         142  9.781870550000907E-006
         143  1.541209916019690E-006
         144  5.054070085423017E-006
         145  1.996411847300620E-006
         146  8.694607760592151E-006
         147  1.225777566272590E-005
         148  2.962721499296207E-005
         149  2.085437496001176E-005
         150  3.315259109228322E-005
         151  1.652436216475235E-005
         152  4.679725082992865E-005
         153  3.214262244254808E-005
         154  5.564686108043477E-005
         155  2.560362049838522E-005
         156  5.668377466662280E-005
         157  2.114911843452323E-005
         158  2.886316498217998E-005
         159  2.424271815442761E-005
         160  6.253036649126756E-005
         161  2.398368441419370E-005
         162  5.649956296054237E-005
         163  3.531712581611391E-005
         164  9.197566843945341E-005
         165  6.811459074824602E-005
         166  9.702715195701100E-005
         167  3.203867638600194E-005
         168  9.354062175610650E-005
         169  3.551445019944612E-005
         170  2.752402920390647E-005
         171  1.143506814868052E-005
         172  2.395476520663360E-005
         173  2.207782347729003E-005
         174  6.397572011550958E-005
         175  2.776067053848612E-005
         176  1.889702738587020E-005
         177  7.404599436693041E-006
         178  1.412670306827798E-005
         179  8.600387224619220E-006
         180  1.751562539670946E-005
         181  7.383494174647036E-006
         182  1.421763679634421E-005
         183  7.253439417856076E-006
         184  1.327522514406105E-005
         185  4.268322357309821E-006
         186  1.648069784749357E-005
         187  4.758280739456525E-006
         188  1.552573473628753E-005
         189  1.340865968993192E-005
         190  2.815093868715561E-005
         191  3.066329644935780E-005
         192  1.076551920730433E-004
         193  1.399965677941548E-004
         194  3.449641790952982E-004
         195  2.296445177591731E-004
         196  4.202233696191800E-004
         197  2.202100984038138E-004
         198  1.584804956796302E-004
         199  1.296536615713995E-005
         200  2.316823279232014E-006
         201  8.664984525056355E-008
         202  1.049046898186838E-007
         203  2.580399757467646E-008
         204  7.972913886282835E-008
         205  6.941731576416443E-008
         206  2.450812799402955E-006
         207  1.590589227889384E-006
         208  2.702933320023513E-006
         209  1.728325628217418E-006
         210  1.026747237357150E-015
         226  7.271325707899406E-014
         227  5.525499758285051E-015
         230  3.426611012764772E-012
         231  8.294892355461261E-012
         232  6.395849447582269E-007
         234  1.115675114318935E-011
         235  1.782457862872606E-007
         236  1.841009777409599E-009
         238  2.030372249761745E-007
         240  3.575922121087227E-013
         244  4.365139046725462E-009
