           1  7.417490783951816E-005
           2  6.470609901488105E-012
           3  1.574717819390911E-008
           4  8.183975399107899E-005
           6  5.674563962362780E-015
           7  3.114017005274736E-012
           8  2.708281752318958E-013
           9  1.912633244112939E-009
          10  2.713051082138141E-014
          14  2.139612463935124E-015
          15  2.173758014877802E-012
          16  1.237329203109555E-009
          17  9.199411504278792E-011
          18  4.494047593810747E-010
          19  1.997432719306904E-010
          20  4.672777758862810E-009
          21  7.601471935308091E-010
          22  1.497018296398656E-009
          23  4.923038695961384E-009
          24  1.136598243822868E-008
          25  1.385906450546390E-008
          26  1.202438399340583E-008
          27  2.555395496690593E-009
          28  1.552534076388799E-009
          29  8.163601873763712E-010
          30  2.593556944136488E-009
          31  4.530391072642024E-010
          32  6.266916889743957E-010
          33  8.345956640464059E-010
          34  4.448346641289382E-009
          35  2.894692995182977E-010
          36  1.130913724717194E-009
          37  8.580391530473859E-010
          38  1.170552378338761E-009
          39  3.105326719877201E-010
          40  5.975543039641932E-010
          41  8.423012821437287E-010
          42  5.986749669677205E-009
          43  5.172997801097208E-010
          44  9.998463116794839E-010
          45  4.488432077693012E-009
          46  7.517462459557034E-009
          47  8.050156041244606E-009
          48  5.871561045794006E-009
          49  5.517100836876230E-010
          50  3.085861254270666E-009
          51  1.508694991284099E-009
          52  6.315584193203032E-009
          53  2.468325351478850E-010
          54  6.361371741684751E-010
          55  3.925580286778385E-010
          56  4.063760349504909E-010
          57  1.078077889407565E-010
          58  2.058509486162379E-010
          59  1.423588097027251E-010
          60  1.710088683521530E-010
          61  1.794430906656573E-010
          62  8.437586609852832E-010
          63  3.471055593012131E-010
          64  3.574057389355420E-010
          65  2.994757348173514E-010
          66  4.342456452955809E-010
          67  5.771412577202307E-010
          68  8.539636116716293E-010
          69  1.606830746989681E-010
          70  4.780052653707667E-010
          71  1.634127924291447E-010
          72  2.037958676962526E-010
          73  2.121592717405860E-010
          74  4.405306733883212E-010
          75  1.066137437813374E-009
          76  2.817696128155265E-009
          77  5.520673307023215E-009
          78  1.007756458166494E-008
          79  7.945890821329698E-009
          80  3.189279392370328E-008
          81  1.266071089631691E-008
          82  1.070024757420973E-008
          83  4.533268675867280E-009
          84  4.990678783516544E-009
          85  3.382811897224245E-009
          86  3.704897958657643E-009
          87  2.626948309327831E-009
          88  6.260818676660437E-009
          89  2.802145907913183E-009
          90  5.330008745568949E-009
          91  3.626012646659077E-009
          92  2.914926919666697E-009
          93  2.407783366956017E-009
          94  5.730686158850517E-009
          95  2.974575990798513E-009
          96  3.418736136679200E-009
          97  1.507729163771699E-009
          98  1.407473730926488E-009
          99  1.542683139615579E-009
         100  1.374249949320806E-009
         101  1.024839021626947E-009
         102  1.783226693406288E-009
         103  1.707947803853960E-009
         104  1.671529788404826E-009
         105  1.750018027257850E-009
         106  2.263670419477641E-009
         107  1.745755265567615E-009
         108  5.848496566781182E-009
         109  2.599435223142921E-009
         110  7.086274150921006E-009
         111  5.061664649411669E-009
         112  6.693219668550080E-009
         113  3.420079276525262E-009
         114  2.723084332293948E-009
         115  1.413518438801446E-009
         116  1.462697811127882E-009
         117  1.315237715853757E-009
         118  1.394043808686535E-009
         119  5.052392625008941E-010
         120  7.035687692641537E-010
         121  5.725312538316909E-010
         122  7.322349675088968E-010
         123  6.720818238285409E-010
         124  1.797258208853166E-008
         125  8.209294380626700E-008
         126  6.725713420169084E-007
         127  3.430914656020740E-006
         128  2.807379283375819E-005
         129  1.374666815432429E-004
         130  3.297213524502917E-004
         131  1.086722643265356E-003
         132  1.054383625343357E-003
         133  3.341475527095221E-005
         134  8.467267508707067E-005
         135  9.371922796120582E-005
         136  2.251023341074400E-004
         137  1.191941853237853E-004
         138  8.905803596978635E-005
         139  1.517848681262123E-005
         140  3.448647032226838E-005
         141  2.486567685068296E-005
         142  1.007742561123837E-005
         143  1.650924697549266E-006
         144  5.392125186354542E-006
         145  2.172566617619121E-006
         146  1.107504235570439E-005
         147  1.844885192448838E-005
         148  2.077622826370795E-005
         149  1.119387293889084E-005
         150  2.956462209401474E-005
         151  1.738559026867478E-005
         152  3.727144178501373E-005
         153  1.572690646088490E-005
         154  5.806438970641498E-005
         155  3.152129350353559E-005
         156  5.313168417324669E-005
         157  2.255448786176858E-005
         158  3.590559595431000E-005
         159  1.584589790082402E-005
         160  2.536716068378055E-005
         161  1.445007823738392E-005
         162  6.208223731387253E-005
         163  3.323210810673765E-005
         164  7.867587889902123E-005
         165  3.958683751205324E-005
         166  2.108362000122866E-004
         167  5.254127127143619E-005
         168  5.093827854287615E-005
         169  2.893557008010144E-005
         170  4.516030553758164E-005
         171  2.966406832699067E-005
         172  6.233510409954747E-005
         173  2.679438993191724E-005
         174  2.858359345202399E-005
         175  1.597622219695397E-005
         176  2.118279526213887E-005
         177  1.066101296519761E-005
         178  2.016794608581838E-005
         179  6.092800910907036E-006
         180  9.145511007210616E-006
         181  4.843206318485897E-006
         182  1.171617720500665E-005
         183  6.410440159868798E-006
         184  1.209327464200862E-005
         185  3.865886743383594E-006
         186  1.475925024142413E-005
         187  4.326841271802748E-006
         188  1.433305735055467E-005
         189  1.247046452221781E-005
         190  2.654455026032928E-005
         191  2.907254687275650E-005
         192  1.030266221948422E-004
         193  1.353660155995806E-004
         194  3.359274106445530E-004
         195  2.296326635098966E-004
         196  4.297634837807851E-004
         197  2.255207909457359E-004
         198  1.624928102366408E-004
         199  1.334765983783072E-005
         200  2.401772807317689E-006
         201  9.156534894317009E-008
         202  1.100185643559057E-007
         203  2.648173108250124E-008
         204  7.932627126894766E-008
         205  6.831290443651396E-008
         206  2.252850025238988E-006
         207  1.471140844676706E-006
         208  2.480478223201645E-006
         209  1.582121962562542E-006
         226  6.114001079595325E-014
         227  4.718443544987567E-015
         230  2.881221976982423E-012
         231  7.083337798052942E-012
         232  5.543281973362286E-007
         234  9.381011286584453E-012
         235  1.522111513021571E-007
         236  1.505104054315943E-009
         238  1.707212498202039E-007
         240  2.919875343874779E-013
         244  3.564300743564161E-009
