           1  7.520819084910336E-005
           2  6.470609901488105E-012
           3  1.574717819390911E-008
           4  8.397239798986779E-005
           6  5.674563962362780E-015
           7  3.114017005274736E-012
           8  2.708281752318958E-013
           9  1.912633244112939E-009
          10  2.713051082138141E-014
          14  1.655744411134072E-015
          15  1.642408263887554E-012
          16  1.168011007339685E-009
          17  8.787247717698230E-011
          18  4.533955709112464E-010
          19  2.107324031165635E-010
          20  4.534358560656033E-009
          21  7.313430601068541E-010
          22  1.471377610918306E-009
          23  4.823294018217501E-009
          24  1.114650706815597E-008
          25  1.370527560006826E-008
          26  1.202368011962239E-008
          27  2.485810071551448E-009
          28  1.480200572350055E-009
          29  8.187624896360853E-010
          30  2.509088996267400E-009
          31  4.237823287995170E-010
          32  6.348393206580766E-010
          33  7.951314962981120E-010
          34  4.349043807817445E-009
          35  2.868433647050992E-010
          36  1.172442716622724E-009
          37  8.239530366140092E-010
          38  1.113923091558259E-009
          39  2.861263080531620E-010
          40  5.872086909610859E-010
          41  8.563555435690668E-010
          42  5.755635105647796E-009
          43  4.687745824974415E-010
          44  9.954424756091112E-010
          45  4.499141765596182E-009
          46  7.512178813960592E-009
          47  8.137515650330714E-009
          48  5.950434005635132E-009
          49  5.319512066650490E-010
          50  3.096590771620094E-009
          51  1.517285223523880E-009
          52  6.143313762620245E-009
          53  2.302845476061005E-010
          54  6.000465460585469E-010
          55  3.551755514497623E-010
          56  3.821527412725415E-010
          57  9.703262327518375E-011
          58  1.996206544980073E-010
          59  1.376011622598333E-010
          60  1.660695441160375E-010
          61  1.785171493803943E-010
          62  8.274338252770695E-010
          63  3.373778243975400E-010
          64  3.599634225527227E-010
          65  3.091376364283272E-010
          66  4.338745302803450E-010
          67  5.892647517341494E-010
          68  8.378431400597429E-010
          69  1.571250717828439E-010
          70  4.719724753414954E-010
          71  1.622551910726355E-010
          72  2.021588032491994E-010
          73  2.222283467920426E-010
          74  4.525445561953396E-010
          75  1.085884856496207E-009
          76  2.864601329178929E-009
          77  5.645696585838349E-009
          78  1.021842216943135E-008
          79  7.885105601608395E-009
          80  3.091707580396711E-008
          81  1.238283664680026E-008
          82  1.019495608169466E-008
          83  4.204597189400259E-009
          84  4.908647153510560E-009
          85  3.290582993779641E-009
          86  3.546295931997335E-009
          87  2.421518679347341E-009
          88  5.785244412452158E-009
          89  2.639148105521500E-009
          90  5.081927486487162E-009
          91  3.295944540877426E-009
          92  2.756075864564434E-009
          93  2.304148454167109E-009
          94  5.332866212024950E-009
          95  2.664928695672356E-009
          96  3.345572822549532E-009
          97  1.432463398252084E-009
          98  1.324782796611573E-009
          99  1.469919276858400E-009
         100  1.257902056226965E-009
         101  9.568160114450881E-010
         102  1.655808585321591E-009
         103  1.559446193208855E-009
         104  1.492578054312639E-009
         105  1.604348386015650E-009
         106  2.065330105905035E-009
         107  1.623032617510139E-009
         108  5.534284196519573E-009
         109  2.494345754021768E-009
         110  6.874063893150536E-009
         111  4.817003979864790E-009
         112  6.199406720066395E-009
         113  3.053076042520090E-009
         114  2.354481962820354E-009
         115  1.232719900919267E-009
         116  1.272378371944829E-009
         117  1.165421951573880E-009
         118  1.255746161241855E-009
         119  4.663070296484881E-010
         120  6.731359313153144E-010
         121  5.444200354075014E-010
         122  7.291639734994546E-010
         123  6.507731621759536E-010
         124  2.005280290867208E-008
         125  8.289303377031572E-008
         126  6.708634994250809E-007
         127  3.493946880156345E-006
         128  2.880167591585128E-005
         129  1.379376028668014E-004
         130  3.257727114581342E-004
         131  1.049123346748257E-003
         132  9.995429998086679E-004
         133  3.277064478237216E-005
         134  8.249117568041652E-005
         135  8.215533491794650E-005
         136  1.980166639763011E-004
         137  1.063281199277762E-004
         138  8.912282015288665E-005
         139  1.464396825343153E-005
         140  3.407891878731357E-005
         141  2.502985597220798E-005
         142  9.876830163391036E-006
         143  1.629673634860137E-006
         144  5.661922975516537E-006
         145  2.159700631830220E-006
         146  1.022652269366468E-005
         147  1.562569306446381E-005
         148  3.715926431147331E-005
         149  2.433091971465515E-005
         150  3.484509022688426E-005
         151  2.534899605159652E-005
         152  3.251910043647723E-005
         153  1.059939301431309E-005
         154  8.052832158413116E-005
         155  3.846921449439216E-005
         156  4.903789480082631E-005
         157  2.291131288885827E-005
         158  5.498244596138924E-005
         159  3.565562543278726E-005
         160  9.097531184286994E-005
         161  4.473270396768308E-005
         162  7.021148306372489E-005
         163  3.667593704189043E-005
         164  8.798681025414517E-005
         165  4.821108901350662E-005
         166  2.333233640902412E-004
         167  4.473070671427618E-005
         168  2.724366756218955E-005
         169  2.679820575387420E-005
         170  6.473123324172796E-005
         171  4.158488000091627E-005
         172  4.882322699012330E-005
         173  2.814672951483862E-005
         174  5.461679011165190E-005
         175  1.964432183480280E-005
         176  2.226192350071879E-005
         177  1.238219756010110E-005
         178  2.202829036904910E-005
         179  8.666548042927095E-006
         180  1.424319930719101E-005
         181  6.422894533748323E-006
         182  1.297249867876490E-005
         183  6.513327068630952E-006
         184  1.150777850796047E-005
         185  3.642816941794878E-006
         186  1.412663504040603E-005
         187  4.146769561847635E-006
         188  1.393587608384191E-005
         189  1.258233608726493E-005
         190  2.568576500397477E-005
         191  2.955941503405617E-005
         192  1.040373614150331E-004
         193  1.341208965131327E-004
         194  3.185168851833295E-004
         195  2.127136680570693E-004
         196  3.960051511623516E-004
         197  2.003846844500947E-004
         198  1.385799451098861E-004
         199  1.076108616679941E-005
         200  2.043045725508946E-006
         201  9.125574110745135E-008
         202  1.189754558014830E-007
         203  2.899929926638695E-008
         204  7.828211990103588E-008
         205  6.428073041039454E-008
         206  2.367991066468598E-006
         207  1.502218087229024E-006
         208  2.567635101003502E-006
         209  1.671009158604985E-006
         210  1.038737567572110E-015
         226  7.356240079383647E-014
         227  5.612534027035903E-015
         230  3.466626895996876E-012
         231  8.425548390590409E-012
         232  6.357139901574523E-007
         234  1.128703942199672E-011
         235  1.810534041220404E-007
         236  1.933199084889473E-009
         238  2.054082889388333E-007
         240  3.760700298437016E-013
         244  4.590698331749011E-009
