           1  7.416960587255373E-005
           2  6.470609901488105E-012
           3  1.574717819390911E-008
           4  8.303572635829607E-005
           6  5.674563962362780E-015
           7  3.114017005274736E-012
           8  2.708281752318958E-013
           9  1.912633244112939E-009
          10  2.713051082138141E-014
          14  2.301950512206069E-015
          15  2.179576020536630E-012
          16  1.268780687499769E-009
          17  9.372303567473974E-011
          18  4.535717618905333E-010
          19  2.048737373725875E-010
          20  4.679542378231422E-009
          21  7.659410147271727E-010
          22  1.637760671655271E-009
          23  4.909130714844863E-009
          24  1.137234468468912E-008
          25  1.382938901341360E-008
          26  1.213121813518503E-008
          27  2.603381653274508E-009
          28  1.593326992113187E-009
          29  8.537997707951540E-010
          30  2.732964720571387E-009
          31  4.766422845022018E-010
          32  6.186298762589557E-010
          33  8.068780607573699E-010
          34  4.377140235798371E-009
          35  2.909478841986009E-010
          36  1.151142294978123E-009
          37  7.940108896631529E-010
          38  1.070233243286171E-009
          39  3.045136984514019E-010
          40  6.241740294573157E-010
          41  8.877715177114671E-010
          42  6.138330841924097E-009
          43  5.280789696941790E-010
          44  9.867979742381364E-010
          45  4.368973188204930E-009
          46  7.392589120918312E-009
          47  8.091582269773292E-009
          48  6.000950590580742E-009
          49  5.189785567335259E-010
          50  3.120036983177737E-009
          51  1.563248654210010E-009
          52  6.363827404266305E-009
          53  2.210579698896798E-010
          54  5.385728788539193E-010
          55  3.537786727454959E-010
          56  4.053628727438614E-010
          57  1.072875594936864E-010
          58  2.121873008047047E-010
          59  1.476148349219322E-010
          60  1.696117076722806E-010
          61  1.751866369466424E-010
          62  8.387410624760281E-010
          63  3.433790908583387E-010
          64  3.600381719627648E-010
          65  3.054492999070180E-010
          66  4.349710692720474E-010
          67  5.762266126477593E-010
          68  8.507911275822660E-010
          69  1.590288808525121E-010
          70  4.787568750910939E-010
          71  1.654667896559024E-010
          72  2.049940484792413E-010
          73  2.140050772950375E-010
          74  4.342696171584526E-010
          75  1.025675424170793E-009
          76  2.765301771769469E-009
          77  5.477885944250461E-009
          78  1.025727530581135E-008
          79  8.031743415273360E-009
          80  3.247882185094813E-008
          81  1.235047446936292E-008
          82  1.096846108133281E-008
          83  4.795587059038863E-009
          84  5.227362783854232E-009
          85  3.522952396085373E-009
          86  3.824142876427928E-009
          87  2.552639693980664E-009
          88  6.178270332468423E-009
          89  2.787952711784079E-009
          90  5.340711707699575E-009
          91  3.629783797750208E-009
          92  2.957765553398883E-009
          93  2.444980924527184E-009
          94  5.739613002175999E-009
          95  2.972626392479380E-009
          96  3.546365681076859E-009
          97  1.547662554914996E-009
          98  1.424570313370693E-009
          99  1.585947797799566E-009
         100  1.405654376003856E-009
         101  1.043099593645328E-009
         102  1.825460338169444E-009
         103  1.727112044885815E-009
         104  1.682480481356214E-009
         105  1.779094966045415E-009
         106  2.266061071659940E-009
         107  1.743998588839856E-009
         108  5.888146431564919E-009
         109  2.611489323811060E-009
         110  7.151963651290818E-009
         111  5.125416474648766E-009
         112  6.830584373226230E-009
         113  3.466574046250145E-009
         114  2.747773232679821E-009
         115  1.435344617429660E-009
         116  1.496895270411151E-009
         117  1.371744333731649E-009
         118  1.477526576329969E-009
         119  5.266793110072467E-010
         120  7.396326451827597E-010
         121  6.039698849103342E-010
         122  7.768808273431710E-010
         123  7.010226702996795E-010
         124  1.913006373966465E-008
         125  8.387773168752372E-008
         126  6.797220580529215E-007
         127  3.442191847657724E-006
         128  2.803651290292092E-005
         129  1.380689864613510E-004
         130  3.364729447330040E-004
         131  1.112260096618552E-003
         132  1.050735957057373E-003
         133  3.303013054059708E-005
         134  8.273113320912809E-005
         135  8.798151461728808E-005
         136  2.248013682386898E-004
         137  1.202848100153506E-004
         138  8.492124397081913E-005
         139  1.454711664356949E-005
         140  3.320526569371491E-005
         141  2.475255827364061E-005
         142  9.820969275497120E-006
         143  1.739768507966341E-006
         144  7.846671963085585E-006
         145  3.872063299186495E-006
         146  1.352391383006988E-005
         147  8.740465599856685E-006
         148  1.224154393251479E-005
         149  8.673016094692986E-006
         150  1.931193796736483E-005
         151  1.422011651657300E-005
         152  3.488466695779847E-005
         153  1.442874379945222E-005
         154  3.124161036268672E-005
         155  1.591049846003500E-005
         156  3.732298160265949E-005
         157  2.392099962571033E-005
         158  7.015273757578463E-005
         159  3.430880851915242E-005
         160  4.982011326313458E-005
         161  2.530158946991752E-005
         162  1.036501474460653E-004
         163  4.440482917267266E-005
         164  8.270971328039915E-005
         165  5.458932580543215E-005
         166  9.755781404403646E-005
         167  3.443550611084799E-005
         168  7.471361134434437E-005
         169  4.921584380033543E-005
         170  4.244406804539615E-005
         171  2.560409448484173E-005
         172  3.673889613844906E-005
         173  2.260464862859662E-005
         174  4.798801094860223E-005
         175  1.873241478428769E-005
         176  2.336519984313215E-005
         177  1.235779610575169E-005
         178  1.608282127205098E-005
         179  7.126250464156681E-006
         180  1.331722030972355E-005
         181  6.219375627642701E-006
         182  1.337164068586309E-005
         183  6.999194543323221E-006
         184  1.282623390191802E-005
         185  4.094964019604984E-006
         186  1.561527967577041E-005
         187  4.566354463470899E-006
         188  1.504505081677823E-005
         189  1.296936709170142E-005
         190  2.717762552034903E-005
         191  2.989206332193730E-005
         192  1.053974338412793E-004
         193  1.363566490940285E-004
         194  3.346341144138486E-004
         195  2.291714083253623E-004
         196  4.307760184137739E-004
         197  2.244988190295042E-004
         198  1.618973125472601E-004
         199  1.311090454950377E-005
         200  2.334047503729757E-006
         201  8.721746516845425E-008
         202  1.047030065883083E-007
         203  2.557284602938122E-008
         204  8.763765357225998E-008
         205  7.733051550567967E-008
         206  2.358701291083317E-006
         207  1.551648409247805E-006
         208  2.588366949263805E-006
         209  1.640576281113674E-006
         226  6.700802147592191E-014
         227  5.168885274730675E-015
         230  3.157751881249504E-012
         231  7.759541910635602E-012
         232  5.955278566852653E-007
         234  1.028136890350244E-011
         235  1.667418442361793E-007
         236  1.696307595810976E-009
         238  1.871064958187029E-007
         240  3.292879303251594E-013
         244  4.019627815162658E-009
