           1  7.446201244774849E-005
           2  6.470609901488105E-012
           3  1.574717819390911E-008
           4  8.133458096475614E-005
           6  5.674563962362780E-015
           7  3.114017005274736E-012
           8  2.708281752318958E-013
           9  1.912633244112939E-009
          10  2.713051082138141E-014
          14  2.073686284915804E-015
          15  2.004902525463754E-012
          16  1.197092823929480E-009
          17  8.966036256698150E-011
          18  4.688676910005657E-010
          19  2.280014607728397E-010
          20  4.532578931386129E-009
          21  7.243470014339831E-010
          22  1.601321760060720E-009
          23  4.798471203624567E-009
          24  1.112769903074726E-008
          25  1.375693479705846E-008
          26  1.242506055173734E-008
          27  2.535708239481805E-009
          28  1.517037199500856E-009
          29  8.961938472545275E-010
          30  2.723229550540842E-009
          31  4.595312219561086E-010
          32  6.376318084969080E-010
          33  7.667304042484273E-010
          34  4.233470530533880E-009
          35  3.035901653649321E-010
          36  1.285343041411109E-009
          37  8.185002329208896E-010
          38  1.090675521203706E-009
          39  2.905653041342443E-010
          40  6.125865265137838E-010
          41  8.920936235333886E-010
          42  5.753451382118740E-009
          43  4.864588617058193E-010
          44  1.009784395742055E-009
          45  4.445511190054747E-009
          46  7.512541208857821E-009
          47  8.206983424947587E-009
          48  6.058722012754226E-009
          49  5.229992705217180E-010
          50  3.144994166287792E-009
          51  1.565314294308116E-009
          52  6.247612990224729E-009
          53  2.147695711582913E-010
          54  5.237059854962329E-010
          55  3.124783552507447E-010
          56  3.799463875112899E-010
          57  9.941507853544973E-011
          58  2.140025526381885E-010
          59  1.463134857179266E-010
          60  1.708908480548653E-010
          61  1.744294941355463E-010
          62  8.082869256652734E-010
          63  3.359203660860232E-010
          64  3.713607917749640E-010
          65  3.184243690852970E-010
          66  4.468100737935234E-010
          67  5.773444882537281E-010
          68  7.997199538581791E-010
          69  1.500898147630000E-010
          70  4.515341455797417E-010
          71  1.569575943021059E-010
          72  2.027165548908538E-010
          73  2.297177499012722E-010
          74  4.432843070582740E-010
          75  1.017790952297578E-009
          76  2.735166918936090E-009
          77  5.637871815755335E-009
          78  1.033411973983205E-008
          79  7.983012577505665E-009
          80  3.108924479079888E-008
          81  1.285929802952044E-008
          82  1.102197451730381E-008
          83  4.660715451747918E-009
          84  5.192699851814465E-009
          85  3.482621408616675E-009
          86  3.752893876681387E-009
          87  2.464641988306440E-009
          88  5.876927947363553E-009
          89  2.621243483623502E-009
          90  4.997881524313034E-009
          91  3.447322526621206E-009
          92  2.959823654554276E-009
          93  2.423023578909567E-009
          94  5.316611900862961E-009
          95  2.801028750088574E-009
          96  3.724370587169482E-009
          97  1.623495323362229E-009
          98  1.479672893549608E-009
          99  1.617973404673274E-009
         100  1.395543104169306E-009
         101  1.018679227662013E-009
         102  1.739954486613671E-009
         103  1.632963336484805E-009
         104  1.583611419767797E-009
         105  1.694917643410918E-009
         106  2.144679739558594E-009
         107  1.656524077468950E-009
         108  5.706003625847254E-009
         109  2.573315374202383E-009
         110  7.075090746009017E-009
         111  5.021845990077514E-009
         112  6.579261172972660E-009
         113  3.298692618538854E-009
         114  2.577463072931402E-009
         115  1.339101199448938E-009
         116  1.387742897610596E-009
         117  1.270815917488106E-009
         118  1.381706804417265E-009
         119  5.149441412956539E-010
         120  7.456151266434078E-010
         121  6.113585550498674E-010
         122  7.752856699017488E-010
         123  7.045112830548172E-010
         124  1.878815694391972E-008
         125  8.465587479907237E-008
         126  6.833510878259016E-007
         127  3.487875194435867E-006
         128  2.855489411002482E-005
         129  1.386315145476641E-004
         130  3.319469925726544E-004
         131  1.087361414105728E-003
         132  1.036917367129304E-003
         133  3.402771387452241E-005
         134  8.521173099448708E-005
         135  8.369524065563369E-005
         136  2.172952002637229E-004
         137  1.169161989999068E-004
         138  8.459057574096718E-005
         139  1.484607496949327E-005
         140  3.423401108856543E-005
         141  2.536327096422377E-005
         142  9.573505953255986E-006
         143  1.893885505565711E-006
         144  1.071920470065743E-005
         145  6.203133480290775E-006
         146  2.282674682835039E-005
         147  1.335855185955569E-005
         148  1.544425151107422E-005
         149  1.120373885301851E-005
         150  3.394254035845842E-005
         151  1.578259791229813E-005
         152  4.073693641594711E-005
         153  2.386143091013758E-005
         154  3.605907373801264E-005
         155  1.630802180046201E-005
         156  3.303533996221673E-005
         157  1.693862523155043E-005
         158  3.865148203637362E-005
         159  1.739329637259096E-005
         160  3.371371310359697E-005
         161  2.301311143575910E-005
         162  9.373867179979040E-005
         163  4.850090396521770E-005
         164  1.146397655720485E-004
         165  6.952608540807616E-005
         166  1.195599618128394E-004
         167  5.539656297904529E-005
         168  8.862356036031404E-005
         169  2.929965750227892E-005
         170  3.240414829677038E-005
         171  2.024985307747813E-005
         172  6.846149443885290E-005
         173  3.657492230231440E-005
         174  4.475786890306814E-005
         175  2.026224942258551E-005
         176  2.049116774341513E-005
         177  1.205886661755292E-005
         178  2.372751631033308E-005
         179  1.289620674764737E-005
         180  2.311016263092293E-005
         181  9.061106262505363E-006
         182  1.554898921802513E-005
         183  7.238058819428825E-006
         184  1.211698983087729E-005
         185  3.731328613984775E-006
         186  1.380188706703854E-005
         187  4.121101370991772E-006
         188  1.403827189511969E-005
         189  1.231962754954077E-005
         190  2.545069373405817E-005
         191  2.816198658324032E-005
         192  1.014542919853526E-004
         193  1.343158131271076E-004
         194  3.289020585053505E-004
         195  2.231204076081580E-004
         196  4.168885737471809E-004
         197  2.143041940907334E-004
         198  1.510767533188955E-004
         199  1.202860170589726E-005
         200  2.146161370235176E-006
         201  8.423120911225554E-008
         202  1.037420293892733E-007
         203  2.516756499046012E-008
         204  8.004170139859057E-008
         205  6.921387383718815E-008
         206  2.198338015512948E-006
         207  1.418180522917233E-006
         208  2.363555840064671E-006
         209  1.529798032865405E-006
         226  6.222442898210515E-014
         227  4.835596355329436E-015
         230  2.932325165704580E-012
         231  7.259207853873408E-012
         232  5.623358737018697E-007
         234  9.547398879769862E-012
         235  1.559903560272750E-007
         236  1.583287702667831E-009
         238  1.737492706801523E-007
         240  3.074390234103569E-013
         244  3.752917541637247E-009
