           1  7.411291677770025E-005
           2  6.470609901488105E-012
           3  1.574717819390911E-008
           4  8.020402086148685E-005
           6  5.674563962362780E-015
           7  3.114017005274736E-012
           8  2.708281752318958E-013
           9  1.912633244112939E-009
          10  2.713051082138141E-014
          14  2.333778131401633E-015
          15  2.226981554468319E-012
          16  1.265161495908715E-009
          17  9.356077916246726E-011
          18  4.670942541217381E-010
          19  2.222731330340422E-010
          20  4.619506547611962E-009
          21  7.563559030868369E-010
          22  1.701073185451934E-009
          23  4.860306233758247E-009
          24  1.128836860439663E-008
          25  1.374345825865423E-008
          26  1.237982492538658E-008
          27  2.639873295235366E-009
          28  1.598305024982031E-009
          29  8.812832914018990E-010
          30  2.787001443052932E-009
          31  4.825260063044852E-010
          32  6.381314282020974E-010
          33  7.770396485427991E-010
          34  4.392934958157255E-009
          35  2.998075625278961E-010
          36  1.208209688597700E-009
          37  7.800265797887150E-010
          38  1.036817637158355E-009
          39  2.878822675552624E-010
          40  6.197584436588492E-010
          41  9.055240494607086E-010
          42  6.052493138601509E-009
          43  5.193973717936027E-010
          44  9.751465535457895E-010
          45  4.288355202608184E-009
          46  7.434460971426720E-009
          47  8.264454785385831E-009
          48  6.154667693056444E-009
          49  4.991490446632042E-010
          50  3.121056685825734E-009
          51  1.580273687838190E-009
          52  6.279792883763714E-009
          53  2.097229631866972E-010
          54  5.005599098615713E-010
          55  3.253665411012703E-010
          56  3.874032243386656E-010
          57  1.022408473954841E-010
          58  2.079056170328467E-010
          59  1.430555923064811E-010
          60  1.637000980187893E-010
          61  1.684663835983529E-010
          62  8.092348865246737E-010
          63  3.347587866820887E-010
          64  3.628804852174952E-010
          65  3.088227734278809E-010
          66  4.353243861038913E-010
          67  5.790422651554073E-010
          68  8.423216756022907E-010
          69  1.574368845647779E-010
          70  4.738456513563158E-010
          71  1.628932326443264E-010
          72  2.013190789712947E-010
          73  2.137672757056793E-010
          74  4.241976616168694E-010
          75  9.874252287130472E-010
          76  2.698054606730290E-009
          77  5.452225837071921E-009
          78  1.043411107151976E-008
          79  8.094078331779984E-009
          80  3.233461534226118E-008
          81  1.260255847758809E-008
          82  1.109244606330503E-008
          83  4.816644643786227E-009
          84  5.377300824134326E-009
          85  3.592700092281281E-009
          86  3.871017719168432E-009
          87  2.501817553966353E-009
          88  6.033959525519821E-009
          89  2.774569119819431E-009
          90  5.371457865144756E-009
          91  3.620907253420058E-009
          92  2.975179481877661E-009
          93  2.455832993495820E-009
          94  5.652978778337099E-009
          95  2.959278081297388E-009
          96  3.671746987818950E-009
          97  1.603769348176119E-009
          98  1.461674666097267E-009
          99  1.614142585098436E-009
         100  1.421217955170938E-009
         101  1.048848919157395E-009
         102  1.817346165122008E-009
         103  1.713460856034317E-009
         104  1.675871428090032E-009
         105  1.771014360471943E-009
         106  2.230576611818882E-009
         107  1.714832278623687E-009
         108  5.824356258069118E-009
         109  2.607399767654347E-009
         110  7.239502580394315E-009
         111  5.205735882252436E-009
         112  6.957549495083003E-009
         113  3.524101562110179E-009
         114  2.794589800167518E-009
         115  1.462919391403872E-009
         116  1.517928138336065E-009
         117  1.343511691132890E-009
         118  1.452884214618986E-009
         119  5.452531255441554E-010
         120  7.734975271722868E-010
         121  6.346599392465098E-010
         122  7.887414557595525E-010
         123  7.197273153304030E-010
         124  1.809324691675759E-008
         125  8.387198626787862E-008
         126  6.750944827275408E-007
         127  3.419326959023147E-006
         128  2.800278405014701E-005
         129  1.384872312423515E-004
         130  3.419034122850426E-004
         131  1.114577458101621E-003
         132  1.059339900749911E-003
         133  3.312693953963820E-005
         134  8.238255681058450E-005
         135  8.625484215636460E-005
         136  2.227205879331529E-004
         137  1.194063956182783E-004
         138  8.536415969416114E-005
         139  1.468437158166566E-005
         140  3.343308402335010E-005
         141  2.457268973974720E-005
         142  9.695157023642549E-006
         143  1.579068283546606E-006
         144  5.517287696216751E-006
         145  1.967819738241977E-006
         146  8.417283878911605E-006
         147  1.285005571930929E-005
         148  2.538990453207755E-005
         149  1.634432562054359E-005
         150  3.178368693025307E-005
         151  4.077227926637026E-005
         152  6.063273564239692E-005
         153  1.821542559655263E-005
         154  3.538450755402478E-005
         155  1.706162825286790E-005
         156  2.466927815033743E-005
         157  1.116975456924076E-005
         158  2.848266710967320E-005
         159  1.406115591411492E-005
         160  3.440468772690481E-005
         161  2.074576810894070E-005
         162  1.036220887304236E-004
         163  3.856513555305749E-005
         164  4.435170517549431E-005
         165  2.893043102319657E-005
         166  5.940435587534633E-005
         167  2.223581730606700E-005
         168  7.484987160761449E-005
         169  4.698345475302767E-005
         170  7.989303814874263E-005
         171  3.595652349918036E-005
         172  6.203595652938611E-005
         173  3.494956251847677E-005
         174  7.015531424818747E-005
         175  2.719266255246392E-005
         176  3.222279921767440E-005
         177  1.563665668288512E-005
         178  2.356522467195313E-005
         179  6.852658424094311E-006
         180  9.405923642600411E-006
         181  4.989581342540072E-006
         182  1.195293110739407E-005
         183  6.408934323946926E-006
         184  1.192192860009219E-005
         185  3.826142038874146E-006
         186  1.458967040331889E-005
         187  4.291217687554817E-006
         188  1.432090717231027E-005
         189  1.242297649347982E-005
         190  2.611267892587329E-005
         191  2.897212877520785E-005
         192  1.033482723460176E-004
         193  1.347015230984996E-004
         194  3.323167778850438E-004
         195  2.303573833486179E-004
         196  4.374981442948556E-004
         197  2.274467815787486E-004
         198  1.633703205300625E-004
         199  1.313716263425060E-005
         200  2.327470216441236E-006
         201  8.852528899836635E-008
         202  1.051727438941456E-007
         203  2.504254100219471E-008
         204  9.023063510225339E-008
         205  7.936666534014550E-008
         206  2.168564928406249E-006
         207  1.425006832719531E-006
         208  2.355913267349919E-006
         209  1.489933182173922E-006
         226  5.721868645449255E-014
         227  4.481385280713398E-015
         230  2.696429633565949E-012
         231  6.727465411817053E-012
         232  5.207887717914138E-007
         234  8.779343288383248E-012
         235  1.445639449751484E-007
         236  1.444200541215177E-009
         238  1.597717360106828E-007
         240  2.802505240108118E-013
         244  3.421026699689206E-009
