           1  7.438230011204804E-005
           2  6.470609901488105E-012
           3  1.574717819390911E-008
           4  8.129154904654304E-005
           6  5.674563962362780E-015
           7  3.114017005274736E-012
           8  2.708281752318958E-013
           9  1.912633244112939E-009
          10  2.713051082138141E-014
          14  2.115908114105571E-015
          15  2.075993879189979E-012
          16  1.237318084941208E-009
          17  9.205285354899613E-011
          18  4.538424348500890E-010
          19  2.052245250580622E-010
          20  4.650112983675819E-009
          21  7.678737376818194E-010
          22  1.540546024243047E-009
          23  4.900179675075103E-009
          24  1.132884003829787E-008
          25  1.377452436692420E-008
          26  1.201640670395704E-008
          27  2.667322571104092E-009
          28  1.592911551878874E-009
          29  8.197943317876797E-010
          30  2.623994142024360E-009
          31  4.768781229524013E-010
          32  6.259825594838701E-010
          33  7.770994330032903E-010
          34  4.395606428992511E-009
          35  2.976012915484266E-010
          36  1.167588814031404E-009
          37  8.292345732473287E-010
          38  1.108616305897485E-009
          39  3.081691969769543E-010
          40  6.077270379449272E-010
          41  8.479487390192754E-010
          42  5.985218582690284E-009
          43  5.216402964635564E-010
          44  9.690258719128309E-010
          45  4.374779055351775E-009
          46  7.437032507684753E-009
          47  8.142037781395863E-009
          48  6.022267611511802E-009
          49  5.342039277912220E-010
          50  3.114508308701594E-009
          51  1.548514492258396E-009
          52  6.271614702724179E-009
          53  2.279033622923585E-010
          54  5.627341312431167E-010
          55  3.622656389905152E-010
          56  4.078645784513450E-010
          57  1.101397547451992E-010
          58  1.982893142461851E-010
          59  1.421418332052133E-010
          60  1.696416349671037E-010
          61  1.741327868016365E-010
          62  8.472849029632901E-010
          63  3.463487882192680E-010
          64  3.456890570747509E-010
          65  2.954647084298159E-010
          66  4.363448781321785E-010
          67  5.791458642082226E-010
          68  8.733660574220186E-010
          69  1.604353941181881E-010
          70  4.707629914816579E-010
          71  1.646814360972168E-010
          72  2.072581761741889E-010
          73  2.116787928045745E-010
          74  4.440143045773725E-010
          75  1.036985177240623E-009
          76  2.794593779038109E-009
          77  5.421687901457967E-009
          78  1.019219081025883E-008
          79  7.925191178397513E-009
          80  3.192953186432123E-008
          81  1.254705880471567E-008
          82  1.084294275619487E-008
          83  4.631304325122879E-009
          84  5.127871137706881E-009
          85  3.409643723537016E-009
          86  3.705431759305242E-009
          87  2.537101679633267E-009
          88  6.076504908409099E-009
          89  2.760990279527642E-009
          90  5.230236427290634E-009
          91  3.509527619557293E-009
          92  2.934759018461290E-009
          93  2.441407876656327E-009
          94  5.728844918486006E-009
          95  2.898963844819995E-009
          96  3.351358146738599E-009
          97  1.469138069477244E-009
          98  1.386640577281828E-009
          99  1.568363856981628E-009
         100  1.398816389314313E-009
         101  1.037157689177680E-009
         102  1.769672889125204E-009
         103  1.673505198983648E-009
         104  1.610987900789642E-009
         105  1.712944100852536E-009
         106  2.221776572217604E-009
         107  1.701754341829457E-009
         108  5.694393686261302E-009
         109  2.540827000217006E-009
         110  7.059468847916621E-009
         111  5.002480612726724E-009
         112  6.693757771974613E-009
         113  3.402191121782412E-009
         114  2.716498061178172E-009
         115  1.441286031190040E-009
         116  1.498621507028314E-009
         117  1.297676860615798E-009
         118  1.378985725161146E-009
         119  5.205113802731379E-010
         120  7.253516174431215E-010
         121  5.893454315397137E-010
         122  7.530899531137139E-010
         123  6.749505897370288E-010
         124  1.702137613258940E-008
         125  7.450151240956358E-008
         126  6.158793212537666E-007
         127  3.154791625568634E-006
         128  2.625727135259949E-005
         129  1.319511766960313E-004
         130  3.300004543683123E-004
         131  1.097842513770779E-003
         132  1.048082842760305E-003
         133  3.333107551071102E-005
         134  8.389114639875530E-005
         135  8.795148925180325E-005
         136  2.190933793327442E-004
         137  1.171128721591706E-004
         138  8.640181869731196E-005
         139  1.460973629115640E-005
         140  3.415747185556475E-005
         141  2.550228040320574E-005
         142  9.958070257018053E-006
         143  1.785864361430233E-006
         144  8.334393504732436E-006
         145  4.387751375976250E-006
         146  1.600153577562914E-005
         147  9.980115245226163E-006
         148  7.112369772891652E-006
         149  4.409734728503783E-006
         150  1.584365674176527E-005
         151  3.291584503309986E-005
         152  7.026332792894404E-005
         153  3.341060801775343E-005
         154  5.827852047693039E-005
         155  2.714356491526803E-005
         156  4.247431515728773E-005
         157  1.828207245935267E-005
         158  3.722644619542299E-005
         159  4.091754629355584E-005
         160  5.798856719808377E-005
         161  2.419285037750531E-005
         162  1.491646099475962E-004
         163  7.230359956249763E-005
         164  4.930589358347190E-005
         165  2.101860548328802E-005
         166  4.115726651668527E-005
         167  1.456192199455292E-005
         168  5.088265959270295E-005
         169  2.432887827005857E-005
         170  7.456048048444805E-005
         171  3.946975250990640E-005
         172  4.371096136014472E-005
         173  2.795431086433000E-005
         174  6.282630406033177E-005
         175  2.653026619692205E-005
         176  2.792533674959510E-005
         177  1.254119404881398E-005
         178  1.408289567591072E-005
         179  6.896730980772645E-006
         180  1.416096102603734E-005
         181  6.361257585126429E-006
         182  1.300140835544904E-005
         183  6.680775370011391E-006
         184  1.205394981560503E-005
         185  3.857639370455884E-006
         186  1.495397523376462E-005
         187  4.284333420392764E-006
         188  1.360488890901088E-005
         189  1.169308455839139E-005
         190  2.450255364792891E-005
         191  2.856431829875182E-005
         192  1.010742679723628E-004
         193  1.318649433240152E-004
         194  3.274349856867803E-004
         195  2.268832828216854E-004
         196  4.332329639404795E-004
         197  2.297111009464373E-004
         198  1.684666459896606E-004
         199  1.350724792970410E-005
         200  2.417536126705229E-006
         201  8.938941555554419E-008
         202  1.076577349870612E-007
         203  2.616270324654998E-008
         204  8.240225484515163E-008
         205  7.127768318597428E-008
         206  2.212649261947160E-006
         207  1.451817531831343E-006
         208  2.440062607367732E-006
         209  1.548504530637544E-006
         226  6.125205566461873E-014
         227  4.695789576278132E-015
         230  2.886502089527454E-012
         231  7.049329610542482E-012
         232  5.448972110080979E-007
         234  9.398202879517967E-012
         235  1.514803622981243E-007
         236  1.512891114140150E-009
         238  1.710341127027170E-007
         240  2.935880414895033E-013
         244  3.583838182605167E-009
