           1  7.431436809375564E-005
           2  6.470609901488105E-012
           3  1.574717819390911E-008
           4  8.067710851366279E-005
           6  5.674563962362780E-015
           7  3.114017005274736E-012
           8  2.708281752318958E-013
           9  1.912633244112939E-009
          10  2.713051082138141E-014
          14  2.172897924731734E-015
          15  2.088805194090508E-012
          16  1.278566171842040E-009
          17  9.427289687554653E-011
          18  4.419349238647662E-010
          19  1.893501021673894E-010
          20  4.808528197098752E-009
          21  7.891006753120752E-010
          22  1.504755754554260E-009
          23  5.023002386480126E-009
          24  1.155725150257878E-008
          25  1.404178099968255E-008
          26  1.167120768217019E-008
          27  2.566856254884140E-009
          28  1.580424317708887E-009
          29  8.077869926629884E-010
          30  2.600073212245952E-009
          31  4.712830356730199E-010
          32  6.053979594861421E-010
          33  8.305403833054127E-010
          34  4.338118103678345E-009
          35  2.916123163723362E-010
          36  1.140686565328936E-009
          37  8.090305113633577E-010
          38  1.086858160742482E-009
          39  3.145355538126289E-010
          40  6.140521811846715E-010
          41  8.480082091103491E-010
          42  6.195896878154407E-009
          43  5.437087407882369E-010
          44  1.010071993699643E-009
          45  4.553383355431691E-009
          46  7.447492521498440E-009
          47  7.940066091573509E-009
          48  5.820626287970575E-009
          49  5.414997338412649E-010
          50  3.117238329403947E-009
          51  1.545177896209569E-009
          52  6.198850825445941E-009
          53  2.308575510203988E-010
          54  5.731478331749183E-010
          55  3.770253170891893E-010
          56  4.320611343528710E-010
          57  1.182379843720889E-010
          58  2.086267719709184E-010
          59  1.494849257811067E-010
          60  1.789899788010299E-010
          61  1.849483619035183E-010
          62  8.926854153201716E-010
          63  3.619828549904230E-010
          64  3.485472031652300E-010
          65  2.930734310265533E-010
          66  4.367598648070564E-010
          67  5.736250316405781E-010
          68  8.714878057635967E-010
          69  1.600704760590113E-010
          70  4.728915933606150E-010
          71  1.656273611235137E-010
          72  2.105244069384915E-010
          73  2.154936247171239E-010
          74  4.634201500874973E-010
          75  1.105682341823643E-009
          76  2.884125317184554E-009
          77  5.405517252655882E-009
          78  1.005008764583663E-008
          79  8.010971230858357E-009
          80  3.262587426116274E-008
          81  1.241168174788842E-008
          82  1.068047193753714E-008
          83  4.608441567106311E-009
          84  5.176488244109891E-009
          85  3.457970899237799E-009
          86  3.787122352754761E-009
          87  2.654684526169113E-009
          88  6.227239593417584E-009
          89  2.739176650647233E-009
          90  5.195494651793754E-009
          91  3.651971695866453E-009
          92  3.045270825727020E-009
          93  2.495058375061668E-009
          94  5.804068275103683E-009
          95  2.939829229448435E-009
          96  3.231227207490002E-009
          97  1.422271333856510E-009
          98  1.352216316671843E-009
          99  1.523215020926556E-009
         100  1.365268866728351E-009
         101  1.012769889334275E-009
         102  1.777043157686394E-009
         103  1.716732402709336E-009
         104  1.677009348941228E-009
         105  1.799988331509695E-009
         106  2.375469156944897E-009
         107  1.811327518467522E-009
         108  6.010285451103092E-009
         109  2.649659286451258E-009
         110  7.097239762263473E-009
         111  4.990739820715922E-009
         112  6.614286684779958E-009
         113  3.371774586660529E-009
         114  2.687829046157522E-009
         115  1.412282802683336E-009
         116  1.453615116164257E-009
         117  1.244087852623182E-009
         118  1.308222638111460E-009
         119  4.934751548372364E-010
         120  6.827445643807687E-010
         121  5.533398736623164E-010
         122  7.170327471080689E-010
         123  6.648768882306760E-010
         124  1.800714163360735E-008
         125  8.142439785792459E-008
         126  6.746163681793328E-007
         127  3.419779276905984E-006
         128  2.800278209859133E-005
         129  1.379316336303141E-004
         130  3.317975741992667E-004
         131  1.112697838117955E-003
         132  1.038386707894427E-003
         133  3.280419685747173E-005
         134  8.205159667188360E-005
         135  8.716526457792688E-005
         136  2.187204533017141E-004
         137  1.168901367472552E-004
         138  8.428607269829741E-005
         139  1.470254726445725E-005
         140  3.363610940462929E-005
         141  2.487134849871153E-005
         142  9.364455970129145E-006
         143  1.497771406089425E-006
         144  5.341341249888695E-006
         145  2.398217551400910E-006
         146  1.050348039254519E-005
         147  1.318331616387037E-005
         148  2.182084345707096E-005
         149  1.372954383834167E-005
         150  2.414920616102376E-005
         151  2.264040335314464E-005
         152  4.660206171381412E-005
         153  2.101653022763959E-005
         154  3.583028464192420E-005
         155  1.684901603265679E-005
         156  1.971660153988520E-005
         157  1.013443483401298E-005
         158  3.461863364532874E-005
         159  3.270570028328715E-005
         160  5.098754178221959E-005
         161  2.130002634708628E-005
         162  6.707490788670766E-005
         163  9.228510974631601E-005
         164  1.108790780099261E-004
         165  5.218991145484423E-005
         166  1.422621918505093E-004
         167  3.063244971796566E-005
         168  3.957057521696617E-005
         169  2.229379660623843E-005
         170  3.725996455505226E-005
         171  3.044403544972626E-005
         172  4.719733277722246E-005
         173  3.229283987903022E-005
         174  7.137454633058541E-005
         175  2.641047088202272E-005
         176  3.600882135385759E-005
         177  1.697779570546209E-005
         178  1.690646620540293E-005
         179  7.541141183964345E-006
         180  1.468616475422329E-005
         181  6.693493671485118E-006
         182  1.420100844798239E-005
         183  7.569557222453996E-006
         184  1.410614730893340E-005
         185  4.543552759092115E-006
         186  1.774736380022180E-005
         187  5.086710890760686E-006
         188  1.612136367100010E-005
         189  1.364020285455778E-005
         190  2.816035465207665E-005
         191  3.080221726845561E-005
         192  1.061493687317953E-004
         193  1.367956219254208E-004
         194  3.358988904782832E-004
         195  2.224023881561246E-004
         196  4.069233002136417E-004
         197  2.146733622657011E-004
         198  1.555044708164606E-004
         199  1.257550881046591E-005
         200  2.248995093255382E-006
         201  8.201042859684281E-008
         202  9.967107357712512E-008
         203  2.487633634065498E-008
         204  8.205972655642549E-008
         205  7.196383140685149E-008
         206  2.165128489445555E-006
         207  1.444552532494747E-006
         208  2.417075924867807E-006
         209  1.505518498840310E-006
         226  5.916186716413970E-014
         227  4.481638781016782E-015
         230  2.788001991715651E-012
         231  6.727845967028463E-012
         232  5.197119405834429E-007
         234  9.077495021295268E-012
         235  1.445721225813157E-007
         236  1.494072502127670E-009
         238  1.651976794323254E-007
         240  2.902141703404242E-013
         244  3.542653234519697E-009
