           1  7.459544641286818E-005
           2  6.470609901488105E-012
           3  1.574717819390911E-008
           4  8.189254595359633E-005
           6  5.674563962362780E-015
           7  3.114017005274736E-012
           8  2.708281752318958E-013
           9  1.912633244112939E-009
          10  2.713051082138141E-014
          14  1.865868390557261E-015
          15  1.921859370337875E-012
          16  1.199792522893878E-009
          17  8.974833111953826E-011
          18  4.585382866961704E-010
          19  2.147823359854598E-010
          20  4.515424320163952E-009
          21  7.238489033581612E-010
          22  1.642206893723415E-009
          23  4.776496476489186E-009
          24  1.109554529106188E-008
          25  1.366322235760167E-008
          26  1.220229963500705E-008
          27  2.449008045719713E-009
          28  1.510556283964943E-009
          29  8.839825927726244E-010
          30  2.750193607165287E-009
          31  4.442715657107458E-010
          32  6.165660281479049E-010
          33  8.076128147795866E-010
          34  4.351213347862634E-009
          35  2.908155681875792E-010
          36  1.216551383991812E-009
          37  7.690998819766589E-010
          38  1.034075937314327E-009
          39  2.781173300347686E-010
          40  6.098193414808413E-010
          41  9.106916256627771E-010
          42  6.005784473252960E-009
          43  4.846248973334437E-010
          44  1.008899346260425E-009
          45  4.420758113232999E-009
          46  7.427770633269572E-009
          47  8.133344668708924E-009
          48  5.997681594158953E-009
          49  5.048997853517630E-010
          50  3.124180113807885E-009
          51  1.556739020393527E-009
          52  6.237545297714617E-009
          53  2.154923979143123E-010
          54  5.470066287074925E-010
          55  3.343426942184949E-010
          56  3.894763703845522E-010
          57  9.690383319410718E-011
          58  2.241566888172313E-010
          59  1.489865881211319E-010
          60  1.672377269491925E-010
          61  1.764903416701615E-010
          62  8.152734049637644E-010
          63  3.357819893819949E-010
          64  3.841374131135158E-010
          65  3.282809515358005E-010
          66  4.375864222683073E-010
          67  5.857412789901812E-010
          68  8.120899861000798E-010
          69  1.557945762128994E-010
          70  4.800137709248575E-010
          71  1.640013505047132E-010
          72  2.028918952219528E-010
          73  2.297287142128360E-010
          74  4.407447056785159E-010
          75  1.038313142563755E-009
          76  2.775732684932769E-009
          77  5.649555875100761E-009
          78  1.025624056215738E-008
          79  7.959309414735971E-009
          80  3.156772095927026E-008
          81  1.214948374651566E-008
          82  1.049352844486354E-008
          83  4.478980169858786E-009
          84  5.117369330608418E-009
          85  3.495949890187655E-009
          86  3.743818253171927E-009
          87  2.382547410023338E-009
          88  5.816516362094602E-009
          89  2.654639877572937E-009
          90  5.154198323025752E-009
          91  3.405961260662230E-009
          92  2.812917282771378E-009
          93  2.335478035423465E-009
          94  5.345415269791981E-009
          95  2.742878256464814E-009
          96  3.659081435182421E-009
          97  1.550671057453538E-009
          98  1.385106375267889E-009
          99  1.521606979407084E-009
         100  1.291377737470828E-009
         101  9.766919681613257E-010
         102  1.740367670757685E-009
         103  1.627902448501918E-009
         104  1.575485678177799E-009
         105  1.690056946500464E-009
         106  2.103060979234756E-009
         107  1.648050455925159E-009
         108  5.667619188836406E-009
         109  2.547767368943849E-009
         110  6.967566971298993E-009
         111  4.945267990769850E-009
         112  6.378113726767164E-009
         113  3.119701554742118E-009
         114  2.384825004000214E-009
         115  1.239656121262889E-009
         116  1.280858262127263E-009
         117  1.178961810612298E-009
         118  1.295921298900887E-009
         119  4.879270030505218E-010
         120  7.150377836173737E-010
         121  5.845242684845720E-010
         122  7.378529608628586E-010
         123  6.815629588775181E-010
         124  1.977560152147218E-008
         125  9.039736305691288E-008
         126  7.127740345630647E-007
         127  3.668434428477508E-006
         128  2.988646033003745E-005
         129  1.415067454675285E-004
         130  3.308752603131029E-004
         131  1.071486019263744E-003
         132  1.019919258082329E-003
         133  3.339424044453325E-005
         134  8.360903926723892E-005
         135  8.095923126598857E-005
         136  2.104105611163394E-004
         137  1.146130050997909E-004
         138  9.113668571931292E-005
         139  1.495745524002297E-005
         140  3.406451099239939E-005
         141  2.488821640195223E-005
         142  9.765596611464597E-006
         143  1.771052506636182E-006
         144  8.348960459321666E-006
         145  4.147660268604031E-006
         146  1.414301165836742E-005
         147  7.742308339954221E-006
         148  9.289138435066018E-006
         149  7.093203855631104E-006
         150  1.828741525308328E-005
         151  1.571904397124028E-005
         152  4.579487469283852E-005
         153  1.781652629049211E-005
         154  3.972851759511221E-005
         155  2.219894385611322E-005
         156  4.412548295089961E-005
         157  2.383086674631669E-005
         158  4.727075983772911E-005
         159  2.404116546224667E-005
         160  6.470817333705755E-005
         161  4.272906187594985E-005
         162  1.133569149037473E-004
         163  4.986406227475139E-005
         164  1.055549169908405E-004
         165  8.160889276243707E-005
         166  1.242237487407005E-004
         167  4.332840135855629E-005
         168  1.358129606099800E-004
         169  6.114225120309694E-005
         170  4.598410472285082E-005
         171  1.662705672641900E-005
         172  2.567165908937871E-005
         173  1.843872081248043E-005
         174  4.371552895884916E-005
         175  2.367036279583750E-005
         176  1.791450061225460E-005
         177  7.914005070482121E-006
         178  2.471462039753556E-005
         179  7.499420643390880E-006
         180  1.061620779710776E-005
         181  5.297408093979588E-006
         182  1.167650340358453E-005
         183  5.975220348508574E-006
         184  1.062178880626861E-005
         185  3.386860092428483E-006
         186  1.300153488609072E-005
         187  3.936137666092139E-006
         188  1.389579077738805E-005
         189  1.257961209030334E-005
         190  2.570880275496936E-005
         191  2.888742866452777E-005
         192  1.039612129659118E-004
         193  1.350393974483317E-004
         194  3.226122220314695E-004
         195  2.199858930725080E-004
         196  4.148830892871215E-004
         197  2.078183541217500E-004
         198  1.433012141330591E-004
         199  1.121379729152266E-005
         200  2.089094587240474E-006
         201  9.030392697133024E-008
         202  1.169765457222152E-007
         203  2.895119441202972E-008
         204  8.559519191876114E-008
         205  7.210976128506263E-008
         206  2.293142063374721E-006
         207  1.486606900882203E-006
         208  2.474020602490390E-006
         209  1.588658546912169E-006
         226  6.160493219210816E-014
         227  4.841640894714659E-015
         230  2.903131389930376E-012
         231  7.268281929655168E-012
         232  5.544314035142567E-007
         234  9.452346453325908E-012
         235  1.561853453897933E-007
         236  1.611276829131530E-009
         238  1.720194498170047E-007
         240  3.131724695938520E-013
         244  3.822905894180740E-009
