           1  7.409437988045675E-005
           2  6.470609901488105E-012
           3  1.574717819390911E-008
           4  8.203972073857611E-005
           6  5.674563962362780E-015
           7  3.114017005274736E-012
           8  2.708281752318958E-013
           9  1.912633244112939E-009
          10  2.713051082138141E-014
          14  2.343458793931191E-015
          15  2.273211926041019E-012
          16  1.274664451237426E-009
          17  9.401193829009112E-011
          18  4.611251046785500E-010
          19  2.149048579288375E-010
          20  4.754502271454385E-009
          21  7.675814882272611E-010
          22  1.539254437240309E-009
          23  4.991624263748352E-009
          24  1.149916878381359E-008
          25  1.405039181737488E-008
          26  1.200333618341431E-008
          27  2.505713820548285E-009
          28  1.564259606309614E-009
          29  8.751816631194500E-010
          30  2.688105092111911E-009
          31  4.631386896006903E-010
          32  6.660648833440564E-010
          33  8.419694633223746E-010
          34  4.400808606465066E-009
          35  2.895442072875965E-010
          36  1.154661326567673E-009
          37  7.911784336759447E-010
          38  1.068070826321826E-009
          39  2.959918286078464E-010
          40  6.245125403601110E-010
          41  9.044269105992584E-010
          42  6.047439952134075E-009
          43  5.136278686683813E-010
          44  1.023998010812457E-009
          45  4.570547004127005E-009
          46  7.523335227048644E-009
          47  8.074734891525853E-009
          48  5.907657646962771E-009
          49  5.106093736496935E-010
          50  3.068350782942472E-009
          51  1.541000463106841E-009
          52  6.346924746454455E-009
          53  2.265150788409628E-010
          54  5.560694313103196E-010
          55  3.467750619729208E-010
          56  3.947209194018255E-010
          57  1.039355922227727E-010
          58  2.054366259216550E-010
          59  1.426187016500491E-010
          60  1.728600464936709E-010
          61  1.842160335554995E-010
          62  8.595383209409926E-010
          63  3.481008387134324E-010
          64  3.592537135264547E-010
          65  3.028067631945533E-010
          66  4.350943911320238E-010
          67  5.806541936693422E-010
          68  8.373036179599324E-010
          69  1.546741368457615E-010
          70  4.620899099689548E-010
          71  1.592981215275144E-010
          72  1.996771434735740E-010
          73  2.156564225301716E-010
          74  4.444477533835365E-010
          75  1.069639761073722E-009
          76  2.803072440449327E-009
          77  5.499008431716017E-009
          78  1.029300425373090E-008
          79  8.151747194104723E-009
          80  3.227123235276153E-008
          81  1.267001423249888E-008
          82  1.088061904096027E-008
          83  4.685978037602037E-009
          84  5.353723264000597E-009
          85  3.558272851461339E-009
          86  3.872355069065919E-009
          87  2.678339513418889E-009
          88  6.260211989961845E-009
          89  2.792739237205250E-009
          90  5.429121097030632E-009
          91  3.737499112322392E-009
          92  3.091971071098897E-009
          93  2.529088991015277E-009
          94  5.719712385686787E-009
          95  2.965189909381934E-009
          96  3.554171212372099E-009
          97  1.550794187225364E-009
          98  1.435329736341944E-009
          99  1.592146147802386E-009
         100  1.404518312475120E-009
         101  1.038522983713334E-009
         102  1.821877507020707E-009
         103  1.735535339009290E-009
         104  1.702539569206610E-009
         105  1.826004564442928E-009
         106  2.362301961089303E-009
         107  1.821104589274203E-009
         108  6.210070244946644E-009
         109  2.738365555095337E-009
         110  7.345200488105261E-009
         111  5.222529593445266E-009
         112  6.855504080214808E-009
         113  3.455925255339795E-009
         114  2.710910050775982E-009
         115  1.402297841329665E-009
         116  1.451879921482316E-009
         117  1.324737382730504E-009
         118  1.411694315541268E-009
         119  5.060597635691646E-010
         120  7.117792718533829E-010
         121  5.810247029229432E-010
         122  7.414411523501527E-010
         123  6.982892716753915E-010
         124  1.950612541936378E-008
         125  9.197737918364813E-008
         126  7.413423652250230E-007
         127  3.719969172941264E-006
         128  2.996127588665912E-005
         129  1.447527370263792E-004
         130  3.417491972260629E-004
         131  1.107198902736233E-003
         132  1.058952912353267E-003
         133  3.336006871853402E-005
         134  8.306729008976796E-005
         135  9.009660762692591E-005
         136  2.258220831666179E-004
         137  1.202871664921498E-004
         138  8.731443912052148E-005
         139  1.493979245542682E-005
         140  3.315282557568985E-005
         141  2.434387294827141E-005
         142  9.663191499933976E-006
         143  1.743734257267474E-006
         144  8.226358501569463E-006
         145  4.488457462727294E-006
         146  1.617992841786085E-005
         147  1.019229146416936E-005
         148  1.171351286262688E-005
         149  9.590111892956377E-006
         150  4.040242233779103E-005
         151  1.465518945192468E-005
         152  1.517720954454673E-005
         153  6.488223996083332E-006
         154  4.174777801781287E-005
         155  2.283151339431025E-005
         156  8.560979871428023E-005
         157  3.288812180191410E-005
         158  3.235170533577075E-005
         159  1.618650066195540E-005
         160  4.321553569630294E-005
         161  2.203026514029267E-005
         162  5.076659036766001E-005
         163  4.252290396007299E-005
         164  7.803979214309851E-005
         165  5.284706506469302E-005
         166  9.443478497798555E-005
         167  3.249374637760753E-005
         168  8.204908987877967E-005
         169  3.459953411999773E-005
         170  5.354447690339195E-005
         171  2.268822318770174E-005
         172  4.110079774872388E-005
         173  2.363798194790525E-005
         174  4.412555536326352E-005
         175  2.220889289767891E-005
         176  3.020843286927038E-005
         177  1.024370427027867E-005
         178  1.208452451951627E-005
         179  4.138420592745166E-006
         180  7.616900459286871E-006
         181  4.340895596845178E-006
         182  1.109101082216702E-005
         183  6.279975403614753E-006
         184  1.230909224890447E-005
         185  4.063016644525437E-006
         186  1.600763424423609E-005
         187  4.730810260863493E-006
         188  1.600247712000974E-005
         189  1.401887023908968E-005
         190  2.924324936358101E-005
         191  3.144873673319478E-005
         192  1.110646527286451E-004
         193  1.446697463225690E-004
         194  3.541501345290113E-004
         195  2.355169740935011E-004
         196  4.317404288062385E-004
         197  2.232215617809804E-004
         198  1.588549687414707E-004
         199  1.283223432350127E-005
         200  2.304909582067976E-006
         201  9.141287347239013E-008
         202  1.091724136057675E-007
         203  2.567140705435533E-008
         204  9.011150328902396E-008
         205  7.922467884866309E-008
         206  2.303004336218746E-006
         207  1.507216328458572E-006
         208  2.525428771102144E-006
         209  1.583808702487071E-006
         226  6.033936756024965E-014
         227  4.695110128905828E-015
         230  2.843491678011259E-012
         231  7.048309622657041E-012
         232  5.487154489909442E-007
         234  9.258164673820037E-012
         235  1.514584441664774E-007
         236  1.533287055161979E-009
         238  1.684856137435998E-007
         240  2.977324238386933E-013
         244  3.634428784425959E-009
