           1  7.450212541699218E-005
           2  6.470609901488105E-012
           3  1.574717819390911E-008
           4  8.062537084988938E-005
           6  5.674563962362780E-015
           7  3.114017005274736E-012
           8  2.708281752318958E-013
           9  1.912633244112939E-009
          10  2.713051082138141E-014
          14  1.947913787267532E-015
          15  1.996635989183112E-012
          16  1.282251382629044E-009
          17  9.440612162753596E-011
          18  4.324926494836874E-010
          19  1.777224201115754E-010
          20  4.818853958606831E-009
          21  7.933557267462457E-010
          22  1.512298707064992E-009
          23  5.029098861662230E-009
          24  1.157493441529614E-008
          25  1.401217772420327E-008
          26  1.132020119592248E-008
          27  2.478563461774354E-009
          28  1.604301679502461E-009
          29  8.178622343241286E-010
          30  2.644515388778544E-009
          31  4.722648885679846E-010
          32  6.026679502051696E-010
          33  8.691589438332987E-010
          34  4.315711226562066E-009
          35  2.837375525531611E-010
          36  1.102503415809056E-009
          37  7.416190837462302E-010
          38  9.969463513884115E-010
          39  3.107575869142223E-010
          40  6.397878314465739E-010
          41  8.912210362717838E-010
          42  6.446880893267391E-009
          43  5.599341547354367E-010
          44  1.014349543978063E-009
          45  4.562726519545090E-009
          46  7.320312471405147E-009
          47  7.807893316959967E-009
          48  5.782355311548996E-009
          49  5.142559847977402E-010
          50  3.116640174296701E-009
          51  1.572873626778090E-009
          52  6.237378872042210E-009
          53  2.180071650784634E-010
          54  5.309515778518773E-010
          55  3.739784087607247E-010
          56  4.463804606805575E-010
          57  1.215592801621240E-010
          58  2.187494798279106E-010
          59  1.546134742396124E-010
          60  1.825093063232605E-010
          61  1.916606645133103E-010
          62  9.258080421359491E-010
          63  3.744637706788844E-010
          64  3.625006910662289E-010
          65  3.019847346564810E-010
          66  4.411298612028044E-010
          67  5.816978389210212E-010
          68  8.875389916789568E-010
          69  1.650906936273867E-010
          70  4.940478271953294E-010
          71  1.711656577794347E-010
          72  2.130455340307332E-010
          73  2.167312363211371E-010
          74  4.695090211498176E-010
          75  1.140777313331222E-009
          76  2.944094683448869E-009
          77  5.398281179723500E-009
          78  9.964651209439446E-009
          79  7.996031337452807E-009
          80  3.287566728445978E-008
          81  1.166715201419193E-008
          82  1.026081955610811E-008
          83  4.534874960426114E-009
          84  5.239693670093905E-009
          85  3.508101809689320E-009
          86  3.815072634050475E-009
          87  2.564590044876801E-009
          88  6.061110855227127E-009
          89  2.711164836989049E-009
          90  5.193976363691874E-009
          91  3.590912737342723E-009
          92  2.987914132128567E-009
          93  2.466054525443657E-009
          94  5.768680859836974E-009
          95  2.915373665982831E-009
          96  3.123052257555897E-009
          97  1.368629225754361E-009
          98  1.289176714559664E-009
          99  1.440979531869237E-009
         100  1.290258255603284E-009
         101  9.703401711800887E-010
         102  1.744503207395655E-009
         103  1.700097238702886E-009
         104  1.675735842804982E-009
         105  1.793192537603053E-009
         106  2.355027053213930E-009
         107  1.803029692251766E-009
         108  5.928713910285363E-009
         109  2.598207512605088E-009
         110  6.816952119451791E-009
         111  4.792079438337107E-009
         112  6.293529884117871E-009
         113  3.200182042882734E-009
         114  2.536991230262122E-009
         115  1.328816300230831E-009
         116  1.357863293264562E-009
         117  1.166248336375088E-009
         118  1.229962389662592E-009
         119  4.569978768906575E-010
         120  6.311200255065786E-010
         121  5.121556472313507E-010
         122  6.718713506856521E-010
         123  6.317872591452986E-010
         124  1.839683936244997E-008
         125  8.317864294749932E-008
         126  6.854372429207363E-007
         127  3.510278281598954E-006
         128  2.868686001390547E-005
         129  1.389515174959458E-004
         130  3.277084315629471E-004
         131  1.105231619500484E-003
         132  1.019011554956466E-003
         133  3.327327000138243E-005
         134  8.269522077990160E-005
         135  8.049497888289653E-005
         136  2.135743725073693E-004
         137  1.168941034745345E-004
         138  8.898919336111694E-005
         139  1.426777102644123E-005
         140  3.234149228339705E-005
         141  2.489833774942467E-005
         142  9.521726810862333E-006
         143  1.586334382019749E-006
         144  6.152087429584982E-006
         145  3.400006869207483E-006
         146  1.571517346329832E-005
         147  1.840326783862530E-005
         148  2.536180827927234E-005
         149  1.414334275654091E-005
         150  1.702871516566864E-005
         151  7.568754890644034E-006
         152  1.109093286043550E-005
         153  5.530726941969941E-006
         154  5.020421321711959E-005
         155  2.925181320755586E-005
         156  4.013007176362922E-005
         157  2.240217969243919E-005
         158  6.308140783100993E-005
         159  3.108300915698258E-005
         160  5.514365124535984E-005
         161  3.240039701886517E-005
         162  1.168979803566141E-004
         163  7.285743705867575E-005
         164  7.251425445142453E-005
         165  4.246753177116190E-005
         166  8.415844145907405E-005
         167  3.919846102667956E-005
         168  1.334268675002723E-004
         169  8.998195587822337E-005
         170  5.523251962024037E-005
         171  1.647955969060685E-005
         172  3.249963541615271E-005
         173  2.222869195032461E-005
         174  3.479879417139868E-005
         175  1.881161670989602E-005
         176  2.567941151488594E-005
         177  1.312546254916378E-005
         178  2.546582104369540E-005
         179  7.904863287243406E-006
         180  1.069273668588719E-005
         181  5.286077101158076E-006
         182  1.246600018103359E-005
         183  6.901269171877302E-006
         184  1.315620864281406E-005
         185  4.286763651337541E-006
         186  1.695385135483002E-005
         187  4.888407081036874E-006
         188  1.579902049605462E-005
         189  1.356833557311883E-005
         190  2.835719829467899E-005
         191  3.091343616469778E-005
         192  1.064401691672845E-004
         193  1.361138925297915E-004
         194  3.319498676439886E-004
         195  2.200629739832323E-004
         196  4.019237184584309E-004
         197  2.100378180554796E-004
         198  1.501798363986443E-004
         199  1.216610903224145E-005
         200  2.204106590645808E-006
         201  8.209164046390676E-008
         202  1.028282356983496E-007
         203  2.651980057879477E-008
         204  8.439231243699770E-008
         205  7.284278415758250E-008
         206  2.179765327838937E-006
         207  1.465491959758029E-006
         208  2.445034234595632E-006
         209  1.516597942289343E-006
         226  5.858695167870045E-014
         227  4.418406013195695E-015
         230  2.760909109166394E-012
         231  6.632920797295656E-012
         232  5.068685137951168E-007
         234  8.989282922744337E-012
         235  1.425323117203181E-007
         236  1.509321653807349E-009
         238  1.635923429441991E-007
         240  2.933193515231452E-013
         244  3.580558275985565E-009
