           1  7.397839561473658E-005
           2  6.470609901488105E-012
           3  1.574717819390911E-008
           4  8.247945782885990E-005
           6  5.674563962362780E-015
           7  3.114017005274736E-012
           8  2.708281752318958E-013
           9  1.912633244112939E-009
          10  2.713051082138141E-014
          14  2.387311276836731E-015
          15  2.314714443152703E-012
          16  1.296257020869568E-009
          17  9.538406210722310E-011
          18  4.316435227128781E-010
          19  1.736388175639228E-010
          20  4.814789114252937E-009
          21  8.014986291077822E-010
          22  1.526892996853701E-009
          23  5.020232170226583E-009
          24  1.157439132724642E-008
          25  1.394025684646082E-008
          26  1.178951568868941E-008
          27  2.659480167031662E-009
          28  1.624885344475232E-009
          29  7.704647727708749E-010
          30  2.612657531263821E-009
          31  4.782798737710344E-010
          32  5.756529052174802E-010
          33  8.407318023299067E-010
          34  4.392338703496026E-009
          35  2.872441699935073E-010
          36  1.086052140449279E-009
          37  8.585125876274324E-010
          38  1.175045018888436E-009
          39  3.440130929619184E-010
          40  6.192051219502956E-010
          41  8.218252698212812E-010
          42  6.302535891351857E-009
          43  5.607187730329124E-010
          44  9.779435405851919E-010
          45  4.418962334889970E-009
          46  7.357681569169791E-009
          47  7.885373039481993E-009
          48  5.811595505948061E-009
          49  5.671518031480592E-010
          50  3.137084289591736E-009
          51  1.532682195383429E-009
          52  6.332061030156664E-009
          53  2.411766036545480E-010
          54  6.071496414291433E-010
          55  4.195512746346391E-010
          56  4.478015792679346E-010
          57  1.219870886758350E-010
          58  2.121617067460836E-010
          59  1.514591244252150E-010
          60  1.772140366082230E-010
          61  1.832675631018132E-010
          62  8.945316867639616E-010
          63  3.623556133147309E-010
          64  3.469122420558242E-010
          65  2.880918113670621E-010
          66  4.277758030677396E-010
          67  5.690695155559925E-010
          68  8.961415615388176E-010
          69  1.670423939915398E-010
          70  4.938676927123613E-010
          71  1.716183355749271E-010
          72  2.119292772632643E-010
          73  2.057878456354770E-010
          74  4.463966774503601E-010
          75  1.076391013277680E-009
          76  2.861464089921237E-009
          77  5.365607005886143E-009
          78  9.913981408648001E-009
          79  7.914780501377487E-009
          80  3.307475653115240E-008
          81  1.228939494511360E-008
          82  1.091087079383802E-008
          83  4.789401563064585E-009
          84  5.005907075439814E-009
          85  3.408663035741802E-009
          86  3.757805344205143E-009
          87  2.660576177322829E-009
          88  6.484588096510089E-009
          89  2.861192568448355E-009
          90  5.335256015563936E-009
          91  3.691232712391541E-009
          92  2.963625555625831E-009
          93  2.476064459133044E-009
          94  6.163482566639862E-009
          95  3.150160886528466E-009
          96  3.271074416795500E-009
          97  1.437959603168594E-009
          98  1.353474409111058E-009
          99  1.525585520143487E-009
         100  1.398141507483360E-009
         101  1.046091667578974E-009
         102  1.866026348597985E-009
         103  1.789102965222572E-009
         104  1.742662369680541E-009
         105  1.820711881649277E-009
         106  2.382420608625095E-009
         107  1.824851703399421E-009
         108  5.992959065656758E-009
         109  2.614245086021335E-009
         110  7.048227562732126E-009
         111  5.056639479579844E-009
         112  6.819630127073381E-009
         113  3.521631114501677E-009
         114  2.846344188448329E-009
         115  1.494726221191671E-009
         116  1.565893852028488E-009
         117  1.410641577911774E-009
         118  1.488667003250962E-009
         119  5.216976133679256E-010
         120  7.089961651424410E-010
         121  5.765768400067174E-010
         122  7.437318750010957E-010
         123  6.728369848993960E-010
         124  1.757363171294051E-008
         125  7.764402821912073E-008
         126  6.421915346916569E-007
         127  3.255260353344422E-006
         128  2.663697541213451E-005
         129  1.334101884653388E-004
         130  3.284548626084736E-004
         131  1.120781846371119E-003
         132  1.061062725410021E-003
         133  3.308923757854692E-005
         134  8.413846773717020E-005
         135  9.500133928310384E-005
         136  2.334883239007538E-004
         137  1.234995891265085E-004
         138  8.334058154086620E-005
         139  1.481660060004000E-005
         140  3.446229858591195E-005
         141  2.580192042982005E-005
         142  1.012811849718328E-005
         143  1.615904925431807E-006
         144  5.415815787276038E-006
         145  2.328499770346784E-006
         146  9.361338755840833E-006
         147  1.111507249729502E-005
         148  2.475871042474196E-005
         149  1.837091227226487E-005
         150  5.535499938012129E-005
         151  2.961034596699583E-005
         152  3.108784075161975E-005
         153  1.007514895546319E-005
         154  2.058549015050962E-005
         155  9.384565094442702E-006
         156  1.554997076011063E-005
         157  9.508776705307459E-006
         158  3.261454536364110E-005
         159  1.883524105115187E-005
         160  4.004129922410370E-005
         161  2.431414312338085E-005
         162  1.346834596562072E-004
         163  5.167563222170359E-005
         164  6.702740107362674E-005
         165  6.171880728146770E-005
         166  1.003337670137916E-004
         167  2.840900536293607E-005
         168  9.005578152310050E-005
         169  4.407630105821694E-005
         170  3.331613640346315E-005
         171  1.606185264192258E-005
         172  2.403639969550971E-005
         173  2.247947701461886E-005
         174  4.941124920649920E-005
         175  2.361095361719046E-005
         176  2.012948295831038E-005
         177  8.519519478895964E-006
         178  1.409331920027140E-005
         179  5.406669344361880E-006
         180  9.372575798953743E-006
         181  4.869402349838825E-006
         182  1.198891582679554E-005
         183  6.727412928664636E-006
         184  1.289633695781527E-005
         185  4.200955066361966E-006
         186  1.636472471958695E-005
         187  4.687978443740761E-006
         188  1.477919793877537E-005
         189  1.245470767308912E-005
         190  2.671142338827717E-005
         191  2.975226783871730E-005
         192  1.043150655717573E-004
         193  1.347774385474278E-004
         194  3.372178889429495E-004
         195  2.332239874706669E-004
         196  4.400002377725104E-004
         197  2.352348509760154E-004
         198  1.743618036074282E-004
         199  1.450366494743948E-005
         200  2.536541322580732E-006
         201  8.490066878254919E-008
         202  9.905758496423899E-008
         203  2.506220189878333E-008
         204  8.128246504835254E-008
         205  7.208436915315535E-008
         206  2.305651716957055E-006
         207  1.548381688541107E-006
         208  2.592938541358819E-006
         209  1.622172246005151E-006
         226  6.388346060123319E-014
         227  4.852583713353840E-015
         230  3.010507002758766E-012
         231  7.284709312995695E-012
         232  5.639049555337771E-007
         234  9.801952226117500E-012
         235  1.565383471811001E-007
         236  1.561370389493521E-009
         238  1.783817846071457E-007
         240  3.026989274572525E-013
         244  3.695055045672624E-009
