           1  7.444511807472613E-005
           2  6.470609901488105E-012
           3  1.574717819390911E-008
           4  8.262448443629848E-005
           6  5.674563962362780E-015
           7  3.114017005274736E-012
           8  2.708281752318958E-013
           9  1.912633244112939E-009
          10  2.713051082138141E-014
          14  2.094750131703988E-015
          15  2.019736254903557E-012
          16  1.234938943128348E-009
          17  9.178797649881734E-011
          18  4.643818254289058E-010
          19  2.207234009370416E-010
          20  4.573540194317633E-009
          21  7.434897361592421E-010
          22  1.672350016068052E-009
          23  4.826651414800785E-009
          24  1.120925056319526E-008
          25  1.370335633645399E-008
          26  1.223698466986246E-008
          27  2.563605792697039E-009
          28  1.572701350883130E-009
          29  8.906194943402724E-010
          30  2.783763007978707E-009
          31  4.733617234901846E-010
          32  6.382537894755790E-010
          33  7.833807380575020E-010
          34  4.375195696573301E-009
          35  2.948149993199302E-010
          36  1.201459242468189E-009
          37  7.511838686560545E-010
          38  9.972256628829484E-010
          39  2.789344009518385E-010
          40  6.207540726837193E-010
          41  9.169476533989283E-010
          42  6.027899655155558E-009
          43  5.043379065100097E-010
          44  9.852418724264523E-010
          45  4.335282168751597E-009
          46  7.411313780363274E-009
          47  8.217708109486293E-009
          48  6.111431488273349E-009
          49  4.906797886563962E-010
          50  3.116723318825299E-009
          51  1.582552793517580E-009
          52  6.311125798499314E-009
          53  2.108215992650692E-010
          54  5.123788739947336E-010
          55  3.255907473210129E-010
          56  3.867836832659300E-010
          57  1.007330385853587E-010
          58  2.112600262633354E-010
          59  1.449621290768869E-010
          60  1.654616559689327E-010
          61  1.698182477908317E-010
          62  8.090522507538747E-010
          63  3.357028537154089E-010
          64  3.678474846714227E-010
          65  3.165201117497537E-010
          66  4.403788820335722E-010
          67  5.806750414442809E-010
          68  8.331449932838295E-010
          69  1.564829477844008E-010
          70  4.747443051355075E-010
          71  1.630571406024308E-010
          72  2.027348999345293E-010
          73  2.186311960688466E-010
          74  4.307741962545590E-010
          75  1.006045469507276E-009
          76  2.729927991550341E-009
          77  5.536806585937813E-009
          78  1.041006750530139E-008
          79  8.034887080390930E-009
          80  3.192642254281481E-008
          81  1.229235469064564E-008
          82  1.081938667442477E-008
          83  4.680099732838715E-009
          84  5.319888426124673E-009
          85  3.566206024300173E-009
          86  3.827281284493434E-009
          87  2.450508309918886E-009
          88  5.890389410941064E-009
          89  2.711778387893629E-009
          90  5.272879633911772E-009
          91  3.516215264913242E-009
          92  2.911114539486414E-009
          93  2.400761577807017E-009
          94  5.485559890986679E-009
          95  2.807452025195523E-009
          96  3.590250058489884E-009
          97  1.557668374847252E-009
          98  1.438721430884727E-009
          99  1.586428431139165E-009
         100  1.364982981849261E-009
         101  1.018007100704604E-009
         102  1.751736071232488E-009
         103  1.664600418208700E-009
         104  1.615793450423118E-009
         105  1.729467957649744E-009
         106  2.173797465348078E-009
         107  1.668831895434410E-009
         108  5.675411856931995E-009
         109  2.576583719896685E-009
         110  7.186537771778876E-009
         111  5.044918900227873E-009
         112  6.628325608372492E-009
         113  3.314036970524191E-009
         114  2.596861851412427E-009
         115  1.359808318086467E-009
         116  1.414812185215665E-009
         117  1.279858032857827E-009
         118  1.386002344945163E-009
         119  5.186371599416579E-010
         120  7.450806953338219E-010
         121  6.044659623793228E-010
         122  7.774120422638474E-010
         123  7.002145606486996E-010
         124  1.942429853465576E-008
         125  8.442756528508860E-008
         126  6.815872551244083E-007
         127  3.469011352061220E-006
         128  2.845897145582502E-005
         129  1.387376846204352E-004
         130  3.370215155642658E-004
         131  1.097372868933134E-003
         132  1.036951725725468E-003
         133  3.305909784635509E-005
         134  8.232464279346309E-005
         135  8.179979281187536E-005
         136  2.144592695722325E-004
         137  1.163266127030647E-004
         138  8.797889212638813E-005
         139  1.446316133572200E-005
         140  3.296731003179015E-005
         141  2.423778672025692E-005
         142  9.588227264951538E-006
         143  1.586833852311422E-006
         144  5.897334212410133E-006
         145  2.166042949131049E-006
         146  8.013589471331184E-006
         147  8.967357241627652E-006
         148  1.361213686569700E-005
         149  8.717417755281065E-006
         150  2.926282776480586E-005
         151  1.372982599570603E-005
         152  2.005660497755099E-005
         153  7.981901649762721E-006
         154  4.484767548675475E-005
         155  2.790388793668478E-005
         156  4.385965862063028E-005
         157  1.659074755922938E-005
         158  2.491934254290226E-005
         159  1.540692829118330E-005
         160  9.576092031365772E-005
         161  5.111201798632649E-005
         162  7.536457078168116E-005
         163  1.113870899046072E-004
         164  1.413666910460329E-004
         165  8.010296925835099E-005
         166  8.627390705049340E-005
         167  2.163963046891985E-005
         168  4.544491354309519E-005
         169  2.299907702832279E-005
         170  3.008682275375835E-005
         171  2.465829416395054E-005
         172  6.784696568743697E-005
         173  3.453780134830913E-005
         174  4.598456885326792E-005
         175  2.105022255515325E-005
         176  2.416935845925445E-005
         177  1.062284741006792E-005
         178  1.975165803596927E-005
         179  1.130803158830248E-005
         180  2.078279026304668E-005
         181  8.421199570779813E-006
         182  1.509409045101389E-005
         183  7.234288328531408E-006
         184  1.232679201451813E-005
         185  3.798859208559933E-006
         186  1.417325136367309E-005
         187  4.195135075394530E-006
         188  1.410002742093308E-005
         189  1.246642445133878E-005
         190  2.542665017260120E-005
         191  2.873908552105997E-005
         192  1.019576401940266E-004
         193  1.334386075164144E-004
         194  3.240023544523082E-004
         195  2.212694666253069E-004
         196  4.203219005978900E-004
         197  2.166997105133977E-004
         198  1.542492706922213E-004
         199  1.212362445791443E-005
         200  2.220272180371117E-006
         201  9.016777479948627E-008
         202  1.120413679909044E-007
         203  2.695250424155388E-008
         204  9.013898059854220E-008
         205  7.824572185346463E-008
         206  2.341248593899420E-006
         207  1.525819794042348E-006
         208  2.546472787467521E-006
         209  1.618205197614292E-006
         226  6.647564792102501E-014
         227  5.149163121996680E-015
         230  3.132663786459133E-012
         231  7.729934971697424E-012
         232  5.902683925890114E-007
         234  1.019968422170160E-011
         235  1.661056319883953E-007
         236  1.707339852185201E-009
         238  1.856199491616118E-007
         240  3.317062691757220E-013
         244  4.049148551317824E-009
