           1  7.395171653069881E-005
           2  6.470609901488105E-012
           3  1.574717819390911E-008
           4  8.133403083482190E-005
           6  5.674563962362780E-015
           7  3.114017005274736E-012
           8  2.708281752318958E-013
           9  1.912633244112939E-009
          10  2.713051082138141E-014
          14  2.420648489047424E-015
          15  2.316479643193024E-012
          16  1.318739491067977E-009
          17  9.658537413060788E-011
          18  4.290695411418019E-010
          19  1.700375451442038E-010
          20  4.934254205502234E-009
          21  8.168031390858931E-010
          22  1.427964695203723E-009
          23  5.134612898862433E-009
          24  1.176681866719666E-008
          25  1.415809951552186E-008
          26  1.158177878445923E-008
          27  2.582628740626117E-009
          28  1.592803628789168E-009
          29  7.437313366942907E-010
          30  2.507015962228978E-009
          31  4.564600776190027E-010
          32  5.895350646361768E-010
          33  8.900673805290337E-010
          34  4.442608865756469E-009
          35  2.783246560481236E-010
          36  1.033978538996036E-009
          37  8.691010233406862E-010
          38  1.201845399479412E-009
          39  3.439520083794684E-010
          40  6.099407448193875E-010
          41  8.123843320917981E-010
          42  6.321593347677243E-009
          43  5.538126379060095E-010
          44  1.004879947556710E-009
          45  4.597692576736142E-009
          46  7.459127714537691E-009
          47  7.821655448572337E-009
          48  5.677151271702703E-009
          49  5.732195546337879E-010
          50  3.092140559563293E-009
          51  1.496994221733554E-009
          52  6.251833534541493E-009
          53  2.513631093307777E-010
          54  6.484240888977830E-010
          55  4.373020818808391E-010
          56  4.397324264171405E-010
          57  1.187712752704958E-010
          58  2.042450752848608E-010
          59  1.467299338077046E-010
          60  1.780669709356262E-010
          61  1.906632107725771E-010
          62  9.177047718510242E-010
          63  3.668824270063952E-010
          64  3.393541466036105E-010
          65  2.804974875939528E-010
          66  4.209350717903247E-010
          67  5.693343640466659E-010
          68  9.048735991584839E-010
          69  1.672281612272362E-010
          70  4.915629426830762E-010
          71  1.698338839290331E-010
          72  2.085300266253554E-010
          73  2.016291507008116E-010
          74  4.556444935944622E-010
          75  1.138324193038283E-009
          76  2.939838627796823E-009
          77  5.349220794380195E-009
          78  9.871008373595274E-009
          79  8.012235785514756E-009
          80  3.338041787141831E-008
          81  1.244296657120674E-008
          82  1.068235627718385E-008
          83  4.622521001784960E-009
          84  4.996212398138756E-009
          85  3.391510321759122E-009
          86  3.766037664094376E-009
          87  2.802667981985837E-009
          88  6.641599023093004E-009
          89  2.893363135913792E-009
          90  5.471066175218802E-009
          91  3.812599190885720E-009
          92  3.016594125668866E-009
          93  2.511310320084493E-009
          94  6.301470493138147E-009
          95  3.152923687217763E-009
          96  3.141457796911655E-009
          97  1.375018276382362E-009
          98  1.319543155401284E-009
          99  1.501010923560168E-009
         100  1.372520128613899E-009
         101  1.036868187492908E-009
         102  1.867907076305235E-009
         103  1.812327032476709E-009
         104  1.768443978085152E-009
         105  1.875905354477310E-009
         106  2.504200343989781E-009
         107  1.917309582525128E-009
         108  6.301038106531459E-009
         109  2.735905465320884E-009
         110  7.270732040235184E-009
         111  5.148233733155927E-009
         112  6.848020838303183E-009
         113  3.509276333128212E-009
         114  2.805680336223074E-009
         115  1.465969923600872E-009
         116  1.518721773915804E-009
         117  1.316843486447022E-009
         118  1.369348050892280E-009
         119  4.993739899434840E-010
         120  6.761908667320012E-010
         121  5.459293324513207E-010
         122  7.049159333990559E-010
         123  6.621595428944354E-010
         124  1.816728821788727E-008
         125  8.445166791969989E-008
         126  6.973700816402019E-007
         127  3.498832251126056E-006
         128  2.833646254180323E-005
         129  1.395250275264526E-004
         130  3.335265062197832E-004
         131  1.118336128110488E-003
         132  1.059047643685070E-003
         133  3.237963585733721E-005
         134  8.225115749031782E-005
         135  9.804526059197839E-005
         136  2.307281420628879E-004
         137  1.207629700316520E-004
         138  8.389271861232895E-005
         139  1.492793620778136E-005
         140  3.386931737616526E-005
         141  2.471779584524866E-005
         142  9.864863566073892E-006
         143  1.525807603062871E-006
         144  4.740263437584310E-006
         145  1.743030730064562E-006
         146  5.515761774903767E-006
         147  4.659805368003271E-006
         148  8.356943152865087E-006
         149  7.127036230628533E-006
         150  3.567765026663379E-005
         151  1.878688664421836E-005
         152  3.645875705168356E-005
         153  1.406963503539040E-005
         154  3.938679566073752E-005
         155  2.196005281477455E-005
         156  5.419409940275997E-005
         157  2.302834425208435E-005
         158  4.353190789555495E-005
         159  3.632926692922584E-005
         160  4.389699134077451E-005
         161  1.832666091377101E-005
         162  4.826444829688057E-005
         163  4.474224401693663E-005
         164  8.227190760299776E-005
         165  4.122252195972951E-005
         166  1.432042307323054E-004
         167  4.199750146327071E-005
         168  7.372330331295582E-005
         169  2.104748153295564E-005
         170  1.986016415858827E-005
         171  1.617224159782189E-005
         172  5.742315579120277E-005
         173  2.755629590773518E-005
         174  3.675931537777713E-005
         175  1.929163162423001E-005
         176  2.469816291715406E-005
         177  1.332057500122121E-005
         178  2.837644365573014E-005
         179  9.283922841557878E-006
         180  1.247379861426612E-005
         181  5.937528184214500E-006
         182  1.350616718800939E-005
         183  7.512291443753751E-006
         184  1.438860047336439E-005
         185  4.667390718021901E-006
         186  1.812328586916527E-005
         187  5.158180163553100E-006
         188  1.628813905954894E-005
         189  1.385130660204838E-005
         190  2.913012191486932E-005
         191  3.178243082725140E-005
         192  1.095663698092493E-004
         193  1.405672198237687E-004
         194  3.470430374796475E-004
         195  2.304380290926452E-004
         196  4.217277412782176E-004
         197  2.237346199497799E-004
         198  1.636381416517642E-004
         199  1.346028059066044E-005
         200  2.385018777121235E-006
         201  8.454242362690959E-008
         202  9.975393090917157E-008
         203  2.459464667761305E-008
         204  8.055806503256296E-008
         205  7.143916651495003E-008
         206  2.217572546239973E-006
         207  1.489038578231439E-006
         208  2.514737269633367E-006
         209  1.547965248826096E-006
         226  5.877920839144379E-014
         227  4.455449266770129E-015
         230  2.769969203509969E-012
         231  6.688530210803502E-012
         232  5.178336220391768E-007
         234  9.018781811748234E-012
         235  1.437272812522800E-007
         236  1.463215618786598E-009
         238  1.641291813558804E-007
         240  2.840874606775553E-013
         244  3.467864302681305E-009
