           1  7.406715211630005E-005
           2  6.470609901488105E-012
           3  1.574717819390911E-008
           4  8.047850078833823E-005
           6  5.674563962362780E-015
           7  3.114017005274736E-012
           8  2.708281752318958E-013
           9  1.912633244112939E-009
          10  2.713051082138141E-014
          14  2.436588689871532E-015
          15  2.225022478241033E-012
          16  1.240948418456760E-009
          17  9.239294599134905E-011
          18  4.717579554116278E-010
          19  2.270785534591819E-010
          20  4.547050001841136E-009
          21  7.593901553349945E-010
          22  1.669527362789722E-009
          23  4.809344909441914E-009
          24  1.119018330610076E-008
          25  1.355803541207246E-008
          26  1.263918046730712E-008
          27  2.866458531797334E-009
          28  1.646506169413048E-009
          29  8.380000799578910E-010
          30  2.705541373803187E-009
          31  4.988749003596043E-010
          32  6.375402453779096E-010
          33  7.117071173010714E-010
          34  4.452985858153922E-009
          35  3.087309681275686E-010
          36  1.208025338929724E-009
          37  8.590880226675432E-010
          38  1.138787447599859E-009
          39  3.026643545775365E-010
          40  5.947052146760754E-010
          41  8.374228213230232E-010
          42  5.798169495648135E-009
          43  5.142590479027851E-010
          44  9.194391179674718E-010
          45  4.112673105185026E-009
          46  7.445361500073994E-009
          47  8.437684248356159E-009
          48  6.318265298528313E-009
          49  5.298963203323549E-010
          50  3.128422190341068E-009
          51  1.564180679408674E-009
          52  6.347361056696129E-009
          53  2.247600423137858E-010
          54  5.432952439019537E-010
          55  3.491028248572001E-010
          56  3.846204963741250E-010
          57  1.040635349642046E-010
          58  1.877350166253406E-010
          59  1.344277830299940E-010
          60  1.570549727615185E-010
          61  1.564923536582120E-010
          62  7.758843992241207E-010
          63  3.229488474580437E-010
          64  3.351373401127411E-010
          65  2.892627598446128E-010
          66  4.275977658840462E-010
          67  5.692381788590462E-010
          68  8.666141915203485E-010
          69  1.596574607418352E-010
          70  4.662336039503704E-010
          71  1.628880877134130E-010
          72  2.032434688528483E-010
          73  2.028643773422126E-010
          74  4.115143861948886E-010
          75  9.302275917180331E-010
          76  2.632545803131783E-009
          77  5.364234969680792E-009
          78  1.046715360066968E-008
          79  7.955299856231007E-009
          80  3.184354412444448E-008
          81  1.306644501172701E-008
          82  1.147781376745810E-008
          83  4.902634253888468E-009
          84  5.213542263422845E-009
          85  3.445643750316692E-009
          86  3.731294023804075E-009
          87  2.501010048017003E-009
          88  6.111766400263916E-009
          89  2.846496894930223E-009
          90  5.381943987838805E-009
          91  3.541995531090408E-009
          92  2.917377645105722E-009
          93  2.435150862741089E-009
          94  5.778200689180861E-009
          95  2.981663557781457E-009
          96  3.591028977361646E-009
          97  1.585585859706146E-009
          98  1.486846294975045E-009
          99  1.676588368268161E-009
         100  1.507208138571651E-009
         101  1.106923045632630E-009
         102  1.838068817798354E-009
         103  1.712147123759710E-009
         104  1.637828761025308E-009
         105  1.706165673481475E-009
         106  2.164126608240731E-009
         107  1.646533137700898E-009
         108  5.521418945309155E-009
         109  2.497646068688499E-009
         110  7.265797057269595E-009
         111  5.224241242820540E-009
         112  7.168479424469112E-009
         113  3.691872846226091E-009
         114  3.002408923894351E-009
         115  1.600046607404058E-009
         116  1.694230369577116E-009
         117  1.481060344319352E-009
         118  1.589467430097176E-009
         119  6.006135414074042E-010
         120  8.382232536707423E-010
         121  6.841106974351475E-010
         122  8.499429170912878E-010
         123  7.415095297998634E-010
         124  1.586685086245485E-008
         125  6.888700882010594E-008
         126  5.691513367115560E-007
         127  2.900484821310850E-006
         128  2.443560776421700E-005
         129  1.271633932388804E-004
         130  3.373221110307101E-004
         131  1.113672828232987E-003
         132  1.079637320172209E-003
         133  3.293166732842100E-005
         134  8.311583741113817E-005
         135  9.285666520588027E-005
         136  2.262444001640091E-004
         137  1.189895874475702E-004
         138  8.251791856538342E-005
         139  1.439778878373875E-005
         140  3.409249587319222E-005
         141  2.488567445229404E-005
         142  1.001652478726204E-005
         143  1.897546076148485E-006
         144  9.355760858872560E-006
         145  4.868325807117668E-006
         146  1.972907457613876E-005
         147  1.836823712191614E-005
         148  1.811308130629272E-005
         149  1.026992040569058E-005
         150  2.781117427039909E-005
         151  1.772766633340795E-005
         152  4.867079838003350E-005
         153  2.588688345410562E-005
         154  3.383307353301561E-005
         155  1.151397167715536E-005
         156  2.605370201302559E-005
         157  1.659640913547974E-005
         158  2.484327450051348E-005
         159  1.217626599918449E-005
         160  2.271136782906661E-005
         161  1.458069925264382E-005
         162  9.108585228531276E-005
         163  7.147724394507362E-005
         164  8.718872207452835E-005
         165  3.816282186003323E-005
         166  7.354961860340530E-005
         167  1.917548231870038E-005
         168  5.368848212969248E-005
         169  2.462418056473209E-005
         170  6.788753086198424E-005
         171  3.891653238957863E-005
         172  8.175679818751928E-005
         173  3.720983935129030E-005
         174  4.425105737726806E-005
         175  2.363579252059231E-005
         176  2.842904030014187E-005
         177  1.439998669995994E-005
         178  2.261486549969446E-005
         179  1.208756031962881E-005
         180  2.309549591822474E-005
         181  9.509367344178644E-006
         182  1.707724461868521E-005
         183  8.082648566600060E-006
         184  1.353850293132376E-005
         185  4.154151786168000E-006
         186  1.514872512555721E-005
         187  4.308715583528028E-006
         188  1.331361138161740E-005
         189  1.117227496138463E-005
         190  2.351885621264485E-005
         191  2.757596219109280E-005
         192  9.747136047000328E-005
         193  1.265466764638851E-004
         194  3.159201483219381E-004
         195  2.260763883847724E-004
         196  4.417915968647904E-004
         197  2.364980368701970E-004
         198  1.764180400928994E-004
         199  1.419472020902143E-005
         200  2.481115766432056E-006
         201  8.802006745738859E-008
         202  9.996241920503333E-008
         203  2.303644144262465E-008
         204  8.030246293947317E-008
         205  7.095036334636684E-008
         206  2.112910993140914E-006
         207  1.372890770968324E-006
         208  2.299762272129317E-006
         209  1.477705151637693E-006
         226  6.065983035063934E-014
         227  4.716176970808690E-015
         230  2.858593481600357E-012
         231  7.079935211924643E-012
         232  5.502520036441508E-007
         234  9.307334849200096E-012
         235  1.521380344232564E-007
         236  1.442184664540527E-009
         238  1.693804419810166E-007
         240  2.792785483762329E-013
         244  3.409161763453749E-009
