           1  7.394905110401762E-005
           2  6.470609901488105E-012
           3  1.574717819390911E-008
           4  8.302883317344271E-005
           6  5.674563962362780E-015
           7  3.114017005274736E-012
           8  2.708281752318958E-013
           9  1.912633244112939E-009
          10  2.713051082138141E-014
          14  2.485643574863222E-015
          15  2.310414100504457E-012
          16  1.246324962679990E-009
          17  9.264445244680647E-011
          18  4.595851386330470E-010
          19  2.112636105400712E-010
          20  4.657268262074500E-009
          21  7.696495896805692E-010
          22  1.525969990082984E-009
          23  4.911447815049615E-009
          24  1.135418101279153E-008
          25  1.379132540632734E-008
          26  1.235101000022213E-008
          27  2.754877190072617E-009
          28  1.610566493291031E-009
          29  8.166118962309383E-010
          30  2.610755217188442E-009
          31  4.786790006911566E-010
          32  6.428781885252875E-010
          33  7.682446697805946E-010
          34  4.396670268897026E-009
          35  2.986605665805043E-010
          36  1.162393691183806E-009
          37  8.957394899555029E-010
          38  1.212725083853448E-009
          39  3.289194928531528E-010
          40  6.100266962220678E-010
          41  8.311822266866742E-010
          42  5.826236544274400E-009
          43  5.164730970506074E-010
          44  9.570396126790626E-010
          45  4.332725812326995E-009
          46  7.485398209498426E-009
          47  8.199791943303076E-009
          48  6.061570168735412E-009
          49  5.564730182001393E-010
          50  3.122338691117619E-009
          51  1.535268073623232E-009
          52  6.406702535093621E-009
          53  2.383360131441334E-010
          54  5.882936050635979E-010
          55  3.732085947463149E-010
          56  4.001663971452978E-010
          57  1.086117052855297E-010
          58  1.922041377902985E-010
          59  1.370973328161761E-010
          60  1.663734104596337E-010
          61  1.717289737030522E-010
          62  8.300050546058124E-010
          63  3.409018482971748E-010
          64  3.395417143755168E-010
          65  2.862437208139566E-010
          66  4.278598838151093E-010
          67  5.713185447322679E-010
          68  8.648761474647873E-010
          69  1.590757093652400E-010
          70  4.619252875169102E-010
          71  1.608049004031150E-010
          72  2.022268403849372E-010
          73  2.043259505680621E-010
          74  4.283180562515378E-010
          75  1.003024372202016E-009
          76  2.739682380798700E-009
          77  5.430581096762008E-009
          78  1.021951062052570E-008
          79  7.930126896733869E-009
          80  3.183772658347654E-008
          81  1.304472622878456E-008
          82  1.137411048792145E-008
          83  4.863120301281640E-009
          84  5.105633441996768E-009
          85  3.382882603053699E-009
          86  3.700477526339862E-009
          87  2.614630996169882E-009
          88  6.330010402502092E-009
          89  2.851360622876926E-009
          90  5.342739843989713E-009
          91  3.602658910869526E-009
          92  2.978024292539796E-009
          93  2.483494563290489E-009
          94  5.916906355127095E-009
          95  3.075571093760223E-009
          96  3.533263775442426E-009
          97  1.565576698226175E-009
          98  1.470296396182236E-009
          99  1.642803648609944E-009
         100  1.485698205962613E-009
         101  1.094458487648907E-009
         102  1.848233888306435E-009
         103  1.738996913172814E-009
         104  1.674548785716804E-009
         105  1.740686369219171E-009
         106  2.256244409561340E-009
         107  1.733472698541351E-009
         108  5.822513395648844E-009
         109  2.593731082916997E-009
         110  7.260527504518065E-009
         111  5.223384081535519E-009
         112  7.069041844235655E-009
         113  3.652902461591028E-009
         114  2.957662254610039E-009
         115  1.556721171189415E-009
         116  1.633380272448967E-009
         117  1.468368453081380E-009
         118  1.562768663338696E-009
         119  5.614909627555718E-010
         120  7.752005545019786E-010
         121  6.318555909361923E-010
         122  8.099152215445428E-010
         123  7.130751752577256E-010
         124  1.728820348026952E-008
         125  7.390619304792191E-008
         126  6.118703145083688E-007
         127  3.101841997749256E-006
         128  2.563050630377788E-005
         129  1.306487841596336E-004
         130  3.324907089732998E-004
         131  1.107643404168063E-003
         132  1.079126225273343E-003
         133  3.381031214019037E-005
         134  8.601743707589833E-005
         135  9.724000164800658E-005
         136  2.343401324331673E-004
         137  1.226740110910524E-004
         138  8.189651133259317E-005
         139  1.416449761044384E-005
         140  3.282149583298452E-005
         141  2.393100331103395E-005
         142  9.469141889900030E-006
         143  1.504958701897699E-006
         144  4.918614974958077E-006
         145  1.618801573619662E-006
         146  4.927677574052119E-006
         147  4.897207570792244E-006
         148  1.446228114832956E-005
         149  1.171949286786562E-005
         150  2.820220097929847E-005
         151  1.425589697782122E-005
         152  5.756939659261687E-005
         153  4.214970790951025E-005
         154  4.788614468657141E-005
         155  1.374759605252746E-005
         156  2.642378708072941E-005
         157  1.307019196920530E-005
         158  3.005063627182111E-005
         159  2.299901276640994E-005
         160  2.983157414590278E-005
         161  1.389109191873275E-005
         162  4.539345808088123E-005
         163  2.392966821176427E-005
         164  7.036298870135590E-005
         165  7.058501145128856E-005
         166  9.981989031305810E-005
         167  4.080945651501069E-005
         168  8.650347920940857E-005
         169  3.688934561609158E-005
         170  6.910204493578739E-005
         171  4.886768813606745E-005
         172  6.275892231344114E-005
         173  3.738118144308785E-005
         174  4.674085237857117E-005
         175  1.741541711461046E-005
         176  3.531034132264304E-005
         177  1.132016592534961E-005
         178  8.516338002712564E-006
         179  4.469897736545976E-006
         180  1.039905391923743E-005
         181  5.086241706026423E-006
         182  1.127958595495747E-005
         183  5.941914139376480E-006
         184  1.097285117357003E-005
         185  3.522884385365367E-006
         186  1.355023185989883E-005
         187  3.904654409649985E-006
         188  1.245934533150924E-005
         189  1.068641875771053E-005
         190  2.312936748020809E-005
         191  2.679159718637585E-005
         192  9.642077549273320E-005
         193  1.277744012494124E-004
         194  3.239714851586321E-004
         195  2.295206489685756E-004
         196  4.433961122595471E-004
         197  2.381184029819539E-004
         198  1.778871607660272E-004
         199  1.465801129825576E-005
         200  2.570438751349638E-006
         201  8.985592838069068E-008
         202  1.023422894412450E-007
         203  2.409214010556756E-008
         204  7.938900228428938E-008
         205  7.021048023725116E-008
         206  2.319210198768406E-006
         207  1.506239441451727E-006
         208  2.547467679535381E-006
         209  1.636615894630263E-006
         226  6.822237355406880E-014
         227  5.235825479743509E-015
         230  3.214978202439207E-012
         231  7.860032693211675E-012
         232  6.119311525965888E-007
         234  1.046769289008141E-011
         235  1.689012524342979E-007
         236  1.642461104623471E-009
         238  1.904973310803269E-007
         240  3.181966043982213E-013
         244  3.884235661071460E-009
