           1  7.435583877309253E-005
           2  6.470609901488105E-012
           3  1.574717819390911E-008
           4  8.204148008659023E-005
           6  5.674563962362780E-015
           7  3.114017005274736E-012
           8  2.708281752318958E-013
           9  1.912633244112939E-009
          10  2.713051082138141E-014
          14  2.124014585128243E-015
          15  2.069132703499820E-012
          16  1.209794386755914E-009
          17  9.040230295241302E-011
          18  4.639919897456508E-010
          19  2.205566821482789E-010
          20  4.550132681867917E-009
          21  7.349935751016774E-010
          22  1.579197850371277E-009
          23  4.820679357494774E-009
          24  1.117658217271836E-008
          25  1.370765729963035E-008
          26  1.236328522637274E-008
          27  2.557986206337517E-009
          28  1.538575540918903E-009
          29  8.641095693684372E-010
          30  2.677345975362554E-009
          31  4.522116092618681E-010
          32  6.462581909335869E-010
          33  7.939837192997820E-010
          34  4.398094526939607E-009
          35  2.920581826901201E-010
          36  1.185740846277061E-009
          37  8.298250667965125E-010
          38  1.123799512679867E-009
          39  2.945276568448739E-010
          40  6.075038750659484E-010
          41  8.835746074948232E-010
          42  5.836214302589550E-009
          43  4.877027726934862E-010
          44  9.889957332008045E-010
          45  4.391250230047355E-009
          46  7.494153831793853E-009
          47  8.205299261355752E-009
          48  6.044151338710461E-009
          49  5.233032541862281E-010
          50  3.095396516298536E-009
          51  1.534518868914777E-009
          52  6.369596550718497E-009
          53  2.285362603433039E-010
          54  5.759273129100973E-010
          55  3.480150867442978E-010
          56  3.783682117416275E-010
          57  9.736749113267794E-011
          58  2.048731283672746E-010
          59  1.395205180895630E-010
          60  1.642287229448440E-010
          61  1.722260720759213E-010
          62  8.034157797830757E-010
          63  3.324000496919489E-010
          64  3.642868925198043E-010
          65  3.107828246115072E-010
          66  4.339745513648057E-010
          67  5.787069588686302E-010
          68  8.247975542868550E-010
          69  1.559222337589516E-010
          70  4.702918083156503E-010
          71  1.606838010452191E-010
          72  2.000004017072703E-010
          73  2.171616590449113E-010
          74  4.293888575446155E-010
          75  1.016833790491431E-009
          76  2.745390758610508E-009
          77  5.603887915433230E-009
          78  1.030799132419415E-008
          79  7.967172002180130E-009
          80  3.142429431919689E-008
          81  1.265158905683591E-008
          82  1.086889367525259E-008
          83  4.608399468689031E-009
          84  5.085267959913364E-009
          85  3.431026741793995E-009
          86  3.709928775119841E-009
          87  2.501818990475734E-009
          88  6.054508378518066E-009
          89  2.751289236605399E-009
          90  5.286198757753672E-009
          91  3.505974904803280E-009
          92  2.869518936181572E-009
          93  2.380530076628654E-009
          94  5.530830098849472E-009
          95  2.864156313327000E-009
          96  3.652228029322465E-009
          97  1.586486993522089E-009
          98  1.456099130438349E-009
          99  1.596806924663020E-009
         100  1.381883341045450E-009
         101  1.030131981249560E-009
         102  1.771480545002010E-009
         103  1.667965054815876E-009
         104  1.610854495505625E-009
         105  1.702166773871893E-009
         106  2.149934306072944E-009
         107  1.668034342663954E-009
         108  5.710498206639302E-009
         109  2.579370206393030E-009
         110  7.179733158319693E-009
         111  5.109107617877546E-009
         112  6.702441624064750E-009
         113  3.351466163525082E-009
         114  2.622067705894885E-009
         115  1.368775463614708E-009
         116  1.416504907314505E-009
         117  1.283801455492094E-009
         118  1.391537470877508E-009
         119  5.179037704879686E-010
         120  7.426973074519391E-010
         121  6.063348011500407E-010
         122  7.685106791133929E-010
         123  6.966810537490186E-010
         124  1.875218827914918E-008
         125  8.436540788023294E-008
         126  6.789445027992151E-007
         127  3.463699069580397E-006
         128  2.836605486811756E-005
         129  1.381215072239836E-004
         130  3.334270853150789E-004
         131  1.080009503459558E-003
         132  1.046634068043213E-003
         133  3.350011936872094E-005
         134  8.459746643795775E-005
         135  8.931691428559912E-005
         136  2.207957272020310E-004
         137  1.177164425796382E-004
         138  8.822305643647135E-005
         139  1.474161131740234E-005
         140  3.370725405722673E-005
         141  2.461025500236925E-005
         142  9.947744024187703E-006
         143  1.669960330909050E-006
         144  6.271090567127785E-006
         145  2.415960344165225E-006
         146  8.064696174645886E-006
         147  6.911248231986130E-006
         148  3.249269990281290E-005
         149  2.611289701785324E-005
         150  4.374190043003909E-005
         151  1.713313186588004E-005
         152  3.175125495712497E-005
         153  1.851163598253208E-005
         154  4.252592330038692E-005
         155  2.361968645524003E-005
         156  3.087805340480277E-005
         157  1.884931829135496E-005
         158  5.688706581369329E-005
         159  3.733622415221691E-005
         160  6.564991227749271E-005
         161  3.696828619683282E-005
         162  7.537159004976842E-005
         163  7.459998052895270E-005
         164  9.465592468906032E-005
         165  3.324084429418287E-005
         166  5.587840080363853E-005
         167  2.271036843934679E-005
         168  8.743694886808772E-005
         169  2.960138484594332E-005
         170  3.110780312318478E-005
         171  2.130695263979826E-005
         172  4.989534287212324E-005
         173  3.201853150548259E-005
         174  5.144521608875803E-005
         175  3.189571478695076E-005
         176  4.361312688578687E-005
         177  1.392058265179564E-005
         178  1.573794205206931E-005
         179  8.555332199631197E-006
         180  1.736500107969245E-005
         181  7.512488827683943E-006
         182  1.441050673551191E-005
         183  7.038513609130646E-006
         184  1.219471084139285E-005
         185  3.785042419233306E-006
         186  1.407203668692116E-005
         187  4.160220973792984E-006
         188  1.410629421130082E-005
         189  1.251107959675448E-005
         190  2.593851326378103E-005
         191  2.900586436057183E-005
         192  1.036810978033809E-004
         193  1.359209293840313E-004
         194  3.313097992094646E-004
         195  2.268146069855918E-004
         196  4.286412326534218E-004
         197  2.204742390951884E-004
         198  1.560366993231770E-004
         199  1.241692282066229E-005
         200  2.236947381587702E-006
         201  8.989686685831302E-008
         202  1.097513502845071E-007
         203  2.592032903885119E-008
         204  7.963217886656663E-008
         205  6.842870514869530E-008
         206  2.259101869149222E-006
         207  1.452307360573762E-006
         208  2.446841735976409E-006
         209  1.577453179274297E-006
         226  6.350385915967216E-014
         227  4.959184290925603E-015
         230  2.992618291231221E-012
         231  7.444738333838909E-012
         232  5.753158657049177E-007
         234  9.743708117859615E-012
         235  1.599771499318313E-007
         236  1.598273718728601E-009
         238  1.773218235163122E-007
         240  3.102397124529582E-013
         244  3.787105638255742E-009
