           1  7.509556803004349E-005
           2  6.470609901488105E-012
           3  1.574717819390911E-008
           4  8.106332830723058E-005
           6  5.674563962362780E-015
           7  3.114017005274736E-012
           8  2.708281752318958E-013
           9  1.912633244112939E-009
          10  2.713051082138141E-014
          14  1.609700357127133E-015
          15  1.696459392078792E-012
          16  1.197951426743897E-009
          17  8.970869690303440E-011
          18  4.438907552462398E-010
          19  1.956197939337807E-010
          20  4.570151722894236E-009
          21  7.547753223741038E-010
          22  1.539725559389015E-009
          23  4.831162524355016E-009
          24  1.119854742661375E-008
          25  1.362659516262501E-008
          26  1.145892387320012E-008
          27  2.538561995418489E-009
          28  1.604114757333987E-009
          29  8.476564611008234E-010
          30  2.655680286767570E-009
          31  4.827680447786913E-010
          32  6.341160431422714E-010
          33  7.922626483110151E-010
          34  4.320986014162541E-009
          35  2.900348485364427E-010
          36  1.131119831113395E-009
          37  7.162013204418690E-010
          38  9.433959132234890E-010
          39  2.895014769912128E-010
          40  6.428454404941567E-010
          41  9.137277239707207E-010
          42  6.184575793687673E-009
          43  5.415719617115822E-010
          44  9.758982115132624E-010
          45  4.370995190172663E-009
          46  7.258234210110586E-009
          47  8.001343488656108E-009
          48  6.025580762835793E-009
          49  4.864675567646777E-010
          50  3.107552802348239E-009
          51  1.601146970050671E-009
          52  6.297341456964821E-009
          53  2.069453961776633E-010
          54  4.858345043884169E-010
          55  3.319155916664056E-010
          56  4.111884643997711E-010
          57  1.133894564517486E-010
          58  2.111318636326407E-010
          59  1.508126192120659E-010
          60  1.779008879157921E-010
          61  1.782038659288226E-010
          62  8.699532676796252E-010
          63  3.615907632426679E-010
          64  3.658835574588695E-010
          65  3.126356850473724E-010
          66  4.587315664571561E-010
          67  5.911366248867015E-010
          68  8.877975483292531E-010
          69  1.652571633759480E-010
          70  4.880585637310514E-010
          71  1.702269531580969E-010
          72  2.158950674609996E-010
          73  2.191436921976542E-010
          74  4.577597628854007E-010
          75  1.073292073333204E-009
          76  2.867289127611978E-009
          77  5.466573013114752E-009
          78  1.015197653464226E-008
          79  7.844077781564941E-009
          80  3.150582505265766E-008
          81  1.149286647476969E-008
          82  1.009264783850486E-008
          83  4.400634405139502E-009
          84  5.174631603167064E-009
          85  3.413152426570573E-009
          86  3.664099482255475E-009
          87  2.364823079558085E-009
          88  5.604041026668633E-009
          89  2.615636586799178E-009
          90  4.987103774124071E-009
          91  3.299831958503353E-009
          92  2.819713404124901E-009
          93  2.337682477586242E-009
          94  5.317408130883644E-009
          95  2.692220619594816E-009
          96  3.105992515594599E-009
          97  1.370660157815539E-009
          98  1.305373196078123E-009
          99  1.457672383291946E-009
         100  1.290474564671248E-009
         101  9.632605126514777E-010
         102  1.629120359842259E-009
         103  1.561122474621330E-009
         104  1.519908705553482E-009
         105  1.617931442260841E-009
         106  2.094855582532437E-009
         107  1.601096165609494E-009
         108  5.288065075556125E-009
         109  2.382062200518732E-009
         110  6.513086038641028E-009
         111  4.562822374279785E-009
         112  6.038955487689644E-009
         113  3.067583963994594E-009
         114  2.451841336439226E-009
         115  1.306584739486342E-009
         116  1.341034339630220E-009
         117  1.148350090806686E-009
         118  1.216287354115332E-009
         119  4.636407768647847E-010
         120  6.441149630618915E-010
         121  5.189598593096129E-010
         122  6.898403550507405E-010
         123  6.100474233431237E-010
         124  1.732223348633012E-008
         125  6.988139182907260E-008
         126  5.867978665336611E-007
         127  3.088789570888964E-006
         128  2.601817967183699E-005
         129  1.289139744566957E-004
         130  3.173744873981832E-004
         131  1.070640434819347E-003
         132  9.970986268736811E-004
         133  3.403173009823821E-005
         134  8.486974117108714E-005
         135  7.294923062817252E-005
         136  1.993181597242590E-004
         137  1.115237133949106E-004
         138  9.401403999386881E-005
         139  1.373963092666530E-005
         140  3.215937069982820E-005
         141  2.560081188608154E-005
         142  1.021307393925303E-005
         143  1.676540487099271E-006
         144  5.772414380515844E-006
         145  2.321825149393872E-006
         146  9.287188739072576E-006
         147  1.110705483482355E-005
         148  5.684770843269594E-005
         149  4.391455960770360E-005
         150  6.121239922113904E-005
         151  2.286482376268643E-005
         152  3.309067809128939E-005
         153  1.684218993807257E-005
         154  5.471218571437749E-005
         155  2.447038676552928E-005
         156  4.398158750644337E-005
         157  3.314291547572439E-005
         158  6.977450574105174E-005
         159  4.347154995181051E-005
         160  6.302078253302865E-005
         161  2.571865336442269E-005
         162  6.631793063113065E-005
         163  7.377445802188374E-005
         164  9.736718034916200E-005
         165  8.517361211058618E-005
         166  1.518036776609980E-004
         167  3.418396560669772E-005
         168  1.055388622195729E-004
         169  4.834409113318950E-005
         170  2.285006516394465E-005
         171  7.599348710522246E-006
         172  1.371185379893506E-005
         173  1.064348616028302E-005
         174  3.849556220151230E-005
         175  2.980546408597360E-005
         176  2.999279141830346E-005
         177  1.199240984290887E-005
         178  1.274644940061540E-005
         179  6.385975254691495E-006
         180  1.352116589303900E-005
         181  6.265126373265228E-006
         182  1.362095885158941E-005
         183  7.178584695139887E-006
         184  1.311548927311777E-005
         185  4.143517051911281E-006
         186  1.607022573637826E-005
         187  4.613669521782599E-006
         188  1.453945088695124E-005
         189  1.237513979418445E-005
         190  2.564682083102782E-005
         191  2.935738004723149E-005
         192  1.012040632121054E-004
         193  1.301194914813325E-004
         194  3.175910733770508E-004
         195  2.169266649226130E-004
         196  4.073538552270774E-004
         197  2.142564232376366E-004
         198  1.540437795391213E-004
         199  1.222778593689595E-005
         200  2.250098300378330E-006
         201  8.605310138670710E-008
         202  1.108343551819161E-007
         203  2.866162401857021E-008
         204  7.947481087112810E-008
         205  6.486810055583481E-008
         206  2.173684598548160E-006
         207  1.422302415247935E-006
         208  2.400016989811070E-006
         209  1.540956744034738E-006
         226  6.517399859078166E-014
         227  4.872850750063133E-015
         230  3.071323583737582E-012
         231  7.315134232952610E-012
         232  5.549634107730051E-007
         234  9.999965790199523E-012
         235  1.571921367118198E-007
         236  1.668347023582227E-009
         238  1.819853537862785E-007
         240  3.242358799950645E-013
         244  3.957957282597438E-009
