           1  7.498373942174142E-005
           2  6.470609901488105E-012
           3  1.574717819390911E-008
           4  8.143329203722617E-005
           6  5.674563962362780E-015
           7  3.114017005274736E-012
           8  2.708281752318958E-013
           9  1.912633244112939E-009
          10  2.713051082138141E-014
          14  1.602632987431493E-015
          15  1.741400660989062E-012
          16  1.211992827206924E-009
          17  9.047287808608025E-011
          18  4.278120670302737E-010
          19  1.739562371700444E-010
          20  4.605094660944357E-009
          21  7.632992549837623E-010
          22  1.551970534735427E-009
          23  4.848841750086967E-009
          24  1.123680381731418E-008
          25  1.361825758744899E-008
          26  1.129933573065360E-008
          27  2.492294997225953E-009
          28  1.608178761460588E-009
          29  8.182316194316610E-010
          30  2.688861741033476E-009
          31  4.750641481548084E-010
          32  5.868156585517882E-010
          33  8.361307517201985E-010
          34  4.380116673216777E-009
          35  2.792848261577432E-010
          36  1.074929425715137E-009
          37  7.181213631689263E-010
          38  9.637810711310075E-010
          39  2.985532134839356E-010
          40  6.317600847653142E-010
          41  8.899214583394170E-010
          42  6.433781243532418E-009
          43  5.448219812680390E-010
          44  9.765848012300424E-010
          45  4.375784814787661E-009
          46  7.176922219524264E-009
          47  7.840682499797485E-009
          48  5.867787771514486E-009
          49  5.038894066991031E-010
          50  3.116020835298770E-009
          51  1.577498193275702E-009
          52  6.381590410387909E-009
          53  2.204740258972257E-010
          54  5.497455803456239E-010
          55  3.848755101897595E-010
          56  4.437184356718091E-010
          57  1.175501695764269E-010
          58  2.243113750553120E-010
          59  1.587154780381672E-010
          60  1.789778907435615E-010
          61  1.829240760019575E-010
          62  8.897509229473796E-010
          63  3.628176313401810E-010
          64  3.672878194957799E-010
          65  3.145628512200267E-010
          66  4.459622610211188E-010
          67  5.878099445848660E-010
          68  8.950832278999639E-010
          69  1.689874762845865E-010
          70  5.110592758012093E-010
          71  1.773452746934626E-010
          72  2.175589549425645E-010
          73  2.186760370141093E-010
          74  4.592875906242840E-010
          75  1.096400156878699E-009
          76  2.915879702972280E-009
          77  5.484871342775507E-009
          78  9.948376396642370E-009
          79  7.765628678466894E-009
          80  3.211022757160272E-008
          81  1.101970322499040E-008
          82  9.924118977045480E-009
          83  4.390588617031687E-009
          84  5.005612969987822E-009
          85  3.401385344371198E-009
          86  3.663562446322501E-009
          87  2.364472383866827E-009
          88  5.781814752171460E-009
          89  2.675427994856441E-009
          90  5.088135763060626E-009
          91  3.310909457554426E-009
          92  2.732147809496957E-009
          93  2.298775668810811E-009
          94  5.533687732740866E-009
          95  2.714512716890256E-009
          96  3.057715256006475E-009
          97  1.321181153821448E-009
          98  1.245614678321112E-009
          99  1.407507400560916E-009
         100  1.238787790905492E-009
         101  9.488034938043365E-010
         102  1.681072421344787E-009
         103  1.609637590814472E-009
         104  1.551900655604237E-009
         105  1.655580698773593E-009
         106  2.123645603140693E-009
         107  1.633472967246876E-009
         108  5.363179936954310E-009
         109  2.391379787758528E-009
         110  6.510454182486730E-009
         111  4.546273855631998E-009
         112  5.962505609828520E-009
         113  2.982716293246648E-009
         114  2.350165836427150E-009
         115  1.247554225828589E-009
         116  1.292113516722028E-009
         117  1.138576918416462E-009
         118  1.213614522192699E-009
         119  4.515126232340398E-010
         120  6.333698859006303E-010
         121  5.105555686922970E-010
         122  6.768571176939429E-010
         123  6.048499808598607E-010
         124  1.781293371197884E-008
         125  7.358440883281918E-008
         126  6.070883311866741E-007
         127  3.190260654539895E-006
         128  2.666054597274661E-005
         129  1.300576232723580E-004
         130  3.145268142460424E-004
         131  1.069155197654099E-003
         132  9.956400133559000E-004
         133  3.363515869231097E-005
         134  8.472600906723767E-005
         135  7.590605922787415E-005
         136  2.037509365338390E-004
         137  1.137038189955524E-004
         138  9.608013971007649E-005
         139  1.386874041041543E-005
         140  3.229941309047777E-005
         141  2.518354094390929E-005
         142  1.005823972034041E-005
         143  1.641238615892013E-006
         144  5.375974610027760E-006
         145  2.150710550131792E-006
         146  1.090573024980785E-005
         147  1.785804130402899E-005
         148  4.166254332719191E-005
         149  2.662373871479674E-005
         150  3.887510817059495E-005
         151  2.410223860197232E-005
         152  4.463993629984268E-005
         153  2.075636022525042E-005
         154  2.619264755613480E-005
         155  1.657484805612875E-005
         156  9.585198762787460E-005
         157  3.826408270912514E-005
         158  4.004278670844792E-005
         159  1.970734630147983E-005
         160  4.619386902015803E-005
         161  3.165371116729066E-005
         162  1.427705053070746E-004
         163  5.510742189315946E-005
         164  1.295400621032942E-004
         165  7.636079994522553E-005
         166  1.120607316254967E-004
         167  6.589638485795636E-005
         168  9.547538809564072E-005
         169  3.214131610707889E-005
         170  3.210015722930828E-005
         171  1.875493049184243E-005
         172  3.149056327576646E-005
         173  1.837682728948443E-005
         174  4.544150108938588E-005
         175  2.509056102387740E-005
         176  2.343606404798702E-005
         177  1.069708687998154E-005
         178  1.556343471577355E-005
         179  5.498881972172206E-006
         180  9.176212969255310E-006
         181  4.859289072097809E-006
         182  1.204211551314207E-005
         183  6.728279137237064E-006
         184  1.253194578486811E-005
         185  4.046469164891983E-006
         186  1.604318336561444E-005
         187  4.619028347355374E-006
         188  1.473222037875971E-005
         189  1.278296536515352E-005
         190  2.618159681675843E-005
         191  3.039293001437902E-005
         192  1.042710906985260E-004
         193  1.315939144804662E-004
         194  3.144279381750720E-004
         195  2.140779124758399E-004
         196  4.041505183469394E-004
         197  2.092934263237724E-004
         198  1.487669318357325E-004
         199  1.167230515370229E-005
         200  2.127927061366687E-006
         201  8.120104658370452E-008
         202  1.078000865747343E-007
         203  2.885950637031098E-008
         204  7.623560597265610E-008
         205  6.158054008064378E-008
         206  2.187897179158314E-006
         207  1.448863379300333E-006
         208  2.441004913478585E-006
         209  1.552397061091816E-006
         226  6.483520656537692E-014
         227  4.877019373764630E-015
         230  3.055358015257716E-012
         231  7.321392179995770E-012
         232  5.479585774888130E-007
         234  9.947983270524581E-012
         235  1.573266113551849E-007
         236  1.670885069713087E-009
         238  1.810393448266262E-007
         240  3.247238971958110E-013
         244  3.963914523460963E-009
