           1  7.403731133861598E-005
           2  6.470609901488105E-012
           3  1.574717819390911E-008
           4  8.345417531656311E-005
           6  5.674563962362780E-015
           7  3.114017005274736E-012
           8  2.708281752318958E-013
           9  1.912633244112939E-009
          10  2.713051082138141E-014
          14  2.265164669177458E-015
          15  2.270840264021665E-012
          16  1.213493090062190E-009
          17  9.074368619036323E-011
          18  4.574447068353664E-010
          19  2.099397418801366E-010
          20  4.611134568519113E-009
          21  7.526360134207157E-010
          22  1.475164137860167E-009
          23  4.879932339000294E-009
          24  1.126844229742362E-008
          25  1.378122846388896E-008
          26  1.216277283024612E-008
          27  2.619624115506897E-009
          28  1.583264369031556E-009
          29  8.473840046226120E-010
          30  2.658932593205834E-009
          31  4.695297409075592E-010
          32  6.618547071941982E-010
          33  7.956006318067725E-010
          34  4.315387367520194E-009
          35  2.964820620614966E-010
          36  1.195946525563134E-009
          37  8.687121695539565E-010
          38  1.177935162072100E-009
          39  3.264456366688364E-010
          40  6.259502740515953E-010
          41  8.623467932168398E-010
          42  5.839754395260630E-009
          43  5.002448862738325E-010
          44  9.814066372019412E-010
          45  4.444448578003390E-009
          46  7.456212783155508E-009
          47  8.090325827244483E-009
          48  5.975565909367809E-009
          49  5.450412623043977E-010
          50  3.128289958643854E-009
          51  1.544040106252372E-009
          52  6.481129348244656E-009
          53  2.311611830332354E-010
          54  5.686162125187647E-010
          55  3.584340216285937E-010
          56  4.067027018335591E-010
          57  1.077867160164199E-010
          58  2.036658010566606E-010
          59  1.428860139291672E-010
          60  1.734704703577429E-010
          61  1.835695669567591E-010
          62  8.630687225593968E-010
          63  3.504485297583580E-010
          64  3.564538830486277E-010
          65  3.013642327234439E-010
          66  4.362073423153549E-010
          67  5.828771991411963E-010
          68  8.493638589200075E-010
          69  1.570185505840591E-010
          70  4.604206450391632E-010
          71  1.593369062696997E-010
          72  1.993827233230263E-010
          73  2.120133232030418E-010
          74  4.396089678813855E-010
          75  1.037535383773228E-009
          76  2.786454103524517E-009
          77  5.539496414394886E-009
          78  1.009953548122579E-008
          79  7.861060002227749E-009
          80  3.133874569600901E-008
          81  1.267639199787143E-008
          82  1.114006907051111E-008
          83  4.783790010311122E-009
          84  5.119954211240752E-009
          85  3.408399477721097E-009
          86  3.701716058880133E-009
          87  2.545517078014070E-009
          88  6.176957464356360E-009
          89  2.774641218981884E-009
          90  5.215434810200885E-009
          91  3.472109480062313E-009
          92  2.953909543845196E-009
          93  2.488982347506189E-009
          94  5.829547079848847E-009
          95  3.001067820805665E-009
          96  3.585146253470747E-009
          97  1.564627434438827E-009
          98  1.440767321649165E-009
          99  1.602482720624350E-009
         100  1.425330293281680E-009
         101  1.053339833566974E-009
         102  1.806830787072822E-009
         103  1.690227756560324E-009
         104  1.629449203079088E-009
         105  1.715337598450420E-009
         106  2.214384033013712E-009
         107  1.717306139842596E-009
         108  5.811851078175436E-009
         109  2.575979281335612E-009
         110  7.095330185530643E-009
         111  5.086555294604192E-009
         112  6.744499620603343E-009
         113  3.418182791067983E-009
         114  2.708900418378498E-009
         115  1.415177738328931E-009
         116  1.490818225191992E-009
         117  1.406899624482971E-009
         118  1.506588682296547E-009
         119  5.179212543384462E-010
         120  7.245899466307544E-010
         121  5.935346392619330E-010
         122  7.635289342624318E-010
         123  6.840389724451099E-010
         124  1.776250013775255E-008
         125  7.815132240545162E-008
         126  6.371509529353093E-007
         127  3.248664576152752E-006
         128  2.668377565821756E-005
         129  1.324129027631217E-004
         130  3.252951475791649E-004
         131  1.087886695952277E-003
         132  1.066476543467768E-003
         133  3.547486655169127E-005
         134  9.031791592657557E-005
         135  9.269744066123418E-005
         136  2.343737701466109E-004
         137  1.251716467266567E-004
         138  8.694900215608279E-005
         139  1.455281256443782E-005
         140  3.394878820779203E-005
         141  2.599226625866294E-005
         142  1.001631310689953E-005
         143  1.888340926423958E-006
         144  9.611659949198073E-006
         145  5.735156045692964E-006
         146  2.264808077794047E-005
         147  1.710232935886483E-005
         148  2.938816771990902E-005
         149  2.096351497251851E-005
         150  4.967569170980702E-005
         151  1.817971618184784E-005
         152  1.675960287902053E-005
         153  7.375024247275581E-006
         154  3.272192486588939E-005
         155  1.771732916323287E-005
         156  2.466792498189749E-005
         157  1.283365680048890E-005
         158  3.751183942619500E-005
         159  2.975338944884249E-005
         160  7.332225433288628E-005
         161  3.277445401432589E-005
         162  8.668069101406889E-005
         163  4.300442340935272E-005
         164  6.078416222728256E-005
         165  3.084920472018446E-005
         166  7.747465234546414E-005
         167  3.195945492034463E-005
         168  1.108105857968738E-004
         169  4.970479837370242E-005
         170  6.075823315651821E-005
         171  3.621006118479416E-005
         172  4.664736553882835E-005
         173  2.057520754680920E-005
         174  2.478147394453993E-005
         175  1.226087992980856E-005
         176  1.964655501117980E-005
         177  8.408741144157803E-006
         178  1.399862924706141E-005
         179  4.434456746019032E-006
         180  7.466706091010669E-006
         181  4.001976916802206E-006
         182  9.704655391150541E-006
         183  5.336528933988753E-006
         184  1.016157901399578E-005
         185  3.358683743991552E-006
         186  1.329911956805501E-005
         187  3.881975634042814E-006
         188  1.279037715828502E-005
         189  1.126121217218505E-005
         190  2.420493384209670E-005
         191  2.803657647710706E-005
         192  1.015528056691864E-004
         193  1.339239309787734E-004
         194  3.342470607088937E-004
         195  2.345977023827642E-004
         196  4.507625572901384E-004
         197  2.374989583976505E-004
         198  1.734244210975542E-004
         199  1.413514643025173E-005
         200  2.467734754922779E-006
         201  8.820840400167481E-008
         202  1.044759342079938E-007
         203  2.554182423125778E-008
         204  7.722881183135332E-008
         205  6.666991312066691E-008
         206  2.354523596585524E-006
         207  1.520661916081091E-006
         208  2.576645670727741E-006
         209  1.662836632786816E-006
         226  6.660888274476370E-014
         227  5.166791637500485E-015
         230  3.138942475279396E-012
         231  7.756398937833953E-012
         232  6.030518297638317E-007
         234  1.022012709321876E-011
         235  1.666743060892930E-007
         236  1.620021386720408E-009
         238  1.859919807548703E-007
         240  3.140222666004215E-013
         244  3.833279392175264E-009
