           1  7.443254150191240E-005
           2  6.470609901488105E-012
           3  1.574717819390911E-008
           4  8.085476051736540E-005
           6  5.674563962362780E-015
           7  3.114017005274736E-012
           8  2.708281752318958E-013
           9  1.912633244112939E-009
          10  2.713051082138141E-014
          14  1.942150021624361E-015
          15  2.043994678710197E-012
          16  1.215409926930654E-009
          17  9.092010650887295E-011
          18  4.427352897234398E-010
          19  1.901063115780655E-010
          20  4.466203020640067E-009
          21  7.508770674897664E-010
          22  1.718019375803047E-009
          23  4.720119899234471E-009
          24  1.103674145822138E-008
          25  1.330043895610645E-008
          26  1.219993347139618E-008
          27  2.751265238459152E-009
          28  1.650636362158428E-009
          29  8.168092429292812E-010
          30  2.761599332910195E-009
          31  4.940369137332287E-010
          32  5.761726842530042E-010
          33  7.495424406571973E-010
          34  4.378100183523199E-009
          35  2.997236550995747E-010
          36  1.181916011932807E-009
          37  8.121965385459035E-010
          38  1.083510140615830E-009
          39  3.108150579382208E-010
          40  6.102541499004286E-010
          41  8.504286571474418E-010
          42  6.220373018148967E-009
          43  5.401316659757371E-010
          44  9.149640707428923E-010
          45  4.034830840205781E-009
          46  7.194960305550660E-009
          47  8.160291689666822E-009
          48  6.180091223889019E-009
          49  5.285579982722413E-010
          50  3.192071197590138E-009
          51  1.593913996699366E-009
          52  6.313294581342704E-009
          53  2.120405255096295E-010
          54  5.182650731019253E-010
          55  3.684274839699051E-010
          56  4.270557438085433E-010
          57  1.143282308048071E-010
          58  2.200281607754739E-010
          59  1.537708582739675E-010
          60  1.666215983143142E-010
          61  1.625602852023452E-010
          62  8.116378977229667E-010
          63  3.414160437334556E-010
          64  3.650661457781097E-010
          65  3.139601885418373E-010
          66  4.430759919959064E-010
          67  5.802567769534201E-010
          68  8.899341725188274E-010
          69  1.701517099000874E-010
          70  5.151480237710106E-010
          71  1.774422557662865E-010
          72  2.150404814509736E-010
          73  2.096704524169651E-010
          74  4.185850623273282E-010
          75  9.628224842438895E-010
          76  2.712713213241088E-009
          77  5.426570998171990E-009
          78  1.010966258621148E-008
          79  7.721066787328427E-009
          80  3.218638520331859E-008
          81  1.177517442249480E-008
          82  1.071749415548647E-008
          83  4.705019799232902E-009
          84  4.989583855637883E-009
          85  3.407933487160517E-009
          86  3.664113574024491E-009
          87  2.297151841111855E-009
          88  5.804856982402655E-009
          89  2.749002835728993E-009
          90  5.170925923139129E-009
          91  3.315128550267017E-009
          92  2.689998521395495E-009
          93  2.294388685351034E-009
          94  5.740472761362412E-009
          95  2.910275009695432E-009
          96  3.420238296852041E-009
          97  1.496031531726379E-009
          98  1.380811781688811E-009
          99  1.528027293066319E-009
         100  1.351964504249552E-009
         101  1.017012713571748E-009
         102  1.735824559040205E-009
         103  1.645785109131984E-009
         104  1.593681476201333E-009
         105  1.653564908032463E-009
         106  2.063552782006357E-009
         107  1.572954258234631E-009
         108  5.121252280035200E-009
         109  2.332534192713029E-009
         110  6.711744325366338E-009
         111  4.779743152767201E-009
         112  6.465634477103497E-009
         113  3.302205716827874E-009
         114  2.667246856705823E-009
         115  1.425008336983390E-009
         116  1.499311927358384E-009
         117  1.311133112108022E-009
         118  1.412805311364018E-009
         119  5.390623047354011E-010
         120  7.574056213731304E-010
         121  6.146664205657995E-010
         122  7.712519400232704E-010
         123  6.696514684437101E-010
         124  1.586355730974255E-008
         125  6.641145744666240E-008
         126  5.477786380257173E-007
         127  2.857627335923711E-006
         128  2.421762408940005E-005
         129  1.231565743538568E-004
         130  3.180935206912430E-004
         131  1.090478480280439E-003
         132  1.041491388162220E-003
         133  3.419336872433416E-005
         134  8.727117619733642E-005
         135  8.323071034803579E-005
         136  2.195101463714287E-004
         137  1.199304098873666E-004
         138  8.918675052134868E-005
         139  1.415025208528894E-005
         140  3.442641293101573E-005
         141  2.675927164642742E-005
         142  1.047617460980559E-005
         143  1.824536655916880E-006
         144  7.452176882679200E-006
         145  3.826999289034437E-006
         146  1.665550874288432E-005
         147  1.838399544604925E-005
         148  2.559586917982178E-005
         149  1.593815657467593E-005
         150  4.850550504365480E-005
         151  1.748859490458586E-005
         152  1.444813853519971E-005
         153  5.670438137563296E-006
         154  3.630037291533930E-005
         155  2.225008363493385E-005
         156  3.144628782475419E-005
         157  1.495551394295568E-005
         158  4.482299655127284E-005
         159  3.611960764798813E-005
         160  7.548564276383022E-005
         161  3.921940316539968E-005
         162  1.701375371651695E-004
         163  1.113861616469606E-004
         164  1.045271578693910E-004
         165  3.970898006622904E-005
         166  4.444843237468890E-005
         167  3.323924091576759E-005
         168  1.164270208688520E-004
         169  3.114135254891350E-005
         170  2.725406694872466E-005
         171  1.802012715432476E-005
         172  2.935799723402544E-005
         173  1.810735806304039E-005
         174  4.628320057242727E-005
         175  2.620044635793430E-005
         176  1.883635303455624E-005
         177  5.973283510767205E-006
         178  8.792544367953775E-006
         179  5.319951621125660E-006
         180  1.170420799883610E-005
         181  5.471883287778395E-006
         182  1.165102134514601E-005
         183  5.924226859663025E-006
         184  1.031571619492579E-005
         185  3.187134562319806E-006
         186  1.186763349053743E-005
         187  3.437588291633495E-006
         188  1.104471785675632E-005
         189  9.655483007526914E-006
         190  2.070467824377083E-005
         191  2.540924397315360E-005
         192  9.146959814900696E-005
         193  1.203803490604051E-004
         194  3.019041923150165E-004
         195  2.240867602465073E-004
         196  4.522556329273442E-004
         197  2.408871515359506E-004
         198  1.786892860831321E-004
         199  1.433606711537653E-005
         200  2.527607597997753E-006
         201  8.641678256440335E-008
         202  1.070032821068054E-007
         203  2.796078786951159E-008
         204  8.042657785686387E-008
         205  6.763504081935066E-008
         206  2.196665056243527E-006
         207  1.456477260697794E-006
         208  2.423802225577775E-006
         209  1.555557012409753E-006
         226  6.067291456556688E-014
         227  4.686659411229444E-015
         230  2.859210075008014E-012
         231  7.035623386747449E-012
         232  5.404964888907711E-007
         234  9.309342424375720E-012
         235  1.511858344691084E-007
         236  1.467225658916070E-009
         238  1.694169770338609E-007
         240  2.842504819784643E-013
         244  3.469854308676819E-009
