           1  7.475923767303836E-005
           2  6.470609901488105E-012
           3  1.574717819390911E-008
           4  8.176424054746412E-005
           6  5.674563962362780E-015
           7  3.114017005274736E-012
           8  2.708281752318958E-013
           9  1.912633244112939E-009
          10  2.713051082138141E-014
          14  1.939860327679715E-015
          15  1.843080506130863E-012
          16  1.264764230663125E-009
          17  9.340491400631757E-011
          18  4.520811049844815E-010
          19  2.046749964453575E-010
          20  4.719988484762140E-009
          21  7.828146254254144E-010
          22  1.549587193894633E-009
          23  4.967175230780628E-009
          24  1.146400072739372E-008
          25  1.385077600351976E-008
          26  1.176600955753085E-008
          27  2.601879291197998E-009
          28  1.586870875549810E-009
          29  8.128928070046354E-010
          30  2.572221713960728E-009
          31  4.630075563585542E-010
          32  6.411163854402107E-010
          33  8.032123550667104E-010
          34  4.458010058267508E-009
          35  2.844361020272211E-010
          36  1.086360886457230E-009
          37  7.539244562741182E-010
          38  1.007925065527247E-009
          39  2.876089369752083E-010
          40  6.192019453058904E-010
          41  8.923042681428937E-010
          42  6.139877715146723E-009
          43  5.229666095468364E-010
          44  9.713164977257939E-010
          45  4.405405887569286E-009
          46  7.417030064040173E-009
          47  8.152405677600145E-009
          48  6.046407028773992E-009
          49  4.965460989985007E-010
          50  3.072729159489305E-009
          51  1.558176037297920E-009
          52  6.178794368266399E-009
          53  2.152564842982710E-010
          54  5.252006497426017E-010
          55  3.486653317386270E-010
          56  3.936889915737838E-010
          57  1.048535956854512E-010
          58  1.912998314831283E-010
          59  1.371327590065697E-010
          60  1.655508606509234E-010
          61  1.756113427447807E-010
          62  8.607053866425047E-010
          63  3.481788286901738E-010
          64  3.458121311531737E-010
          65  2.958245897892922E-010
          66  4.326459583593659E-010
          67  5.887071952259726E-010
          68  8.956525260081485E-010
          69  1.639119322236693E-010
          70  4.852524874103577E-010
          71  1.683319536426513E-010
          72  2.064457567250284E-010
          73  2.075355022971769E-010
          74  4.450075276681012E-010
          75  1.071488922314721E-009
          76  2.854421296703343E-009
          77  5.376778504010821E-009
          78  1.034185055599618E-008
          79  8.064853772551305E-009
          80  3.244552958021156E-008
          81  1.210331053158298E-008
          82  1.034711952336723E-008
          83  4.445480590064668E-009
          84  5.258630880751085E-009
          85  3.454720205873286E-009
          86  3.732285880637234E-009
          87  2.521158229835051E-009
          88  5.953599712802170E-009
          89  2.771754495410576E-009
          90  5.409683607696975E-009
          91  3.538875031254563E-009
          92  2.900448029684735E-009
          93  2.413716283614482E-009
          94  5.675252950916819E-009
          95  2.813195319555743E-009
          96  3.179754917636349E-009
          97  1.380706541933993E-009
          98  1.310615787116952E-009
          99  1.494700735499570E-009
         100  1.322281321981311E-009
         101  9.975783908755945E-010
         102  1.729109792018191E-009
         103  1.648448075957860E-009
         104  1.596212236699102E-009
         105  1.720676766003543E-009
         106  2.236914221826764E-009
         107  1.719986894624785E-009
         108  5.766009867886891E-009
         109  2.565793390855355E-009
         110  7.049754415696001E-009
         111  4.953023321589717E-009
         112  6.564196469432492E-009
         113  3.293760787521663E-009
         114  2.601520780728544E-009
         115  1.382570140068154E-009
         116  1.429603391991273E-009
         117  1.244202365551367E-009
         118  1.320085859341379E-009
         119  4.930548732321925E-010
         120  6.856590469784612E-010
         121  5.528241298342304E-010
         122  7.233694743784974E-010
         123  6.536046336420040E-010
         124  1.863246343983039E-008
         125  7.979489606104664E-008
         126  6.550105196697658E-007
         127  3.361401027886136E-006
         128  2.781612408849732E-005
         129  1.374981049357107E-004
         130  3.379549049377392E-004
         131  1.096402376277716E-003
         132  1.019832935746479E-003
         133  3.182134510222018E-005
         134  7.875919656365097E-005
         135  8.179462312388987E-005
         136  2.037369633889773E-004
         137  1.098134837348822E-004
         138  8.787957690100429E-005
         139  1.416182607346777E-005
         140  3.247175905680868E-005
         141  2.453112978219991E-005
         142  1.000748822681151E-005
         143  1.613462462919088E-006
         144  5.288096172531213E-006
         145  1.908760115706141E-006
         146  8.855444929066438E-006
         147  1.410032566287031E-005
         148  3.424072415448950E-005
         149  2.342532728720175E-005
         150  3.416068008038195E-005
         151  2.065489415421369E-005
         152  2.788366890181600E-005
         153  9.589722184696631E-006
         154  2.850982820882362E-005
         155  1.636004759419667E-005
         156  5.024209002348571E-005
         157  3.521110268223592E-005
         158  5.379317279659211E-005
         159  1.948562243243808E-005
         160  3.642087601178676E-005
         161  2.366655983607166E-005
         162  1.322105137559394E-004
         163  5.302859971836408E-005
         164  1.165625030934935E-004
         165  5.373346448238748E-005
         166  5.891979617447022E-005
         167  2.363425885221139E-005
         168  1.242352312091550E-004
         169  4.038350569870711E-005
         170  4.789227923029010E-005
         171  2.943309966691920E-005
         172  6.416481760082041E-005
         173  2.943878743344900E-005
         174  5.928795765476338E-005
         175  3.897376482719321E-005
         176  3.716920082530858E-005
         177  1.405087804573762E-005
         178  2.315581138135596E-005
         179  8.527886409304243E-006
         180  1.418983903142171E-005
         181  6.838474683832287E-006
         182  1.497443579824601E-005
         183  7.861293957916509E-006
         184  1.439946249078494E-005
         185  4.577436763554697E-006
         186  1.759664982186643E-005
         187  4.970071159336952E-006
         188  1.560421008940315E-005
         189  1.338798292357324E-005
         190  2.725534040681747E-005
         191  3.086932245552728E-005
         192  1.055875931025305E-004
         193  1.332565026498892E-004
         194  3.199162491633028E-004
         195  2.134955694533854E-004
         196  3.968497109652472E-004
         197  2.063576967243799E-004
         198  1.477412911718714E-004
         199  1.162023676499855E-005
         200  2.175978292439493E-006
         201  9.062234901184968E-008
         202  1.118537566184459E-007
         203  2.654356777132442E-008
         204  8.823942630504029E-008
         205  7.616150038480098E-008
         206  2.249752184455983E-006
         207  1.471354095965569E-006
         208  2.491500107943789E-006
         209  1.561636330816079E-006
         226  6.475530997846430E-014
         227  4.915378827420800E-015
         230  3.051592889947765E-012
         231  7.378977475952959E-012
         232  5.579523265533581E-007
         234  9.935724345905023E-012
         235  1.585640398734363E-007
         236  1.689002579776243E-009
         238  1.808162495900292E-007
         240  3.284175218286202E-013
         244  4.009002712081023E-009
