           1  7.465975422690567E-005
           2  6.470609901488105E-012
           3  1.574717819390911E-008
           4  8.120953250658265E-005
           6  5.674563962362780E-015
           7  3.114017005274736E-012
           8  2.708281752318958E-013
           9  1.912633244112939E-009
          10  2.713051082138141E-014
          14  1.875255497367646E-015
          15  1.927207800318056E-012
          16  1.225640777723945E-009
          17  9.127850449136968E-011
          18  4.405653737305972E-010
          19  1.894642712348678E-010
          20  4.633105848997831E-009
          21  7.607297984703869E-010
          22  1.547175379043572E-009
          23  4.877875419323656E-009
          24  1.128654420786958E-008
          25  1.373232422520929E-008
          26  1.174880894287446E-008
          27  2.538214729880194E-009
          28  1.565870219395512E-009
          29  8.128321742835806E-010
          30  2.636133515160666E-009
          31  4.596671015091552E-010
          32  5.980267359169871E-010
          33  8.233008164915642E-010
          34  4.409435849614945E-009
          35  2.854635558224730E-010
          36  1.117710000177965E-009
          37  7.924074111359399E-010
          38  1.071615044146463E-009
          39  3.030815507388882E-010
          40  6.106337717749487E-010
          41  8.636650563745303E-010
          42  6.184594483113790E-009
          43  5.233269184757393E-010
          44  9.852920986576127E-010
          45  4.417949783255007E-009
          46  7.351477777873482E-009
          47  7.978413915806574E-009
          48  5.892254892315970E-009
          49  5.286071695943318E-010
          50  3.108488993118970E-009
          51  1.540688913414949E-009
          52  6.280290705430582E-009
          53  2.293173773274550E-010
          54  5.829259919226051E-010
          55  3.803807788235179E-010
          56  4.198459217667160E-010
          57  1.098129330923407E-010
          58  2.139043241142323E-010
          59  1.496016991634635E-010
          60  1.725103192777243E-010
          61  1.806566897907713E-010
          62  8.627743369078224E-010
          63  3.507589895611273E-010
          64  3.614641787048998E-010
          65  3.074602375047499E-010
          66  4.363948790195488E-010
          67  5.853601178745373E-010
          68  8.721291419076726E-010
          69  1.637093587592714E-010
          70  4.923710015469398E-010
          71  1.702865585484160E-010
          72  2.096252916449490E-010
          73  2.175808699976974E-010
          74  4.510023029133368E-010
          75  1.076093325479319E-009
          76  2.860581965405523E-009
          77  5.496973490342712E-009
          78  1.004653944062537E-008
          79  7.873711332779673E-009
          80  3.208755471842454E-008
          81  1.189407611481476E-008
          82  1.033531856843623E-008
          83  4.456102218332620E-009
          84  4.993770270434104E-009
          85  3.394336381194817E-009
          86  3.678572799720530E-009
          87  2.466670305669234E-009
          88  6.000599969185932E-009
          89  2.732594262350823E-009
          90  5.206744990073685E-009
          91  3.445369520903602E-009
          92  2.812983718743584E-009
          93  2.352878075863279E-009
          94  5.633557565246389E-009
          95  2.834276833424973E-009
          96  3.283396246185737E-009
          97  1.418963973110118E-009
          98  1.315033826322039E-009
          99  1.475998545399227E-009
         100  1.302325500422491E-009
         101  9.881182838786560E-010
         102  1.750144738791422E-009
         103  1.656756968158621E-009
         104  1.597052046600130E-009
         105  1.693054824609889E-009
         106  2.174519777846004E-009
         107  1.689494082486339E-009
         108  5.642661415216991E-009
         109  2.501325032815751E-009
         110  6.811381389189313E-009
         111  4.841777147297995E-009
         112  6.369742478403021E-009
         113  3.195007613635938E-009
         114  2.510766749887471E-009
         115  1.319466302193758E-009
         116  1.359171129320571E-009
         117  1.197033949477855E-009
         118  1.281718808456415E-009
         119  4.798270615616928E-010
         120  6.776943563404651E-010
         121  5.506318151098909E-010
         122  7.075074844884879E-010
         123  6.451275795720882E-010
         124  1.794207438474470E-008
         125  7.955336086357752E-008
         126  6.470757127896689E-007
         127  3.345650408696558E-006
         128  2.761412967586432E-005
         129  1.347805248872509E-004
         130  3.246916976976295E-004
         131  1.079552388653342E-003
         132  1.021706814563557E-003
         133  3.315675980253596E-005
         134  8.357635220968695E-005
         135  8.410448523616458E-005
         136  2.124358501853639E-004
         137  1.151573834303012E-004
         138  9.104728083265983E-005
         139  1.458434177046373E-005
         140  3.370069169200350E-005
         141  2.533098725558936E-005
         142  1.007196099255284E-005
         143  1.953591872580708E-006
         144  1.021941124450573E-005
         145  6.441815451708716E-006
         146  2.628020925098956E-005
         147  2.000757677990980E-005
         148  2.297420101544089E-005
         149  1.751855240512090E-005
         150  4.084775280186779E-005
         151  1.956867873650424E-005
         152  3.718613328125379E-005
         153  1.503772232671368E-005
         154  4.865327100948359E-005
         155  2.770818139319710E-005
         156  7.379758490711444E-005
         157  3.281473384927933E-005
         158  4.709880888799246E-005
         159  1.969301238986262E-005
         160  4.957258049262164E-005
         161  3.492949781292311E-005
         162  1.439440732713331E-004
         163  5.627887537875713E-005
         164  9.490668646039106E-005
         165  5.725558781820690E-005
         166  6.672599507985591E-005
         167  1.722607595461605E-005
         168  6.140048487561779E-005
         169  4.912913097035991E-005
         170  4.329053413000162E-005
         171  1.599501216707481E-005
         172  3.777579900955496E-005
         173  2.050596401621683E-005
         174  3.988337978288276E-005
         175  1.828398532592627E-005
         176  3.092815046809840E-005
         177  1.402441655255226E-005
         178  1.368549464145067E-005
         179  6.242191483694349E-006
         180  1.258275688856749E-005
         181  5.904747447785084E-006
         182  1.285417078201051E-005
         183  6.781175430012719E-006
         184  1.240516018877092E-005
         185  3.992617034904046E-006
         186  1.560292721388118E-005
         187  4.521265337085389E-006
         188  1.474596726770617E-005
         189  1.287040619037697E-005
         190  2.685257736873652E-005
         191  3.053950516509820E-005
         192  1.069473037092072E-004
         193  1.367608693798471E-004
         194  3.307261262282928E-004
         195  2.257263524802199E-004
         196  4.243454439291881E-004
         197  2.190278315607599E-004
         198  1.554032967002048E-004
         199  1.236978095418370E-005
         200  2.234766300691607E-006
         201  8.622433164871779E-008
         202  1.092017365030177E-007
         203  2.770382761588221E-008
         204  7.897881280540495E-008
         205  6.633139731668631E-008
         206  2.190291127549609E-006
         207  1.441517147571448E-006
         208  2.419559827812017E-006
         209  1.539034130147107E-006
         226  6.074475344024831E-014
         227  4.655646730443534E-015
         230  2.862595480765050E-012
         231  6.989067082335766E-012
         232  5.329850523662166E-007
         234  9.320365014745409E-012
         235  1.501854037545342E-007
         236  1.546842105684894E-009
         238  1.696175727209018E-007
         240  3.004635523392040E-013
         244  3.667767753384207E-009
