           1  7.401718627890980E-005
           2  6.470609901488105E-012
           3  1.574717819390911E-008
           4  8.360534319556208E-005
           6  5.674563962362780E-015
           7  3.114017005274736E-012
           8  2.708281752318958E-013
           9  1.912633244112939E-009
          10  2.713051082138141E-014
          14  2.347692826888083E-015
          15  2.284126030263692E-012
          16  1.294832387707779E-009
          17  9.519963574209580E-011
          18  4.393461320496917E-010
          19  1.847160516509007E-010
          20  4.855855594290877E-009
          21  8.015761492121299E-010
          22  1.441950786619658E-009
          23  5.080146765457544E-009
          24  1.165393722354807E-008
          25  1.407322144551729E-008
          26  1.168412376687585E-008
          27  2.559678110054672E-009
          28  1.597205305106782E-009
          29  7.879476580253941E-010
          30  2.577548207094838E-009
          31  4.571516432754022E-010
          32  6.271495865035082E-010
          33  8.712483246684832E-010
          34  4.407117987906375E-009
          35  2.801032030232692E-010
          36  1.074202624386946E-009
          37  8.353308402965862E-010
          38  1.148386289124458E-009
          39  3.319111188933549E-010
          40  6.231638858749811E-010
          41  8.511988704063550E-010
          42  6.225275354691229E-009
          43  5.285449819375319E-010
          44  9.982142502467272E-010
          45  4.573711933448674E-009
          46  7.440839759771728E-009
          47  7.902950125486444E-009
          48  5.778557140400158E-009
          49  5.454113518592906E-010
          50  3.094289205070566E-009
          51  1.520850753539647E-009
          52  6.355653363551021E-009
          53  2.368304193748370E-010
          54  5.976130283134551E-010
          55  4.012143901281410E-010
          56  4.305028071362482E-010
          57  1.133502787086524E-010
          58  2.023986360926504E-010
          59  1.431915455968448E-010
          60  1.747785408427467E-010
          61  1.939219195075688E-010
          62  9.205541085119468E-010
          63  3.635926559387437E-010
          64  3.467047515715522E-010
          65  2.876758296458424E-010
          66  4.193762530523751E-010
          67  5.813041169765681E-010
          68  8.882630307708129E-010
          69  1.632370431452889E-010
          70  4.823219287032751E-010
          71  1.659201663398831E-010
          72  2.007755051393704E-010
          73  2.037516862313336E-010
          74  4.515206553678211E-010
          75  1.119675923410370E-009
          76  2.913882214552975E-009
          77  5.402614979735800E-009
          78  9.983129151411496E-009
          79  8.011786579764814E-009
          80  3.288073049098426E-008
          81  1.231512397401314E-008
          82  1.074416317336631E-008
          83  4.676656263337452E-009
          84  5.140935571103063E-009
          85  3.450995492961061E-009
          86  3.783716894864391E-009
          87  2.690881091775557E-009
          88  6.453701193281509E-009
          89  2.869927793309282E-009
          90  5.491614932663430E-009
          91  3.690032015761217E-009
          92  3.000906024297590E-009
          93  2.530219971306640E-009
          94  6.208597632640820E-009
          95  3.112389304919520E-009
          96  3.297979112155192E-009
          97  1.423649403866945E-009
          98  1.326761342539773E-009
          99  1.503194928733217E-009
         100  1.355052709094445E-009
         101  1.030190286928688E-009
         102  1.858934988970047E-009
         103  1.769752480214728E-009
         104  1.717340767305535E-009
         105  1.823479353473851E-009
         106  2.408884247490388E-009
         107  1.877187653873015E-009
         108  6.264290981781927E-009
         109  2.714452892987001E-009
         110  7.216317290460876E-009
         111  5.158664480844638E-009
         112  6.797818524588722E-009
         113  3.430549050011395E-009
         114  2.704178585913316E-009
         115  1.407256561366421E-009
         116  1.462585303458793E-009
         117  1.344262658600026E-009
         118  1.425229730990204E-009
         119  4.918268141138742E-010
         120  6.778675326746477E-010
         121  5.505993652389135E-010
         122  7.206434981543329E-010
         123  6.687136274476084E-010
         124  1.940745321469793E-008
         125  8.745081701912645E-008
         126  7.082518855446403E-007
         127  3.568171924485016E-006
         128  2.877437558939942E-005
         129  1.403511170436887E-004
         130  3.345233216363777E-004
         131  1.108443631688763E-003
         132  1.057295537467074E-003
         133  3.335877639750673E-005
         134  8.421940780333680E-005
         135  9.412483394657665E-005
         136  2.299305777179172E-004
         137  1.217852227944736E-004
         138  8.583410132167449E-005
         139  1.450365049263177E-005
         140  3.277871081884164E-005
         141  2.448913943489643E-005
         142  9.635854047381744E-006
         143  1.531306514736299E-006
         144  5.307342545467094E-006
         145  2.276351873460473E-006
         146  7.642869201887685E-006
         147  5.753698654967815E-006
         148  1.634965402297272E-005
         149  1.253055776296523E-005
         150  1.704207954631053E-005
         151  8.079258167445050E-006
         152  1.383868722740999E-005
         153  7.321299810841435E-006
         154  5.073727549549457E-005
         155  2.952655374419780E-005
         156  5.374632528304714E-005
         157  2.565718706793370E-005
         158  4.631354040922960E-005
         159  2.161718687581300E-005
         160  4.816688417245166E-005
         161  2.932507159020045E-005
         162  7.949897116848292E-005
         163  3.889032595849745E-005
         164  8.412416093334752E-005
         165  4.994993757528748E-005
         166  1.180906240674852E-004
         167  3.453973928592638E-005
         168  1.255367738319492E-004
         169  3.764969686270826E-005
         170  3.631081457543759E-005
         171  2.186654922179175E-005
         172  3.488133137750455E-005
         173  1.919781105604836E-005
         174  4.821234248287285E-005
         175  2.304225079265871E-005
         176  1.418608383247810E-005
         177  5.889063509250876E-006
         178  1.133784763816038E-005
         179  6.123188312114470E-006
         180  1.249488240645230E-005
         181  5.806894280000636E-006
         182  1.244711668676671E-005
         183  6.652031505528621E-006
         184  1.258665162400920E-005
         185  4.136384234722403E-006
         186  1.627640641824894E-005
         187  4.644085891591357E-006
         188  1.497983999250614E-005
         189  1.307463571770961E-005
         190  2.782973789082473E-005
         191  3.104068574969055E-005
         192  1.088054351013556E-004
         193  1.391341493109348E-004
         194  3.405836322628224E-004
         195  2.303616030561204E-004
         196  4.288827510433066E-004
         197  2.238566293351194E-004
         198  1.620169967183636E-004
         199  1.321782665447713E-005
         200  2.361369633740479E-006
         201  8.835809864137320E-008
         202  1.059742076032682E-007
         203  2.597995961301983E-008
         204  8.577072651028083E-008
         205  7.562931031884343E-008
         206  2.407613039286041E-006
         207  1.592166066959411E-006
         208  2.696774149796262E-006
         209  1.679940783747645E-006
         226  6.605999088884380E-014
         227  5.056484933029331E-015
         230  3.113075955832073E-012
         231  7.590806271161232E-012
         232  5.808788640360487E-007
         234  1.013590792759441E-011
         235  1.631159482698512E-007
         236  1.674235683712524E-009
         238  1.844593100464611E-007
         240  3.251895127227068E-013
         244  3.969598306408105E-009
