           1  7.471941223665981E-005
           2  6.470609901488105E-012
           3  1.574717819390911E-008
           4  8.373971910432291E-005
           6  5.674563962362780E-015
           7  3.114017005274736E-012
           8  2.708281752318958E-013
           9  1.912633244112939E-009
          10  2.713051082138141E-014
          14  1.973287028793669E-015
          15  1.884692514287686E-012
          16  1.243458680032890E-009
          17  9.223244230769109E-011
          18  4.441129060250797E-010
          19  1.945399732072852E-010
          20  4.699822119924243E-009
          21  7.717143544912439E-010
          22  1.523372177752910E-009
          23  4.939558436139410E-009
          24  1.140508419163813E-008
          25  1.386446011465105E-008
          26  1.173206784727740E-008
          27  2.565434685603415E-009
          28  1.581731354349249E-009
          29  8.209254673006262E-010
          30  2.608425196820233E-009
          31  4.683870198774107E-010
          32  6.208171570815034E-010
          33  8.144173584333326E-010
          34  4.332812771468422E-009
          35  2.864378287982310E-010
          36  1.114039937486819E-009
          37  7.858721932018207E-010
          38  1.058242733494938E-009
          39  3.075595490221275E-010
          40  6.242181813083774E-010
          41  8.725182660518796E-010
          42  6.113629993586315E-009
          43  5.332118014682643E-010
          44  9.914666800221246E-010
          45  4.458178020853945E-009
          46  7.380320708616971E-009
          47  7.988612385781134E-009
          48  5.920258097490074E-009
          49  5.239737991035544E-010
          50  3.107995387299593E-009
          51  1.558488076869662E-009
          52  6.321433217650930E-009
          53  2.243138968809209E-010
          54  5.472243633549306E-010
          55  3.610867272096204E-010
          56  4.114351799091467E-010
          57  1.115676288964122E-010
          58  2.065443195058907E-010
          59  1.467539478744597E-010
          60  1.749333492253027E-010
          61  1.804975444655746E-010
          62  8.693170339566593E-010
          63  3.555082584930645E-010
          64  3.544664699085724E-010
          65  2.998526918800461E-010
          66  4.403384901126003E-010
          67  5.786777380140316E-010
          68  8.713481673980484E-010
          69  1.616469078065740E-010
          70  4.787996759241621E-010
          71  1.664787214917825E-010
          72  2.094672815298872E-010
          73  2.141007030779428E-010
          74  4.525825714675187E-010
          75  1.081817934740205E-009
          76  2.865337194511269E-009
          77  5.479605988429912E-009
          78  1.014494915862355E-008
          79  7.951599760488690E-009
          80  3.206510946199917E-008
          81  1.209894822776739E-008
          82  1.053833392283385E-008
          83  4.568030335907059E-009
          84  5.117667635966370E-009
          85  3.412594848043645E-009
          86  3.712572467419124E-009
          87  2.538665058083473E-009
          88  6.035619463502611E-009
          89  2.719223388055749E-009
          90  5.167339013447503E-009
          91  3.512546951994888E-009
          92  2.914195038259368E-009
          93  2.407799672020971E-009
          94  5.611847522864169E-009
          95  2.860309779915842E-009
          96  3.244883799143910E-009
          97  1.427510374109172E-009
          98  1.348113428443900E-009
          99  1.510237537371113E-009
         100  1.347237027168766E-009
         101  1.000029323205835E-009
         102  1.728880731162144E-009
         103  1.653972405188826E-009
         104  1.610825858651277E-009
         105  1.712904838225200E-009
         106  2.230722360723322E-009
         107  1.709752402248960E-009
         108  5.711521386501456E-009
         109  2.534413620250063E-009
         110  6.878023918538392E-009
         111  4.867444558651286E-009
         112  6.457371542709483E-009
         113  3.289325457330026E-009
         114  2.618500205623746E-009
         115  1.381871167706478E-009
         116  1.435796518168165E-009
         117  1.293180045530049E-009
         118  1.375002200520935E-009
         119  4.890156926012679E-010
         120  6.747006253022470E-010
         121  5.479831677564936E-010
         122  7.350718169675527E-010
         123  6.538793638117825E-010
         124  1.905911589173822E-008
         125  7.819137551339739E-008
         126  6.479446500861420E-007
         127  3.331976416228815E-006
         128  2.742562775846391E-005
         129  1.351660053478368E-004
         130  3.279558834952733E-004
         131  1.095249692799169E-003
         132  1.020812663491271E-003
         133  3.294413414974797E-005
         134  8.240667125699339E-005
         135  8.337307847229751E-005
         136  2.122425505347930E-004
         137  1.145445109493785E-004
         138  8.607820902304091E-005
         139  1.410904046930574E-005
         140  3.256890549388446E-005
         141  2.488168808975494E-005
         142  9.801973919922533E-006
         143  1.567064120966341E-006
         144  5.179262742191054E-006
         145  1.967788746999624E-006
         146  8.107417911552402E-006
         147  1.087476266601425E-005
         148  1.357855531354099E-005
         149  1.132797977869030E-005
         150  5.937893388873221E-005
         151  2.955913486755434E-005
         152  6.423156272565396E-005
         153  2.964887501323503E-005
         154  4.705218318387064E-005
         155  2.129754404944932E-005
         156  2.442002049068441E-005
         157  1.212056543170052E-005
         158  2.750975515162008E-005
         159  1.304972304430142E-005
         160  3.919022545555008E-005
         161  2.867864443591664E-005
         162  7.517301153552105E-005
         163  5.761401138798141E-005
         164  1.057205126783598E-004
         165  6.186104298589124E-005
         166  2.223296037756961E-004
         167  5.027901243685794E-005
         168  6.751499939669457E-005
         169  4.483406584754416E-005
         170  3.643559985570068E-005
         171  1.271002862297849E-005
         172  4.173033169038710E-005
         173  2.062215820143814E-005
         174  4.872840858496073E-005
         175  2.394540693341405E-005
         176  1.329161900790736E-005
         177  5.021830635677782E-006
         178  1.089416746455772E-005
         179  7.095744076626898E-006
         180  1.536869905459776E-005
         181  6.899204087046085E-006
         182  1.447396499034767E-005
         183  7.641945574062958E-006
         184  1.411368920317381E-005
         185  4.507349131652286E-006
         186  1.736874516622629E-005
         187  4.992054717792561E-006
         188  1.588847726370764E-005
         189  1.348007011123645E-005
         190  2.791603857880189E-005
         191  3.067038300370369E-005
         192  1.055236541666946E-004
         193  1.348962539605633E-004
         194  3.286224639309149E-004
         195  2.201163624239621E-004
         196  4.059919102856619E-004
         197  2.130890886002576E-004
         198  1.534564834829594E-004
         199  1.239123934299844E-005
         200  2.246961824798551E-006
         201  8.493093036215020E-008
         202  1.046256731790624E-007
         203  2.611068027166779E-008
         204  8.163591762588922E-008
         205  7.055493768327568E-008
         206  2.370893687679024E-006
         207  1.551546108503515E-006
         208  2.622247669481877E-006
         209  1.672324494830440E-006
         210  1.022943517355824E-015
         226  7.244388126754577E-014
         227  5.462027945301923E-015
         230  3.413916682196160E-012
         231  8.199608330606933E-012
         232  6.241925881676930E-007
         234  1.111541949318420E-011
         235  1.761982641250722E-007
         236  1.850642371945318E-009
         238  2.022850469081124E-007
         240  3.595848177447044E-013
         244  4.389462844537100E-009
