           1  7.451374187021799E-005
           2  6.470609901488105E-012
           3  1.574717819390911E-008
           4  8.247115381679652E-005
           6  5.674563962362780E-015
           7  3.114017005274736E-012
           8  2.708281752318958E-013
           9  1.912633244112939E-009
          10  2.713051082138141E-014
          14  2.150093145420667E-015
          15  1.961050607463833E-012
          16  1.202769317983492E-009
          17  9.012875367103228E-011
          18  4.663787557935354E-010
          19  2.228415533277216E-010
          20  4.440534201229787E-009
          21  7.387340884409086E-010
          22  1.701184437547834E-009
          23  4.717480660595526E-009
          24  1.101469030163629E-008
          25  1.337711513120238E-008
          26  1.272262283934810E-008
          27  2.815351940035388E-009
          28  1.614888238228440E-009
          29  8.340098800261914E-010
          30  2.705520693931515E-009
          31  4.796591767254003E-010
          32  6.157439327996865E-010
          33  7.063175875497999E-010
          34  4.387268163083656E-009
          35  3.033675936687260E-010
          36  1.215819086298450E-009
          37  8.495050906936899E-010
          38  1.132662299088569E-009
          39  2.987072432646372E-010
          40  5.917899207693965E-010
          41  8.431229099755096E-010
          42  5.771389952687710E-009
          43  4.961184276233548E-010
          44  9.121303655160187E-010
          45  4.051896359936266E-009
          46  7.380674824714462E-009
          47  8.418558671300523E-009
          48  6.334180729524134E-009
          49  5.290597227859971E-010
          50  3.165859335340641E-009
          51  1.574039605421735E-009
          52  6.321316737348833E-009
          53  2.184075402275672E-010
          54  5.371596359749983E-010
          55  3.452552726618837E-010
          56  3.801437224958769E-010
          57  9.984683688398518E-011
          58  1.956108290974926E-010
          59  1.361875068809096E-010
          60  1.537232558142012E-010
          61  1.548385973789362E-010
          62  7.576073228827094E-010
          63  3.184770070138533E-010
          64  3.479346238661844E-010
          65  2.999631941509630E-010
          66  4.255758258511613E-010
          67  5.724748234308417E-010
          68  8.538163736296690E-010
          69  1.607107324852793E-010
          70  4.796072630673155E-010
          71  1.653566647795160E-010
          72  2.024986190201822E-010
          73  2.069938288882642E-010
          74  4.083694688476349E-010
          75  9.288612460640968E-010
          76  2.645941701796193E-009
          77  5.479797360464006E-009
          78  1.043786142288112E-008
          79  7.856273001509822E-009
          80  3.149003985639857E-008
          81  1.268718156594624E-008
          82  1.121991868681760E-008
          83  4.792346947094422E-009
          84  5.057655559592597E-009
          85  3.392700127885207E-009
          86  3.646291929529578E-009
          87  2.350660500099336E-009
          88  5.878808809873579E-009
          89  2.769464650729873E-009
          90  5.245058125840671E-009
          91  3.360409444988074E-009
          92  2.742841711555035E-009
          93  2.314344254130650E-009
          94  5.595105754072854E-009
          95  2.885052634944487E-009
          96  3.625304094099618E-009
          97  1.585290415774350E-009
          98  1.457060736455516E-009
          99  1.610059775257623E-009
         100  1.415788761088231E-009
         101  1.060033943168527E-009
         102  1.774381441069065E-009
         103  1.653180668228387E-009
         104  1.575174108520786E-009
         105  1.626267355727104E-009
         106  2.029305489411685E-009
         107  1.565230170507459E-009
         108  5.252188108079397E-009
         109  2.409526062803516E-009
         110  7.049104453521899E-009
         111  5.053636961685390E-009
         112  6.832042832539052E-009
         113  3.483721378267723E-009
         114  2.802723996968364E-009
         115  1.486928921053071E-009
         116  1.572914382348988E-009
         117  1.429379180658016E-009
         118  1.552671499076292E-009
         119  5.769691831731385E-010
         120  8.223295906818337E-010
         121  6.697488129817844E-010
         122  8.521105784517001E-010
         123  7.280344103520711E-010
         124  1.739070753117727E-008
         125  6.993161352255815E-008
         126  5.717764836300436E-007
         127  2.949070752854483E-006
         128  2.481163074432339E-005
         129  1.268977584041324E-004
         130  3.316559060513845E-004
         131  1.093136493428779E-003
         132  1.050009049038727E-003
         133  3.282903253639110E-005
         134  8.320860853682539E-005
         135  8.755208787141618E-005
         136  2.168485644954747E-004
         137  1.152097746679182E-004
         138  8.257750182072418E-005
         139  1.408308533511598E-005
         140  3.382426373102401E-005
         141  2.489835507193578E-005
         142  9.966125738048724E-006
         143  1.661126776484069E-006
         144  5.830399108645511E-006
         145  2.037636734670030E-006
         146  8.839531742113507E-006
         147  1.391531369290930E-005
         148  2.631322283706443E-005
         149  1.583752487941746E-005
         150  2.025889355817113E-005
         151  1.579320491336133E-005
         152  4.207642077357001E-005
         153  2.049010912368747E-005
         154  2.135757303603572E-005
         155  8.343247016832307E-006
         156  1.295448002906174E-005
         157  8.817373882139028E-006
         158  3.849904240698518E-005
         159  2.013192958841624E-005
         160  5.438620540361089E-005
         161  3.913565493057141E-005
         162  1.362854634497941E-004
         163  4.664964982401196E-005
         164  8.858014997759542E-005
         165  8.065613698575883E-005
         166  2.198623449095920E-004
         167  4.683711127621909E-005
         168  7.472205008915673E-005
         169  2.801506859509458E-005
         170  6.858498213304647E-005
         171  3.440991998826250E-005
         172  3.038594831230375E-005
         173  1.595178371306182E-005
         174  4.148194941772345E-005
         175  1.920104989645489E-005
         176  1.501270442308722E-005
         177  6.926690296874319E-006
         178  1.263270529877780E-005
         179  5.372206895143469E-006
         180  1.028121859279843E-005
         181  5.280482976267405E-006
         182  1.207340065721409E-005
         183  6.267033368888133E-006
         184  1.120940359347119E-005
         185  3.527928532910142E-006
         186  1.339801724821674E-005
         187  3.893994097060241E-006
         188  1.248521810003710E-005
         189  1.081820065681734E-005
         190  2.282130205830129E-005
         191  2.703109090522874E-005
         192  9.588510297973780E-005
         193  1.243029555327602E-004
         194  3.053232008817472E-004
         195  2.203767909058101E-004
         196  4.343103677895832E-004
         197  2.278942906121504E-004
         198  1.662578145930876E-004
         199  1.320238108643834E-005
         200  2.332202774099024E-006
         201  8.629060405293685E-008
         202  1.028444334529260E-007
         203  2.445584732073109E-008
         204  7.791570314469353E-008
         205  6.777175638688497E-008
         206  2.251150657867213E-006
         207  1.447006174557576E-006
         208  2.431846614193931E-006
         209  1.591001197284019E-006
         226  7.076497785816305E-014
         227  5.470878498802439E-015
         230  3.334798387361571E-012
         231  8.212894800932616E-012
         232  6.255710299343985E-007
         234  1.085781712073668E-011
         235  1.764837720314677E-007
         236  1.742701760797176E-009
         238  1.975970449819466E-007
         240  3.378665406843824E-013
         244  4.124347173632082E-009
