           1  7.420072359863753E-005
           2  6.470609901488105E-012
           3  1.574717819390911E-008
           4  8.158665362885571E-005
           6  5.674563962362780E-015
           7  3.114017005274736E-012
           8  2.708281752318958E-013
           9  1.912633244112939E-009
          10  2.713051082138141E-014
          14  2.156203016574974E-015
          15  2.152185809341738E-012
          16  1.268870659468023E-009
          17  9.389696319841895E-011
          18  4.395696618835314E-010
          19  1.846167325443888E-010
          20  4.614745720256556E-009
          21  7.806210979183917E-010
          22  1.709298856015932E-009
          23  4.842092119677776E-009
          24  1.127394561899064E-008
          25  1.351790533915154E-008
          26  1.206602827819016E-008
          27  2.768106699813470E-009
          28  1.673436380770804E-009
          29  8.045758324350739E-010
          30  2.756653851296433E-009
          31  5.019373577857290E-010
          32  5.717030876563998E-010
          33  7.673620031092233E-010
          34  4.410326960325346E-009
          35  2.964452253099863E-010
          36  1.142663214113541E-009
          37  8.000504640766809E-010
          38  1.068827983226634E-009
          39  3.156367565033980E-010
          40  6.136899847413253E-010
          41  8.459772293132405E-010
          42  6.348142844782289E-009
          43  5.553106949066934E-010
          44  9.218796246973721E-010
          45  4.101066308317230E-009
          46  7.218650315447668E-009
          47  8.115383194647777E-009
          48  6.116639033651070E-009
          49  5.288018384967757E-010
          50  3.177276922018359E-009
          51  1.589491160320410E-009
          52  6.332604543382750E-009
          53  2.160077258445401E-010
          54  5.257747239758494E-010
          55  3.818293583335202E-010
          56  4.420120775886660E-010
          57  1.190818433900715E-010
          58  2.145838141589043E-010
          59  1.521911791239553E-010
          60  1.678047248216663E-010
          61  1.669618502910518E-010
          62  8.419127939669289E-010
          63  3.469137370322826E-010
          64  3.531959241163098E-010
          65  3.012923504473959E-010
          66  4.329590413320468E-010
          67  5.760864355459461E-010
          68  9.016216588726630E-010
          69  1.694623420779412E-010
          70  5.097292619410504E-010
          71  1.769390307592484E-010
          72  2.139676437427564E-010
          73  2.052851606761551E-010
          74  4.239398185792382E-010
          75  9.842488132802334E-010
          76  2.744399151057781E-009
          77  5.337169615801728E-009
          78  1.011398403106462E-008
          79  7.827451747305400E-009
          80  3.292787404939858E-008
          81  1.185172421704328E-008
          82  1.087072098778469E-008
          83  4.824180215068506E-009
          84  5.109537518790569E-009
          85  3.471436742576847E-009
          86  3.755000560567134E-009
          87  2.411464752866535E-009
          88  6.041744630326360E-009
          89  2.820501805936478E-009
          90  5.324470017033648E-009
          91  3.474476935763919E-009
          92  2.800952994005571E-009
          93  2.380445670510518E-009
          94  5.986713313712678E-009
          95  3.012954664015576E-009
          96  3.350599255162557E-009
          97  1.462124373402818E-009
          98  1.358477049524398E-009
          99  1.527088058820947E-009
         100  1.371223691763175E-009
         101  1.033816948971759E-009
         102  1.800850167395525E-009
         103  1.710759009308800E-009
         104  1.656900767484828E-009
         105  1.728481900138196E-009
         106  2.189619178058123E-009
         107  1.670458252387444E-009
         108  5.445730197667572E-009
         109  2.436209677565316E-009
         110  6.900325457771110E-009
         111  4.931678636439927E-009
         112  6.691209484317295E-009
         113  3.432809955702052E-009
         114  2.778052584378177E-009
         115  1.476300299944219E-009
         116  1.562194670780526E-009
         117  1.381718590868766E-009
         118  1.475549584472988E-009
         119  5.486255907401506E-010
         120  7.612359605188942E-010
         121  6.164124429278578E-010
         122  7.776449229308088E-010
         123  6.820035562648563E-010
         124  1.641637098428046E-008
         125  6.971054804669525E-008
         126  5.741461564030730E-007
         127  2.954051977316351E-006
         128  2.478700449556873E-005
         129  1.264823962049380E-004
         130  3.262919757055744E-004
         131  1.115727033309765E-003
         132  1.051934636018270E-003
         133  3.318684493879650E-005
         134  8.401943381973267E-005
         135  8.617874554909216E-005
         136  2.238079837176377E-004
         137  1.208539756352924E-004
         138  8.517322397013072E-005
         139  1.345147185385702E-005
         140  3.149875259808732E-005
         141  2.357478100446981E-005
         142  9.140015943922888E-006
         143  1.715538272689449E-006
         144  8.559720927336207E-006
         145  5.040795328474650E-006
         146  2.156552185150246E-005
         147  2.037348078199204E-005
         148  2.287730881539305E-005
         149  1.398480154906807E-005
         150  6.074564914806739E-005
         151  2.193264399404114E-005
         152  1.953524091101915E-005
         153  7.230880384862521E-006
         154  3.175134406792429E-005
         155  1.919529446559738E-005
         156  2.791548958032110E-005
         157  1.128635445824600E-005
         158  2.535185577214174E-005
         159  2.856443951414617E-005
         160  6.539740427531594E-005
         161  3.329634193861247E-005
         162  8.998433991379007E-005
         163  3.784984699367081E-005
         164  7.700479372345110E-005
         165  5.336125259109154E-005
         166  1.789727813036553E-004
         167  3.769017668895110E-005
         168  3.964871143197995E-005
         169  2.062190418151641E-005
         170  4.636061345467382E-005
         171  3.596853383357588E-005
         172  4.825805362389580E-005
         173  2.643245245525086E-005
         174  4.673784219824389E-005
         175  1.890887649269754E-005
         176  3.059095168550614E-005
         177  1.334095664478521E-005
         178  1.218935617903364E-005
         179  5.613660423898601E-006
         180  1.161519636468041E-005
         181  5.724101269798561E-006
         182  1.288080770041138E-005
         183  6.804833909373252E-006
         184  1.228041075300099E-005
         185  3.889056174838122E-006
         186  1.484402276860325E-005
         187  4.242588440133486E-006
         188  1.319219644685840E-005
         189  1.119098069598236E-005
         190  2.370097242463499E-005
         191  2.804761292338703E-005
         192  9.830367953563035E-005
         193  1.259704876043086E-004
         194  3.116297103668896E-004
         195  2.249986406221040E-004
         196  4.440751980191073E-004
         197  2.365932126817438E-004
         198  1.760350543789974E-004
         199  1.419929578407828E-005
         200  2.493589805527781E-006
         201  8.423148752323909E-008
         202  1.012809923244663E-007
         203  2.600773217542004E-008
         204  8.425272555571743E-008
         205  7.376295368988609E-008
         206  2.247754578861242E-006
         207  1.508382789590179E-006
         208  2.506520176704340E-006
         209  1.577996467513433E-006
         226  6.221434646501073E-014
         227  4.790561126682144E-015
         230  2.931850027256654E-012
         231  7.191600869858479E-012
         232  5.514428314516958E-007
         234  9.545851869793437E-012
         235  1.545375752667968E-007
         236  1.501972403752799E-009
         238  1.737211172680529E-007
         240  2.911409721225901E-013
         244  3.553966732160067E-009
