           1  7.420888973822573E-005
           2  6.470609901488105E-012
           3  1.574717819390911E-008
           4  8.279044760817756E-005
           6  5.674563962362780E-015
           7  3.114017005274736E-012
           8  2.708281752318958E-013
           9  1.912633244112939E-009
          10  2.713051082138141E-014
          14  2.304505302312711E-015
          15  2.141306645067938E-012
          16  1.276685349811164E-009
          17  9.405919700302760E-011
          18  4.423835316858254E-010
          19  1.906160794612840E-010
          20  4.815806834671293E-009
          21  7.790866523534856E-010
          22  1.463569999933172E-009
          23  5.044837161222206E-009
          24  1.158162348810056E-008
          25  1.409926616684397E-008
          26  1.200707005504894E-008
          27  2.494701966321827E-009
          28  1.508207075882381E-009
          29  7.805191679152520E-010
          30  2.521291820725899E-009
          31  4.247429864416221E-010
          32  6.025743335763608E-010
          33  8.767704399729233E-010
          34  4.420334894128163E-009
          35  2.762967271327405E-010
          36  1.089072873797886E-009
          37  8.753933207178903E-010
          38  1.214131604009045E-009
          39  3.194319520389019E-010
          40  5.895687121410098E-010
          41  8.273219006808239E-010
          42  6.052368970309174E-009
          43  4.965901724554113E-010
          44  1.023156227944020E-009
          45  4.637003499101947E-009
          46  7.568205149176218E-009
          47  7.955678489733261E-009
          48  5.720034284796445E-009
          49  5.698383307220014E-010
          50  3.095897953143968E-009
          51  1.480875558008989E-009
          52  6.214392789605063E-009
          53  2.525019108732913E-010
          54  6.734074484273782E-010
          55  4.131971574105615E-010
          56  4.119529543177228E-010
          57  1.045195798447885E-010
          58  2.046290495750212E-010
          59  1.409628964697809E-010
          60  1.691491893158638E-010
          61  1.879846093279525E-010
          62  8.684587251821613E-010
          63  3.450268218214414E-010
          64  3.489300298955567E-010
          65  2.931181516279427E-010
          66  4.149262309855823E-010
          67  5.750178585235548E-010
          68  8.482319710244465E-010
          69  1.582970501529127E-010
          70  4.786801139299809E-010
          71  1.630778713466004E-010
          72  1.981525341336386E-010
          73  2.107125592137811E-010
          74  4.497196246430212E-010
          75  1.122807211320928E-009
          76  2.894813906860882E-009
          77  5.543076771811122E-009
          78  1.003645822289278E-008
          79  8.054685099497579E-009
          80  3.265486343364583E-008
          81  1.271738000914527E-008
          82  1.069683583201427E-008
          83  4.523786691867292E-009
          84  4.948719769919953E-009
          85  3.391193951543722E-009
          86  3.733976783327746E-009
          87  2.729023087796197E-009
          88  6.488883112223285E-009
          89  2.834278011249974E-009
          90  5.470655961069216E-009
          91  3.709661556113511E-009
          92  2.921808070718643E-009
          93  2.439868683719419E-009
          94  6.028037460109106E-009
          95  3.008049422254150E-009
          96  3.406940232583768E-009
          97  1.460291424810845E-009
          98  1.356775596626746E-009
          99  1.518779793831932E-009
         100  1.332062984337410E-009
         101  1.019646617770933E-009
         102  1.849790794618610E-009
         103  1.768286451825051E-009
         104  1.705164860509443E-009
         105  1.824579576959542E-009
         106  2.389707365559260E-009
         107  1.865688840197138E-009
         108  6.302331409582496E-009
         109  2.766619362052364E-009
         110  7.432508920227826E-009
         111  5.251502894773314E-009
         112  6.804099721887663E-009
         113  3.377804196221158E-009
         114  2.613067797139494E-009
         115  1.351711576424461E-009
         116  1.393529743644443E-009
         117  1.266005528154230E-009
         118  1.351035331418617E-009
         119  4.898293387056804E-010
         120  6.945997660004711E-010
         121  5.641204319605452E-010
         122  7.301686802361717E-010
         123  6.930828473235860E-010
         124  2.067110989952041E-008
         125  9.670103986990269E-008
         126  7.718876824563780E-007
         127  3.863619636135973E-006
         128  3.087666729915342E-005
         129  1.469083803737542E-004
         130  3.387191087313857E-004
         131  1.096977451839071E-003
         132  1.045700979205483E-003
         133  3.191282794331264E-005
         134  8.102997623034479E-005
         135  9.687452321289629E-005
         136  2.239250828088382E-004
         137  1.163810204292428E-004
         138  8.227357912217481E-005
         139  1.399933118734925E-005
         140  3.048488232870663E-005
         141  2.055300217883070E-005
         142  8.191795547213098E-006
         143  1.369262583054527E-006
         144  5.286115331044451E-006
         145  2.539836329640430E-006
         146  1.015471644359885E-005
         147  9.960725530993372E-006
         148  9.296653400071745E-006
         149  5.189908480599839E-006
         150  1.541728166009425E-005
         151  9.401895794129372E-006
         152  2.043194759080807E-005
         153  1.013503858413245E-005
         154  2.469543539187349E-005
         155  1.480894067341482E-005
         156  3.626663230151927E-005
         157  2.309541554824047E-005
         158  5.292066063810037E-005
         159  2.527004900096914E-005
         160  5.311288164663297E-005
         161  3.265861182883126E-005
         162  1.024154231051910E-004
         163  6.817809813811692E-005
         164  1.476584861931187E-004
         165  7.088213276387193E-005
         166  8.836587669785319E-005
         167  3.016924342951470E-005
         168  8.299637367356901E-005
         169  3.174061949099307E-005
         170  3.252064169525441E-005
         171  2.102448148949791E-005
         172  5.754004031162235E-005
         173  4.604157282476645E-005
         174  6.626187748364097E-005
         175  2.428711423217347E-005
         176  2.105775443383536E-005
         177  8.803215406946429E-006
         178  1.039066574116350E-005
         179  5.680485338830895E-006
         180  1.256678323178534E-005
         181  5.919981666648843E-006
         182  1.271040312361191E-005
         183  6.802598196486730E-006
         184  1.276927099311804E-005
         185  4.167385190189216E-006
         186  1.633422739740996E-005
         187  4.776348744600831E-006
         188  1.618738134513865E-005
         189  1.448548573886272E-005
         190  2.974863059584455E-005
         191  3.220434817416512E-005
         192  1.120440502487841E-004
         193  1.432068995783732E-004
         194  3.421965207790718E-004
         195  2.233994966487640E-004
         196  4.060855846388527E-004
         197  2.066147622214050E-004
         198  1.446823799724860E-004
         199  1.156804816085264E-005
         200  2.097541557065329E-006
         201  8.571276649506852E-008
         202  1.051105889429433E-007
         203  2.497404353558964E-008
         204  7.946756027605455E-008
         205  6.997071224541808E-008
         206  2.306392858639719E-006
         207  1.511929337376096E-006
         208  2.561069668635320E-006
         209  1.600368905945550E-006
         226  6.394086326308228E-014
         227  4.921686435816751E-015
         230  3.013212102229697E-012
         231  7.388446471510578E-012
         232  5.649236958987488E-007
         234  9.810759797651685E-012
         235  1.587675155167829E-007
         236  1.650654020751607E-009
         238  1.785420700576438E-007
         240  3.209222526090590E-013
         244  3.917507731966416E-009
