           1  7.407593970717871E-005
           2  6.470609901488105E-012
           3  1.574717819390911E-008
           4  8.124681594257044E-005
           6  5.674563962362780E-015
           7  3.114017005274736E-012
           8  2.708281752318958E-013
           9  1.912633244112939E-009
          10  2.713051082138141E-014
          14  2.366718071027572E-015
          15  2.215314825479604E-012
          16  1.287135082392020E-009
          17  9.484814694205486E-011
          18  4.443237744231888E-010
          19  1.911275195257653E-010
          20  4.763326514075776E-009
          21  7.872866052288593E-010
          22  1.587549798412513E-009
          23  4.975062922869130E-009
          24  1.149836826109083E-008
          25  1.391314546204781E-008
          26  1.196710314042507E-008
          27  2.663567229346205E-009
          28  1.621670610661448E-009
          29  8.173283121421299E-010
          30  2.663363818625366E-009
          31  4.880301611246459E-010
          32  5.987947614438053E-010
          33  8.050017891848461E-010
          34  4.279668608512833E-009
          35  2.972726273086184E-010
          36  1.164080988717472E-009
          37  8.281507230006758E-010
          38  1.112783055670621E-009
          39  3.275282584646256E-010
          40  6.275340072936802E-010
          41  8.532432519793140E-010
          42  6.185091753854719E-009
          43  5.605378081626737E-010
          44  9.839494333679914E-010
          45  4.386578905975874E-009
          46  7.388021206157527E-009
          47  8.002851307463260E-009
          48  5.947168165713552E-009
          49  5.455011874798927E-010
          50  3.154814113019960E-009
          51  1.571006125467677E-009
          52  6.278276428596135E-009
          53  2.216363659561854E-010
          54  5.289313177182369E-010
          55  3.647619721904793E-010
          56  4.296678652448845E-010
          57  1.202916299022549E-010
          58  2.133898603417163E-010
          59  1.508057848849255E-010
          60  1.771081626207528E-010
          61  1.779299746705063E-010
          62  8.696480844901059E-010
          63  3.601274491578009E-010
          64  3.558258709498261E-010
          65  2.954603158673061E-010
          66  4.409161194557228E-010
          67  5.686599100285105E-010
          68  8.709936052293069E-010
          69  1.624014611386054E-010
          70  4.794962721077578E-010
          71  1.664355939441749E-010
          72  2.107081448359739E-010
          73  2.105249732085758E-010
          74  4.435448247574429E-010
          75  1.049313876910534E-009
          76  2.805095317257716E-009
          77  5.396851027820871E-009
          78  1.010248346601358E-008
          79  7.993357406666175E-009
          80  3.270858151806567E-008
          81  1.251345953483369E-008
          82  1.106548206341357E-008
          83  4.851306920917838E-009
          84  5.195229646809970E-009
          85  3.480540340917113E-009
          86  3.810827651778055E-009
          87  2.607656004173848E-009
          88  6.247320953121006E-009
          89  2.770506137928195E-009
          90  5.189468650754660E-009
          91  3.662056753709715E-009
          92  3.028364636324776E-009
          93  2.490893593756546E-009
          94  5.880780596639318E-009
          95  3.095375201597335E-009
          96  3.385079580640506E-009
          97  1.512847411856125E-009
          98  1.421033390575281E-009
          99  1.566609204201744E-009
         100  1.423454740053853E-009
         101  1.042797193584567E-009
         102  1.802805122749670E-009
         103  1.739132819943067E-009
         104  1.721284673506555E-009
         105  1.799045168749964E-009
         106  2.343797395819037E-009
         107  1.782007494134685E-009
         108  5.871867803189301E-009
         109  2.596487125968899E-009
         110  7.029702832666657E-009
         111  5.043067722476780E-009
         112  6.812153087300949E-009
         113  3.546393948188303E-009
         114  2.887410066037221E-009
         115  1.519112303268891E-009
         116  1.571102070949580E-009
         117  1.363325547086782E-009
         118  1.440092566567339E-009
         119  5.277781718982679E-010
         120  7.205475119381118E-010
         121  5.876054989497083E-010
         122  7.566598238850719E-010
         123  6.848708589409308E-010
         124  1.752783079656016E-008
         125  7.713302287736479E-008
         126  6.429627301942206E-007
         127  3.261700274988986E-006
         128  2.674884145250799E-005
         129  1.341148383512441E-004
         130  3.309095542972775E-004
         131  1.126881069708800E-003
         132  1.053824159079696E-003
         133  3.344551531037997E-005
         134  8.395424742209890E-005
         135  8.888695550702106E-005
         136  2.277320869554325E-004
         137  1.214908366229110E-004
         138  8.090620326405716E-005
         139  1.452321033518726E-005
         140  3.384057497203471E-005
         141  2.586681148961774E-005
         142  9.869754454212586E-006
         143  1.602366726054442E-006
         144  5.854493513062967E-006
         145  2.751605804810580E-006
         146  1.142011888316241E-005
         147  1.296622587255152E-005
         148  1.351104867715347E-005
         149  8.043119128680999E-006
         150  1.804996626502135E-005
         151  1.661265299398757E-005
         152  6.048390631746827E-005
         153  4.288736602416603E-005
         154  5.208920644609411E-005
         155  1.934330540289964E-005
         156  2.310979780507358E-005
         157  1.003253886449394E-005
         158  1.803728666383929E-005
         159  1.030638220602823E-005
         160  3.143559281112567E-005
         161  2.076068372341177E-005
         162  5.234085504422474E-005
         163  3.158699067384888E-005
         164  8.372144612280011E-005
         165  4.315432651622358E-005
         166  1.631169675305516E-004
         167  3.432887517616037E-005
         168  7.874720750419431E-005
         169  5.110399440177399E-005
         170  4.555913583196933E-005
         171  2.310703792021471E-005
         172  6.715509782924764E-005
         173  2.680745161295457E-005
         174  3.837118171416632E-005
         175  2.775766155228370E-005
         176  2.886552828504931E-005
         177  1.246109708171798E-005
         178  2.522197386691508E-005
         179  7.483050156752391E-006
         180  1.096240338645964E-005
         181  5.692201520791728E-006
         182  1.381558300044326E-005
         183  7.541213150169904E-006
         184  1.422103336363358E-005
         185  4.514651669875450E-006
         186  1.705588398463311E-005
         187  4.909747824811278E-006
         188  1.555716072565656E-005
         189  1.293210561771968E-005
         190  2.758049489441651E-005
         191  2.957286776636818E-005
         192  1.025483108997430E-004
         193  1.330027934490504E-004
         194  3.333103726914968E-004
         195  2.276518394285036E-004
         196  4.221624695490476E-004
         197  2.258159610378366E-004
         198  1.662036763958134E-004
         199  1.384650017779520E-005
         200  2.414959149458145E-006
         201  8.021463325572695E-008
         202  9.306792609536459E-008
         203  2.348591285444520E-008
         204  8.176027683221390E-008
         205  7.294190612859009E-008
         206  2.201495407249152E-006
         207  1.469443645265463E-006
         208  2.445705728147449E-006
         209  1.541160282876782E-006
         226  6.239805354146531E-014
         227  4.728115191425918E-015
         230  2.940507220134402E-012
         231  7.097856894897696E-012
         232  5.530742679574570E-007
         234  9.574038946230133E-012
         235  1.525231466509057E-007
         236  1.531782470012763E-009
         238  1.742340825306502E-007
         240  2.970801895143998E-013
         244  3.626466940123481E-009
