           1  7.426885330178413E-005
           2  6.470609901488105E-012
           3  1.574717819390911E-008
           4  8.183094701495180E-005
           6  5.674563962362780E-015
           7  3.114017005274736E-012
           8  2.708281752318958E-013
           9  1.912633244112939E-009
          10  2.713051082138141E-014
          14  2.156940978635721E-015
          15  2.123900939231447E-012
          16  1.230217385947854E-009
          17  9.164236069245131E-011
          18  4.603941566197051E-010
          19  2.141110477022750E-010
          20  4.547377569084471E-009
          21  7.469794625091951E-010
          22  1.671457152015249E-009
          23  4.800155787222684E-009
          24  1.116633814438003E-008
          25  1.360635738498319E-008
          26  1.234044220822556E-008
          27  2.661310421708373E-009
          28  1.596409324329832E-009
          29  8.609645531885709E-010
          30  2.757844512374114E-009
          31  4.813415575301351E-010
          32  6.216649050079242E-010
          33  7.654170752327968E-010
          34  4.392029713383840E-009
          35  2.999041711745944E-010
          36  1.204172842672805E-009
          37  8.063998784930050E-010
          38  1.075537310177447E-009
          39  2.947775580221436E-010
          40  6.085527405527938E-010
          41  8.753860832864418E-010
          42  6.002066186294154E-009
          43  5.160841317490781E-010
          44  9.615493483378795E-010
          45  4.243880684015802E-009
          46  7.394668002268579E-009
          47  8.232000773469337E-009
          48  6.135981524345951E-009
          49  5.174004598551993E-010
          50  3.135637059219156E-009
          51  1.570514587267470E-009
          52  6.327486414137774E-009
          53  2.185018066120988E-010
          54  5.344459982390671E-010
          55  3.448706511422855E-010
          56  3.968402221859616E-010
          57  1.047774386991634E-010
          58  2.104893109863852E-010
          59  1.456337311717096E-010
          60  1.652011158465141E-010
          61  1.675979061760109E-010
          62  8.057167493509220E-010
          63  3.350437221239870E-010
          64  3.619299334187393E-010
          65  3.092595734871174E-010
          66  4.372253017633406E-010
          67  5.786556636439666E-010
          68  8.482538360864210E-010
          69  1.594690179754997E-010
          70  4.785074186448670E-010
          71  1.650367739165429E-010
          72  2.045852887234945E-010
          73  2.144683453911468E-010
          74  4.253098649817757E-010
          75  9.830449094015916E-010
          76  2.707281328600710E-009
          77  5.487471968367998E-009
          78  1.030673659983552E-008
          79  7.937377870905479E-009
          80  3.191055528902560E-008
          81  1.245665491184329E-008
          82  1.097969188128943E-008
          83  4.739497694745414E-009
          84  5.179268916215558E-009
          85  3.489902657387427E-009
          86  3.763636717589782E-009
          87  2.446317279125736E-009
          88  5.982900421872621E-009
          89  2.755207098815035E-009
          90  5.254510661285335E-009
          91  3.497284444767902E-009
          92  2.876307693410979E-009
          93  2.390729760794484E-009
          94  5.601400514094729E-009
          95  2.906838063513504E-009
          96  3.595678869649478E-009
          97  1.572002658104025E-009
          98  1.441017609197491E-009
          99  1.591179218938201E-009
         100  1.400752913384011E-009
         101  1.039803027840552E-009
         102  1.785699976301842E-009
         103  1.680088994886235E-009
         104  1.627588356300039E-009
         105  1.706469617770778E-009
         106  2.147701384051556E-009
         107  1.653327752297009E-009
         108  5.569505848228235E-009
         109  2.509098836769222E-009
         110  7.045297453348109E-009
         111  5.047252898696258E-009
         112  6.750940296657405E-009
         113  3.427918537115170E-009
         114  2.730226162482348E-009
         115  1.435268911553384E-009
         116  1.501039082580795E-009
         117  1.358932013906447E-009
         118  1.468652133466201E-009
         119  5.396534349976345E-010
         120  7.653949157841162E-010
         121  6.256468269890228E-010
         122  7.909638953201516E-010
         123  7.029771146138125E-010
         124  1.773436787237764E-008
         125  7.740610811045230E-008
         126  6.290099832218639E-007
         127  3.221998482699293E-006
         128  2.667838490923540E-005
         129  1.330101052416242E-004
         130  3.322116745582038E-004
         131  1.098905946108533E-003
         132  1.052237791306365E-003
         133  3.348925515588391E-005
         134  8.420617002574988E-005
         135  8.644658141208120E-005
         136  2.214599315448929E-004
         137  1.190538707059300E-004
         138  8.697429005219264E-005
         139  1.462207232747498E-005
         140  3.397987299367717E-005
         141  2.515235417323948E-005
         142  9.914996069509927E-006
         143  1.786012614207421E-006
         144  8.147751084415298E-006
         145  4.071783606484378E-006
         146  1.556047230026512E-005
         147  1.307542433310451E-005
         148  2.388998235435002E-005
         149  1.676125339116652E-005
         150  4.226034821900669E-005
         151  1.932733644235534E-005
         152  1.568122412478033E-005
         153  6.158651237353513E-006
         154  3.454011318465288E-005
         155  1.999443977442173E-005
         156  2.834455460280943E-005
         157  1.633968308159261E-005
         158  3.463575609076059E-005
         159  2.014997375047204E-005
         160  6.727572212102831E-005
         161  4.600398138140932E-005
         162  1.853888931395116E-004
         163  6.623293356427157E-005
         164  7.648554262281952E-005
         165  4.321079337111107E-005
         166  9.747075018795107E-005
         167  2.050864560879716E-005
         168  5.290561079935816E-005
         169  3.312627093177979E-005
         170  2.914111231635802E-005
         171  1.301052601950732E-005
         172  3.998564873370504E-005
         173  2.285773120825684E-005
         174  4.486411142738026E-005
         175  2.858079385754364E-005
         176  3.006343514650527E-005
         177  1.297972813833414E-005
         178  1.616076253870089E-005
         179  7.076446083321464E-006
         180  1.320055777907226E-005
         181  6.220576510653687E-006
         182  1.323634500756056E-005
         183  6.742852148622235E-006
         184  1.197611045086035E-005
         185  3.757772580315305E-006
         186  1.410611141958431E-005
         187  4.127083134181132E-006
         188  1.354471403581441E-005
         189  1.174385893755133E-005
         190  2.472750576817023E-005
         191  2.816908107381338E-005
         192  1.005700615047702E-004
         193  1.314076656026709E-004
         194  3.245252051463900E-004
         195  2.286841332635929E-004
         196  4.412903202656892E-004
         197  2.308629257089971E-004
         198  1.672330431420933E-004
         199  1.344482860155581E-005
         200  2.391919893474709E-006
         201  8.919542719564804E-008
         202  1.075685805938637E-007
         203  2.620426256622056E-008
         204  8.480527038029815E-008
         205  7.369466999723313E-008
         206  2.265992135778440E-006
         207  1.481153348890385E-006
         208  2.466868284271614E-006
         209  1.582139727954176E-006
         226  6.339301341170965E-014
         227  4.929767702593092E-015
         230  2.987394687229080E-012
         231  7.400578086918758E-012
         232  5.710207781757903E-007
         234  9.726700511888188E-012
         235  1.590282071851856E-007
         236  1.574987769255095E-009
         238  1.770123089384922E-007
         240  3.055130004602268E-013
         244  3.729406520703865E-009
