           1  7.406411039846945E-005
           2  6.470609901488105E-012
           3  1.574717819390911E-008
           4  8.358260514938247E-005
           6  5.674563962362780E-015
           7  3.114017005274736E-012
           8  2.708281752318958E-013
           9  1.912633244112939E-009
          10  2.713051082138141E-014
          14  2.144839682441288E-015
          15  2.266697722850592E-012
          16  1.222897491649403E-009
          17  9.134565273753989E-011
          18  4.541789098008577E-010
          19  2.046927671500309E-010
          20  4.619032596897465E-009
          21  7.630545505310714E-010
          22  1.494723287073725E-009
          23  4.880242098764122E-009
          24  1.128602289989553E-008
          25  1.373045210537112E-008
          26  1.193222382426606E-008
          27  2.659479444851901E-009
          28  1.628802473322600E-009
          29  8.435886454020918E-010
          30  2.674688331881340E-009
          31  4.911974586060642E-010
          32  6.594699610722768E-010
          33  7.884950404701561E-010
          34  4.357492839176313E-009
          35  3.005608679617805E-010
          36  1.176856956183907E-009
          37  8.314763209616288E-010
          38  1.113909052124043E-009
          39  3.225267836033756E-010
          40  6.353750832247835E-010
          41  8.703604021642473E-010
          42  5.981788900086206E-009
          43  5.340209394756012E-010
          44  9.689812181686049E-010
          45  4.378873848991938E-009
          46  7.394251542150037E-009
          47  8.079971057036710E-009
          48  6.022965253746833E-009
          49  5.300853058124389E-010
          50  3.117229951032129E-009
          51  1.565680631267230E-009
          52  6.459264453208186E-009
          53  2.264844438581468E-010
          54  5.404057190496238E-010
          55  3.554712007318952E-010
          56  4.125399160024497E-010
          57  1.137435707699301E-010
          58  2.025861785859862E-010
          59  1.438780914763025E-010
          60  1.749635850568806E-010
          61  1.798929072250817E-010
          62  8.679777832612088E-010
          63  3.579603443806922E-010
          64  3.560819538371273E-010
          65  2.979484963518282E-010
          66  4.441997033818609E-010
          67  5.844850789802314E-010
          68  8.783349177291037E-010
          69  1.623773765145645E-010
          70  4.698599365818498E-010
          71  1.632246589477778E-010
          72  2.062180917482282E-010
          73  2.099607329003888E-010
          74  4.413784186401221E-010
          75  1.033179485047560E-009
          76  2.787065300990714E-009
          77  5.432141139347892E-009
          78  1.008608219368680E-008
          79  7.851705106145648E-009
          80  3.151971243067018E-008
          81  1.243433751495153E-008
          82  1.097328806981765E-008
          83  4.759978381623053E-009
          84  5.180658181919571E-009
          85  3.420865805941335E-009
          86  3.715418692316298E-009
          87  2.524727687331977E-009
          88  6.070315842466665E-009
          89  2.769285351994010E-009
          90  5.185583749090636E-009
          91  3.485121080256436E-009
          92  2.962666101622443E-009
          93  2.476071147698192E-009
          94  5.751747014969332E-009
          95  3.009353677901737E-009
          96  3.422195735419287E-009
          97  1.520867912595814E-009
          98  1.419633553969761E-009
          99  1.572710191143673E-009
         100  1.427513144173864E-009
         101  1.049528682666721E-009
         102  1.778217664002110E-009
         103  1.678509217010232E-009
         104  1.635406557771848E-009
         105  1.699080109313691E-009
         106  2.205736526744842E-009
         107  1.695804129387126E-009
         108  5.645124061827981E-009
         109  2.502809111397775E-009
         110  6.861784053126536E-009
         111  4.944134580574129E-009
         112  6.654685220372702E-009
         113  3.441555100889072E-009
         114  2.789329868720998E-009
         115  1.469441887611832E-009
         116  1.538702639549600E-009
         117  1.402346882389474E-009
         118  1.491938528542608E-009
         119  5.194462805667669E-010
         120  7.105342713881345E-010
         121  5.807537836134000E-010
         122  7.518964828569174E-010
         123  6.645372853222731E-010
         124  1.672502313613513E-008
         125  7.097549700525124E-008
         126  5.911488178602345E-007
         127  3.048496751489613E-006
         128  2.536587610993391E-005
         129  1.282502006308699E-004
         130  3.224454218880088E-004
         131  1.092468233870749E-003
         132  1.064872743963512E-003
         133  3.556146089276927E-005
         134  8.990948000682106E-005
         135  8.904851811585949E-005
         136  2.309480266723506E-004
         137  1.248597676540845E-004
         138  8.990944198702616E-005
         139  1.457705784492709E-005
         140  3.415185015314780E-005
         141  2.654646716188351E-005
         142  1.039174005424219E-005
         143  1.740687315252289E-006
         144  6.551248829944937E-006
         145  3.193893690396994E-006
         146  1.288469354448646E-005
         147  1.337231971437428E-005
         148  3.511152827778097E-005
         149  2.511678455662715E-005
         150  2.899030400775181E-005
         151  1.931220107228847E-005
         152  4.905481890797069E-005
         153  2.156674746193778E-005
         154  7.695218034673661E-005
         155  3.204060641878740E-005
         156  2.655087577815454E-005
         157  1.070700134324492E-005
         158  2.056136020217241E-005
         159  1.481307948760155E-005
         160  3.970066184614194E-005
         161  2.395897682718620E-005
         162  8.586992736332086E-005
         163  3.534214354245975E-005
         164  5.851015242489198E-005
         165  5.435186243396550E-005
         166  9.944747639883921E-005
         167  3.731775052829313E-005
         168  1.110530946432272E-004
         169  4.180529629027769E-005
         170  2.444037253267038E-005
         171  1.081322764953253E-005
         172  3.215599977783484E-005
         173  2.162404975799893E-005
         174  3.929471878896266E-005
         175  2.070340649630184E-005
         176  4.376422235376561E-005
         177  1.686520846893518E-005
         178  1.393677031610412E-005
         179  6.200730821976595E-006
         180  1.267775348654591E-005
         181  5.825467513567143E-006
         182  1.223329724038267E-005
         183  6.267939890354478E-006
         184  1.131895292707023E-005
         185  3.575579322358580E-006
         186  1.340790223296268E-005
         187  3.827029480911179E-006
         188  1.202235029352026E-005
         189  1.018837221066169E-005
         190  2.221707913587990E-005
         191  2.564221934709073E-005
         192  9.307620029733940E-005
         193  1.244685175895798E-004
         194  3.199097011662218E-004
         195  2.313893233580451E-004
         196  4.532924489737715E-004
         197  2.451915550874598E-004
         198  1.842442811942800E-004
         199  1.539192790748664E-005
         200  2.756156563557997E-006
         201  9.729260749908735E-008
         202  1.147109155031396E-007
         203  2.839435456348621E-008
         204  8.575685910851909E-008
         205  7.345014061091722E-008
         206  2.427987977913085E-006
         207  1.585829946927034E-006
         208  2.670353588274636E-006
         209  1.717854772315168E-006
         226  6.683200159923866E-014
         227  5.126568170457432E-015
         230  3.149456947531255E-012
         231  7.696015380892285E-012
         232  6.038766631783521E-007
         234  1.025436131177434E-011
         235  1.653767468052593E-007
         236  1.599607673862772E-009
         238  1.866149955237346E-007
         240  3.097456269520586E-013
         244  3.781074321467049E-009
