           1  7.445246071517543E-005
           2  6.470609901488105E-012
           3  1.574717819390911E-008
           4  8.305781235651833E-005
           6  5.674563962362780E-015
           7  3.114017005274736E-012
           8  2.708281752318958E-013
           9  1.912633244112939E-009
          10  2.713051082138141E-014
          14  1.972146816153675E-015
          15  2.038581729089138E-012
          16  1.211907013513615E-009
          17  9.041342151828794E-011
          18  4.555688041572939E-010
          19  2.106309150054176E-010
          20  4.626138699788778E-009
          21  7.364803285264491E-010
          22  1.531489616228883E-009
          23  4.878984474168093E-009
          24  1.126408372115928E-008
          25  1.391005217172315E-008
          26  1.186842579347765E-008
          27  2.386916881043177E-009
          28  1.532455420780635E-009
          29  9.098838015386773E-010
          30  2.765198037552086E-009
          31  4.567654315387058E-010
          32  6.475965560336830E-010
          33  8.402408802180716E-010
          34  4.235909501455842E-009
          35  2.915282921289011E-010
          36  1.225435081576472E-009
          37  7.588392241359335E-010
          38  1.018675626245455E-009
          39  2.931542332752367E-010
          40  6.364042312321465E-010
          41  9.259565634454023E-010
          42  6.016066994176735E-009
          43  4.971786651057400E-010
          44  1.043639833355836E-009
          45  4.616934772346662E-009
          46  7.431319579491590E-009
          47  7.953903918368325E-009
          48  5.855506644962794E-009
          49  5.055534652775812E-010
          50  3.121502334660726E-009
          51  1.570549494635820E-009
          52  6.384656696741525E-009
          53  2.161190611513398E-010
          54  5.294094725159585E-010
          55  3.277751458617047E-010
          56  4.103774150833850E-010
          57  1.061041956518243E-010
          58  2.279324461331972E-010
          59  1.537890710918875E-010
          60  1.814134934588026E-010
          61  1.923945527510688E-010
          62  8.749371283607422E-010
          63  3.567533612679497E-010
          64  3.844552827826754E-010
          65  3.238170417791376E-010
          66  4.474536591618405E-010
          67  5.860404467068785E-010
          68  8.075524954154358E-010
          69  1.519701764363289E-010
          70  4.605350359605784E-010
          71  1.586769698490569E-010
          72  2.024585647500278E-010
          73  2.321630160941513E-010
          74  4.601723204706196E-010
          75  1.090903356558437E-009
          76  2.837608039235983E-009
          77  5.660255655105421E-009
          78  1.013146988603694E-008
          79  7.981384931797705E-009
          80  3.140102180763311E-008
          81  1.217700258614332E-008
          82  1.064965501892022E-008
          83  4.608365540760838E-009
          84  5.267542967362315E-009
          85  3.548250410832152E-009
          86  3.821664218637922E-009
          87  2.494633942987144E-009
          88  5.930641351863340E-009
          89  2.628129059535494E-009
          90  5.059822230770129E-009
          91  3.482336740494762E-009
          92  2.996219161549013E-009
          93  2.460519115233374E-009
          94  5.414952656511741E-009
          95  2.816547478442235E-009
          96  3.598764779608302E-009
          97  1.555620657491753E-009
          98  1.411603105698133E-009
          99  1.533826727783402E-009
         100  1.318203717081675E-009
         101  9.823831794442804E-010
         102  1.740412112034240E-009
         103  1.655303843934868E-009
         104  1.616583223827694E-009
         105  1.737973709133491E-009
         106  2.222317702458852E-009
         107  1.730651789069114E-009
         108  5.913707780526212E-009
         109  2.632086254338196E-009
         110  6.963309686263505E-009
         111  4.909487245407396E-009
         112  6.295706806497443E-009
         113  3.117555305557248E-009
         114  2.408513073036066E-009
         115  1.241384082938527E-009
         116  1.279338404751584E-009
         117  1.215898750392288E-009
         118  1.319510785584617E-009
         119  4.659337737512821E-010
         120  6.737037491504222E-010
         121  5.508258915430536E-010
         122  7.159065652974239E-010
         123  6.724042193088637E-010
         124  2.014659368603890E-008
         125  9.212329470461630E-008
         126  7.371153589888952E-007
         127  3.758659260136130E-006
         128  3.032454750185704E-005
         129  1.428560263555897E-004
         130  3.274076330548458E-004
         131  1.081915394790073E-003
         132  1.028053284067178E-003
         133  3.484141882255222E-005
         134  8.704619624479381E-005
         135  8.104897395518597E-005
         136  2.191228819530663E-004
         137  1.200831513797746E-004
         138  9.065477729387694E-005
         139  1.476057997382365E-005
         140  3.328335790026888E-005
         141  2.515350061298472E-005
         142  9.452030176334578E-006
         143  1.545070166737903E-006
         144  5.360698314708522E-006
         145  2.249715762859291E-006
         146  1.334392580164220E-005
         147  2.401193453983550E-005
         148  4.556637941678475E-005
         149  2.746249090351787E-005
         150  2.509837277846775E-005
         151  1.151686128580933E-005
         152  2.134691873804518E-005
         153  9.954481408320695E-006
         154  2.713137765060490E-005
         155  1.652581801719865E-005
         156  3.692420432969296E-005
         157  2.533383235294220E-005
         158  7.493015208079044E-005
         159  3.726868683947893E-005
         160  7.404864119280484E-005
         161  4.433969856602575E-005
         162  7.837541053490081E-005
         163  3.984154682679294E-005
         164  1.108506186638907E-004
         165  7.431947903367253E-005
         166  9.084350788317017E-005
         167  3.010462146219295E-005
         168  1.028048265988856E-004
         169  4.550313038388695E-005
         170  5.370375607787891E-005
         171  1.955718453924288E-005
         172  1.616576256176742E-005
         173  1.199948663122167E-005
         174  3.025282270713355E-005
         175  1.692297453438396E-005
         176  1.329891006995263E-005
         177  6.380350252126859E-006
         178  1.537899419606764E-005
         179  4.826841519361540E-006
         180  8.382786574749814E-006
         181  4.658813706940376E-006
         182  1.151666973403724E-005
         183  6.313517046708819E-006
         184  1.197683567938759E-005
         185  3.922546458373587E-006
         186  1.556359607953989E-005
         187  4.680532707794489E-006
         188  1.620593640061838E-005
         189  1.436749590235936E-005
         190  2.949228079947911E-005
         191  3.156472074881759E-005
         192  1.114354341319927E-004
         193  1.448701508777362E-004
         194  3.479239322153503E-004
         195  2.306047516550096E-004
         196  4.223223382334207E-004
         197  2.139690040512451E-004
         198  1.484725844154653E-004
         199  1.186033632679445E-005
         200  2.144240173468830E-006
         201  8.579281360714725E-008
         202  1.091334623713964E-007
         203  2.747186288837924E-008
         204  8.378416863393550E-008
         205  7.152751226991246E-008
         206  2.370608743322783E-006
         207  1.543088357573556E-006
         208  2.583432172443576E-006
         209  1.646319438130674E-006
         226  6.463731131683682E-014
         227  5.021177920499239E-015
         230  3.046032205009873E-012
         231  7.537803306517011E-012
         232  5.833053372491781E-007
         234  9.917619233358942E-012
         235  1.619769877259756E-007
         236  1.651991554328007E-009
         238  1.804867619316545E-007
         240  3.208847434425464E-013
         244  3.917049856426037E-009
