           1  7.365498000792294E-005
           2  6.470609901488105E-012
           3  1.574717819390911E-008
           4  8.226620682244960E-005
           6  5.674563962362780E-015
           7  3.114017005274736E-012
           8  2.708281752318958E-013
           9  1.912633244112939E-009
          10  2.713051082138141E-014
          14  2.700239999297395E-015
          15  2.520386132989593E-012
          16  1.269524952076811E-009
          17  9.394361269310445E-011
          18  4.681847587179415E-010
          19  2.217934166659995E-010
          20  4.640549101041261E-009
          21  7.615484863131992E-010
          22  1.659429631825916E-009
          23  4.879114008994016E-009
          24  1.132339459827767E-008
          25  1.378189577123284E-008
          26  1.259742831039033E-008
          27  2.743561125312322E-009
          28  1.621638120356972E-009
          29  8.665592312669798E-010
          30  2.763930864650584E-009
          31  4.947186658409307E-010
          32  6.388091678158924E-010
          33  7.642032523327776E-010
          34  4.405725312051907E-009
          35  3.065762457389098E-010
          36  1.217673479856691E-009
          37  8.618260913248442E-010
          38  1.154954220758304E-009
          39  3.113459022361468E-010
          40  6.097127093820158E-010
          41  8.582326856678726E-010
          42  5.898978955179274E-009
          43  5.262569002106420E-010
          44  9.661825984117116E-010
          45  4.270388275785949E-009
          46  7.493388848331044E-009
          47  8.274333681697008E-009
          48  6.130731883536368E-009
          49  5.377268768641654E-010
          50  3.127092546373902E-009
          51  1.555985215630728E-009
          52  6.398689169862771E-009
          53  2.302963407341928E-010
          54  5.576338733832772E-010
          55  3.534423646488788E-010
          56  3.957466824787604E-010
          57  1.072316809075564E-010
          58  2.031970419322407E-010
          59  1.418284410500130E-010
          60  1.652869997935309E-010
          61  1.661330479092945E-010
          62  8.005904687201717E-010
          63  3.328363301183182E-010
          64  3.505669573173612E-010
          65  2.966227291052568E-010
          66  4.333944875877111E-010
          67  5.668631874102699E-010
          68  8.393438245114433E-010
          69  1.562632111701196E-010
          70  4.615183539945347E-010
          71  1.597755721306746E-010
          72  2.010590282317554E-010
          73  2.083503679717358E-010
          74  4.173264927335945E-010
          75  9.617973555687870E-010
          76  2.655381602031688E-009
          77  5.432928616515430E-009
          78  1.036117193380089E-008
          79  8.043891440718833E-009
          80  3.215547678301694E-008
          81  1.319483649854133E-008
          82  1.163865686045445E-008
          83  5.031515566521509E-009
          84  5.282920777921581E-009
          85  3.530454893578273E-009
          86  3.850478173037145E-009
          87  2.623834055922129E-009
          88  6.337397962000387E-009
          89  2.852949051986375E-009
          90  5.392172160694941E-009
          91  3.727313300222136E-009
          92  3.049183967767766E-009
          93  2.506258189699944E-009
          94  5.828236976971705E-009
          95  3.113950921316781E-009
          96  3.755412353318948E-009
          97  1.668998112740475E-009
          98  1.538291771109138E-009
          99  1.697323146330971E-009
         100  1.532408071671481E-009
         101  1.110964658579759E-009
         102  1.889819361607564E-009
         103  1.774458365458136E-009
         104  1.739582215150310E-009
         105  1.810371240547567E-009
         106  2.297757411085131E-009
         107  1.750653307135949E-009
         108  5.910967565780572E-009
         109  2.630613409777859E-009
         110  7.372107328430888E-009
         111  5.366698263070093E-009
         112  7.316978428218355E-009
         113  3.789405306725872E-009
         114  3.072959255466384E-009
         115  1.604871010706084E-009
         116  1.696998545826439E-009
         117  1.563864062322079E-009
         118  1.677113732302285E-009
         119  5.908965081690954E-010
         120  8.202635007601636E-010
         121  6.747229322981155E-010
         122  8.438260682689309E-010
         123  7.525897677292414E-010
         124  1.737838441982848E-008
         125  7.838221274190872E-008
         126  6.413760462722866E-007
         127  3.224709353916541E-006
         128  2.644178819173903E-005
         129  1.341780071738608E-004
         130  3.398951253443194E-004
         131  1.126547249833087E-003
         132  1.094846195667016E-003
         133  3.367009763456398E-005
         134  8.485140105452826E-005
         135  9.677629313844301E-005
         136  2.392393797013169E-004
         137  1.254559792670523E-004
         138  8.160201300985305E-005
         139  1.498750422578661E-005
         140  3.436958519833096E-005
         141  2.474512446300958E-005
         142  9.824310709366311E-006
         143  1.807728456516331E-006
         144  8.458079015772191E-006
         145  4.488045739519104E-006
         146  1.899403657743573E-005
         147  2.027810898995215E-005
         148  2.682266698277306E-005
         149  1.587022444910895E-005
         150  3.474516622663426E-005
         151  1.644386670037025E-005
         152  2.964671915281293E-005
         153  1.626325307288432E-005
         154  2.946357668298234E-005
         155  1.087254296133398E-005
         156  3.167896008825952E-005
         157  1.487057440968633E-005
         158  2.697778418071270E-005
         159  1.847930957416961E-005
         160  3.357557435252817E-005
         161  1.741125945294783E-005
         162  3.993149981039410E-005
         163  2.421091682504047E-005
         164  6.706608954461921E-005
         165  3.645728803704070E-005
         166  1.023395152563314E-004
         167  2.470202082949222E-005
         168  3.687234303309512E-005
         169  2.526677153980536E-005
         170  4.013281265923453E-005
         171  2.669802654303118E-005
         172  8.056064998362583E-005
         173  3.706131068787497E-005
         174  5.652952737001092E-005
         175  2.972885038173210E-005
         176  2.738495163481239E-005
         177  1.099917984633427E-005
         178  1.294279116655342E-005
         179  7.003141098978517E-006
         180  1.550427969396209E-005
         181  7.208412530970755E-006
         182  1.487676448014299E-005
         183  7.466199707457133E-006
         184  1.321652259058946E-005
         185  4.115514329434960E-006
         186  1.491804858248766E-005
         187  4.333341507595288E-006
         188  1.396323995727099E-005
         189  1.174635630943352E-005
         190  2.521475335162723E-005
         191  2.772004816142218E-005
         192  9.977637942013230E-005
         193  1.322812167439368E-004
         194  3.364465198825463E-004
         195  2.386677725071291E-004
         196  4.593523668777852E-004
         197  2.459328913199174E-004
         198  1.831105630218773E-004
         199  1.523701915093403E-005
         200  2.645964521666341E-006
         201  9.182104002053995E-008
         202  1.025812429823984E-007
         203  2.403775433737085E-008
         204  8.789626953228779E-008
         205  7.869086886680145E-008
         206  2.300440992096137E-006
         207  1.507349416922509E-006
         208  2.502987573358888E-006
         209  1.599199485312073E-006
         226  6.311053402281994E-014
         227  4.930279329538324E-015
         230  2.974082850794674E-012
         231  7.401346142411023E-012
         232  5.838306478623317E-007
         234  9.683358315822087E-012
         235  1.590447116374755E-007
         236  1.507682651658617E-009
         238  1.762235417516393E-007
         240  2.919209613922278E-013
         244  3.563488084979371E-009
