           1  7.422718433678236E-005
           2  6.470609901488105E-012
           3  1.574717819390911E-008
           4  8.128473205900612E-005
           6  5.674563962362780E-015
           7  3.114017005274736E-012
           8  2.708281752318958E-013
           9  1.912633244112939E-009
          10  2.713051082138141E-014
          14  2.287241159123589E-015
          15  2.148426392835632E-012
          16  1.266423854208346E-009
          17  9.367208785156702E-011
          18  4.542705635986083E-010
          19  2.050648686908898E-010
          20  4.664580645787927E-009
          21  7.723861898397704E-010
          22  1.654657836038289E-009
          23  4.893477940657181E-009
          24  1.134417096322118E-008
          25  1.376151793746777E-008
          26  1.214778636829086E-008
          27  2.695140886244866E-009
          28  1.622222443024088E-009
          29  8.436736774169426E-010
          30  2.740528413984238E-009
          31  4.936606319473647E-010
          32  6.075380670462888E-010
          33  7.673807524443639E-010
          34  4.325176562591443E-009
          35  2.994522325853640E-010
          36  1.191753190649701E-009
          37  7.960411496948295E-010
          38  1.057612586874334E-009
          39  3.083983258636194E-010
          40  6.239149767146527E-010
          41  8.726738375765021E-010
          42  6.121390395691073E-009
          43  5.343045226007191E-010
          44  9.644970325226971E-010
          45  4.290644861204971E-009
          46  7.357144850899861E-009
          47  8.145249745467216E-009
          48  6.085626964390560E-009
          49  5.210982757286017E-010
          50  3.155374021673574E-009
          51  1.586571047129871E-009
          52  6.304138083255093E-009
          53  2.131263462683414E-010
          54  5.070185322125183E-010
          55  3.429231069304872E-010
          56  4.146421840537133E-010
          57  1.123592844957557E-010
          58  2.085515854570948E-010
          59  1.482951058402876E-010
          60  1.701784979270182E-010
          61  1.715815167453202E-010
          62  8.419790618404522E-010
          63  3.456718896868774E-010
          64  3.521321956175398E-010
          65  3.012061899348025E-010
          66  4.376354712823410E-010
          67  5.751577897495529E-010
          68  8.650431114019109E-010
          69  1.596126686671601E-010
          70  4.744707344977318E-010
          71  1.658568650065864E-010
          72  2.076505656716437E-010
          73  2.124685524344809E-010
          74  4.369077153082237E-010
          75  1.008650330925164E-009
          76  2.750694956126216E-009
          77  5.408584071302246E-009
          78  1.026830836541414E-008
          79  7.978810504580133E-009
          80  3.245795391456909E-008
          81  1.238529784447439E-008
          82  1.111353486849930E-008
          83  4.865253198901901E-009
          84  5.270322279344621E-009
          85  3.520764948633442E-009
          86  3.813201924981806E-009
          87  2.506448689866591E-009
          88  6.073345268251565E-009
          89  2.754742558257324E-009
          90  5.229515491351370E-009
          91  3.550338546847203E-009
          92  2.965546439901087E-009
          93  2.463163179253804E-009
          94  5.790491815221201E-009
          95  2.952958731860136E-009
          96  3.474135185078068E-009
          97  1.522654327124007E-009
          98  1.423741000218561E-009
          99  1.600608671937570E-009
         100  1.422378280173376E-009
         101  1.050679065035352E-009
         102  1.803555425978785E-009
         103  1.709766395998839E-009
         104  1.654568064708342E-009
         105  1.756368932960087E-009
         106  2.250699573406931E-009
         107  1.716071983690928E-009
         108  5.735602592008575E-009
         109  2.564291284439447E-009
         110  7.143771393544494E-009
         111  5.067913478599697E-009
         112  6.806709957639742E-009
         113  3.468685532127150E-009
         114  2.778353327187110E-009
         115  1.467799888820047E-009
         116  1.535545684684026E-009
         117  1.349339606691182E-009
         118  1.440012206407343E-009
         119  5.388842164935282E-010
         120  7.546721985243628E-010
         121  6.133297925936669E-010
         122  7.809925077700803E-010
         123  6.992373349176032E-010
         124  1.753917536754574E-008
         125  7.666352002661995E-008
         126  6.297577320053253E-007
         127  3.197422648306415E-006
         128  2.645339806318715E-005
         129  1.329744006299993E-004
         130  3.339389954068427E-004
         131  1.120746227383000E-003
         132  1.050885935140191E-003
         133  3.314759378555081E-005
         134  8.301964580479086E-005
         135  8.557912621775476E-005
         136  2.229165812510825E-004
         137  1.197123132665921E-004
         138  8.253094753689424E-005
         139  1.429173667459236E-005
         140  3.345765519714440E-005
         141  2.534089740878586E-005
         142  9.689190939576629E-006
         143  1.766007662800710E-006
         144  8.732047520911831E-006
         145  4.636082251720773E-006
         146  1.712760952515767E-005
         147  1.145613640862261E-005
         148  1.855085135555271E-005
         149  1.256203379138622E-005
         150  1.733163801140638E-005
         151  1.299358774495750E-005
         152  2.730925199315695E-005
         153  1.040147922820524E-005
         154  3.699132498081609E-005
         155  2.077435359426777E-005
         156  3.007726899196634E-005
         157  1.714316710096830E-005
         158  4.341093864920165E-005
         159  3.527175193803799E-005
         160  8.490710914081434E-005
         161  3.940718197614328E-005
         162  7.201350397514412E-005
         163  3.342597058713642E-005
         164  1.210153356742945E-004
         165  5.945092776032321E-005
         166  1.018695847211762E-004
         167  2.410533715529019E-005
         168  5.846195858811419E-005
         169  2.644071148309875E-005
         170  3.618647383773941E-005
         171  2.427629951804932E-005
         172  7.220811881910276E-005
         173  3.310590209982392E-005
         174  3.966827309692868E-005
         175  1.865433971234658E-005
         176  2.915488504986649E-005
         177  1.031200889311301E-005
         178  1.547254423337895E-005
         179  8.196850807158511E-006
         180  1.627316660037553E-005
         181  7.335272426783510E-006
         182  1.500108094776353E-005
         183  7.639164171465914E-006
         184  1.359096030882040E-005
         185  4.279075653445413E-006
         186  1.623784936005090E-005
         187  4.666598418463581E-006
         188  1.475191227492613E-005
         189  1.250956248430558E-005
         190  2.591756726705267E-005
         191  2.944155015211139E-005
         192  1.029344429188583E-004
         193  1.329714291633531E-004
         194  3.273914515220377E-004
         195  2.258421869645280E-004
         196  4.296588998101151E-004
         197  2.268956148421644E-004
         198  1.660424698197344E-004
         199  1.329388278678313E-005
         200  2.333887400169390E-006
         201  8.226481806234646E-008
         202  9.828813527576263E-008
         203  2.438669359334736E-008
         204  8.516635056153952E-008
         205  7.539705657215068E-008
         206  2.212404974842887E-006
         207  1.467485948592412E-006
         208  2.440071151221444E-006
         209  1.536767882928043E-006
         226  6.219567861933480E-014
         227  4.776102212808430E-015
         230  2.930970305344208E-012
         231  7.169895116640501E-012
         232  5.512959766290924E-007
         234  9.542987570806535E-012
         235  1.540711485931886E-007
         236  1.541668160099170E-009
         238  1.736689910432821E-007
         240  2.991623249954937E-013
         244  3.651883631486804E-009
