           1  7.495557609629049E-005
           2  6.470609901488105E-012
           3  1.574717819390911E-008
           4  8.317537109177827E-005
           6  5.674563962362780E-015
           7  3.114017005274736E-012
           8  2.708281752318958E-013
           9  1.912633244112939E-009
          10  2.713051082138141E-014
          14  1.809893078299307E-015
          15  1.737207475193852E-012
          16  1.186112877184153E-009
          17  8.910120966750906E-011
          18  4.678355904150148E-010
          19  2.268177674400774E-010
          20  4.520665308454741E-009
          21  7.490087000584973E-010
          22  1.501190477576712E-009
          23  4.819739212877592E-009
          24  1.116395553130301E-008
          25  1.359012236153356E-008
          26  1.209021407298907E-008
          27  2.698129687290936E-009
          28  1.584385095931157E-009
          29  8.298080127280483E-010
          30  2.545957327123162E-009
          31  4.686622214605185E-010
          32  6.810731001663023E-010
          33  7.353773880506394E-010
          34  4.410962019174059E-009
          35  2.980694016584127E-010
          36  1.163408726293161E-009
          37  7.997668183676609E-010
          38  1.056874502932180E-009
          39  2.863104165980424E-010
          40  6.114835854855846E-010
          41  8.776620924621977E-010
          42  5.709321821376258E-009
          43  4.967974323077590E-010
          44  9.408559411783985E-010
          45  4.289516873647786E-009
          46  7.463558614873157E-009
          47  8.355923525669811E-009
          48  6.247721440761200E-009
          49  5.009888140709430E-010
          50  3.071971345245382E-009
          51  1.560697554449944E-009
          52  6.276192965863782E-009
          53  2.171123435259237E-010
          54  5.205207082026056E-010
          55  3.262985530226884E-010
          56  3.643903440922518E-010
          57  9.872376190733829E-011
          58  1.775828829277836E-010
          59  1.277580236860963E-010
          60  1.594081672803108E-010
          61  1.652939264877163E-010
          62  8.083881915930766E-010
          63  3.353598105624088E-010
          64  3.405798755521875E-010
          65  2.929514255375236E-010
          66  4.376886060338569E-010
          67  5.880963374992640E-010
          68  8.825494739251940E-010
          69  1.614222675997905E-010
          70  4.658162135593253E-010
          71  1.619401354653387E-010
          72  2.034836702489587E-010
          73  2.068864712198265E-010
          74  4.339920231033256E-010
          75  1.012261296391586E-009
          76  2.771252853022516E-009
          77  5.447183726010070E-009
          78  1.045718072908201E-008
          79  7.923272407093180E-009
          80  3.089070728191651E-008
          81  1.253806431857664E-008
          82  1.058759165273290E-008
          83  4.437150732176562E-009
          84  5.154815195908346E-009
          85  3.338067135858278E-009
          86  3.587911476294921E-009
          87  2.419150605823994E-009
          88  5.735936714865442E-009
          89  2.710468718707669E-009
          90  5.188148844790907E-009
          91  3.327824407874857E-009
          92  2.823138974808168E-009
          93  2.361182633130297E-009
          94  5.413587861465335E-009
          95  2.743975270953278E-009
          96  3.265809920372901E-009
          97  1.440620371447536E-009
          98  1.371362891387986E-009
          99  1.540444432199273E-009
         100  1.366090886232909E-009
         101  1.015285908383986E-009
         102  1.667646644367449E-009
         103  1.569392231434960E-009
         104  1.499811382286008E-009
         105  1.582422423375676E-009
         106  2.052054211736222E-009
         107  1.578961034004573E-009
         108  5.322602019843884E-009
         109  2.420983638840795E-009
         110  6.892508367906195E-009
         111  4.861973816004765E-009
         112  6.507524958553234E-009
         113  3.314854757697841E-009
         114  2.656449876344742E-009
         115  1.422058017723774E-009
         116  1.480433791012515E-009
         117  1.293064684997435E-009
         118  1.379820009489369E-009
         119  5.161347060165574E-010
         120  7.173914319186850E-010
         121  5.805437677375376E-010
         122  7.706080095089232E-010
         123  6.606366301821012E-010
         124  1.765498546669353E-008
         125  6.839029158514831E-008
         126  5.722504245642099E-007
         127  2.989769202141690E-006
         128  2.529264548499024E-005
         129  1.284389391454248E-004
         130  3.291791633576618E-004
         131  1.069536012292241E-003
         132  1.024187626169744E-003
         133  3.314652396605229E-005
         134  8.284668055984378E-005
         135  8.185667684289820E-005
         136  2.018696862614831E-004
         137  1.088148689911284E-004
         138  8.881705363940273E-005
         139  1.388427746825570E-005
         140  3.280183292146108E-005
         141  2.517259255470426E-005
         142  1.034770726472999E-005
         143  1.919609768436757E-006
         144  9.041871755275912E-006
         145  4.547562921103478E-006
         146  1.641269098230231E-005
         147  1.000594285423933E-005
         148  1.702576734343228E-005
         149  1.394581678547208E-005
         150  4.310026382228322E-005
         151  1.994913904823168E-005
         152  3.761170228202844E-005
         153  2.433746932961989E-005
         154  5.401499768682259E-005
         155  3.008300210663210E-005
         156  4.973730042171126E-005
         157  1.847169865806610E-005
         158  3.210709387783333E-005
         159  3.047056324362426E-005
         160  4.738868908441748E-005
         161  2.010708393388301E-005
         162  1.461547869330582E-004
         163  1.025915476162497E-004
         164  1.198753932219997E-004
         165  4.981529673790838E-005
         166  7.311842163069480E-005
         167  5.033185254295859E-005
         168  9.687609570985398E-005
         169  4.076525092849336E-005
         170  5.190188256832836E-005
         171  3.276851336427102E-005
         172  3.950785073897040E-005
         173  2.089100825265412E-005
         174  5.453828778331628E-005
         175  3.505923210125017E-005
         176  2.462336031881406E-005
         177  8.740933736762656E-006
         178  2.111397618066789E-005
         179  8.734676702650624E-006
         180  1.464652436529548E-005
         181  6.621521229707881E-006
         182  1.365560234261128E-005
         183  6.923421011865199E-006
         184  1.234544749819742E-005
         185  3.890779100917198E-006
         186  1.489669887828189E-005
         187  4.226879010325016E-006
         188  1.317175007876222E-005
         189  1.129652689141277E-005
         190  2.355939053175838E-005
         191  2.781912721046577E-005
         192  9.699305014256792E-005
         193  1.252129736019335E-004
         194  3.071562577617728E-004
         195  2.133815193835670E-004
         196  4.077354015721478E-004
         197  2.155111705286808E-004
         198  1.568266979473535E-004
         199  1.241781575740109E-005
         200  2.317645175004131E-006
         201  9.588899694643030E-008
         202  1.167545586228646E-007
         203  2.699163140773846E-008
         204  8.121944407880112E-008
         205  6.850576553265399E-008
         206  2.299793245223241E-006
         207  1.459605141525324E-006
         208  2.498327869726695E-006
         209  1.630510729381283E-006
         210  1.039166125925410E-015
         226  7.359275088656423E-014
         227  5.550611725225974E-015
         230  3.468057143604494E-012
         231  8.332590495307619E-012
         232  6.327172715560215E-007
         234  1.129169618536201E-011
         235  1.790558672733096E-007
         236  1.857703956319633E-009
         238  2.054930355016026E-007
         240  3.608773052500292E-013
         244  4.405240278960596E-009
