           1  7.436081720580644E-005
           2  6.470609901488105E-012
           3  1.574717819390911E-008
           4  8.067676423472913E-005
           6  5.674563962362780E-015
           7  3.114017005274736E-012
           8  2.708281752318958E-013
           9  1.912633244112939E-009
          10  2.713051082138141E-014
          14  2.147335682207975E-015
          15  2.073577881196026E-012
          16  1.249200400390446E-009
          17  9.267222065964352E-011
          18  4.487017032167265E-010
          19  1.985103333110937E-010
          20  4.654761301592145E-009
          21  7.727296257148658E-010
          22  1.571815940327494E-009
          23  4.902293376707747E-009
          24  1.134235339879789E-008
          25  1.372559610206431E-008
          26  1.197351875043727E-008
          27  2.646536463884256E-009
          28  1.617516182929399E-009
          29  8.281404184841635E-010
          30  2.681538067043977E-009
          31  4.766342557353935E-010
          32  6.288130580811886E-010
          33  7.918925654473008E-010
          34  4.331645445202395E-009
          35  2.902455715590335E-010
          36  1.147912285565454E-009
          37  7.981744718412511E-010
          38  1.074585788707855E-009
          39  3.160236830128590E-010
          40  6.319961452166524E-010
          41  8.790051978286650E-010
          42  6.129543503231812E-009
          43  5.204655455251650E-010
          44  9.588116332697037E-010
          45  4.330525871306088E-009
          46  7.328064300436494E-009
          47  8.082341812989757E-009
          48  6.036550840456982E-009
          49  5.188709542413804E-010
          50  3.144370601297992E-009
          51  1.576889430532809E-009
          52  6.373731258743163E-009
          53  2.137277098788537E-010
          54  5.152636581771341E-010
          55  3.539188784651703E-010
          56  4.167565760416313E-010
          57  1.099991532982696E-010
          58  2.053410302900627E-010
          59  1.450833258429215E-010
          60  1.690386407893475E-010
          61  1.787137577465604E-010
          62  8.691307341755122E-010
          63  3.506917861597736E-010
          64  3.544983008989605E-010
          65  3.013730595990914E-010
          66  4.309706944543230E-010
          67  5.843423244726397E-010
          68  8.787040440649945E-010
          69  1.626130402414053E-010
          70  4.841168747917235E-010
          71  1.677359525271217E-010
          72  2.040705527886997E-010
          73  2.084409776424185E-010
          74  4.374541985571765E-010
          75  1.037848113528608E-009
          76  2.811046432821097E-009
          77  5.439362583314475E-009
          78  1.016137157220478E-008
          79  7.910008759292917E-009
          80  3.228191376148384E-008
          81  1.205965155380972E-008
          82  1.084280412122051E-008
          83  4.754663897225609E-009
          84  5.198851290806747E-009
          85  3.464475586375793E-009
          86  3.738853233680558E-009
          87  2.458874922530433E-009
          88  6.036884545482418E-009
          89  2.776006482610604E-009
          90  5.293541777032047E-009
          91  3.450054722170251E-009
          92  2.881901808776392E-009
          93  2.446862289960958E-009
          94  5.889835763470797E-009
          95  2.962260444636472E-009
          96  3.420930560187129E-009
          97  1.475445604340602E-009
          98  1.357487593109758E-009
          99  1.533816705272028E-009
         100  1.360384410403967E-009
         101  1.024844925408145E-009
         102  1.789693517745828E-009
         103  1.678294545392216E-009
         104  1.616415443845746E-009
         105  1.712994133886445E-009
         106  2.200144743415250E-009
         107  1.709431162051875E-009
         108  5.729099835661774E-009
         109  2.537262613580016E-009
         110  7.001124122715651E-009
         111  5.005658123466626E-009
         112  6.659986486463580E-009
         113  3.350722308876256E-009
         114  2.651650431132430E-009
         115  1.396915971672583E-009
         116  1.451068641148744E-009
         117  1.282633848347343E-009
         118  1.374434890779396E-009
         119  5.108900233406896E-010
         120  7.183239238546063E-010
         121  5.834059627777422E-010
         122  7.353345491869639E-010
         123  6.676302574463907E-010
         124  1.731423047537341E-008
         125  7.803919169035638E-008
         126  6.328848864752961E-007
         127  3.236042699183190E-006
         128  2.672949061438626E-005
         129  1.329039670726447E-004
         130  3.295283312735710E-004
         131  1.100310177979431E-003
         132  1.042144750620559E-003
         133  3.395200897474752E-005
         134  8.549168019878734E-005
         135  8.528394530370064E-005
         136  2.216005556387368E-004
         137  1.197056003247087E-004
         138  8.578015009986686E-005
         139  1.397166774997528E-005
         140  3.275185350141283E-005
         141  2.557835707260175E-005
         142  9.916347911518438E-006
         143  1.859095569893043E-006
         144  9.469422899863156E-006
         145  5.566166531259349E-006
         146  2.199194219172344E-005
         147  1.646272642357706E-005
         148  2.061755876115583E-005
         149  1.289816011001217E-005
         150  2.873866176925060E-005
         151  1.427546014869353E-005
         152  4.902517578407209E-005
         153  3.476904220860658E-005
         154  3.615187446524713E-005
         155  1.343822331668723E-005
         156  3.228619417746061E-005
         157  1.599695439972619E-005
         158  4.135832353973847E-005
         159  2.060876753594597E-005
         160  4.865953875780431E-005
         161  3.259544999337651E-005
         162  1.383069966019164E-004
         163  5.451177808013991E-005
         164  7.695246673212328E-005
         165  4.542536381986405E-005
         166  8.578589039292049E-005
         167  2.201904107624708E-005
         168  1.074290348362629E-004
         169  3.299193316026398E-005
         170  2.552101809406223E-005
         171  1.567442208195415E-005
         172  7.157641867864315E-005
         173  2.878455821117936E-005
         174  2.667956429214451E-005
         175  1.410694173155223E-005
         176  2.657712601991228E-005
         177  1.262038532331355E-005
         178  1.932098986234092E-005
         179  6.558912685461080E-006
         180  1.074235869457918E-005
         181  5.599501807508322E-006
         182  1.319404557710486E-005
         183  7.072347698469730E-006
         184  1.311480422727253E-005
         185  4.245035320390242E-006
         186  1.653994288505891E-005
         187  4.718365579717108E-006
         188  1.494922756583529E-005
         189  1.287211161697518E-005
         190  2.689806949199825E-005
         191  3.082955653654725E-005
         192  1.073727377142897E-004
         193  1.359289282207573E-004
         194  3.288239906418328E-004
         195  2.270119857681870E-004
         196  4.312728911908223E-004
         197  2.240406962943109E-004
         198  1.612599814203564E-004
         199  1.281568160104653E-005
         200  2.239255397358250E-006
         201  8.070473102345317E-008
         202  9.782759409640978E-008
         203  2.440993169404590E-008
         204  7.808881419869410E-008
         205  6.777662209581530E-008
         206  2.144809221445848E-006
         207  1.411559560528168E-006
         208  2.374661056539506E-006
         209  1.499256160352295E-006
         226  5.872472076124089E-014
         227  4.550109081018561E-015
         230  2.767401474856170E-012
         231  6.830633731557687E-012
         232  5.233427315014542E-007
         234  9.010421507795743E-012
         235  1.467808897508087E-007
         236  1.462069587465155E-009
         238  1.639770355481371E-007
         240  2.836847485207017E-013
         244  3.462948383092042E-009
