           1  7.478242414148610E-005
           2  6.470609901488105E-012
           3  1.574717819390911E-008
           4  8.336818512716968E-005
           6  5.674563962362780E-015
           7  3.114017005274736E-012
           8  2.708281752318958E-013
           9  1.912633244112939E-009
          10  2.713051082138141E-014
          14  1.868445345548349E-015
          15  1.826768496217772E-012
          16  1.175932262706170E-009
          17  8.845935005094941E-011
          18  4.639513859085875E-010
          19  2.224861599974390E-010
          20  4.500455154351746E-009
          21  7.250601280396792E-010
          22  1.549449949540993E-009
          23  4.783019041004797E-009
          24  1.108802445738498E-008
          25  1.366231257932583E-008
          26  1.219398455606327E-008
          27  2.529708969956689E-009
          28  1.529524989953828E-009
          29  8.811515428634311E-010
          30  2.677203409824139E-009
          31  4.571958803605200E-010
          32  6.542865488896604E-010
          33  7.679877719057999E-010
          34  4.240213215897236E-009
          35  2.981615587410782E-010
          36  1.246234730119722E-009
          37  7.953416805142372E-010
          38  1.059115387981877E-009
          39  2.896948769462790E-010
          40  6.194922854813688E-010
          41  8.986176188200997E-010
          42  5.767632965100852E-009
          43  4.839019632399528E-010
          44  9.936161244007874E-010
          45  4.424321990306883E-009
          46  7.453212662209897E-009
          47  8.182918283146551E-009
          48  6.072727703162084E-009
          49  5.110848388708722E-010
          50  3.134984864172117E-009
          51  1.573639401694557E-009
          52  6.296826266202716E-009
          53  2.127103130661556E-010
          54  5.173024273733181E-010
          55  3.156797498060711E-010
          56  3.804321930171247E-010
          57  9.965182103682135E-011
          58  2.080452139114421E-010
          59  1.433172925642122E-010
          60  1.697428780503237E-010
          61  1.751450528059689E-010
          62  8.191025634832196E-010
          63  3.397739325298990E-010
          64  3.690784833032841E-010
          65  3.173337519221880E-010
          66  4.469648830882201E-010
          67  5.838908564527597E-010
          68  8.208427390981498E-010
          69  1.538302226204519E-010
          70  4.598899659664760E-010
          71  1.589582102770791E-010
          72  2.024114700052715E-010
          73  2.246441165048075E-010
          74  4.444193505408653E-010
          75  1.033902640731343E-009
          76  2.777534857716942E-009
          77  5.638922023508030E-009
          78  1.029856521024499E-008
          79  7.904708130658946E-009
          80  3.084286002116473E-008
          81  1.245127942597856E-008
          82  1.072533379341661E-008
          83  4.547677089373816E-009
          84  5.156522196050418E-009
          85  3.428043849468764E-009
          86  3.676969096926172E-009
          87  2.396330453336056E-009
          88  5.730670520858617E-009
          89  2.608350938357791E-009
          90  4.980758697260810E-009
          91  3.318940341968372E-009
          92  2.867599739505973E-009
          93  2.379166551253288E-009
          94  5.300829069991509E-009
          95  2.730745473215331E-009
          96  3.550979700443201E-009
          97  1.544190771452983E-009
          98  1.420895181886479E-009
          99  1.560876880895666E-009
         100  1.342907362303454E-009
         101  9.909238923416576E-010
         102  1.678776398193559E-009
         103  1.580672788235548E-009
         104  1.526728728038382E-009
         105  1.634867839278863E-009
         106  2.079805867820074E-009
         107  1.609713694297731E-009
         108  5.508519970249567E-009
         109  2.498160094333817E-009
         110  6.925348555591954E-009
         111  4.875374452737684E-009
         112  6.364936009213471E-009
         113  3.179125388915152E-009
         114  2.481618364317262E-009
         115  1.303799742619378E-009
         116  1.354689236454636E-009
         117  1.245264351804285E-009
         118  1.350346422005560E-009
         119  4.945215517375035E-010
         120  7.100566810303577E-010
         121  5.800037862142131E-010
         122  7.604193607116856E-010
         123  6.754711654211027E-010
         124  1.915000856682909E-008
         125  8.022812770968602E-008
         126  6.526852410206723E-007
         127  3.372916083912371E-006
         128  2.784323049263729E-005
         129  1.352998386153696E-004
         130  3.259472804830503E-004
         131  1.070228336317142E-003
         132  1.019312097611483E-003
         133  3.432663968288609E-005
         134  8.614439285245199E-005
         135  8.000263193319361E-005
         136  2.094028784339993E-004
         137  1.139729568271929E-004
         138  8.747815894231475E-005
         139  1.431945349659283E-005
         140  3.342103944753139E-005
         141  2.544364583034210E-005
         142  9.738508474178741E-006
         143  1.780527925115246E-006
         144  8.494897738725352E-006
         145  4.474618709957868E-006
         146  1.771264820729338E-005
         147  1.473636617742114E-005
         148  1.905346451493415E-005
         149  1.358705431973291E-005
         150  5.363682956322972E-005
         151  3.994031808905994E-005
         152  5.654706773209287E-005
         153  1.821388396222156E-005
         154  3.308021779639173E-005
         155  1.652650114329791E-005
         156  2.659310985523514E-005
         157  1.127478834607542E-005
         158  2.678676074503204E-005
         159  2.854389240802825E-005
         160  5.212620708099334E-005
         161  3.012843993133138E-005
         162  6.520107484100976E-005
         163  4.886150636788200E-005
         164  1.401224711452356E-004
         165  7.671953561414552E-005
         166  1.279562109077780E-004
         167  4.415891647402209E-005
         168  1.219708512708642E-004
         169  5.211734025204829E-005
         170  4.606600973803323E-005
         171  2.580300913839874E-005
         172  4.415926731049371E-005
         173  4.454048885405905E-005
         174  6.072836112706164E-005
         175  1.964886594266246E-005
         176  1.321839496524027E-005
         177  5.850259565421120E-006
         178  1.031295130978920E-005
         179  5.584373283365601E-006
         180  1.198563227933858E-005
         181  5.686146392272259E-006
         182  1.217826071461421E-005
         183  6.288103624914305E-006
         184  1.134040495139011E-005
         185  3.607653275900308E-006
         186  1.390151758830127E-005
         187  4.108379089646830E-006
         188  1.376001540332587E-005
         189  1.213669729760895E-005
         190  2.489042717767646E-005
         191  2.817540506129274E-005
         192  1.002409673310625E-004
         193  1.313581185571437E-004
         194  3.192714455170683E-004
         195  2.178387054548217E-004
         196  4.115016939695224E-004
         197  2.122480788484810E-004
         198  1.501938164138765E-004
         199  1.186324420405028E-005
         200  2.171830544651143E-006
         201  8.823148289249305E-008
         202  1.117066196177609E-007
         203  2.748798150520533E-008
         204  8.085006796230340E-008
         205  6.809712419961743E-008
         206  2.350974903516584E-006
         207  1.503484321790666E-006
         208  2.537881010969068E-006
         209  1.652902414275882E-006
         226  7.029968665275490E-014
         227  5.406304284884173E-015
         230  3.312871547158799E-012
         231  8.115955849376713E-012
         232  6.208487081369224E-007
         234  1.078642521235038E-011
         235  1.744006877789556E-007
         236  1.800819581071234E-009
         238  1.962978123667818E-007
         240  3.499333751168496E-013
         244  4.271647389822246E-009
