           1  7.423798473916177E-005
           2  6.470609901488105E-012
           3  1.574717819390911E-008
           4  8.042099613187529E-005
           6  5.674563962362780E-015
           7  3.114017005274736E-012
           8  2.708281752318958E-013
           9  1.912633244112939E-009
          10  2.713051082138141E-014
          14  2.177739979689470E-015
          15  2.146441715642407E-012
          16  1.251273518478101E-009
          17  9.289542361872077E-011
          18  4.469311395297427E-010
          19  1.951420870679505E-010
          20  4.631870714899945E-009
          21  7.681931252797569E-010
          22  1.648957652452332E-009
          23  4.856893020718099E-009
          24  1.128161075591332E-008
          25  1.368911738934291E-008
          26  1.201921658199961E-008
          27  2.703665585162552E-009
          28  1.633587258292674E-009
          29  8.334105321712706E-010
          30  2.732427731758001E-009
          31  5.032887858693549E-010
          32  5.896539740637419E-010
          33  7.697637169723670E-010
          34  4.329402581434177E-009
          35  3.020171955963914E-010
          36  1.182951885150802E-009
          37  8.085244335063799E-010
          38  1.073800718091353E-009
          39  3.156079980704523E-010
          40  6.240905311430716E-010
          41  8.575447261916041E-010
          42  6.174280889696171E-009
          43  5.584799790430949E-010
          44  9.641719364975245E-010
          45  4.259935983268320E-009
          46  7.308057153620113E-009
          47  8.065695216261189E-009
          48  6.045799747337841E-009
          49  5.340837283153993E-010
          50  3.158650310090907E-009
          51  1.584806101814597E-009
          52  6.317894484655286E-009
          53  2.197342860279208E-010
          54  5.238288996981676E-010
          55  3.572847573087150E-010
          56  4.249551686477236E-010
          57  1.186836269587522E-010
          58  2.163392399445361E-010
          59  1.544223438728920E-010
          60  1.763554575326861E-010
          61  1.706088907821546E-010
          62  8.406928397121178E-010
          63  3.519195704630244E-010
          64  3.567879820088142E-010
          65  3.027395123919475E-010
          66  4.493543131216782E-010
          67  5.727863935745042E-010
          68  8.741734233036676E-010
          69  1.631415693636195E-010
          70  4.823287279262562E-010
          71  1.690448078310022E-010
          72  2.159493766969477E-010
          73  2.150948773515798E-010
          74  4.404186031207355E-010
          75  1.007913758818971E-009
          76  2.752163159649183E-009
          77  5.400550468972227E-009
          78  1.013642444316215E-008
          79  7.884665818150935E-009
          80  3.229950864701239E-008
          81  1.226472565847668E-008
          82  1.098226029870596E-008
          83  4.812171779266721E-009
          84  5.142481425712039E-009
          85  3.459188613558194E-009
          86  3.764635292333070E-009
          87  2.501001348355527E-009
          88  6.057184702394355E-009
          89  2.734777677673499E-009
          90  5.100398782361742E-009
          91  3.530756454371092E-009
          92  2.941418208308677E-009
          93  2.420813214324767E-009
          94  5.684174242123030E-009
          95  2.956466907340601E-009
          96  3.384329164191550E-009
          97  1.511323542274423E-009
          98  1.430098899163743E-009
          99  1.588481378734090E-009
         100  1.431599614033755E-009
         101  1.049079647735191E-009
         102  1.778526291647361E-009
         103  1.702294926720306E-009
         104  1.658548097800127E-009
         105  1.732542577823170E-009
         106  2.227183812324348E-009
         107  1.683011924013021E-009
         108  5.532922325375946E-009
         109  2.482154092516465E-009
         110  6.890726590528641E-009
         111  4.897500477319677E-009
         112  6.641507252999278E-009
         113  3.444536548942272E-009
         114  2.809973568744267E-009
         115  1.490685001697819E-009
         116  1.552694820849449E-009
         117  1.337064817552494E-009
         118  1.418134957643641E-009
         119  5.348218591619295E-010
         120  7.388410231453385E-010
         121  6.003608768439230E-010
         122  7.640207916064151E-010
         123  6.790082199352502E-010
         124  1.624303726321644E-008
         125  7.022037148234145E-008
         126  5.884885933336270E-007
         127  3.018248621297826E-006
         128  2.523360885791412E-005
         129  1.282581136490550E-004
         130  3.250880121711851E-004
         131  1.114846940992718E-003
         132  1.049424845246000E-003
         133  3.365179876710178E-005
         134  8.476974060111014E-005
         135  8.545624011156308E-005
         136  2.242427960419275E-004
         137  1.211454470458140E-004
         138  8.469750502580399E-005
         139  1.424337071723953E-005
         140  3.353149124169120E-005
         141  2.538708619852808E-005
         142  9.702011658753437E-006
         143  1.560486424090084E-006
         144  5.192778061667845E-006
         145  1.998434315230614E-006
         146  1.008428397716820E-005
         147  1.759990030589339E-005
         148  2.991533583505929E-005
         149  1.835471215254687E-005
         150  4.383102066950672E-005
         151  2.371574853974812E-005
         152  6.015263549383182E-005
         153  3.699732750130557E-005
         154  3.886216183414880E-005
         155  1.135740033733264E-005
         156  1.774534463883728E-005
         157  8.996773755916996E-006
         158  2.145178123894300E-005
         159  1.197456212646583E-005
         160  3.225028789282031E-005
         161  2.150466828358665E-005
         162  8.832555795768412E-005
         163  9.475546937288507E-005
         164  1.015761637326815E-004
         165  5.705328913274978E-005
         166  8.447693978203834E-005
         167  2.656134130861030E-005
         168  5.847360205273402E-005
         169  3.539198376672102E-005
         170  6.444911477330102E-005
         171  3.429532913250769E-005
         172  5.274200018425213E-005
         173  2.825922950219052E-005
         174  4.513367978788607E-005
         175  1.950886740919513E-005
         176  1.718873236505723E-005
         177  5.924392301241109E-006
         178  1.294051927689178E-005
         179  7.661289989508296E-006
         180  1.531873564885380E-005
         181  6.672479131415679E-006
         182  1.353560478328806E-005
         183  6.934309195847343E-006
         184  1.238642071207774E-005
         185  3.883330653805938E-006
         186  1.471312321662197E-005
         187  4.272197370077514E-006
         188  1.359158506591647E-005
         189  1.144788391959879E-005
         190  2.434040216563996E-005
         191  2.774660013105580E-005
         192  9.789539476754583E-005
         193  1.288219129042880E-004
         194  3.248607767504403E-004
         195  2.280325351244500E-004
         196  4.365639538262532E-004
         197  2.348226959185533E-004
         198  1.744454850628945E-004
         199  1.428257862266829E-005
         200  2.500630432187479E-006
         201  8.290602749863831E-008
         202  9.808098665136090E-008
         203  2.496393683766010E-008
         204  8.046326394987787E-008
         205  7.029404459378006E-008
         206  2.148293631076447E-006
         207  1.433876436660188E-006
         208  2.377466434626598E-006
         209  1.508786906834211E-006
         226  5.998684628933751E-014
         227  4.561314547133110E-015
         230  2.826879119068547E-012
         231  6.847455401864266E-012
         232  5.335510383284806E-007
         234  9.204075608768596E-012
         235  1.471423642247345E-007
         236  1.443564351197856E-009
         238  1.675012686122389E-007
         240  2.798450934217758E-013
         244  3.416077596115330E-009
