           1  7.402744854711231E-005
           2  6.470609901488105E-012
           3  1.574717819390911E-008
           4  8.426128218549540E-005
           6  5.674563962362780E-015
           7  3.114017005274736E-012
           8  2.708281752318958E-013
           9  1.912633244112939E-009
          10  2.713051082138141E-014
          14  2.388288559784696E-015
          15  2.302201493102561E-012
          16  1.276006033387646E-009
          17  9.425307849503577E-011
          18  4.615264210385940E-010
          19  2.138140293105469E-010
          20  4.689877162400135E-009
          21  7.760887884472996E-010
          22  1.624025133347078E-009
          23  4.924351379095904E-009
          24  1.140400731669297E-008
          25  1.382495407360428E-008
          26  1.210348522949509E-008
          27  2.694934629355638E-009
          28  1.646089221128625E-009
          29  8.650117657506412E-010
          30  2.756995360240427E-009
          31  5.048471718551827E-010
          32  6.487479505766189E-010
          33  7.791666866520810E-010
          34  4.436505565503069E-009
          35  3.016227471895738E-010
          36  1.167877262524504E-009
          37  7.843955032985029E-010
          38  1.038368784564431E-009
          39  2.981237545961454E-010
          40  6.221173872372405E-010
          41  8.813625962533488E-010
          42  6.078348544215906E-009
          43  5.447819647843402E-010
          44  9.690832630742897E-010
          45  4.315344999267360E-009
          46  7.422479383994335E-009
          47  8.190294768672697E-009
          48  6.099034273564988E-009
          49  5.089233386774866E-010
          50  3.099694134000073E-009
          51  1.576531721295298E-009
          52  6.402461518080003E-009
          53  2.238706061446714E-010
          54  5.309849053713744E-010
          55  3.489288224929252E-010
          56  4.051899852969099E-010
          57  1.118196579403180E-010
          58  2.011318138615980E-010
          59  1.426156514529330E-010
          60  1.691867957669306E-010
          61  1.707962152852435E-010
          62  8.340320606899919E-010
          63  3.458190418221973E-010
          64  3.497641674086874E-010
          65  2.943170127688723E-010
          66  4.379731308684214E-010
          67  5.754328803373949E-010
          68  8.683371007949089E-010
          69  1.598508193047917E-010
          70  4.675981480309278E-010
          71  1.626056662846153E-010
          72  2.052465558425171E-010
          73  2.078882930573145E-010
          74  4.304032516049932E-010
          75  9.995480887901848E-010
          76  2.723614268172920E-009
          77  5.368283624173839E-009
          78  1.034338848303075E-008
          79  8.052009252038666E-009
          80  3.231170421664579E-008
          81  1.262720741045710E-008
          82  1.116023372719719E-008
          83  4.872317635452512E-009
          84  5.391565686433808E-009
          85  3.560330538215801E-009
          86  3.869368325477785E-009
          87  2.603974937152145E-009
          88  6.176483337087055E-009
          89  2.819062287428021E-009
          90  5.379145704806960E-009
          91  3.694297304001154E-009
          92  3.056203963411293E-009
          93  2.501643631062928E-009
          94  5.742465820533733E-009
          95  3.014517371944133E-009
          96  3.471763257310845E-009
          97  1.548276060773643E-009
          98  1.455860868856591E-009
          99  1.615091381616622E-009
         100  1.460484013615419E-009
         101  1.071396158531631E-009
         102  1.821829408643205E-009
         103  1.736655730244765E-009
         104  1.701500227347315E-009
         105  1.779128648814107E-009
         106  2.293397821977168E-009
         107  1.745069952340915E-009
         108  5.824915247461055E-009
         109  2.596941761278034E-009
         110  7.179434996173420E-009
         111  5.144847803748020E-009
         112  6.964709292204670E-009
         113  3.614007935473097E-009
         114  2.938847101777121E-009
         115  1.545756483980317E-009
         116  1.622563829658055E-009
         117  1.475626042060162E-009
         118  1.575943449504694E-009
         119  5.535808548119853E-010
         120  7.603729711133927E-010
         121  6.195688384246544E-010
         122  8.081321159811586E-010
         123  7.109550650590413E-010
         124  1.827468935244309E-008
         125  7.593228810068071E-008
         126  6.302916074810365E-007
         127  3.198301521119371E-006
         128  2.636024808973969E-005
         129  1.335246913188578E-004
         130  3.377546154020894E-004
         131  1.122808607298095E-003
         132  1.071461326785878E-003
         133  3.336387777380924E-005
         134  8.307459085292869E-005
         135  8.890187181374696E-005
         136  2.274157821381113E-004
         137  1.216523206623600E-004
         138  8.597243269139821E-005
         139  1.457698795694220E-005
         140  3.321192385478390E-005
         141  2.443794392139686E-005
         142  9.710948547546288E-006
         143  1.595822190128629E-006
         144  5.704093033395690E-006
         145  2.329083477422215E-006
         146  9.378078671708227E-006
         147  1.164552104634264E-005
         148  1.300758674839875E-005
         149  8.291854792038425E-006
         150  3.593987703994201E-005
         151  1.762932359618182E-005
         152  2.880305163476356E-005
         153  1.108307456199650E-005
         154  4.341542946419702E-005
         155  2.471329440452181E-005
         156  3.303853248767298E-005
         157  1.304654550736097E-005
         158  2.988927501366546E-005
         159  3.447755112665479E-005
         160  4.937999842946385E-005
         161  2.020605627118561E-005
         162  3.749947790045115E-005
         163  4.360335434812636E-005
         164  1.447352624736839E-004
         165  8.211890520022930E-005
         166  8.970506925569304E-005
         167  5.106624368601438E-005
         168  8.598924042762295E-005
         169  2.357178946101315E-005
         170  2.571043314550780E-005
         171  1.774147834824277E-005
         172  2.816735489969054E-005
         173  2.085980148731355E-005
         174  5.467808044389058E-005
         175  2.448305913394628E-005
         176  1.694867338769837E-005
         177  6.658247684331219E-006
         178  8.777597962998060E-006
         179  5.062907616049908E-006
         180  1.152116064811597E-005
         181  5.442615042565871E-006
         182  1.182179997941405E-005
         183  6.239323479097252E-006
         184  1.159588881770901E-005
         185  3.723880771969877E-006
         186  1.434322880635945E-005
         187  4.169114208601176E-006
         188  1.341935362592749E-005
         189  1.141149290492008E-005
         190  2.457122511948473E-005
         191  2.770226765502100E-005
         192  9.883354527264082E-005
         193  1.308017592425850E-004
         194  3.318555331693751E-004
         195  2.335279304393108E-004
         196  4.482874134478981E-004
         197  2.411569197146144E-004
         198  1.802697851161982E-004
         199  1.491538230164339E-005
         200  2.681384357654478E-006
         201  9.742206829965988E-008
         202  1.129542833726626E-007
         203  2.690626004215066E-008
         204  9.687168136696317E-008
         205  8.574772347793234E-008
         206  2.483093062582729E-006
         207  1.634168756604351E-006
         208  2.726122692022603E-006
         209  1.729741080426605E-006
         210  1.014652867701383E-015
         226  7.185674539038880E-014
         227  5.483302362529501E-015
         230  3.386247913893432E-012
         231  8.231545532407244E-012
         232  6.383042991820548E-007
         234  1.102533236008326E-011
         235  1.768845505050231E-007
         236  1.770989431673056E-009
         238  2.006455874206576E-007
         240  3.433440254023070E-013
         244  4.191210996753556E-009
