           1  7.484080121762914E-005
           2  6.470609901488105E-012
           3  1.574717819390911E-008
           4  8.202471569186063E-005
           6  5.674563962362780E-015
           7  3.114017005274736E-012
           8  2.708281752318958E-013
           9  1.912633244112939E-009
          10  2.713051082138141E-014
          14  1.942232586973508E-015
          15  1.824153539207496E-012
          16  1.215185976398117E-009
          17  9.066435170063662E-011
          18  4.635178821405543E-010
          19  2.209423259063149E-010
          20  4.541833129123401E-009
          21  7.430794994715653E-010
          22  1.651906936030527E-009
          23  4.803093551853187E-009
          24  1.116375951489628E-008
          25  1.363671544239912E-008
          26  1.223509901544541E-008
          27  2.631147324151653E-009
          28  1.568828061108957E-009
          29  8.613966070825578E-010
          30  2.692936567455214E-009
          31  4.749206553544023E-010
          32  6.287063932425570E-010
          33  7.501894085434678E-010
          34  4.356778251105132E-009
          35  3.002280542930977E-010
          36  1.208873582207535E-009
          37  7.694171717796014E-010
          38  1.012881109370866E-009
          39  2.781395199744406E-010
          40  6.068706026385194E-010
          41  8.869751721785477E-010
          42  5.905062247250509E-009
          43  5.110871263036876E-010
          44  9.686536750769568E-010
          45  4.282376865046979E-009
          46  7.425627424495896E-009
          47  8.271845864218847E-009
          48  6.169368544020252E-009
          49  5.021951034179978E-010
          50  3.122462641451271E-009
          51  1.581145542145542E-009
          52  6.192325441854458E-009
          53  2.127031302303001E-010
          54  5.148003534761999E-010
          55  3.247313294086304E-010
          56  3.806336114680195E-010
          57  1.021057313156862E-010
          58  2.027288837682165E-010
          59  1.418059403962044E-010
          60  1.641764607747663E-010
          61  1.642534650603477E-010
          62  7.949461638785348E-010
          63  3.332481235269605E-010
          64  3.588170758368026E-010
          65  3.096980445278052E-010
          66  4.452921150378276E-010
          67  5.794960014569089E-010
          68  8.471364507877821E-010
          69  1.581973109501553E-010
          70  4.725930482583960E-010
          71  1.637765102951023E-010
          72  2.069620935048162E-010
          73  2.180401254315991E-010
          74  4.342220182761777E-010
          75  1.000975824678292E-009
          76  2.733761466240321E-009
          77  5.504400254217132E-009
          78  1.043669488777488E-008
          79  7.991170198398396E-009
          80  3.156826382741522E-008
          81  1.245752968643870E-008
          82  1.071969526526355E-008
          83  4.569828095420679E-009
          84  5.221833536588839E-009
          85  3.471289080842877E-009
          86  3.733650254275995E-009
          87  2.424933244363839E-009
          88  5.763446818162072E-009
          89  2.665467615350400E-009
          90  5.124047788230153E-009
          91  3.439851423122692E-009
          92  2.868209066209737E-009
          93  2.354037859832820E-009
          94  5.332174538977016E-009
          95  2.754146534968728E-009
          96  3.436480769202558E-009
          97  1.511908377841162E-009
          98  1.413212218660320E-009
          99  1.566414759018449E-009
         100  1.369008374171418E-009
         101  1.009282963910801E-009
         102  1.699843972701498E-009
         103  1.612586073333290E-009
         104  1.567043721113969E-009
         105  1.668164414713085E-009
         106  2.115705812614408E-009
         107  1.615027160489118E-009
         108  5.447408161496533E-009
         109  2.476464572878113E-009
         110  6.958136860872286E-009
         111  4.921728615432143E-009
         112  6.560339829035112E-009
         113  3.323734414574088E-009
         114  2.641465747153489E-009
         115  1.402765480981714E-009
         116  1.451288886486781E-009
         117  1.269878285024569E-009
         118  1.369540561375854E-009
         119  5.213791484345442E-010
         120  7.386246366544073E-010
         121  6.015738533315861E-010
         122  7.816358176415031E-010
         123  6.879880587580527E-010
         124  1.846250113319117E-008
         125  7.627053219739440E-008
         126  6.279548660008045E-007
         127  3.239245749964313E-006
         128  2.697146810637406E-005
         129  1.341319337295617E-004
         130  3.334784168096756E-004
         131  1.092272845176126E-003
         132  1.022230605346655E-003
         133  3.249002731310827E-005
         134  8.071210783920405E-005
         135  7.961924608213553E-005
         136  2.047463655511626E-004
         137  1.108138536790611E-004
         138  8.585924480376765E-005
         139  1.433890614761269E-005
         140  3.326814759742590E-005
         141  2.447515814978609E-005
         142  9.683616834997584E-006
         143  1.594097268733399E-006
         144  5.703950916979498E-006
         145  2.020777357804515E-006
         146  7.747112882681046E-006
         147  9.831785039881368E-006
         148  1.450866551630120E-005
         149  9.964059539194760E-006
         150  3.825855470376718E-005
         151  2.078207477283756E-005
         152  3.058745909345866E-005
         153  1.336273798041769E-005
         154  4.123279318607572E-005
         155  2.308670165845669E-005
         156  4.921054049649260E-005
         157  2.725397572501799E-005
         158  4.852831553307315E-005
         159  2.384909879341972E-005
         160  5.725979925051578E-005
         161  3.089535320242792E-005
         162  1.490196099882114E-004
         163  6.764860442067986E-005
         164  1.454789298463823E-004
         165  7.821793958161024E-005
         166  6.785971662672354E-005
         167  1.980658741353441E-005
         168  1.128016364351177E-004
         169  7.342805600577143E-005
         170  5.941483920596262E-005
         171  1.721401385224112E-005
         172  1.923738143551587E-005
         173  1.613041301327960E-005
         174  4.391881494544248E-005
         175  1.764422831325495E-005
         176  3.272300649844510E-005
         177  1.081738816410867E-005
         178  9.135816967696291E-006
         179  4.929816590725411E-006
         180  1.146734744455167E-005
         181  5.705097916827485E-006
         182  1.286825456990127E-005
         183  6.748090407161806E-006
         184  1.229350370482192E-005
         185  3.872759931298494E-006
         186  1.477227527229941E-005
         187  4.322213389800241E-006
         188  1.415337849243149E-005
         189  1.221889802894468E-005
         190  2.520546717293477E-005
         191  2.850894672950875E-005
         192  1.001598353053312E-004
         193  1.304437491890411E-004
         194  3.195331439129805E-004
         195  2.186652080816328E-004
         196  4.127027455401775E-004
         197  2.155617641335071E-004
         198  1.544926392660956E-004
         199  1.224516863028938E-005
         200  2.239240827564351E-006
         201  8.881823509110704E-008
         202  1.093712200594510E-007
         203  2.628414344646879E-008
         204  8.494811536931196E-008
         205  7.318476585527598E-008
         206  2.254099899582834E-006
         207  1.460741709908494E-006
         208  2.444680314317626E-006
         209  1.575093071005587E-006
         226  6.825984540046159E-014
         227  5.207977696430386E-015
         230  3.216744062568106E-012
         231  7.818227539827276E-012
         232  5.969113465942002E-007
         234  1.047344237898995E-011
         235  1.680029173967183E-007
         236  1.748991760604352E-009
         238  1.906019637155843E-007
         240  3.397873665669692E-013
         244  4.147794753803351E-009
