           1  7.435753266891846E-005
           2  6.470609901488105E-012
           3  1.574717819390911E-008
           4  8.265548418524196E-005
           6  5.674563962362780E-015
           7  3.114017005274736E-012
           8  2.708281752318958E-013
           9  1.912633244112939E-009
          10  2.713051082138141E-014
          14  2.182304222449997E-015
          15  2.067615304415333E-012
          16  1.233360774737631E-009
          17  9.183354318668065E-011
          18  4.572597221962612E-010
          19  2.099184227764435E-010
          20  4.487461727947492E-009
          21  7.481720250738586E-010
          22  1.761297073752353E-009
          23  4.741983996810715E-009
          24  1.108447112339405E-008
          25  1.340342561990071E-008
          26  1.255147037292012E-008
          27  2.774485703479131E-009
          28  1.634490949611723E-009
          29  8.395420900151732E-010
          30  2.784512020170347E-009
          31  4.900046676257591E-010
          32  5.954716437768953E-010
          33  7.366465855723391E-010
          34  4.460728907362989E-009
          35  2.989579235829659E-010
          36  1.176505118649914E-009
          37  8.126176106370321E-010
          38  1.084688493448123E-009
          39  2.938864292242965E-010
          40  5.932281641265135E-010
          41  8.511755375398906E-010
          42  6.034422411322946E-009
          43  5.187287290862957E-010
          44  9.196952704823611E-010
          45  4.041723446922694E-009
          46  7.318014285976572E-009
          47  8.320602420384734E-009
          48  6.252882494504405E-009
          49  5.216235243833242E-010
          50  3.156042127641947E-009
          51  1.576515348823820E-009
          52  6.364217797838905E-009
          53  2.212465820133737E-010
          54  5.492832456129476E-010
          55  3.649361147535157E-010
          56  4.005441528724513E-010
          57  1.050359299898332E-010
          58  2.077630918326035E-010
          59  1.440522482500738E-010
          60  1.574992544212154E-010
          61  1.561753618359743E-010
          62  7.696092356793196E-010
          63  3.231164569296766E-010
          64  3.543747346773564E-010
          65  3.059232895209421E-010
          66  4.292779007177669E-010
          67  5.714973675464139E-010
          68  8.614226633970174E-010
          69  1.636576773693642E-010
          70  4.962823798901335E-010
          71  1.705611559473120E-010
          72  2.065595181790046E-010
          73  2.070334831194422E-010
          74  4.064444418233448E-010
          75  9.322961795238051E-010
          76  2.649955914926026E-009
          77  5.453419311911726E-009
          78  1.036657851554579E-008
          79  7.874885209238715E-009
          80  3.217002326327056E-008
          81  1.231716977107097E-008
          82  1.107651344590932E-008
          83  4.812248831406464E-009
          84  5.089218601034262E-009
          85  3.463231547486778E-009
          86  3.730550457493754E-009
          87  2.383692504453856E-009
          88  5.969746318159535E-009
          89  2.812800684960104E-009
          90  5.361639018172257E-009
          91  3.461625244625473E-009
          92  2.752533589653737E-009
          93  2.313448049471180E-009
          94  5.682433809088593E-009
          95  2.910410733258341E-009
          96  3.580788063888047E-009
          97  1.561260700699977E-009
          98  1.435492206761284E-009
          99  1.594110044461246E-009
         100  1.402828674229716E-009
         101  1.052348579878205E-009
         102  1.793386516143168E-009
         103  1.685397149418095E-009
         104  1.624413722732000E-009
         105  1.689818016826150E-009
         106  2.092087129388007E-009
         107  1.598891328976074E-009
         108  5.317031057008627E-009
         109  2.425724151800905E-009
         110  7.045083601305615E-009
         111  5.047355752219890E-009
         112  6.835396113326717E-009
         113  3.479035178292793E-009
         114  2.791514542506591E-009
         115  1.484230040097535E-009
         116  1.569269297954455E-009
         117  1.415598854238221E-009
         118  1.538713142834586E-009
         119  5.730493388110208E-010
         120  8.127185058123037E-010
         121  6.620544658887385E-010
         122  8.393210305093014E-010
         123  7.216414867224090E-010
         124  1.765416727012913E-008
         125  7.197486571153920E-008
         126  5.869209385231761E-007
         127  3.017500547395840E-006
         128  2.526515099684289E-005
         129  1.284664402230249E-004
         130  3.323876010530242E-004
         131  1.104125247466633E-003
         132  1.054078281023184E-003
         133  3.252298418363755E-005
         134  8.228475379844712E-005
         135  8.759681373738595E-005
         136  2.201535902353951E-004
         137  1.176597509318874E-004
         138  8.512365968787693E-005
         139  1.424107997697819E-005
         140  3.361765617432015E-005
         141  2.440489148340040E-005
         142  9.900326114445317E-006
         143  1.622385625389003E-006
         144  5.680482507628635E-006
         145  1.752480828250364E-006
         146  4.684269519523074E-006
         147  3.428531285100271E-006
         148  8.963006219304379E-006
         149  7.065937835552490E-006
         150  2.236950475875947E-005
         151  1.104615107996207E-005
         152  3.196590899226814E-005
         153  1.949451399052950E-005
         154  5.288021665895532E-005
         155  2.676016227693009E-005
         156  5.331058076193814E-005
         157  2.165211762508668E-005
         158  3.457501570959767E-005
         159  1.774923843312437E-005
         160  7.680002374341259E-005
         161  3.404925038967064E-005
         162  1.332208791181284E-004
         163  4.962234760726564E-005
         164  9.180015003430422E-005
         165  5.209880060207749E-005
         166  8.016010955051183E-005
         167  3.931422023504777E-005
         168  1.220101355741127E-004
         169  4.189719505214243E-005
         170  5.754830531101377E-005
         171  3.474279440833538E-005
         172  3.901065537686848E-005
         173  1.757913887826152E-005
         174  2.425362271827864E-005
         175  1.484854120964198E-005
         176  2.261819471899000E-005
         177  1.224224108004902E-005
         178  2.328572616830559E-005
         179  6.720601278453090E-006
         180  9.695912644689562E-006
         181  5.108286148711139E-006
         182  1.197754182315937E-005
         183  6.285917228494211E-006
         184  1.124923829352612E-005
         185  3.520075301431416E-006
         186  1.321239052879870E-005
         187  3.857457321418557E-006
         188  1.255502881772809E-005
         189  1.093728246366525E-005
         190  2.304621384125057E-005
         191  2.724638818575061E-005
         192  9.693033843635550E-005
         193  1.258263776990534E-004
         194  3.100031488249578E-004
         195  2.235232172241351E-004
         196  4.411575785506039E-004
         197  2.319147518458508E-004
         198  1.698313554939086E-004
         199  1.352518598912087E-005
         200  2.390384666936617E-006
         201  8.667092451839323E-008
         202  1.038394232759998E-007
         203  2.523656443545009E-008
         204  8.212116563064794E-008
         205  7.187310500022366E-008
         206  2.296936165725032E-006
         207  1.498953758367362E-006
         208  2.501680256856619E-006
         209  1.614441127530605E-006
         226  6.962568393562567E-014
         227  5.399462544308903E-015
         230  3.281109180488312E-012
         231  8.105685013420064E-012
         232  6.173252971645069E-007
         234  1.068300967456646E-011
         235  1.741799816923100E-007
         236  1.721561625134004E-009
         238  1.944157946053763E-007
         240  3.337927312108173E-013
         244  4.074618057057888E-009
