           1  7.392348969645399E-005
           2  6.470609901488105E-012
           3  1.574717819390911E-008
           4  8.303010674414336E-005
           6  5.674563962362780E-015
           7  3.114017005274736E-012
           8  2.708281752318958E-013
           9  1.912633244112939E-009
          10  2.713051082138141E-014
          14  2.313504057579182E-015
          15  2.333087426912710E-012
          16  1.225907770361656E-009
          17  9.151869538748736E-011
          18  4.738820272712867E-010
          19  2.306736067598806E-010
          20  4.552064165750059E-009
          21  7.440497120604376E-010
          22  1.618621006954889E-009
          23  4.814030503768370E-009
          24  1.118579565757484E-008
          25  1.368784822551888E-008
          26  1.241001196866061E-008
          27  2.702622651494040E-009
          28  1.612827980135309E-009
          29  8.886252010664964E-010
          30  2.755043134195282E-009
          31  4.997984244199980E-010
          32  6.673057204280389E-010
          33  7.535097205926162E-010
          34  4.431423271048377E-009
          35  3.110119799227759E-010
          36  1.231344047032541E-009
          37  8.288831114828416E-010
          38  1.095642933327031E-009
          39  2.939682227312690E-010
          40  6.126223827687355E-010
          41  8.779771451382973E-010
          42  5.813620233916968E-009
          43  5.275975245554785E-010
          44  9.708994940196658E-010
          45  4.285906289453056E-009
          46  7.498035073394346E-009
          47  8.310769580094711E-009
          48  6.186743392876353E-009
          49  5.171122560415398E-010
          50  3.089902606760882E-009
          51  1.562503438363675E-009
          52  6.408933724309461E-009
          53  2.277390998369991E-010
          54  5.420636146246782E-010
          55  3.340668862087434E-010
          56  3.795627166258157E-010
          57  1.048477441098278E-010
          58  2.000878737763801E-010
          59  1.402373759717530E-010
          60  1.676053236272905E-010
          61  1.658227668129062E-010
          62  7.928049536807809E-010
          63  3.350216913295062E-010
          64  3.558422284776888E-010
          65  3.008119786681255E-010
          66  4.469486705473177E-010
          67  5.758602079500823E-010
          68  8.433952595060820E-010
          69  1.569081360229047E-010
          70  4.571657998194389E-010
          71  1.588001018992832E-010
          72  2.047733045450112E-010
          73  2.139974166024482E-010
          74  4.247284876190786E-010
          75  9.648560952783045E-010
          76  2.657205579463308E-009
          77  5.442662474015763E-009
          78  1.038741898006200E-008
          79  7.996256333186043E-009
          80  3.135266114690955E-008
          81  1.306162560871778E-008
          82  1.126703502465047E-008
          83  4.808797835084136E-009
          84  5.285892067185192E-009
          85  3.495799438374622E-009
          86  3.795748918868325E-009
          87  2.565409980285706E-009
          88  6.083012544091279E-009
          89  2.778114850803649E-009
          90  5.245160707619697E-009
          91  3.623111479691256E-009
          92  3.031741176979921E-009
          93  2.464581291293224E-009
          94  5.481323158214636E-009
          95  2.971173455484290E-009
          96  3.640494184968043E-009
          97  1.639438716660804E-009
          98  1.528460229246011E-009
          99  1.671381405155047E-009
         100  1.509916011648821E-009
         101  1.090873483951406E-009
         102  1.811800369466359E-009
         103  1.701788870622291E-009
         104  1.666774026849737E-009
         105  1.721131099180074E-009
         106  2.192076568498453E-009
         107  1.670060460367623E-009
         108  5.625645103826205E-009
         109  2.524705129921736E-009
         110  7.049413238928718E-009
         111  5.123760872939630E-009
         112  6.965236774381360E-009
         113  3.631222390168046E-009
         114  2.961539904529481E-009
         115  1.556530129671584E-009
         116  1.627132507296385E-009
         117  1.472421006269980E-009
         118  1.581698253338678E-009
         119  5.650219557840149E-010
         120  7.829013639795294E-010
         121  6.440729571131061E-010
         122  8.238195965361275E-010
         123  7.223461941278221E-010
         124  1.716954564316144E-008
         125  7.266159502033496E-008
         126  6.042402716400320E-007
         127  3.093547335228999E-006
         128  2.569696428191638E-005
         129  1.309173557859059E-004
         130  3.335642792662981E-004
         131  1.103399812313422E-003
         132  1.080511686407703E-003
         133  3.431964871629277E-005
         134  8.600073088524953E-005
         135  9.094722031710350E-005
         136  2.299588526122207E-004
         137  1.227455498693828E-004
         138  8.841664981433135E-005
         139  1.499486733589972E-005
         140  3.432302416180300E-005
         141  2.497969499876405E-005
         142  1.003751626783440E-005
         143  1.664003214286447E-006
         144  5.844740041703996E-006
         145  2.130310200378922E-006
         146  7.867471394135245E-006
         147  1.002411765681716E-005
         148  1.879449967030340E-005
         149  1.209970983078922E-005
         150  2.052139956955216E-005
         151  1.230114822937374E-005
         152  2.638553636420051E-005
         153  1.183721799096178E-005
         154  4.499664416036401E-005
         155  2.454377026098936E-005
         156  3.402836220875060E-005
         157  1.358780340138037E-005
         158  3.108419246039333E-005
         159  2.201263652906835E-005
         160  3.879205171561376E-005
         161  1.771742766430139E-005
         162  4.729722466213461E-005
         163  5.246804961644492E-005
         164  1.323723518109752E-004
         165  6.366540979836322E-005
         166  1.455210923885203E-004
         167  3.109973287501085E-005
         168  9.212335831499543E-005
         169  6.163175461359446E-005
         170  4.328606840343658E-005
         171  1.313408077519623E-005
         172  2.067074004296823E-005
         173  1.609104332715702E-005
         174  4.558353871029274E-005
         175  2.354361602810614E-005
         176  2.265080999144648E-005
         177  8.926134569344777E-006
         178  1.616904825805896E-005
         179  5.244401476264059E-006
         180  8.575080415702716E-006
         181  4.459709727379519E-006
         182  1.058194657888357E-005
         183  5.587043917535430E-006
         184  1.029110856526625E-005
         185  3.246318979015929E-006
         186  1.209684401188025E-005
         187  3.552241289622693E-006
         188  1.165613431939209E-005
         189  9.925990942843421E-006
         190  2.182731730402517E-005
         191  2.470868466539356E-005
         192  9.099869508792064E-005
         193  1.238899866734832E-004
         194  3.218939263409439E-004
         195  2.325363842069373E-004
         196  4.529031010099562E-004
         197  2.450017746638515E-004
         198  1.836184422420369E-004
         199  1.540364022770978E-005
         200  2.770647180752241E-006
         201  1.015620416110245E-007
         202  1.161817943300582E-007
         203  2.703303720969387E-008
         204  9.038226280865809E-008
         205  7.894877249365328E-008
         206  2.381879717129636E-006
         207  1.542824291470678E-006
         208  2.568048582101839E-006
         209  1.670491251617341E-006
         226  6.795929511983733E-014
         227  5.232453701664288E-015
         230  3.202580635665667E-012
         231  7.854970972564289E-012
         232  6.195832541474671E-007
         234  1.042732747750373E-011
         235  1.687924830448837E-007
         236  1.639260963813062E-009
         238  1.897627371784281E-007
         240  3.173960966673661E-013
         244  3.874463838769862E-009
