           1  7.417368932469832E-005
           2  6.470609901488105E-012
           3  1.574717819390911E-008
           4  8.127967967647726E-005
           6  5.674563962362780E-015
           7  3.114017005274736E-012
           8  2.708281752318958E-013
           9  1.912633244112939E-009
          10  2.713051082138141E-014
          14  2.128286522084291E-015
          15  2.198267325764984E-012
          16  1.263127628238050E-009
          17  9.344627242766264E-011
          18  4.449216777298733E-010
          19  1.929331943125735E-010
          20  4.761371012495855E-009
          21  7.832427204538853E-010
          22  1.450946389324812E-009
          23  5.004864504597274E-009
          24  1.151385707604199E-008
          25  1.395161779181955E-008
          26  1.159235693972813E-008
          27  2.529813423789071E-009
          28  1.607000209939583E-009
          29  8.251497026731755E-010
          30  2.617792660559489E-009
          31  4.667976380308243E-010
          32  6.577195035467217E-010
          33  8.600806005145131E-010
          34  4.423207590768289E-009
          35  2.829196078368086E-010
          36  1.084411099821343E-009
          37  7.945977297744581E-010
          38  1.081386765135905E-009
          39  3.162852829725914E-010
          40  6.360638523158462E-010
          41  8.865617678453495E-010
          42  6.201614588242862E-009
          43  5.327384617905440E-010
          44  9.979289186194466E-010
          45  4.541601835628439E-009
          46  7.406368031302797E-009
          47  7.939933570583218E-009
          48  5.853086686654973E-009
          49  5.190323907046688E-010
          50  3.070462938615455E-009
          51  1.540562490191634E-009
          52  6.421768017968860E-009
          53  2.296729390897666E-010
          54  5.649825474095885E-010
          55  3.767616601930719E-010
          56  4.173488087914719E-010
          57  1.114771137635309E-010
          58  2.035483316420193E-010
          59  1.439051252908012E-010
          60  1.764837266081052E-010
          61  1.906482990670273E-010
          62  9.059137041122799E-010
          63  3.640507187765167E-010
          64  3.553301249233001E-010
          65  2.965481920107285E-010
          66  4.338298983550751E-010
          67  5.874572424958796E-010
          68  8.864208296041006E-010
          69  1.637248113910043E-010
          70  4.818017333192020E-010
          71  1.657853066395133E-010
          72  2.036250978439365E-010
          73  2.073214334312683E-010
          74  4.500261613466402E-010
          75  1.103213501964148E-009
          76  2.886928361966974E-009
          77  5.428861906699371E-009
          78  1.003912053564109E-008
          79  7.975647004086618E-009
          80  3.231795680167209E-008
          81  1.209008588504906E-008
          82  1.054262065067003E-008
          83  4.592806863905807E-009
          84  5.204414386206382E-009
          85  3.457933715629711E-009
          86  3.766128178460091E-009
          87  2.616297374329451E-009
          88  6.222682884473776E-009
          89  2.821639119160762E-009
          90  5.412934851475939E-009
          91  3.607721969563306E-009
          92  2.980396104454039E-009
          93  2.494060181335461E-009
          94  5.907814413096377E-009
          95  2.999192831612635E-009
          96  3.287078607207199E-009
          97  1.434120392092743E-009
          98  1.342281237139426E-009
          99  1.506250619723067E-009
         100  1.353495221198517E-009
         101  1.017442777209904E-009
         102  1.792065628482383E-009
         103  1.708673951766187E-009
         104  1.669130282060186E-009
         105  1.768694909496533E-009
         106  2.317048093698889E-009
         107  1.794906134490573E-009
         108  5.997355600491219E-009
         109  2.624999027747583E-009
         110  7.009882592877581E-009
         111  5.000825914808754E-009
         112  6.599313740564484E-009
         113  3.343598148835894E-009
         114  2.650146546038874E-009
         115  1.383704505282542E-009
         116  1.424236482786450E-009
         117  1.256582698202164E-009
         118  1.331006675339197E-009
         119  4.806147045481283E-010
         120  6.624066625918265E-010
         121  5.381914092382705E-010
         122  6.910234321797931E-010
         123  6.445644845961110E-010
         124  1.783357489423052E-008
         125  8.237268633472502E-008
         126  6.732585612224299E-007
         127  3.433423520914435E-006
         128  2.805302444641894E-005
         129  1.373285538465334E-004
         130  3.295849492954512E-004
         131  1.093031485382596E-003
         132  1.049967143409052E-003
         133  3.426555037309607E-005
         134  8.609770443984765E-005
         135  8.898438916518142E-005
         136  2.251926925909503E-004
         137  1.214863718224198E-004
         138  9.181576027069587E-005
         139  1.457096663032572E-005
         140  3.308382400960238E-005
         141  2.555238125057426E-005
         142  1.027794465831661E-005
         143  1.811683828646681E-006
         144  7.941367951411052E-006
         145  4.462926823228688E-006
         146  1.671220870365186E-005
         147  1.145598955740126E-005
         148  3.668636062210575E-005
         149  2.918556098189688E-005
         150  4.470217820897329E-005
         151  1.925412023879775E-005
         152  3.269915225077717E-005
         153  1.375531783566913E-005
         154  6.438838227901219E-005
         155  3.561549049493240E-005
         156  3.852945787373668E-005
         157  1.707339427699009E-005
         158  3.423423318151860E-005
         159  1.581446407810717E-005
         160  3.375972272576462E-005
         161  1.724529048055453E-005
         162  4.510875789341264E-005
         163  4.942222967104360E-005
         164  9.441955775345733E-005
         165  4.962803650148688E-005
         166  7.755791395449294E-005
         167  2.006868935779542E-005
         168  9.407337954180833E-005
         169  3.994833321912242E-005
         170  4.223098766020338E-005
         171  2.518736988233308E-005
         172  4.148423966040378E-005
         173  2.676837357247982E-005
         174  4.995033401319321E-005
         175  2.098601766437125E-005
         176  2.387507947639219E-005
         177  1.202158386376094E-005
         178  1.726757997669536E-005
         179  8.341921858209389E-006
         180  1.542523605264329E-005
         181  6.662042974884657E-006
         182  1.324921005197052E-005
         183  6.868523173785655E-006
         184  1.269819614499483E-005
         185  4.108529929908202E-006
         186  1.592880540206463E-005
         187  4.568070365362891E-006
         188  1.477910444683624E-005
         189  1.284956789081818E-005
         190  2.737471722070048E-005
         191  3.058755409558082E-005
         192  1.074869382600642E-004
         193  1.385450490779010E-004
         194  3.409883178187314E-004
         195  2.316955834580797E-004
         196  4.321229871308689E-004
         197  2.263779339627812E-004
         198  1.633280876380255E-004
         199  1.328494357433939E-005
         200  2.373218124548947E-006
         201  8.869172129547771E-008
         202  1.067944777922705E-007
         203  2.620006114920395E-008
         204  8.134453013159765E-008
         205  6.998861046727351E-008
         206  2.220693948003044E-006
         207  1.460196013992210E-006
         208  2.470933176167338E-006
         209  1.552649565950225E-006
         226  5.835916884076939E-014
         227  4.490230834587028E-015
         230  2.750174846772875E-012
         231  6.740744376691893E-012
         232  5.220370824429474E-007
         234  8.954333086365458E-012
         235  1.448492915997659E-007
         236  1.459874969942602E-009
         238  1.629563049345077E-007
         240  2.833195635802375E-013
         244  3.458490559378557E-009
