           1  7.403841750401901E-005
           2  6.470609901488105E-012
           3  1.574717819390911E-008
           4  8.317677265007236E-005
           6  5.674563962362780E-015
           7  3.114017005274736E-012
           8  2.708281752318958E-013
           9  1.912633244112939E-009
          10  2.713051082138141E-014
          14  2.350122648192418E-015
          15  2.270844691000305E-012
          16  1.263385317545048E-009
          17  9.361205978012034E-011
          18  4.580999173483650E-010
          19  2.088907991648767E-010
          20  4.674185895638343E-009
          21  7.751242211804211E-010
          22  1.606728890913634E-009
          23  4.907033382973954E-009
          24  1.136529426063794E-008
          25  1.379354316809687E-008
          26  1.210256755322664E-008
          27  2.732208262082179E-009
          28  1.637974278081959E-009
          29  8.414191536183677E-010
          30  2.712543687299579E-009
          31  5.046964184105622E-010
          32  6.259252722190501E-010
          33  7.650245872675486E-010
          34  4.427821219659296E-009
          35  3.046609970144689E-010
          36  1.178104625296797E-009
          37  8.188651101609428E-010
          38  1.084442207514583E-009
          39  3.061532548388797E-010
          40  6.106829639664551E-010
          41  8.500693051723869E-010
          42  6.038857803710764E-009
          43  5.462649199474301E-010
          44  9.645132950480196E-010
          45  4.306207220484960E-009
          46  7.425838885289996E-009
          47  8.178742589726503E-009
          48  6.077203106044862E-009
          49  5.294276880038803E-010
          50  3.111888400450234E-009
          51  1.563695499984320E-009
          52  6.349803020651642E-009
          53  2.296626118619372E-010
          54  5.532441522887740E-010
          55  3.604487882911579E-010
          56  4.123260131909823E-010
          57  1.147659839186907E-010
          58  2.013324566575467E-010
          59  1.447896699157055E-010
          60  1.715071921183554E-010
          61  1.696666357615117E-010
          62  8.335504449174465E-010
          63  3.461048552200121E-010
          64  3.444909571193239E-010
          65  2.917937802075177E-010
          66  4.400021980245515E-010
          67  5.718830774870499E-010
          68  8.721475656204860E-010
          69  1.601433153682731E-010
          70  4.656996252490841E-010
          71  1.635340521551994E-010
          72  2.093297832761964E-010
          73  2.097320787599236E-010
          74  4.360893377274550E-010
          75  9.998651121950531E-010
          76  2.729528766085578E-009
          77  5.358429555989437E-009
          78  1.026185662943290E-008
          79  7.977354794478346E-009
          80  3.219633375738183E-008
          81  1.273101472260064E-008
          82  1.116885265121159E-008
          83  4.828505457238407E-009
          84  5.256668332059243E-009
          85  3.488048691783676E-009
          86  3.804892604942450E-009
          87  2.602761368049250E-009
          88  6.197770040951352E-009
          89  2.804471141747970E-009
          90  5.279048024915491E-009
          91  3.646668271811371E-009
          92  3.034654423632650E-009
          93  2.485164134681225E-009
          94  5.748579623282083E-009
          95  2.986125308623835E-009
          96  3.411598552917271E-009
          97  1.523990384404859E-009
          98  1.449757644590429E-009
          99  1.624370786930525E-009
         100  1.473215124124351E-009
         101  1.077060855839507E-009
         102  1.815961915416006E-009
         103  1.729671517880492E-009
         104  1.679388219469630E-009
         105  1.760736265887562E-009
         106  2.281558074801964E-009
         107  1.726280095209378E-009
         108  5.732275958026593E-009
         109  2.562603158897568E-009
         110  7.147402617605719E-009
         111  5.085925138333686E-009
         112  6.915849398732211E-009
         113  3.595383907248906E-009
         114  2.929602593917547E-009
         115  1.554264444748395E-009
         116  1.638602492830672E-009
         117  1.465290458922789E-009
         118  1.553110021667549E-009
         119  5.574552927082224E-010
         120  7.638932983508600E-010
         121  6.216988116478895E-010
         122  8.056915759916795E-010
         123  7.059814423594837E-010
         124  1.727805294520847E-008
         125  7.183175852831568E-008
         126  6.017163534103827E-007
         127  3.062513952969579E-006
         128  2.546955963279220E-005
         129  1.302711862208511E-004
         130  3.331422459598446E-004
         131  1.119868741172488E-003
         132  1.069927345638947E-003
         133  3.325026708498922E-005
         134  8.339164081464352E-005
         135  9.019116204949103E-005
         136  2.271289563455346E-004
         137  1.210264844666122E-004
         138  8.521946783356973E-005
         139  1.468690795662487E-005
         140  3.404923866783237E-005
         141  2.492591910906598E-005
         142  9.752184025030245E-006
         143  1.556116814988828E-006
         144  5.246280478093442E-006
         145  1.751311206737230E-006
         146  5.602551309172278E-006
         147  5.897635111510280E-006
         148  6.414681095632520E-006
         149  4.925567302893755E-006
         150  2.544604882784020E-005
         151  9.946569799575906E-006
         152  1.312818938721537E-005
         153  5.873963695336302E-006
         154  2.357998561892219E-005
         155  1.563769174466709E-005
         156  5.224395663349019E-005
         157  2.190738076595808E-005
         158  4.966447429225499E-005
         159  4.481308222004186E-005
         160  7.433231373447595E-005
         161  3.517404074387706E-005
         162  1.171919699282993E-004
         163  8.490648292738077E-005
         164  7.468910442998659E-005
         165  2.820152479996851E-005
         166  3.611765320605531E-005
         167  4.147082878733291E-005
         168  1.795590374692686E-004
         169  6.584703163312743E-005
         170  4.635290667636255E-005
         171  1.607712909988752E-005
         172  1.937465138537457E-005
         173  8.094916220428437E-006
         174  1.391410744578665E-005
         175  1.166767671816451E-005
         176  1.806295006588402E-005
         177  9.705549749285902E-006
         178  1.662907374853889E-005
         179  7.187016565734364E-006
         180  1.275623825942739E-005
         181  5.819603229457207E-006
         182  1.225611352340792E-005
         183  6.364811181243405E-006
         184  1.153925812161443E-005
         185  3.666211111945173E-006
         186  1.400324593497037E-005
         187  4.040581909932941E-006
         188  1.278343034688535E-005
         189  1.079997300901572E-005
         190  2.309706223352992E-005
         191  2.667611946105853E-005
         192  9.543368885485370E-005
         193  1.270318159175171E-004
         194  3.243462366863809E-004
         195  2.294814763588051E-004
         196  4.436284063208826E-004
         197  2.406520674138207E-004
         198  1.815201332742523E-004
         199  1.495438313262063E-005
         200  2.676366670514774E-006
         201  9.411239761485513E-008
         202  1.091615809682422E-007
         203  2.632952805823464E-008
         204  9.050453699629880E-008
         205  7.998455776908030E-008
         206  2.383997141348436E-006
         207  1.573614847870414E-006
         208  2.625352660984699E-006
         209  1.668723258755917E-006
         226  6.879228240729865E-014
         227  5.228635314183163E-015
         230  3.241835147530086E-012
         231  7.849238800903275E-012
         232  6.098936468480377E-007
         234  1.055513679653272E-011
         235  1.686693065886904E-007
         236  1.670356291405063E-009
         238  1.920886875495254E-007
         240  3.237780245295064E-013
         244  3.952368226955878E-009
