           1  7.414451923979505E-005
           2  6.470609901488105E-012
           3  1.574717819390911E-008
           4  8.269572762786068E-005
           6  5.674563962362780E-015
           7  3.114017005274736E-012
           8  2.708281752318958E-013
           9  1.912633244112939E-009
          10  2.713051082138141E-014
          14  2.085826185444976E-015
          15  2.210651452491848E-012
          16  1.230442163833562E-009
          17  9.159904762128359E-011
          18  4.576905715160217E-010
          19  2.109221203310385E-010
          20  4.663119884442146E-009
          21  7.545396285058288E-010
          22  1.500115226920281E-009
          23  4.917981375518964E-009
          24  1.134074885501899E-008
          25  1.390275816137847E-008
          26  1.177853015899494E-008
          27  2.480598163357943E-009
          28  1.584669592430746E-009
          29  8.953315475663941E-010
          30  2.745448472465138E-009
          31  4.759673970790892E-010
          32  6.742277355844216E-010
          33  8.298367072958503E-010
          34  4.321891981316035E-009
          35  2.948605463472398E-010
          36  1.200271441631990E-009
          37  7.655006410716581E-010
          38  1.021573562807955E-009
          39  2.989179931174325E-010
          40  6.414827465209054E-010
          41  9.186935478960634E-010
          42  6.058554268915905E-009
          43  5.127508572791166E-010
          44  1.018016883150042E-009
          45  4.563761527143706E-009
          46  7.430562869498010E-009
          47  8.010507766245510E-009
          48  5.917038486037570E-009
          49  5.009102769753479E-010
          50  3.099318478453663E-009
          51  1.572562244126398E-009
          52  6.424030993671761E-009
          53  2.182106652286304E-010
          54  5.253407700159484E-010
          55  3.355352886658839E-010
          56  4.128562987889217E-010
          57  1.095980722957600E-010
          58  2.135554680534486E-010
          59  1.488157073126945E-010
          60  1.796725088460102E-010
          61  1.898362282297322E-010
          62  8.865257854010201E-010
          63  3.596805335926745E-010
          64  3.688226852769398E-010
          65  3.121600808946417E-010
          66  4.471206237015813E-010
          67  5.896487968635389E-010
          68  8.429106267767804E-010
          69  1.555428526008318E-010
          70  4.617340011198532E-010
          71  1.598639081948454E-010
          72  2.019732206355751E-010
          73  2.208253358342628E-010
          74  4.547691981183858E-010
          75  1.076686912115580E-009
          76  2.824478697018037E-009
          77  5.524641712712962E-009
          78  1.013669171928197E-008
          79  7.977886794255193E-009
          80  3.163493174663342E-008
          81  1.224330303921319E-008
          82  1.074229254905655E-008
          83  4.664137574310217E-009
          84  5.362478215522131E-009
          85  3.552017042842561E-009
          86  3.832923742533525E-009
          87  2.546453479559119E-009
          88  6.008600218603744E-009
          89  2.706938118455584E-009
          90  5.206190854331004E-009
          91  3.529627377918726E-009
          92  3.046888891141143E-009
          93  2.520586846041374E-009
          94  5.624774367187614E-009
          95  2.884526915692082E-009
          96  3.493690866655094E-009
          97  1.521093102579327E-009
          98  1.406851512957907E-009
          99  1.559228883219840E-009
         100  1.367371979904901E-009
         101  1.014223195002679E-009
         102  1.762768372227224E-009
         103  1.673842083557382E-009
         104  1.634032256091209E-009
         105  1.755823733481606E-009
         106  2.269145871997835E-009
         107  1.751824988476336E-009
         108  5.925520205972801E-009
         109  2.626527756674069E-009
         110  7.046247481996431E-009
         111  4.977476934329228E-009
         112  6.490250285700192E-009
         113  3.255369209072182E-009
         114  2.550746413987320E-009
         115  1.326050286347931E-009
         116  1.372089050360392E-009
         117  1.258104749126473E-009
         118  1.348538134651574E-009
         119  4.819110813513101E-010
         120  6.816354246298822E-010
         121  5.557039927674946E-010
         122  7.191568568870829E-010
         123  6.661523029131157E-010
         124  1.868776760951323E-008
         125  8.468322994912656E-008
         126  6.879215060564177E-007
         127  3.503615882572850E-006
         128  2.857265020245828E-005
         129  1.383601854719760E-004
         130  3.285568825907707E-004
         131  1.089686354655096E-003
         132  1.049967633075353E-003
         133  3.534500961207510E-005
         134  8.834108259438447E-005
         135  8.388167052701915E-005
         136  2.248585730675277E-004
         137  1.229907591007808E-004
         138  9.272255030074694E-005
         139  1.478760369430853E-005
         140  3.351035999140727E-005
         141  2.555453904718747E-005
         142  9.758417705627437E-006
         143  1.556156627725116E-006
         144  5.376577901999654E-006
         145  2.055227464370882E-006
         146  7.776987666553079E-006
         147  8.922225086818588E-006
         148  9.284298857762467E-006
         149  5.701516004610641E-006
         150  2.474345022241726E-005
         151  1.154945477739228E-005
         152  2.437259690398494E-005
         153  1.260544664907842E-005
         154  5.535158920110383E-005
         155  3.337016445128789E-005
         156  4.944592235241139E-005
         157  2.520017114448847E-005
         158  4.851488851477590E-005
         159  2.788704824124054E-005
         160  1.147383006525526E-004
         161  5.338914121732031E-005
         162  8.624560391051290E-005
         163  4.055813049298652E-005
         164  1.217362054171618E-004
         165  5.626513718203746E-005
         166  6.090311311390680E-005
         167  2.538378848828164E-005
         168  8.612014342402031E-005
         169  3.189533093769542E-005
         170  3.654544602815379E-005
         171  2.432541024525513E-005
         172  2.995919230293417E-005
         173  1.637138109285454E-005
         174  4.034558523992689E-005
         175  1.856159294896528E-005
         176  1.340488545862660E-005
         177  5.573497415376407E-006
         178  1.124905681064869E-005
         179  4.473957256397777E-006
         180  8.222685356107509E-006
         181  4.292929657994963E-006
         182  1.019579798610677E-005
         183  5.595378667836315E-006
         184  1.069397929902578E-005
         185  3.532394553081808E-006
         186  1.411794599071331E-005
         187  4.162382147390947E-006
         188  1.400003858101201E-005
         189  1.240665863736269E-005
         190  2.607302982396718E-005
         191  2.937865933260463E-005
         192  1.052378923602263E-004
         193  1.385774402208711E-004
         194  3.416246926596552E-004
         195  2.326161456732471E-004
         196  4.374340283606760E-004
         197  2.277417037046768E-004
         198  1.635222444980580E-004
         199  1.316112062665552E-005
         200  2.378711246994533E-006
         201  9.209293245624790E-008
         202  1.137817063960594E-007
         203  2.811036402361873E-008
         204  8.787106725240875E-008
         205  7.534000293665470E-008
         206  2.372287543095990E-006
         207  1.551621100989450E-006
         208  2.605063103273448E-006
         209  1.649146796817268E-006
         226  6.264624617237346E-014
         227  4.853835829322096E-015
         230  2.952203293677538E-012
         231  7.286588992233340E-012
         232  5.662394793824450E-007
         234  9.612120357101432E-012
         235  1.565787388931711E-007
         236  1.572883412673062E-009
         238  1.749271108044955E-007
         240  3.052405355854298E-013
         244  3.726080533661742E-009
