           1  7.484333445363635E-005
           2  6.470609901488105E-012
           3  1.574717819390911E-008
           4  8.271760646375016E-005
           6  5.674563962362780E-015
           7  3.114017005274736E-012
           8  2.708281752318958E-013
           9  1.912633244112939E-009
          10  2.713051082138141E-014
          14  1.792737393472314E-015
          15  1.822194054724497E-012
          16  1.184546361144977E-009
          17  8.881937200507387E-011
          18  4.547638968741703E-010
          19  2.114714099573388E-010
          20  4.631764046718153E-009
          21  7.331803631334044E-010
          22  1.403050134106984E-009
          23  4.906828582732429E-009
          24  1.128562158161021E-008
          25  1.397598319360606E-008
          26  1.187634084995477E-008
          27  2.382338963037400E-009
          28  1.462397703979110E-009
          29  8.506887011312082E-010
          30  2.527850948369582E-009
          31  4.239487879805429E-010
          32  6.554971635597094E-010
          33  8.369575967046195E-010
          34  4.261260994969934E-009
          35  2.882463537174719E-010
          36  1.199394392277892E-009
          37  8.318569582873512E-010
          38  1.129064252898420E-009
          39  2.965084870862766E-010
          40  6.061604073270431E-010
          41  8.749903179861757E-010
          42  5.763937275185556E-009
          43  4.766051380540813E-010
          44  1.051020652493304E-009
          45  4.729810107301903E-009
          46  7.579929030492775E-009
          47  7.985735654090235E-009
          48  5.789409789714872E-009
          49  5.397301684513231E-010
          50  3.089250803028130E-009
          51  1.513469162212288E-009
          52  6.198306120549066E-009
          53  2.334298737055625E-010
          54  5.981636437544446E-010
          55  3.438829030297331E-010
          56  3.884573944071913E-010
          57  1.006692220670555E-010
          58  2.074443367760665E-010
          59  1.426470869960780E-010
          60  1.785634540953985E-010
          61  1.920322120291964E-010
          62  8.653199487095200E-010
          63  3.511964704549697E-010
          64  3.672026299814334E-010
          65  3.109856048427112E-010
          66  4.440997096955973E-010
          67  5.868561841032395E-010
          68  8.118951266069460E-010
          69  1.514813719469710E-010
          70  4.533916503208586E-010
          71  1.568687519171759E-010
          72  2.028302948452806E-010
          73  2.311439048566549E-010
          74  4.707636613626770E-010
          75  1.135227318913798E-009
          76  2.900800847858641E-009
          77  5.688494251352775E-009
          78  1.010680825668962E-008
          79  7.964080641432825E-009
          80  3.087715884344622E-008
          81  1.264689257726981E-008
          82  1.035746807164642E-008
          83  4.286746568714460E-009
          84  5.016916705586147E-009
          85  3.350339409828755E-009
          86  3.639852436709565E-009
          87  2.565036133791226E-009
          88  5.927491748803795E-009
          89  2.606126590461445E-009
          90  5.004731348469915E-009
          91  3.430120401529052E-009
          92  2.943202008004636E-009
          93  2.413563396775286E-009
          94  5.325638997637294E-009
          95  2.735611289220431E-009
          96  3.424860266973496E-009
          97  1.485225263554051E-009
          98  1.375059609130296E-009
          99  1.507841785536086E-009
         100  1.297438221845931E-009
         101  9.661709000701464E-010
         102  1.679564816550201E-009
         103  1.597282638769936E-009
         104  1.550854873150798E-009
         105  1.681785787538654E-009
         106  2.198411529990444E-009
         107  1.717880719943856E-009
         108  5.881995628619352E-009
         109  2.618693862503277E-009
         110  6.945984750608639E-009
         111  4.868464147183260E-009
         112  6.215671385464594E-009
         113  3.075320077834452E-009
         114  2.365590621781791E-009
         115  1.225043278523060E-009
         116  1.248877122379072E-009
         117  1.142766516452671E-009
         118  1.226256798719522E-009
         119  4.511852595915471E-010
         120  6.495073320674413E-010
         121  5.288617176631708E-010
         122  6.947832308791459E-010
         123  6.530342577029927E-010
         124  1.981710846483727E-008
         125  8.994841498814187E-008
         126  7.285477370047982E-007
         127  3.744337579845998E-006
         128  3.041156840436977E-005
         129  1.432717762180793E-004
         130  3.259328313354892E-004
         131  1.058796188253825E-003
         132  1.013040481519589E-003
         133  3.391343784271549E-005
         134  8.516597822293640E-005
         135  8.445162128941086E-005
         136  2.086469458404076E-004
         137  1.120662877968460E-004
         138  8.877141830050298E-005
         139  1.502188289784513E-005
         140  3.419724332830324E-005
         141  2.532745746327406E-005
         142  9.660901987660066E-006
         143  1.585466512996338E-006
         144  5.514070965562462E-006
         145  2.330192604459364E-006
         146  1.286956002367165E-005
         147  2.152222212329828E-005
         148  2.665834965766564E-005
         149  1.726059357390949E-005
         150  4.089211137566074E-005
         151  2.613733929984299E-005
         152  5.557506912247225E-005
         153  2.231140033218916E-005
         154  6.340557705663454E-005
         155  2.502575972141994E-005
         156  4.410758359440070E-005
         157  2.140687132860640E-005
         158  4.628438828228051E-005
         159  2.462935011196345E-005
         160  6.863487510327437E-005
         161  3.157510068736858E-005
         162  1.456694594923170E-004
         163  9.456542995738152E-005
         164  7.561261225253510E-005
         165  2.634378513622865E-005
         166  3.455374961441379E-005
         167  1.745438834579354E-005
         168  7.349454766299870E-005
         169  4.353187711360237E-005
         170  6.776076991772033E-005
         171  4.317155928729125E-005
         172  6.249921801151795E-005
         173  3.927690837839434E-005
         174  5.072160105204898E-005
         175  1.975102482495461E-005
         176  1.757570961008461E-005
         177  8.773417585941087E-006
         178  1.167402916910633E-005
         179  6.082386163191271E-006
         180  1.286822941453220E-005
         181  5.903673019514442E-006
         182  1.239246219869690E-005
         183  6.476653782528579E-006
         184  1.200923110285675E-005
         185  3.887808880116301E-006
         186  1.532222511403520E-005
         187  4.551584092683639E-006
         188  1.560369379480155E-005
         189  1.391127303453411E-005
         190  2.843901615855004E-005
         191  3.075369687934214E-005
         192  1.085299853995276E-004
         193  1.419360574832010E-004
         194  3.414887817183768E-004
         195  2.225334920309582E-004
         196  4.025011140498939E-004
         197  2.046583408655613E-004
         198  1.415424985164521E-004
         199  1.126364959932118E-005
         200  2.099799763248561E-006
         201  9.013988835220966E-008
         202  1.156410615370036E-007
         203  2.831298613831050E-008
         204  7.944380584963108E-008
         205  6.621778390120940E-008
         206  2.316386003296113E-006
         207  1.483695295453262E-006
         208  2.521223291009447E-006
         209  1.619776172031623E-006
         226  6.437029974078639E-014
         227  4.946465673876773E-015
         230  3.033449288994488E-012
         231  7.425645118031202E-012
         232  5.767828233098687E-007
         234  9.876650339569614E-012
         235  1.595668630807721E-007
         236  1.658203230310240E-009
         238  1.797411855180041E-007
         240  3.223268042449616E-013
         244  3.934653136652008E-009
