           1  7.400554699894628E-005
           2  6.470609901488105E-012
           3  1.574717819390911E-008
           4  8.264216774543138E-005
           6  5.674563962362780E-015
           7  3.114017005274736E-012
           8  2.708281752318958E-013
           9  1.912633244112939E-009
          10  2.713051082138141E-014
          14  2.146485824824849E-015
          15  2.266955108929613E-012
          16  1.273824690064071E-009
          17  9.408374825482607E-011
          18  4.330041678002498E-010
          19  1.763773693922337E-010
          20  4.836976753129550E-009
          21  7.938986245060953E-010
          22  1.410396679032286E-009
          23  5.054921456690884E-009
          24  1.160023333807606E-008
          25  1.407764650012688E-008
          26  1.146706117172523E-008
          27  2.524038774836751E-009
          28  1.588204269194697E-009
          29  7.845941037758225E-010
          30  2.566587581426644E-009
          31  4.642579434588719E-010
          32  6.085307322543421E-010
          33  8.778631124314869E-010
          34  4.370745717226794E-009
          35  2.861628438280485E-010
          36  1.101041588400407E-009
          37  8.428291491345863E-010
          38  1.151242364059410E-009
          39  3.357514284845850E-010
          40  6.213603868518245E-010
          41  8.354553677180275E-010
          42  6.265355503433003E-009
          43  5.493153426302997E-010
          44  1.018598931180213E-009
          45  4.638759003406461E-009
          46  7.435429080601930E-009
          47  7.798617077433793E-009
          48  5.691442966994428E-009
          49  5.603265709962918E-010
          50  3.104364330598793E-009
          51  1.519861162733604E-009
          52  6.293672802383333E-009
          53  2.434482104274301E-010
          54  6.170292372618852E-010
          55  4.101556059674961E-010
          56  4.461608392806411E-010
          57  1.214249397684587E-010
          58  2.121244298527382E-010
          59  1.514298001734212E-010
          60  1.845612413143001E-010
          61  1.959720521878816E-010
          62  9.309342975088567E-010
          63  3.741933271930964E-010
          64  3.519111834949705E-010
          65  2.909499838019408E-010
          66  4.344791161989521E-010
          67  5.779724686837601E-010
          68  8.882772366649346E-010
          69  1.643295287120710E-010
          70  4.823946875064854E-010
          71  1.675575849381715E-010
          72  2.101386714770504E-010
          73  2.122092682770717E-010
          74  4.678308249557774E-010
          75  1.142633803307708E-009
          76  2.938159545775149E-009
          77  5.405181649342794E-009
          78  9.815270509815953E-009
          79  7.923889826148316E-009
          80  3.257800347691212E-008
          81  1.226267922235390E-008
          82  1.055666180585257E-008
          83  4.566283950824149E-009
          84  5.045804555374957E-009
          85  3.403936130806782E-009
          86  3.750094654559902E-009
          87  2.701541288741744E-009
          88  6.383061012095181E-009
          89  2.790195924362923E-009
          90  5.244411656461124E-009
          91  3.660924774047359E-009
          92  3.028604585654907E-009
          93  2.511661572363991E-009
          94  6.011855949003636E-009
          95  3.048600714969108E-009
          96  3.187308297492237E-009
          97  1.399916406451420E-009
          98  1.325365463907015E-009
          99  1.488698319059582E-009
         100  1.352231538206570E-009
         101  1.012932942723795E-009
         102  1.808790837671872E-009
         103  1.747310006128816E-009
         104  1.707480902659913E-009
         105  1.810592844605515E-009
         106  2.408246817682397E-009
         107  1.850971879266347E-009
         108  6.096533499072584E-009
         109  2.653722571272288E-009
         110  6.983376604255382E-009
         111  4.941578004464975E-009
         112  6.531224506725286E-009
         113  3.342350770818237E-009
         114  2.666297240591584E-009
         115  1.391462370368533E-009
         116  1.441595190295162E-009
         117  1.294555625290540E-009
         118  1.359311679575805E-009
         119  4.766279805858628E-010
         120  6.507238395261009E-010
         121  5.283768416787956E-010
         122  6.942711837888717E-010
         123  6.442214731807460E-010
         124  1.809592458293618E-008
         125  8.137615100582113E-008
         126  6.739589747078998E-007
         127  3.428073655312988E-006
         128  2.792619575945069E-005
         129  1.367425186935495E-004
         130  3.247107943214097E-004
         131  1.101266409658075E-003
         132  1.051707404673036E-003
         133  3.406083429865156E-005
         134  8.620736394748552E-005
         135  9.220154154053126E-005
         136  2.291599902854132E-004
         137  1.225564746802229E-004
         138  8.875986002833571E-005
         139  1.514459009976919E-005
         140  3.469147659700685E-005
         141  2.619550779193712E-005
         142  1.007129975401566E-005
         143  1.809408722679712E-006
         144  8.654655535442886E-006
         145  5.282676782922634E-006
         146  1.986275741139228E-005
         147  1.196854603827653E-005
         148  1.013597315274398E-005
         149  9.126758754159258E-006
         150  3.481062524061340E-005
         151  2.389976154642497E-005
         152  2.552506513851496E-005
         153  8.564428396328404E-006
         154  3.198818780197624E-005
         155  1.829007742357495E-005
         156  2.797608185732482E-005
         157  1.302217786808882E-005
         158  2.140666124411729E-005
         159  1.266745763922467E-005
         160  4.154246153295543E-005
         161  2.893473513181933E-005
         162  1.238430694210925E-004
         163  1.029182430185137E-004
         164  8.535580167639153E-005
         165  3.418914910663871E-005
         166  7.336481696812562E-005
         167  2.963250924490657E-005
         168  1.123962905399078E-004
         169  5.411451980689932E-005
         170  4.148789331952339E-005
         171  2.618957989256345E-005
         172  4.160844908437738E-005
         173  2.428306967451649E-005
         174  4.568650255168710E-005
         175  1.985772022181650E-005
         176  3.659277704818389E-005
         177  1.307084090800892E-005
         178  1.313173405854178E-005
         179  6.699894164042743E-006
         180  1.375113595528040E-005
         181  6.059414937615560E-006
         182  1.246415484389924E-005
         183  6.585394839479616E-006
         184  1.223268923619829E-005
         185  3.953659182717707E-006
         186  1.537304940708790E-005
         187  4.408683821941617E-006
         188  1.414198839483928E-005
         189  1.217376508995739E-005
         190  2.601491806754963E-005
         191  2.895790976171332E-005
         192  1.022922378744180E-004
         193  1.339527946344359E-004
         194  3.352317294775108E-004
         195  2.272107211386985E-004
         196  4.224821169166004E-004
         197  2.245724145331244E-004
         198  1.645354038598974E-004
         199  1.363500648001391E-005
         200  2.453265904692321E-006
         201  8.857074489879082E-008
         202  1.077261056075433E-007
         203  2.736848146585069E-008
         204  8.294493086741198E-008
         205  7.172622759663681E-008
         206  2.334656893713419E-006
         207  1.558207731007062E-006
         208  2.622518875302124E-006
         209  1.640286962661091E-006
         226  6.242981978039895E-014
         227  4.724211280564263E-015
         230  2.942004203608073E-012
         231  7.091996335350265E-012
         232  5.500492776221856E-007
         234  9.578912995843295E-012
         235  1.523972113162624E-007
         236  1.549317463697735E-009
         238  1.743227833984165E-007
         240  3.008041795980730E-013
         244  3.671925800728974E-009
