           1  7.433783545208078E-005
           2  6.470609901488105E-012
           3  1.574717819390911E-008
           4  8.113012017623911E-005
           6  5.674563962362780E-015
           7  3.114017005274736E-012
           8  2.708281752318958E-013
           9  1.912633244112939E-009
          10  2.713051082138141E-014
          14  2.151221860592494E-015
          15  2.050429436067169E-012
          16  1.251299366090165E-009
          17  9.284931173570655E-011
          18  4.443914424453758E-010
          19  1.923610581120287E-010
          20  4.731845917914514E-009
          21  7.815655124258899E-010
          22  1.472619326470221E-009
          23  4.969024398742284E-009
          24  1.145853119405982E-008
          25  1.389486459239250E-008
          26  1.187859345477026E-008
          27  2.670237018301842E-009
          28  1.582980881845961E-009
          29  7.760881328899312E-010
          30  2.504756901575022E-009
          31  4.677659346223227E-010
          32  6.101510347905084E-010
          33  8.022919563626481E-010
          34  4.419456382263432E-009
          35  2.924090937948826E-010
          36  1.105555079868577E-009
          37  8.744660872545393E-010
          38  1.184138512724790E-009
          39  3.230556856006607E-010
          40  5.961207208594444E-010
          41  8.093914895472608E-010
          42  5.991538340022697E-009
          43  5.413287048889712E-010
          44  9.802189147584767E-010
          45  4.443757953872792E-009
          46  7.488296819453941E-009
          47  8.047605874201023E-009
          48  5.900987922831167E-009
          49  5.648001992877530E-010
          50  3.098144321248072E-009
          51  1.516720811672502E-009
          52  6.236170046809269E-009
          53  2.455784141203572E-010
          54  6.192142803791934E-010
          55  3.959420195347020E-010
          56  4.132288613064257E-010
          57  1.149446235293188E-010
          58  1.965127129660523E-010
          59  1.420001530481599E-010
          60  1.738144445578501E-010
          61  1.753649505789734E-010
          62  8.549255685981094E-010
          63  3.534809256747354E-010
          64  3.399114906233518E-010
          65  2.852868991854376E-010
          66  4.370217726391004E-010
          67  5.697061541978942E-010
          68  8.856017523034868E-010
          69  1.636217712581220E-010
          70  4.746661946527286E-010
          71  1.657257645563212E-010
          72  2.120442289152511E-010
          73  2.075030304737514E-010
          74  4.478660987618806E-010
          75  1.068247651294367E-009
          76  2.840631143816691E-009
          77  5.403857487386889E-009
          78  1.007373086619058E-008
          79  7.922179283372641E-009
          80  3.211107752724534E-008
          81  1.274504125662034E-008
          82  1.074276509686571E-008
          83  4.541290133863242E-009
          84  4.963070582477488E-009
          85  3.313661521867173E-009
          86  3.652319856299050E-009
          87  2.660174697938367E-009
          88  6.278902253023116E-009
          89  2.797174642178143E-009
          90  5.232319786469482E-009
          91  3.622853775304866E-009
          92  2.956366527189534E-009
          93  2.427602100947008E-009
          94  5.783448700077572E-009
          95  2.964506427910458E-009
          96  3.195477791823999E-009
          97  1.428964391275761E-009
          98  1.383825190838334E-009
          99  1.553634247870281E-009
         100  1.412742039398176E-009
         101  1.040158538013528E-009
         102  1.760196588568296E-009
         103  1.696375760086060E-009
         104  1.650990914574074E-009
         105  1.736541895221411E-009
         106  2.293635651308150E-009
         107  1.738060741901873E-009
         108  5.737016901537500E-009
         109  2.556693851620885E-009
         110  7.038821741947890E-009
         111  4.973467018181919E-009
         112  6.703190696861961E-009
         113  3.478955059140927E-009
         114  2.824049480165312E-009
         115  1.499963363281735E-009
         116  1.555992315514333E-009
         117  1.319192880779701E-009
         118  1.379681467752890E-009
         119  5.192283760344595E-010
         120  7.042155900952128E-010
         121  5.692828038082599E-010
         122  7.404867241345491E-010
         123  6.614202494092088E-010
         124  1.687772487758042E-008
         125  7.227959070729255E-008
         126  6.114176751192627E-007
         127  3.129184550755320E-006
         128  2.602682157010680E-005
         129  1.315492617658138E-004
         130  3.276709248889515E-004
         131  1.100191426390619E-003
         132  1.047497000739126E-003
         133  3.265699098902881E-005
         134  8.270204951361807E-005
         135  9.272067902654767E-005
         136  2.199731377777956E-004
         137  1.158777783245334E-004
         138  8.458401762817255E-005
         139  1.464313745851753E-005
         140  3.407487933239403E-005
         141  2.505329646399873E-005
         142  1.000503864553662E-005
         143  1.678021426883874E-006
         144  6.494630928457337E-006
         145  2.955783206503272E-006
         146  9.859076882571075E-006
         147  5.685086661960151E-006
         148  1.125185000280053E-005
         149  8.638319411385094E-006
         150  1.973302327516675E-005
         151  2.450601254028853E-005
         152  4.482600616324907E-005
         153  2.210135036290282E-005
         154  2.294218452434577E-005
         155  8.204943054038526E-006
         156  1.720950568956526E-005
         157  7.943504189098700E-006
         158  1.840870330535307E-005
         159  1.373849176264164E-005
         160  1.004539763001222E-004
         161  5.073945053561252E-005
         162  7.755099464218059E-005
         163  7.785466485226201E-005
         164  1.206610231788428E-004
         165  4.907556846628006E-005
         166  9.863584881766627E-005
         167  3.684383322909880E-005
         168  1.388975045219122E-004
         169  6.692868398119452E-005
         170  3.413587626875294E-005
         171  1.044339312852257E-005
         172  4.598240776430295E-005
         173  2.622499698109058E-005
         174  4.762195999139804E-005
         175  2.039335505757367E-005
         176  4.363601567192789E-005
         177  1.787615229352287E-005
         178  2.052700572217710E-005
         179  6.345070585647905E-006
         180  9.669303220860872E-006
         181  5.011967971342044E-006
         182  1.216073817952281E-005
         183  6.770695779253424E-006
         184  1.287779760633516E-005
         185  4.116896470548503E-006
         186  1.583679606893156E-005
         187  4.530494908461568E-006
         188  1.417788827973264E-005
         189  1.190345865475693E-005
         190  2.512230602536210E-005
         191  2.819175961847087E-005
         192  9.810554282615135E-005
         193  1.283493114937191E-004
         194  3.222567603330959E-004
         195  2.189454887000328E-004
         196  4.073217404859651E-004
         197  2.193816925258079E-004
         198  1.622136694412510E-004
         199  1.330935377869492E-005
         200  2.382242023036930E-006
         201  8.475202765093747E-008
         202  9.996229558255087E-008
         203  2.426761942933294E-008
         204  7.462388030895565E-008
         205  6.485758358030237E-008
         206  2.146722405401915E-006
         207  1.409510961742124E-006
         208  2.387172204249288E-006
         209  1.520105722525152E-006
         226  6.341570910000675E-014
         227  4.762620984283848E-015
         230  2.988464221157077E-012
         231  7.149657066812860E-012
         232  5.550508596350003E-007
         234  9.730182822494620E-012
         235  1.536362608393924E-007
         236  1.556211328362629E-009
         238  1.770756821080609E-007
         240  3.019010157659631E-013
         244  3.685314913305235E-009
