           1  7.414796974778207E-005
           2  6.470609901488105E-012
           3  1.574717819390911E-008
           4  8.286308555547913E-005
           6  5.674563962362780E-015
           7  3.114017005274736E-012
           8  2.708281752318958E-013
           9  1.912633244112939E-009
          10  2.713051082138141E-014
          14  2.246026242831547E-015
          15  2.203381266268881E-012
          16  1.265693713017237E-009
          17  9.349961065123031E-011
          18  4.563330051673580E-010
          19  2.090539317865245E-010
          20  4.743678988051759E-009
          21  7.661423141066219E-010
          22  1.536942865537683E-009
          23  4.977180376734266E-009
          24  1.146845002805393E-008
          25  1.402962430934775E-008
          26  1.193804871063623E-008
          27  2.501630222199365E-009
          28  1.559349435306410E-009
          29  8.669658513686550E-010
          30  2.684708465775988E-009
          31  4.634649466319325E-010
          32  6.469803434396281E-010
          33  8.375617898270018E-010
          34  4.345343161892565E-009
          35  2.905464959428760E-010
          36  1.169034004562087E-009
          37  7.943782150268644E-010
          38  1.071019911173604E-009
          39  3.013846302358297E-010
          40  6.255109482614191E-010
          41  8.962566640815938E-010
          42  6.073031066959255E-009
          43  5.163270704176674E-010
          44  1.025682925697871E-009
          45  4.576509723412112E-009
          46  7.489753386741283E-009
          47  8.025958637051925E-009
          48  5.884893295973336E-009
          49  5.182223328468905E-010
          50  3.093534302818643E-009
          51  1.547617314230704E-009
          52  6.317076577158195E-009
          53  2.236223130994672E-010
          54  5.478525432101618E-010
          55  3.461167741617006E-010
          56  4.046662428536062E-010
          57  1.069706428059814E-010
          58  2.108566257716960E-010
          59  1.468330542477690E-010
          60  1.761131539652751E-010
          61  1.865863900399093E-010
          62  8.714854625303125E-010
          63  3.525635136853917E-010
          64  3.616939245393031E-010
          65  3.052387141198385E-010
          66  4.380650284942378E-010
          67  5.810160569845271E-010
          68  8.382439593607129E-010
          69  1.548529505419593E-010
          70  4.631783563005393E-010
          71  1.604925039018098E-010
          72  2.023931089144719E-010
          73  2.193821287754769E-010
          74  4.518662318479500E-010
          75  1.079860527387023E-009
          76  2.823531201642585E-009
          77  5.507839488509967E-009
          78  1.021322653169208E-008
          79  8.094555742228723E-009
          80  3.221787833723334E-008
          81  1.254547555413786E-008
          82  1.082378795497553E-008
          83  4.668789502204527E-009
          84  5.297912951026841E-009
          85  3.536153731070865E-009
          86  3.846334251724143E-009
          87  2.638089268940504E-009
          88  6.201938070200574E-009
          89  2.749109515152950E-009
          90  5.305207331298127E-009
          91  3.673502349245026E-009
          92  3.069969554024104E-009
          93  2.515098025525049E-009
          94  5.693659228482736E-009
          95  2.939526661852246E-009
          96  3.517567171627443E-009
          97  1.532459585872956E-009
          98  1.418301434320050E-009
          99  1.576264521748679E-009
         100  1.387986803467725E-009
         101  1.026996717940290E-009
         102  1.806040813171361E-009
         103  1.719360758974417E-009
         104  1.681511733213605E-009
         105  1.805681251749969E-009
         106  2.339088661228926E-009
         107  1.804461739668138E-009
         108  6.129668750427879E-009
         109  2.702001780552848E-009
         110  7.218905663243567E-009
         111  5.125947743575683E-009
         112  6.714442871593716E-009
         113  3.375173831832799E-009
         114  2.647300251188913E-009
         115  1.372973372745267E-009
         116  1.419055147482134E-009
         117  1.298770936896679E-009
         118  1.391647422261227E-009
         119  4.961810249177912E-010
         120  6.998094643843000E-010
         121  5.711710437265495E-010
         122  7.391264760015715E-010
         123  6.898534028204130E-010
         124  1.967980543571547E-008
         125  9.011473654317681E-008
         126  7.285757007474833E-007
         127  3.672529775585896E-006
         128  2.964289316423775E-005
         129  1.431175200217614E-004
         130  3.372780614318772E-004
         131  1.105323175403520E-003
         132  1.049865765995400E-003
         133  3.354050983900513E-005
         134  8.364952276334281E-005
         135  8.803137160756446E-005
         136  2.241232549743408E-004
         137  1.199973369987263E-004
         138  8.672982641821239E-005
         139  1.490692984067443E-005
         140  3.347355089978460E-005
         141  2.482388495534190E-005
         142  9.596842102770368E-006
         143  1.538280062207815E-006
         144  5.318394165866685E-006
         145  2.059069958249520E-006
         146  8.825374926805598E-006
         147  1.226132621227687E-005
         148  2.179041350627795E-005
         149  1.340328549288546E-005
         150  1.768218342517101E-005
         151  8.389165488333454E-006
         152  3.080255254448042E-005
         153  2.300469733718999E-005
         154  3.547360604118915E-005
         155  1.340077931017679E-005
         156  3.175145129765311E-005
         157  2.008000138599231E-005
         158  2.846132120247475E-005
         159  1.642599156998176E-005
         160  5.345502526196659E-005
         161  3.104972639911101E-005
         162  6.977664479505581E-005
         163  5.410421603465961E-005
         164  1.479150738537984E-004
         165  9.345813759604723E-005
         166  1.333928516126688E-004
         167  2.830570066643161E-005
         168  6.156044623536469E-005
         169  2.167777087244897E-005
         170  1.920394932879001E-005
         171  9.926673004131368E-006
         172  3.731816098047943E-005
         173  2.890002112043312E-005
         174  5.756090561345167E-005
         175  2.200283295507353E-005
         176  1.938203729548693E-005
         177  9.425938517922524E-006
         178  1.801660014285835E-005
         179  9.706742763355035E-006
         180  1.761934719409351E-005
         181  7.351183918744169E-006
         182  1.388363471408663E-005
         183  6.995433508932046E-006
         184  1.267057430767216E-005
         185  4.069331266955859E-006
         186  1.570096192120565E-005
         187  4.609752130946190E-006
         188  1.543912753513277E-005
         189  1.347357687336753E-005
         190  2.802960570538438E-005
         191  3.037928914488715E-005
         192  1.073898509795302E-004
         193  1.400977138356625E-004
         194  3.433717516475988E-004
         195  2.292157374614660E-004
         196  4.222647543424956E-004
         197  2.187941862285144E-004
         198  1.562194713031450E-004
         199  1.262811263517725E-005
         200  2.283744049250217E-006
         201  8.972724742952508E-008
         202  1.090860938849321E-007
         203  2.637748618453426E-008
         204  9.003338383746138E-008
         205  7.905900278055432E-008
         206  2.374225162521800E-006
         207  1.558246328662283E-006
         208  2.608047968294473E-006
         209  1.639253334986803E-006
         226  6.380686368837121E-014
         227  4.935377777742897E-015
         230  3.006897374532767E-012
         231  7.408999944037460E-012
         232  5.742480720034117E-007
         234  9.790199586647516E-012
         235  1.592091812689702E-007
         236  1.627556385064535E-009
         238  1.781679030502744E-007
         240  3.160546268967760E-013
         244  3.858088476339364E-009
