           1  7.468606191218782E-005
           2  6.470609901488105E-012
           3  1.574717819390911E-008
           4  8.358310050212319E-005
           6  5.674563962362780E-015
           7  3.114017005274736E-012
           8  2.708281752318958E-013
           9  1.912633244112939E-009
          10  2.713051082138141E-014
          14  2.041147321952011E-015
          15  1.907185303862453E-012
          16  1.190168682694199E-009
          17  8.933089618877521E-011
          18  4.860632277467703E-010
          19  2.506491777295325E-010
          20  4.501790350759864E-009
          21  7.286814699406970E-010
          22  1.590569868770567E-009
          23  4.790037383974802E-009
          24  1.110984923479062E-008
          25  1.370503651882222E-008
          26  1.235702081474039E-008
          27  2.641283261062210E-009
          28  1.569439808449066E-009
          29  9.266372851006147E-010
          30  2.744713803339138E-009
          31  4.911129630692027E-010
          32  7.030341999586066E-010
          33  7.175148739818163E-010
          34  4.258929706172182E-009
          35  3.127012071442108E-010
          36  1.301088262807230E-009
          37  7.600859825392959E-010
          38  9.797176694017670E-010
          39  2.709483362878006E-010
          40  6.301425618727642E-010
          41  9.282967213483935E-010
          42  5.624225837169670E-009
          43  4.895904407758662E-010
          44  9.801793784739700E-010
          45  4.363593294235600E-009
          46  7.504370176545818E-009
          47  8.403645012558305E-009
          48  6.294783158204800E-009
          49  4.773028646163102E-010
          50  3.109680834165112E-009
          51  1.607968394283773E-009
          52  6.272181553832965E-009
          53  2.007877066140923E-010
          54  4.545260221504986E-010
          55  2.745816334870715E-010
          56  3.542151287901580E-010
          57  9.612351567906991E-011
          58  1.914909197357380E-010
          59  1.366438616891712E-010
          60  1.663943064664206E-010
          61  1.672539413778251E-010
          62  7.943571196074211E-010
          63  3.305624408185023E-010
          64  3.527490233485211E-010
          65  3.070263451361215E-010
          66  4.513647589631281E-010
          67  5.849957793324072E-010
          68  8.256706848197425E-010
          69  1.498992588081408E-010
          70  4.361278584388778E-010
          71  1.540258646279453E-010
          72  2.014844303510078E-010
          73  2.230841732576258E-010
          74  4.406932406547620E-010
          75  9.823013801509827E-010
          76  2.686282772698470E-009
          77  5.510704648033666E-009
          78  1.061821879921475E-008
          79  8.053723065962406E-009
          80  3.065563126787262E-008
          81  1.293601174735605E-008
          82  1.110143455841006E-008
          83  4.696913117899282E-009
          84  5.506896139220108E-009
          85  3.541951287826580E-009
          86  3.785211124803989E-009
          87  2.446652466168555E-009
          88  5.656134725657774E-009
          89  2.602765849741287E-009
          90  4.993910264939172E-009
          91  3.387059829464800E-009
          92  3.040933860068440E-009
          93  2.483530453841853E-009
          94  5.182769744072869E-009
          95  2.710211656797508E-009
          96  3.588597230381780E-009
          97  1.579300305452694E-009
          98  1.474597203824780E-009
          99  1.653677325294331E-009
         100  1.450412645472643E-009
         101  1.046139297700632E-009
         102  1.714484788904519E-009
         103  1.590995662859544E-009
         104  1.528525653388283E-009
         105  1.644392794915196E-009
         106  2.104506361866520E-009
         107  1.610763460366533E-009
         108  5.554608080026263E-009
         109  2.513592308996668E-009
         110  7.047577833599724E-009
         111  4.994879788789806E-009
         112  6.651898743506084E-009
         113  3.371720186668508E-009
         114  2.669176055237437E-009
         115  1.413276391889393E-009
         116  1.482363474199682E-009
         117  1.351030067450447E-009
         118  1.459115031229830E-009
         119  5.343558482099928E-010
         120  7.605993045937853E-010
         121  6.245833569162444E-010
         122  8.182078007809862E-010
         123  7.133820516925865E-010
         124  1.860370545839322E-008
         125  7.536102012883156E-008
         126  6.210431225222317E-007
         127  3.192018433773247E-006
         128  2.660300080223530E-005
         129  1.335100753469970E-004
         130  3.362887885982632E-004
         131  1.090617591802022E-003
         132  1.038264132308353E-003
         133  3.422335353372690E-005
         134  8.438223799409365E-005
         135  7.792050625791551E-005
         136  2.085405693628496E-004
         137  1.135361899486575E-004
         138  8.592072132882300E-005
         139  1.423468903241337E-005
         140  3.297301972205507E-005
         141  2.497282302514414E-005
         142  9.606816611483364E-006
         143  2.021953094198623E-006
         144  1.236310911932380E-005
         145  7.037539384863407E-006
         146  2.694035654948442E-005
         147  1.807262932225916E-005
         148  1.967549748803449E-005
         149  1.262647631902363E-005
         150  2.450582477578277E-005
         151  1.445518939347675E-005
         152  2.946063535761696E-005
         153  1.293536314103452E-005
         154  6.328255477753466E-005
         155  3.330225326180318E-005
         156  4.958675737345439E-005
         157  1.921542538089689E-005
         158  4.031894743171904E-005
         159  4.568463857269394E-005
         160  7.179618454904254E-005
         161  2.814895877042354E-005
         162  8.755590140229590E-005
         163  3.448374028032250E-005
         164  4.538588065491446E-005
         165  3.141470357208045E-005
         166  1.170251064230716E-004
         167  3.499213146496000E-005
         168  8.353658051507203E-005
         169  6.032813642349167E-005
         170  5.510651567562491E-005
         171  2.937318786338961E-005
         172  6.336012726241407E-005
         173  3.496161004147014E-005
         174  5.537126980892155E-005
         175  2.063211485623693E-005
         176  1.735200767337912E-005
         177  9.373001550714958E-006
         178  1.991132471623959E-005
         179  1.151451567194667E-005
         180  2.151365761230665E-005
         181  8.523158014205815E-006
         182  1.476446848132778E-005
         183  6.936638021506753E-006
         184  1.173371326087950E-005
         185  3.663482338314419E-006
         186  1.382222331341810E-005
         187  4.027384027066647E-006
         188  1.307031142309577E-005
         189  1.123534418386240E-005
         190  2.328086066547149E-005
         191  2.688183575147421E-005
         192  9.680616934809023E-005
         193  1.285419118869898E-004
         194  3.201342974709206E-004
         195  2.217280519369906E-004
         196  4.226609105335417E-004
         197  2.226964124781849E-004
         198  1.619771075200699E-004
         199  1.287349808368889E-005
         200  2.371659995382697E-006
         201  9.753522209393821E-008
         202  1.179245394016174E-007
         203  2.722699105344007E-008
         204  9.263635798755489E-008
         205  7.999508658687211E-008
         206  2.390109019377456E-006
         207  1.524703475212568E-006
         208  2.551293254776867E-006
         209  1.662793087847962E-006
         210  1.023758936081116E-015
         226  7.250162844138478E-014
         227  5.553239218870214E-015
         230  3.416638016788803E-012
         231  8.336534894528873E-012
         232  6.404092791339229E-007
         234  1.112427992488023E-011
         235  1.791406269676484E-007
         236  1.848815694134798E-009
         238  2.024462943394268E-007
         240  3.590877297777314E-013
         244  4.383394876553414E-009
