           1  7.395600031806256E-005
           2  6.470609901488105E-012
           3  1.574717819390911E-008
           4  8.141560515275135E-005
           6  5.674563962362780E-015
           7  3.114017005274736E-012
           8  2.708281752318958E-013
           9  1.912633244112939E-009
          10  2.713051082138141E-014
          14  2.288237634481644E-015
          15  2.321019971459414E-012
          16  1.267523233827507E-009
          17  9.379235637319812E-011
          18  4.484832934836138E-010
          19  1.962079093946741E-010
          20  4.649717448446253E-009
          21  7.722874168422575E-010
          22  1.635342399180530E-009
          23  4.886305977970816E-009
          24  1.133675589514077E-008
          25  1.368480621250055E-008
          26  1.214803030765468E-008
          27  2.669173617383296E-009
          28  1.628289900550462E-009
          29  8.255347168321613E-010
          30  2.729413460090520E-009
          31  4.810562076184995E-010
          32  6.100693618608307E-010
          33  8.062390459844163E-010
          34  4.463919288110858E-009
          35  2.934621106860745E-010
          36  1.139097960043277E-009
          37  8.218304089527323E-010
          38  1.111292553412510E-009
          39  3.112510794183531E-010
          40  6.097167003306418E-010
          41  8.575987691535355E-010
          42  6.199114868419730E-009
          43  5.362432277188513E-010
          44  9.557360862760103E-010
          45  4.261505128877816E-009
          46  7.369594841933375E-009
          47  8.119836750487942E-009
          48  6.028456151539541E-009
          49  5.310325125302000E-010
          50  3.127671562818052E-009
          51  1.553667600482572E-009
          52  6.365389263324068E-009
          53  2.285282186287415E-010
          54  5.706265697175455E-010
          55  3.849601583544784E-010
          56  4.219362817733189E-010
          57  1.115701390799364E-010
          58  2.111429111786573E-010
          59  1.457187872290774E-010
          60  1.661339693493662E-010
          61  1.729468496378874E-010
          62  8.398589236536880E-010
          63  3.452165930137674E-010
          64  3.597635474886847E-010
          65  3.016244759574328E-010
          66  4.289213550501471E-010
          67  5.791413316243084E-010
          68  8.760105471303179E-010
          69  1.653415873642849E-010
          70  4.962614721448629E-010
          71  1.694953813590483E-010
          72  2.047200600947773E-010
          73  2.061212855324026E-010
          74  4.235519127598883E-010
          75  1.007874069207278E-009
          76  2.751667971801060E-009
          77  5.411880197495340E-009
          78  1.013627417637628E-008
          79  7.930489073690284E-009
          80  3.261890634720432E-008
          81  1.229097444699865E-008
          82  1.092304442198150E-008
          83  4.774226047669651E-009
          84  5.139324115581793E-009
          85  3.490012993766523E-009
          86  3.788174442502633E-009
          87  2.515005582125564E-009
          88  6.211122378250985E-009
          89  2.860976326209686E-009
          90  5.454401879365379E-009
          91  3.608990377304007E-009
          92  2.879593514304797E-009
          93  2.420738154942954E-009
          94  5.947481117645040E-009
          95  3.077415150461762E-009
          96  3.502619848015545E-009
          97  1.531745038399795E-009
          98  1.400953497243120E-009
          99  1.544701963356935E-009
         100  1.384781231536254E-009
         101  1.041779389820868E-009
         102  1.836620970494978E-009
         103  1.742915126907955E-009
         104  1.703817876681108E-009
         105  1.765383114106788E-009
         106  2.241198242013194E-009
         107  1.731772590552281E-009
         108  5.749486503438966E-009
         109  2.552257243781532E-009
         110  7.067310821830082E-009
         111  5.111898288629195E-009
         112  6.866111727378670E-009
         113  3.511933136598193E-009
         114  2.818826244899808E-009
         115  1.474609212194456E-009
         116  1.539224808378642E-009
         117  1.384609747247573E-009
         118  1.486988431202146E-009
         119  5.373759911482036E-010
         120  7.495496404525143E-010
         121  6.123200198812760E-010
         122  7.664497226552156E-010
         123  6.923639637295125E-010
         124  1.727524176260457E-008
         125  7.862910817707851E-008
         126  6.379224689155736E-007
         127  3.253452437147893E-006
         128  2.677629426580513E-005
         129  1.335484876355303E-004
         130  3.321914265672553E-004
         131  1.107687187385204E-003
         132  1.067400446213064E-003
         133  3.356201212916158E-005
         134  8.484603839876699E-005
         135  9.167875429071219E-005
         136  2.301308141618889E-004
         137  1.229447920397248E-004
         138  8.794428358196829E-005
         139  1.476638522151691E-005
         140  3.401172980443139E-005
         141  2.507564586857478E-005
         142  1.004935365788669E-005
         143  1.667724169451622E-006
         144  5.914508907580625E-006
         145  2.630471847801006E-006
         146  1.197855002685918E-005
         147  1.669968305393855E-005
         148  3.003420956305848E-005
         149  1.867567252055653E-005
         150  2.581744339251017E-005
         151  1.324792199382580E-005
         152  2.083705817540286E-005
         153  8.230070994185595E-006
         154  3.429401095487670E-005
         155  1.675391270178530E-005
         156  2.114044797049053E-005
         157  1.332568525888868E-005
         158  5.268198593443332E-005
         159  2.677750731985546E-005
         160  5.513212792830179E-005
         161  3.453855364811618E-005
         162  1.210134055530385E-004
         163  5.400228082989242E-005
         164  6.902414046989722E-005
         165  3.208442066822797E-005
         166  1.081340496491668E-004
         167  2.428841980011714E-005
         168  6.467524104684389E-005
         169  3.085885722562211E-005
         170  2.778619664044030E-005
         171  1.830050436081832E-005
         172  4.065230496187134E-005
         173  2.758972089234518E-005
         174  6.985122989252936E-005
         175  3.647829745346912E-005
         176  2.099134285103212E-005
         177  6.992202631934385E-006
         178  1.303434469480020E-005
         179  7.954605136131244E-006
         180  1.659511455467221E-005
         181  7.349257108622804E-006
         182  1.461955551585083E-005
         183  7.251351789701644E-006
         184  1.269083178654529E-005
         185  3.944936716569389E-006
         186  1.447381647413615E-005
         187  4.159013158251502E-006
         188  1.338128956136186E-005
         189  1.152176799556347E-005
         190  2.480930270923246E-005
         191  2.801806346503399E-005
         192  9.998219182349766E-005
         193  1.300506370293975E-004
         194  3.241096149064771E-004
         195  2.310399923002687E-004
         196  4.481883353427547E-004
         197  2.361122969546325E-004
         198  1.726790818822563E-004
         199  1.417142952439668E-005
         200  2.499650390900547E-006
         201  8.948069805191176E-008
         202  1.056851839370455E-007
         203  2.598476733156486E-008
         204  8.443211732857092E-008
         205  7.392553292827307E-008
         206  2.250337793112570E-006
         207  1.490381706467145E-006
         208  2.485649622749328E-006
         209  1.571838011746560E-006
         226  5.950460069300488E-014
         227  4.638281718673952E-015
         230  2.804153303479575E-012
         231  6.962998688582961E-012
         232  5.416826148379428E-007
         234  9.130082305149463E-012
         235  1.496252299581069E-007
         236  1.448547711976710E-009
         238  1.661546942519407E-007
         240  2.807048212428273E-013
         244  3.426572319865317E-009
