           1  7.415201221462173E-005
           2  6.470609901488105E-012
           3  1.574717819390911E-008
           4  8.105949625173275E-005
           6  5.674563962362780E-015
           7  3.114017005274736E-012
           8  2.708281752318958E-013
           9  1.912633244112939E-009
          10  2.713051082138141E-014
          14  2.218630365677248E-015
          15  2.163360411801364E-012
          16  1.206329926522209E-009
          17  9.049073575869372E-011
          18  4.756943391748969E-010
          19  2.329937248143298E-010
          20  4.419688513198587E-009
          21  7.372422741924411E-010
          22  1.721702244940259E-009
          23  4.697298682616517E-009
          24  1.098773035909591E-008
          25  1.334996247102768E-008
          26  1.261375145160924E-008
          27  2.845131348959184E-009
          28  1.667903999304119E-009
          29  8.786807845364343E-010
          30  2.813658017489268E-009
          31  5.169098291535796E-010
          32  6.563998928203642E-010
          33  7.003293698781395E-010
          34  4.435450231226215E-009
          35  3.137761430666536E-010
          36  1.236527663766741E-009
          37  8.102004379834173E-010
          38  1.059562976386586E-009
          39  2.894467512303721E-010
          40  6.111111906274929E-010
          41  8.759046187866189E-010
          42  5.817490601589433E-009
          43  5.247780620624685E-010
          44  9.123203491090264E-010
          45  4.015874513312545E-009
          46  7.354983836104832E-009
          47  8.460690411730259E-009
          48  6.427687654069691E-009
          49  5.028724963900418E-010
          50  3.132011977381384E-009
          51  1.600396800985985E-009
          52  6.445850532946181E-009
          53  2.140619244648196E-010
          54  4.966802265104102E-010
          55  3.231017276979374E-010
          56  3.728571927130816E-010
          57  1.024255778874199E-010
          58  1.957489094974038E-010
          59  1.379399133134394E-010
          60  1.583138436384720E-010
          61  1.534674429104718E-010
          62  7.549347987912743E-010
          63  3.228414212026092E-010
          64  3.502725566827066E-010
          65  3.002359807274061E-010
          66  4.405401856344693E-010
          67  5.756595995445427E-010
          68  8.645952219747159E-010
          69  1.618737273698668E-010
          70  4.731087463544686E-010
          71  1.640583189471675E-010
          72  2.058918423550056E-010
          73  2.065340246860483E-010
          74  4.052520280663175E-010
          75  9.010840674667866E-010
          76  2.587810182519038E-009
          77  5.394967819516940E-009
          78  1.049681248200092E-008
          79  7.888336752165359E-009
          80  3.130184739379430E-008
          81  1.271271579587387E-008
          82  1.133859477458588E-008
          83  4.896528517086491E-009
          84  5.275693207886496E-009
          85  3.483386494963620E-009
          86  3.741651914832132E-009
          87  2.389636151087331E-009
          88  5.836400300055529E-009
          89  2.776631677047312E-009
          90  5.238445511997460E-009
          91  3.435234236282526E-009
          92  2.856996575696200E-009
          93  2.371226891064747E-009
          94  5.482040864299487E-009
          95  2.923244970397846E-009
          96  3.629747101091168E-009
          97  1.626877872972186E-009
          98  1.511810408208030E-009
          99  1.658830445189672E-009
         100  1.492232411447298E-009
         101  1.093894052102877E-009
         102  1.790115114711945E-009
         103  1.670216510935645E-009
         104  1.608086604422140E-009
         105  1.638918823263963E-009
         106  2.051048744915384E-009
         107  1.560838314904485E-009
         108  5.196085470267119E-009
         109  2.377587076670192E-009
         110  6.927251054844860E-009
         111  5.013244109518099E-009
         112  6.897480967753194E-009
         113  3.606864572121041E-009
         114  2.963243263199958E-009
         115  1.577357286054956E-009
         116  1.664043707916632E-009
         117  1.467795048353492E-009
         118  1.582061211763526E-009
         119  5.945537239863909E-010
         120  8.311280900472423E-010
         121  6.807008825282392E-010
         122  8.545581553148631E-010
         123  7.318853144334202E-010
         124  1.572572393941254E-008
         125  6.433985068567537E-008
         126  5.355892026868411E-007
         127  2.771861597396370E-006
         128  2.356219847735641E-005
         129  1.231354687201771E-004
         130  3.300581249191528E-004
         131  1.100325293477097E-003
         132  1.072758973151891E-003
         133  3.414236873814715E-005
         134  8.591302277383691E-005
         135  8.644438118703475E-005
         136  2.236485087429353E-004
         137  1.204716921252141E-004
         138  8.721611718534968E-005
         139  1.372079609543703E-005
         140  3.208685476121389E-005
         141  2.349574658307411E-005
         142  9.458405890103410E-006
         143  1.566222598588938E-006
         144  5.344197291691883E-006
         145  1.724593818037160E-006
         146  6.333798173490793E-006
         147  9.327677511669801E-006
         148  1.818955593227150E-005
         149  1.251806705581257E-005
         150  4.321693294152914E-005
         151  1.556843916216033E-005
         152  1.784266252241687E-005
         153  9.498303806874434E-006
         154  3.345310261497626E-005
         155  1.798305950322271E-005
         156  5.481962649126410E-005
         157  2.314206090492999E-005
         158  3.318414607396994E-005
         159  1.671670534578385E-005
         160  7.014407240950225E-005
         161  4.150759015588587E-005
         162  1.050046341606592E-004
         163  4.084838586286647E-005
         164  8.327620850691118E-005
         165  5.036680284665559E-005
         166  9.257099408829205E-005
         167  5.231334164297139E-005
         168  1.478627638480968E-004
         169  7.053410785007326E-005
         170  4.109177383462134E-005
         171  1.394921536295312E-005
         172  2.971964092018300E-005
         173  2.003303935073678E-005
         174  3.392656695094372E-005
         175  1.925316944919964E-005
         176  1.487281699328547E-005
         177  4.662796170568529E-006
         178  7.784415759487993E-006
         179  4.860481924340441E-006
         180  1.106137142431220E-005
         181  5.292860978515495E-006
         182  1.151839403889985E-005
         183  5.869366254924267E-006
         184  1.042946389959112E-005
         185  3.253085750015565E-006
         186  1.208884761173869E-005
         187  3.517956544196177E-006
         188  1.121054392881015E-005
         189  9.525822691829745E-006
         190  2.078172317404100E-005
         191  2.463383396208924E-005
         192  8.938404057027603E-005
         193  1.192526683026401E-004
         194  3.049915812313308E-004
         195  2.271181561777606E-004
         196  4.551724916283241E-004
         197  2.458864110235953E-004
         198  1.849261996827464E-004
         199  1.515416163094080E-005
         200  2.673191962572700E-006
         201  9.353724106367284E-008
         202  1.069306909581356E-007
         203  2.514564931534699E-008
         204  8.265571901013559E-008
         205  7.171268226483415E-008
         206  2.187327376315803E-006
         207  1.413389873042409E-006
         208  2.355223026252677E-006
         209  1.543296372986306E-006
         226  6.496812712977909E-014
         227  5.004720404771504E-015
         230  3.061621894612049E-012
         231  7.513097247812514E-012
         232  5.854156668040741E-007
         234  9.968377923692662E-012
         235  1.614460886291425E-007
         236  1.539643100664552E-009
         238  1.814104989135512E-007
         240  2.979611006199493E-013
         244  3.637220248873838E-009
