           1  7.405867649439235E-005
           2  6.470609901488105E-012
           3  1.574717819390911E-008
           4  8.326606406727457E-005
           6  5.674563962362780E-015
           7  3.114017005274736E-012
           8  2.708281752318958E-013
           9  1.912633244112939E-009
          10  2.713051082138141E-014
          14  2.313919824335565E-015
          15  2.249055879566675E-012
          16  1.262635716966607E-009
          17  9.345053678256816E-011
          18  4.541682111701937E-010
          19  2.048549802715512E-010
          20  4.704465678246432E-009
          21  7.699607979906912E-010
          22  1.576286234411870E-009
          23  4.934800181852896E-009
          24  1.140154942191196E-008
          25  1.389466850474791E-008
          26  1.202594570284439E-008
          27  2.605494596283688E-009
          28  1.596216626694664E-009
          29  8.510098486590556E-010
          30  2.715518177626413E-009
          31  4.820272309783152E-010
          32  6.241730009070179E-010
          33  8.051526254846602E-010
          34  4.351883592475844E-009
          35  2.963714653660141E-010
          36  1.178923606815041E-009
          37  8.092862571846908E-010
          38  1.085386640880186E-009
          39  3.103814854398838E-010
          40  6.230743044784316E-010
          41  8.737479281513879E-010
          42  6.084749224996289E-009
          43  5.301376928788592E-010
          44  9.945056568429868E-010
          45  4.436570384231050E-009
          46  7.429502561498898E-009
          47  8.060603984516095E-009
          48  5.957976562791257E-009
          49  5.280460432394218E-010
          50  3.121556256771007E-009
          51  1.559600561424237E-009
          52  6.350568099575883E-009
          53  2.249807602728561E-010
          54  5.476597567361300E-010
          55  3.552925467481083E-010
          56  4.152803241521040E-010
          57  1.120737394350765E-010
          58  2.105294773178969E-010
          59  1.478365425350147E-010
          60  1.742866210605702E-010
          61  1.800247298910219E-010
          62  8.598056851659556E-010
          63  3.520572621903224E-010
          64  3.574037216424984E-010
          65  3.010944515675833E-010
          66  4.380037317642130E-010
          67  5.773993750855213E-010
          68  8.531820838603356E-010
          69  1.576941077892178E-010
          70  4.676280289325340E-010
          71  1.624863340177771E-010
          72  2.050773545647903E-010
          73  2.153866818308027E-010
          74  4.449141200220774E-010
          75  1.044131903480195E-009
          76  2.786947888285403E-009
          77  5.454353612671631E-009
          78  1.018064424850054E-008
          79  8.004059372825306E-009
          80  3.224934965916393E-008
          81  1.253369608031087E-008
          82  1.103205380535561E-008
          83  4.791971099258565E-009
          84  5.242215219325803E-009
          85  3.513454575087055E-009
          86  3.824179752053802E-009
          87  2.591450136170172E-009
          88  6.204799387491467E-009
          89  2.768548977414028E-009
          90  5.258160299344441E-009
          91  3.632336062495152E-009
          92  3.026468072313687E-009
          93  2.492132501242785E-009
          94  5.773859527576395E-009
          95  2.990808582342250E-009
          96  3.497339146238118E-009
          97  1.540288333616958E-009
          98  1.435293287029027E-009
          99  1.592085877274902E-009
         100  1.417178263705397E-009
         101  1.047314713133637E-009
         102  1.817731651889131E-009
         103  1.733573664558855E-009
         104  1.686077868569374E-009
         105  1.780869629142968E-009
         106  2.302421005272913E-009
         107  1.766936248527128E-009
         108  5.931355300154905E-009
         109  2.635322686680042E-009
         110  7.174597849138402E-009
         111  5.101308468127522E-009
         112  6.783133864340659E-009
         113  3.460305393393910E-009
         114  2.761015852631740E-009
         115  1.445999692104728E-009
         116  1.504396737218661E-009
         117  1.368126757135371E-009
         118  1.462634493320038E-009
         119  5.205912701994745E-010
         120  7.277090743404758E-010
         121  5.942056203533134E-010
         122  7.724941950948725E-010
         123  6.967128615567033E-010
         124  1.874960448267030E-008
         125  8.161527227875808E-008
         126  6.687537538933160E-007
         127  3.385112294815364E-006
         128  2.763414037878789E-005
         129  1.366324416856250E-004
         130  3.334558569961138E-004
         131  1.112387777137669E-003
         132  1.057709276405157E-003
         133  3.363165650333060E-005
         134  8.436114428043877E-005
         135  8.888000376317939E-005
         136  2.276498848876805E-004
         137  1.218697891723564E-004
         138  8.537952904845063E-005
         139  1.476446729631624E-005
         140  3.385036156271996E-005
         141  2.517037332060346E-005
         142  9.694830408221398E-006
         143  1.596460548828248E-006
         144  6.127578263639567E-006
         145  2.636039590254901E-006
         146  9.170598194660168E-006
         147  7.429107256883661E-006
         148  1.477678373776825E-005
         149  1.029328222499599E-005
         150  1.392625245784277E-005
         151  7.028194049083185E-006
         152  1.248547651371398E-005
         153  5.833241888768578E-006
         154  3.523494522796404E-005
         155  2.177480820667174E-005
         156  4.240434820199304E-005
         157  1.594145680880579E-005
         158  2.585103602944975E-005
         159  1.853320137744206E-005
         160  5.137148201202135E-005
         161  3.020179821018781E-005
         162  7.220770784715006E-005
         163  1.016431526082839E-004
         164  1.302270760573097E-004
         165  5.280982306580056E-005
         166  6.984665225362913E-005
         167  2.770549835248921E-005
         168  1.322647121359926E-004
         169  5.715837676818571E-005
         170  5.853443454853545E-005
         171  3.254459239179678E-005
         172  4.085778612118717E-005
         173  2.802914303160243E-005
         174  4.427287630419204E-005
         175  2.258926542223886E-005
         176  1.835062583316266E-005
         177  6.688521102376396E-006
         178  7.656319436484275E-006
         179  4.437139473030695E-006
         180  1.040150425168489E-005
         181  5.037930359046000E-006
         182  1.120483446358894E-005
         183  5.965832796987108E-006
         184  1.111312991095533E-005
         185  3.597615865919176E-006
         186  1.405871885608648E-005
         187  4.109835457941849E-006
         188  1.353827731656370E-005
         189  1.175298716673394E-005
         190  2.493952846661953E-005
         191  2.800680292471743E-005
         192  9.997185129828418E-005
         193  1.318202062309118E-004
         194  3.291960339197765E-004
         195  2.268989705782188E-004
         196  4.296669290298986E-004
         197  2.269704463232905E-004
         198  1.659079516332872E-004
         199  1.355132358948047E-005
         200  2.423775050562825E-006
         201  8.892312830396710E-008
         202  1.065190904427073E-007
         203  2.616156596341770E-008
         204  8.841085141571026E-008
         205  7.794609988791388E-008
         206  2.388494064460529E-006
         207  1.575174603805077E-006
         208  2.630137957508049E-006
         209  1.664186643915192E-006
         226  6.747290280690829E-014
         227  5.165306764289089E-015
         230  3.179659406127067E-012
         231  7.754169842912438E-012
         232  5.989427796983678E-007
         234  1.035269792284887E-011
         235  1.666264059165158E-007
         236  1.683282605193941E-009
         238  1.884045839415353E-007
         240  3.267599968950310E-013
         244  3.988769254629964E-009
