           1  7.427476138208034E-005
           2  6.470609901488105E-012
           3  1.574717819390911E-008
           4  7.907274128085917E-005
           6  5.674563962362780E-015
           7  3.114017005274736E-012
           8  2.708281752318958E-013
           9  1.912633244112939E-009
          10  2.713051082138141E-014
          14  2.215898918763565E-015
          15  2.109535522937266E-012
          16  1.261653429300695E-009
          17  9.339767526499703E-011
          18  4.514928077279639E-010
          19  2.015278363601863E-010
          20  4.696461008234697E-009
          21  7.758413658364852E-010
          22  1.568991904014432E-009
          23  4.933767284054101E-009
          24  1.140446151768019E-008
          25  1.382736623037570E-008
          26  1.208106022265537E-008
          27  2.671118034351612E-009
          28  1.587235446978756E-009
          29  8.071306168576306E-010
          30  2.606843629579075E-009
          31  4.700932230687981E-010
          32  6.127877214267323E-010
          33  7.881090891309061E-010
          34  4.406372454778330E-009
          35  2.939264209021256E-010
          36  1.147227097062105E-009
          37  8.385212239717335E-010
          38  1.128596736961471E-009
          39  3.108435824804989E-010
          40  6.034620403119569E-010
          41  8.426311947950265E-010
          42  6.052961230643065E-009
          43  5.248980445117474E-010
          44  9.714586983451506E-010
          45  4.374371175659393E-009
          46  7.451357225818803E-009
          47  8.140688863226837E-009
          48  6.002746569981722E-009
          49  5.401486577698894E-010
          50  3.118632012764692E-009
          51  1.541240540471202E-009
          52  6.222876499796615E-009
          53  2.282511665281731E-010
          54  5.684187940631078E-010
          55  3.698864962622885E-010
          56  4.084902679741699E-010
          57  1.094209836348062E-010
          58  1.993633011494474E-010
          59  1.423835048277798E-010
          60  1.679050256681629E-010
          61  1.731624839676508E-010
          62  8.442851793256710E-010
          63  3.436880486063451E-010
          64  3.442446414632530E-010
          65  2.940916123325842E-010
          66  4.313150328800386E-010
          67  5.752286405628262E-010
          68  8.726567878267804E-010
          69  1.609417172138703E-010
          70  4.766810120649168E-010
          71  1.662517864673200E-010
          72  2.069888460742093E-010
          73  2.096305458370523E-010
          74  4.399523183224995E-010
          75  1.038578358711263E-009
          76  2.795493376069430E-009
          77  5.410025925034429E-009
          78  1.020452532184584E-008
          79  7.979519322190490E-009
          80  3.239967016769651E-008
          81  1.259478936525834E-008
          82  1.087136154044605E-008
          83  4.652776028971417E-009
          84  5.117354209498872E-009
          85  3.420630913147304E-009
          86  3.726961525617570E-009
          87  2.572324443295454E-009
          88  6.180640852459317E-009
          89  2.794280706096980E-009
          90  5.316759472041602E-009
          91  3.582885889487599E-009
          92  2.939711616326043E-009
          93  2.445219662083309E-009
          94  5.828588697835352E-009
          95  2.943062402122608E-009
          96  3.370459446055550E-009
          97  1.471160049673907E-009
          98  1.384143352780037E-009
          99  1.569088925525461E-009
         100  1.398877969933358E-009
         101  1.040260760036729E-009
         102  1.795906399073655E-009
         103  1.700304866932571E-009
         104  1.642721322100120E-009
         105  1.751451301397568E-009
         106  2.266671282745017E-009
         107  1.737209147748597E-009
         108  5.817381517502965E-009
         109  2.584203377718731E-009
         110  7.167923659333624E-009
         111  5.093431254488091E-009
         112  6.819168562634040E-009
         113  3.462844189713906E-009
         114  2.756501584187141E-009
         115  1.455739659228706E-009
         116  1.508416238815874E-009
         117  1.277675517383744E-009
         118  1.352963036033738E-009
         119  5.264660771544249E-010
         120  7.350404988061374E-010
         121  5.960681547936932E-010
         122  7.480027591919554E-010
         123  6.825669874260935E-010
         124  1.699832591609964E-008
         125  7.789434376988934E-008
         126  6.393067413620751E-007
         127  3.251473517417426E-006
         128  2.690231583622074E-005
         129  1.346246605549372E-004
         130  3.343408719825504E-004
         131  1.107033532805747E-003
         132  1.049870018367505E-003
         133  3.264999461604093E-005
         134  8.217539267615897E-005
         135  8.994157436284708E-005
         136  2.201683052969877E-004
         137  1.166824241586187E-004
         138  8.408411396709717E-005
         139  1.465605461099228E-005
         140  3.405845279921517E-005
         141  2.509912624530460E-005
         142  9.825606938399868E-006
         143  1.560466374620794E-006
         144  5.251088192640433E-006
         145  1.820234480819748E-006
         146  6.421394657144274E-006
         147  7.448987619481240E-006
         148  1.826860573512872E-005
         149  1.302744232468477E-005
         150  2.872918648577761E-005
         151  1.089616695077129E-005
         152  2.971002868929088E-005
         153  2.086439393572516E-005
         154  3.145190476545912E-005
         155  1.423138071291574E-005
         156  2.952823799420470E-005
         157  1.584006488788683E-005
         158  4.194125471153428E-005
         159  4.906797544109711E-005
         160  7.811337618309875E-005
         161  3.570023503690242E-005
         162  8.139198385811728E-005
         163  3.400513086845120E-005
         164  5.164075433869767E-005
         165  3.327120025824997E-005
         166  9.987253720333795E-005
         167  3.997360632467007E-005
         168  1.664497102033673E-004
         169  4.861081119086757E-005
         170  5.842259787924846E-005
         171  3.323865217218066E-005
         172  5.081609797727477E-005
         173  2.376806044034487E-005
         174  4.791097998070645E-005
         175  2.522276942086547E-005
         176  1.936373047895989E-005
         177  7.898198545291440E-006
         178  1.845942469747769E-005
         179  5.881490007909065E-006
         180  9.943587805292411E-006
         181  5.334012565358512E-006
         182  1.281700723870216E-005
         183  6.958690119035307E-006
         184  1.298257494747999E-005
         185  4.173606653595483E-006
         186  1.615996031685747E-005
         187  4.635055951907330E-006
         188  1.472914575634327E-005
         189  1.260137439605971E-005
         190  2.619796427652926E-005
         191  2.985007746228462E-005
         192  1.042646232751679E-004
         193  1.340655680148536E-004
         194  3.284339570610898E-004
         195  2.230189365354662E-004
         196  4.179159884808104E-004
         197  2.193823670072557E-004
         198  1.587628596679803E-004
         199  1.264962620647709E-005
         200  2.222479486164566E-006
         201  8.083484499434300E-008
         202  9.628264998279164E-008
         203  2.327368756895406E-008
         204  7.664530508677656E-008
         205  6.709375686197362E-008
         206  2.015828895950013E-006
         207  1.329366423392662E-006
         208  2.229216816434432E-006
         209  1.404311216274502E-006
         226  5.534779069093096E-014
         227  4.251383162790537E-015
         230  2.608263702280675E-012
         231  6.382185727959034E-012
         232  4.915390241040069E-007
         234  8.492282588761062E-012
         235  1.371443611998665E-007
         236  1.385756342722614E-009
         238  1.545476338412452E-007
         240  2.690175730633211E-013
         244  3.283905724649808E-009
