           1  7.416236778299365E-005
           2  6.470609901488105E-012
           3  1.574717819390911E-008
           4  8.142126941469115E-005
           6  5.674563962362780E-015
           7  3.114017005274736E-012
           8  2.708281752318958E-013
           9  1.912633244112939E-009
          10  2.713051082138141E-014
          14  2.229106867709645E-015
          15  2.181831705525990E-012
          16  1.229517636723154E-009
          17  9.180373520313050E-011
          18  4.557506947954580E-010
          19  2.060180106798796E-010
          20  4.498800063990269E-009
          21  7.532086570352882E-010
          22  1.739618283307803E-009
          23  4.739880162203135E-009
          24  1.108027112588813E-008
          25  1.342878613466632E-008
          26  1.236530407104252E-008
          27  2.846536854415203E-009
          28  1.672417114937451E-009
          29  8.431052998315402E-010
          30  2.798020119071460E-009
          31  5.251324171199091E-010
          32  5.897457130081187E-010
          33  7.152924817564902E-010
          34  4.409321819482663E-009
          35  3.102819850070076E-010
          36  1.202768920428991E-009
          37  8.261303564476829E-010
          38  1.086860543758644E-009
          39  3.075305326498562E-010
          40  6.079176333154064E-010
          41  8.404654383121503E-010
          42  6.053893250952504E-009
          43  5.551744850140675E-010
          44  9.240183148533027E-010
          45  4.043483836017561E-009
          46  7.273923238232675E-009
          47  8.254381993851748E-009
          48  6.245004521006995E-009
          49  5.333841904088835E-010
          50  3.164600696365160E-009
          51  1.593040604032425E-009
          52  6.402482906367130E-009
          53  2.227984360879909E-010
          54  5.297844004465561E-010
          55  3.565982206458830E-010
          56  4.116465070987760E-010
          57  1.156087422977664E-010
          58  2.113034605291486E-010
          59  1.523573872234561E-010
          60  1.702635260711575E-010
          61  1.568126029589418E-010
          62  7.837832095214036E-010
          63  3.344507775556687E-010
          64  3.486603055016668E-010
          65  3.013621958298195E-010
          66  4.503541210722237E-010
          67  5.676880112172591E-010
          68  8.757307186584439E-010
          69  1.638406692561923E-010
          70  4.821986459831988E-010
          71  1.697907857567557E-010
          72  2.175278931235506E-010
          73  2.104982912496075E-010
          74  4.191957832311355E-010
          75  9.269205755953338E-010
          76  2.635505925575287E-009
          77  5.374212415683579E-009
          78  1.027565625698711E-008
          79  7.810184282262024E-009
          80  3.196143037184989E-008
          81  1.243040428147437E-008
          82  1.126310153555729E-008
          83  4.915106400181379E-009
          84  5.108257880940514E-009
          85  3.436594042839736E-009
          86  3.730778999535356E-009
          87  2.444004998518942E-009
          88  5.995549286314110E-009
          89  2.770491155916397E-009
          90  5.134697700179078E-009
          91  3.476916029716675E-009
          92  2.870698355910382E-009
          93  2.364324622124212E-009
          94  5.607082486399410E-009
          95  2.916310393651423E-009
          96  3.460083313642156E-009
          97  1.554790568641078E-009
          98  1.487217815227556E-009
          99  1.658281834298424E-009
         100  1.497215553844700E-009
         101  1.092974561877404E-009
         102  1.790671486967646E-009
         103  1.699577019253722E-009
         104  1.635519979300051E-009
         105  1.690597261321498E-009
         106  2.140648601156186E-009
         107  1.597738958986223E-009
         108  5.210879406779332E-009
         109  2.381638284112530E-009
         110  6.918872503740599E-009
         111  4.904919064277324E-009
         112  6.768933945894842E-009
         113  3.545649819140846E-009
         114  2.928739814188406E-009
         115  1.571204319743841E-009
         116  1.671088439207132E-009
         117  1.455550986131181E-009
         118  1.545647040400552E-009
         119  5.865244000183748E-010
         120  8.103657516393621E-010
         121  6.565029756782088E-010
         122  8.353873651171648E-010
         123  7.130611056806463E-010
         124  1.556117824859436E-008
         125  6.206699155966162E-008
         126  5.259526265696179E-007
         127  2.710263282115272E-006
         128  2.309760873175777E-005
         129  1.211236514064728E-004
         130  3.233249120518375E-004
         131  1.114927050562767E-003
         132  1.065645198593818E-003
         133  3.347970295719565E-005
         134  8.493796115231738E-005
         135  8.748903078073847E-005
         136  2.267298075515228E-004
         137  1.219802749884661E-004
         138  8.494284943156153E-005
         139  1.394824041101393E-005
         140  3.333267003070993E-005
         141  2.462687594421460E-005
         142  9.634157872216977E-006
         143  1.699274559204979E-006
         144  7.326228269152324E-006
         145  3.359299881438850E-006
         146  1.261697681738060E-005
         147  1.101047710205276E-005
         148  1.745735053835848E-005
         149  1.170533401441935E-005
         150  5.081273990535579E-005
         151  1.983209605737568E-005
         152  2.273422969202572E-005
         153  8.515306297597790E-006
         154  1.486088162250971E-005
         155  8.260023013734489E-006
         156  5.486970979930496E-005
         157  2.150728159604344E-005
         158  3.892240396165679E-005
         159  4.713085792284135E-005
         160  7.304117884665445E-005
         161  2.626279769235117E-005
         162  4.464388933067023E-005
         163  1.118472454496389E-004
         164  1.363083988263558E-004
         165  5.325134659155318E-005
         166  1.112200436968549E-004
         167  3.420505571292503E-005
         168  4.820767324733817E-005
         169  2.581506845375497E-005
         170  1.988422533128258E-005
         171  1.449251630142670E-005
         172  6.438810069642577E-005
         173  2.955206212480579E-005
         174  3.010824053572964E-005
         175  1.324344714206123E-005
         176  1.519253584494906E-005
         177  9.058693454912974E-006
         178  2.496720335979983E-005
         179  8.527219361079453E-006
         180  1.204362453880163E-005
         181  5.666410078213410E-006
         182  1.237502474863184E-005
         183  6.429560515240845E-006
         184  1.135696324409201E-005
         185  3.502743584090943E-006
         186  1.302028454301821E-005
         187  3.782118979471378E-006
         188  1.181947398401906E-005
         189  9.900022191490389E-006
         190  2.107441635411102E-005
         191  2.525079703307277E-005
         192  9.022741394780486E-005
         193  1.206778127358753E-004
         194  3.093789764978209E-004
         195  2.269212074418628E-004
         196  4.518518957293099E-004
         197  2.471990732818189E-004
         198  1.885676258383197E-004
         199  1.536804495909478E-005
         200  2.684670179129005E-006
         201  8.586242938739916E-008
         202  9.931375404761534E-008
         203  2.482437882739886E-008
         204  7.969784007094091E-008
         205  6.976059180282645E-008
         206  2.200408001811021E-006
         207  1.455137168058967E-006
         208  2.414950590215177E-006
         209  1.558088633632520E-006
         226  6.618950080310012E-014
         227  5.020269128155073E-015
         230  3.119179108355838E-012
         231  7.536439025456819E-012
         232  5.853070404731600E-007
         234  1.015577926800711E-011
         235  1.619476712092724E-007
         236  1.550931508362539E-009
         238  1.848209405751129E-007
         240  3.002976554283684E-013
         244  3.665742644730556E-009
