           1  7.431764329651408E-005
           2  6.470609901488105E-012
           3  1.574717819390911E-008
           4  8.186302480788543E-005
           6  5.674563962362780E-015
           7  3.114017005274736E-012
           8  2.708281752318958E-013
           9  1.912633244112939E-009
          10  2.713051082138141E-014
          14  2.077721120673614E-015
          15  2.100361705561495E-012
          16  1.254843875151700E-009
          17  9.310060270990242E-011
          18  4.603158996378132E-010
          19  2.128357510923534E-010
          20  4.524068933153220E-009
          21  7.594927034633796E-010
          22  1.828282625902392E-009
          23  4.755629789511160E-009
          24  1.112087340793417E-008
          25  1.345366647734977E-008
          26  1.222789692072468E-008
          27  2.782352291435467E-009
          28  1.681682606167629E-009
          29  8.766703906560928E-010
          30  2.913927820188703E-009
          31  5.333908190774280E-010
          32  5.941212314444746E-010
          33  7.202218173877146E-010
          34  4.429152777820036E-009
          35  3.104951420131165E-010
          36  1.218163997803076E-009
          37  7.207270881001253E-010
          38  9.253879486753433E-010
          39  2.763474101358438E-010
          40  6.175580551028925E-010
          41  8.934794962581405E-010
          42  6.250372598281823E-009
          43  5.596433091612660E-010
          44  9.290493445768488E-010
          45  4.035458098988611E-009
          46  7.237000881385482E-009
          47  8.300478766720615E-009
          48  6.319419033811027E-009
          49  4.843999196732732E-010
          50  3.162257412219751E-009
          51  1.633868500476984E-009
          52  6.287532638962506E-009
          53  2.026846256466721E-010
          54  4.666213509637747E-010
          55  3.246983046883620E-010
          56  4.104097960296499E-010
          57  1.132647200579861E-010
          58  2.147237727102999E-010
          59  1.524921344564360E-010
          60  1.669795505059205E-010
          61  1.583725569464596E-010
          62  7.928751550459449E-010
          63  3.351706435090334E-010
          64  3.571281704613198E-010
          65  3.082107782277035E-010
          66  4.470108164937526E-010
          67  5.796137526027935E-010
          68  8.807250235125122E-010
          69  1.639406663588578E-010
          70  4.871048027260896E-010
          71  1.704138422105471E-010
          72  2.133788528942472E-010
          73  2.130787728618244E-010
          74  4.222854760985194E-010
          75  9.344310808589382E-010
          76  2.641337759560291E-009
          77  5.316559773623574E-009
          78  1.042403259891814E-008
          79  7.942884541603510E-009
          80  3.242352452148790E-008
          81  1.205252290891204E-008
          82  1.099750661814815E-008
          83  4.867456012970832E-009
          84  5.402767919195828E-009
          85  3.618524596415003E-009
          86  3.881756034802513E-009
          87  2.377787934308742E-009
          88  5.747038951274810E-009
          89  2.725435785016023E-009
          90  5.204932619323553E-009
          91  3.478863178724723E-009
          92  2.879861853256120E-009
          93  2.374682215462585E-009
          94  5.526597639146847E-009
          95  2.862022211259235E-009
          96  3.442150845917594E-009
          97  1.526853968138039E-009
          98  1.428119787732461E-009
          99  1.591396236629875E-009
         100  1.423497486275081E-009
         101  1.051796172123310E-009
         102  1.774488115537258E-009
         103  1.683857301333628E-009
         104  1.634796868406178E-009
         105  1.705660352790738E-009
         106  2.137884641049670E-009
         107  1.610322579959391E-009
         108  5.280935711819868E-009
         109  2.398403587024471E-009
         110  6.862304204107250E-009
         111  4.886753275398745E-009
         112  6.676412956983942E-009
         113  3.453249785454128E-009
         114  2.816744153760259E-009
         115  1.503442728772098E-009
         116  1.589714355257886E-009
         117  1.402582937298645E-009
         118  1.513481407330578E-009
         119  5.659553744724574E-010
         120  7.909373410789160E-010
         121  6.441874288911927E-010
         122  8.233063461200768E-010
         123  7.091734816845187E-010
         124  1.675941191168304E-008
         125  6.738082248972768E-008
         126  5.602134350686318E-007
         127  2.894948735218322E-006
         128  2.450920985270742E-005
         129  1.263711974302672E-004
         130  3.324851030710591E-004
         131  1.123726888296520E-003
         132  1.050776368019266E-003
         133  3.276270039028204E-005
         134  8.119728778956203E-005
         135  7.837981552740922E-005
         136  2.152695565523476E-004
         137  1.182036235743985E-004
         138  8.789215026263102E-005
         139  1.421692671040321E-005
         140  3.338554658402964E-005
         141  2.477124966702328E-005
         142  9.735705358267253E-006
         143  1.643147615411302E-006
         144  6.409986780952395E-006
         145  2.572300544503775E-006
         146  9.301151037787420E-006
         147  9.153383734891612E-006
         148  1.012277243336219E-005
         149  6.326425271461631E-006
         150  2.145056166800348E-005
         151  1.291177261927664E-005
         152  4.615339543863549E-005
         153  3.565090400053074E-005
         154  4.175114990891673E-005
         155  1.582810115023028E-005
         156  1.717381976998521E-005
         157  8.423639295053267E-006
         158  2.186516278174545E-005
         159  1.405676548602137E-005
         160  7.439018971959348E-005
         161  4.557114272332946E-005
         162  1.380614877428816E-004
         163  4.953072919857768E-005
         164  7.883973826223509E-005
         165  5.084398849731146E-005
         166  1.071107403428910E-004
         167  6.060538660125693E-005
         168  1.141375170055172E-004
         169  2.989392349221179E-005
         170  3.783190213686849E-005
         171  2.264499711742873E-005
         172  3.575933581065152E-005
         173  2.697924572488303E-005
         174  6.139691582470873E-005
         175  2.442513703490285E-005
         176  2.227202260140220E-005
         177  1.060987593335342E-005
         178  1.965776072487847E-005
         179  1.088737239259394E-005
         180  2.018153530915615E-005
         181  8.270562744705134E-006
         182  1.510795809750230E-005
         183  7.181900187255886E-006
         184  1.195198563616247E-005
         185  3.619250412780618E-006
         186  1.314697674843943E-005
         187  3.789162882770747E-006
         188  1.190847839763723E-005
         189  1.004468255745928E-005
         190  2.126017583830172E-005
         191  2.519057755239193E-005
         192  8.996557243404733E-005
         193  1.186756028534628E-004
         194  3.000119775278394E-004
         195  2.197655045199086E-004
         196  4.384486237152819E-004
         197  2.359430605360046E-004
         198  1.771851246818254E-004
         199  1.432486531508806E-005
         200  2.594113864228985E-006
         201  9.283081940017823E-008
         202  1.118071681925244E-007
         203  2.787740401503645E-008
         204  9.813426843707839E-008
         205  8.601735055383349E-008
         206  2.317832014867947E-006
         207  1.546557568273451E-006
         208  2.529073687613520E-006
         209  1.608819112741935E-006
         226  6.660531709615615E-014
         227  5.086187914874930E-015
         230  3.138774444148938E-012
         231  7.635396452651338E-012
         232  5.844536080145540E-007
         234  1.021957999829031E-011
         235  1.640741297169151E-007
         236  1.635005683696581E-009
         238  1.859820243943987E-007
         240  3.170950995305255E-013
         244  3.870789557534185E-009
