           1  7.491442958871449E-005
           2  6.470609901488105E-012
           3  1.574717819390911E-008
           4  8.075779589605758E-005
           6  5.674563962362780E-015
           7  3.114017005274736E-012
           8  2.708281752318958E-013
           9  1.912633244112939E-009
          10  2.713051082138141E-014
          14  1.722493611919857E-015
          15  1.794069002136069E-012
          16  1.182481612388053E-009
          17  8.891729591926022E-011
          18  4.405702968919009E-010
          19  1.904323037356306E-010
          20  4.523064912657435E-009
          21  7.494598689173335E-010
          22  1.534895200677012E-009
          23  4.789582279432681E-009
          24  1.111200919976394E-008
          25  1.352561975246451E-008
          26  1.184249315202962E-008
          27  2.629371329010883E-009
          28  1.579019491945176E-009
          29  7.996371296058413E-010
          30  2.612700015690600E-009
          31  4.681907248000000E-010
          32  5.934891786622828E-010
          33  7.709287298060331E-010
          34  4.348948904760578E-009
          35  2.937371418749949E-010
          36  1.161858688473952E-009
          37  8.185529201845331E-010
          38  1.096375938715100E-009
          39  3.088628955855299E-010
          40  6.025703068412949E-010
          41  8.353828671911892E-010
          42  6.026580568023401E-009
          43  5.164012439469022E-010
          44  9.530864008526226E-010
          45  4.300268699913613E-009
          46  7.312893334347378E-009
          47  8.048984590408116E-009
          48  5.991577543876692E-009
          49  5.402088741724008E-010
          50  3.149228619763306E-009
          51  1.555920555611778E-009
          52  6.273329757846923E-009
          53  2.273618717535760E-010
          54  5.749506394389360E-010
          55  3.766730401739878E-010
          56  4.230618218815489E-010
          57  1.125266668103099E-010
          58  2.096968070740585E-010
          59  1.487820170707721E-010
          60  1.712798173474698E-010
          61  1.743615698783073E-010
          62  8.473019345045679E-010
          63  3.487063227626598E-010
          64  3.563485399908179E-010
          65  3.058245145620379E-010
          66  4.405080937663977E-010
          67  5.844244916672193E-010
          68  8.804079914585198E-010
          69  1.647136527397090E-010
          70  4.892296224717863E-010
          71  1.705352139795048E-010
          72  2.122223767106756E-010
          73  2.164481800181505E-010
          74  4.487953131979807E-010
          75  1.046209243720887E-009
          76  2.838139305426087E-009
          77  5.504295774330839E-009
          78  1.003607062888181E-008
          79  7.719259277687347E-009
          80  3.141637529074933E-008
          81  1.190950577103874E-008
          82  1.040522139216121E-008
          83  4.451715764290387E-009
          84  4.887927007577125E-009
          85  3.303547839080274E-009
          86  3.566896113786961E-009
          87  2.358584614647300E-009
          88  5.805206016438518E-009
          89  2.674462130093575E-009
          90  5.008796195860658E-009
          91  3.255474994088782E-009
          92  2.725538912159264E-009
          93  2.303162426152057E-009
          94  5.549737080165573E-009
          95  2.772591665121187E-009
          96  3.230152617006456E-009
          97  1.403661665510195E-009
          98  1.312586708270188E-009
          99  1.472927919511845E-009
         100  1.298790203567077E-009
         101  9.834736293081287E-010
         102  1.688977581655503E-009
         103  1.594473452424476E-009
         104  1.520743102817035E-009
         105  1.602029563782891E-009
         106  2.060069370460404E-009
         107  1.594531440741218E-009
         108  5.274239630551036E-009
         109  2.375672504619790E-009
         110  6.643179592481734E-009
         111  4.689723014833115E-009
         112  6.216318845451672E-009
         113  3.135604659877035E-009
         114  2.492264375472399E-009
         115  1.327266340072249E-009
         116  1.374992582662011E-009
         117  1.189042586815566E-009
         118  1.265778406267206E-009
         119  4.887909014766030E-010
         120  6.901997369015636E-010
         121  5.582937774471201E-010
         122  7.197279032720170E-010
         123  6.344490175806605E-010
         124  1.653674795621808E-008
         125  6.913747265642229E-008
         126  5.720914314397264E-007
         127  3.001297800988666E-006
         128  2.532038993463815E-005
         129  1.264187030403629E-004
         130  3.154772273915135E-004
         131  1.067583855041052E-003
         132  1.014797644179612E-003
         133  3.379807861808042E-005
         134  8.595369576242152E-005
         135  8.188962694293145E-005
         136  2.083374797103609E-004
         137  1.134508814899466E-004
         138  8.984943915306389E-005
         139  1.423777241554648E-005
         140  3.420502333625436E-005
         141  2.620479989087896E-005
         142  1.013288706676411E-005
         143  1.959970602981390E-006
         144  1.014413596727166E-005
         145  6.400816544209542E-006
         146  2.770002593776902E-005
         147  2.431968434437312E-005
         148  3.296178894649272E-005
         149  1.951296340475923E-005
         150  3.523836245786162E-005
         151  2.472981941917652E-005
         152  3.518048914014011E-005
         153  1.182814835377007E-005
         154  2.768613953056608E-005
         155  1.719117959863792E-005
         156  9.000956544234578E-005
         157  3.691127418889980E-005
         158  7.815340218327455E-005
         159  7.126761292602732E-005
         160  7.831834213292523E-005
         161  3.050767912851627E-005
         162  6.122149019543889E-005
         163  3.349996886115151E-005
         164  9.567137091435190E-005
         165  7.939390516602163E-005
         166  1.280483614472520E-004
         167  2.627674432355646E-005
         168  7.275661380289872E-005
         169  4.276389081579516E-005
         170  3.631559598430823E-005
         171  2.062597240062229E-005
         172  5.531411440614866E-005
         173  2.483222637085099E-005
         174  3.360966227370176E-005
         175  1.610957083165479E-005
         176  1.139255617911221E-005
         177  5.442685753597259E-006
         178  1.108013524721987E-005
         179  5.317361726336431E-006
         180  1.061758655546299E-005
         181  5.172930060080163E-006
         182  1.165459408398487E-005
         183  6.175365910822135E-006
         184  1.122947228762449E-005
         185  3.615669491934324E-006
         186  1.433581060073289E-005
         187  4.130692728656214E-006
         188  1.316925770521120E-005
         189  1.148382474128138E-005
         190  2.409718017002586E-005
         191  2.886303164822165E-005
         192  1.011967635844187E-004
         193  1.300906304047746E-004
         194  3.167164260218498E-004
         195  2.216574096751702E-004
         196  4.261481869254212E-004
         197  2.225920194278547E-004
         198  1.600405289337874E-004
         199  1.262622972529776E-005
         200  2.244286855814109E-006
         201  8.200525087135602E-008
         202  1.050713676307767E-007
         203  2.735347395442973E-008
         204  7.220508519076218E-008
         205  5.883862409539171E-008
         206  2.110955235845345E-006
         207  1.377352741109389E-006
         208  2.326952868000030E-006
         209  1.502931977451493E-006
         226  6.235170705537981E-014
         227  4.737129198544230E-015
         230  2.938323142759749E-012
         231  7.111388742152897E-012
         232  5.414048347662216E-007
         234  9.566927777890423E-012
         235  1.528139273687934E-007
         236  1.555126268132095E-009
         238  1.741046692393160E-007
         240  3.018008633350260E-013
         244  3.684092349524190E-009
