           1  7.425977854743620E-005
           2  6.470609901488105E-012
           3  1.574717819390911E-008
           4  8.082569690563240E-005
           6  5.674563962362780E-015
           7  3.114017005274736E-012
           8  2.708281752318958E-013
           9  1.912633244112939E-009
          10  2.713051082138141E-014
          14  2.164841229115702E-015
          15  2.128914151788154E-012
          16  1.284836615204724E-009
          17  9.464491653256812E-011
          18  4.392234337146888E-010
          19  1.851787786853308E-010
          20  4.771917914087567E-009
          21  7.870731424702071E-010
          22  1.560982511015831E-009
          23  4.988369157705163E-009
          24  1.151399386761144E-008
          25  1.392104961085633E-008
          26  1.176121198671174E-008
          27  2.580258525987726E-009
          28  1.588857353056638E-009
          29  7.993301719525603E-010
          30  2.614954348751359E-009
          31  4.663066269846968E-010
          32  5.966653240115593E-010
          33  8.416977155013456E-010
          34  4.413860755374391E-009
          35  2.848136439962725E-010
          36  1.093563396501609E-009
          37  8.085939741478117E-010
          38  1.098305756100697E-009
          39  3.152467609152659E-010
          40  6.167504954303554E-010
          41  8.585540189420811E-010
          42  6.303695488738568E-009
          43  5.459650871983744E-010
          44  9.918153166447629E-010
          45  4.448331354839368E-009
          46  7.383667505125833E-009
          47  7.959295179831646E-009
          48  5.863762849730895E-009
          49  5.360866019180575E-010
          50  3.107142623026963E-009
          51  1.539119474642507E-009
          52  6.235305837476505E-009
          53  2.281110155596622E-010
          54  5.700829086343470E-010
          55  3.855604637253826E-010
          56  4.237664095860813E-010
          57  1.135181300303483E-010
          58  2.110266732214441E-010
          59  1.494949227705696E-010
          60  1.741729310879822E-010
          61  1.810495543616893E-010
          62  8.777164702083802E-010
          63  3.562132740119920E-010
          64  3.539358567658205E-010
          65  2.986690667192414E-010
          66  4.344449021459290E-010
          67  5.777838594271285E-010
          68  8.846822769575694E-010
          69  1.648717092996222E-010
          70  4.937097630159776E-010
          71  1.710539824680578E-010
          72  2.111184001325661E-010
          73  2.113904225912170E-010
          74  4.484651952258397E-010
          75  1.082462274649062E-009
          76  2.859428651773370E-009
          77  5.402121431336080E-009
          78  1.006623457622144E-008
          79  8.000656344031576E-009
          80  3.295780619593992E-008
          81  1.213590759917092E-008
          82  1.055412013108974E-008
          83  4.589279023902315E-009
          84  5.102936389256504E-009
          85  3.448485352866337E-009
          86  3.767686798297413E-009
          87  2.602709306218022E-009
          88  6.251417840839873E-009
          89  2.803475832309856E-009
          90  5.354224913261100E-009
          91  3.653337625498815E-009
          92  2.944770816058746E-009
          93  2.441686372375206E-009
          94  5.893573434712135E-009
          95  2.977969981126458E-009
          96  3.275979328183795E-009
          97  1.431084435063635E-009
          98  1.346572768056233E-009
          99  1.515633200168016E-009
         100  1.355855102494295E-009
         101  1.016671732183241E-009
         102  1.803058420090754E-009
         103  1.731733525965683E-009
         104  1.688508966968584E-009
         105  1.794733907858728E-009
         106  2.330945497460910E-009
         107  1.787258472051206E-009
         108  5.937075324384105E-009
         109  2.615046072335145E-009
         110  7.067884978758860E-009
         111  5.010228364324380E-009
         112  6.658526836890609E-009
         113  3.386331903359451E-009
         114  2.692741852193618E-009
         115  1.412168936315796E-009
         116  1.459897331975841E-009
         117  1.268908284946029E-009
         118  1.337835942865529E-009
         119  4.987043059172515E-010
         120  6.905260197166788E-010
         121  5.590928146145460E-010
         122  7.135623149971874E-010
         123  6.612254494480702E-010
         124  1.792021244486841E-008
         125  8.217874469696237E-008
         126  6.733387794131975E-007
         127  3.421347218820437E-006
         128  2.801117953394440E-005
         129  1.377388808693359E-004
         130  3.325888322484165E-004
         131  1.108328098295925E-003
         132  1.040707856682022E-003
         133  3.260580694478149E-005
         134  8.192159829442662E-005
         135  8.859508108347602E-005
         136  2.205740938459105E-004
         137  1.179210814059808E-004
         138  8.660558788627936E-005
         139  1.473829380179162E-005
         140  3.382594832232964E-005
         141  2.533801691420360E-005
         142  1.001362803151399E-005
         143  1.585144945019577E-006
         144  5.181442785478910E-006
         145  1.904774336774722E-006
         146  7.537956073998928E-006
         147  9.919018886536758E-006
         148  1.778799656656329E-005
         149  1.319440053644600E-005
         150  5.415342145780721E-005
         151  2.324501876226231E-005
         152  2.231673500717572E-005
         153  7.230293249381327E-006
         154  4.773527403779052E-005
         155  2.287278119790239E-005
         156  3.942350377680543E-005
         157  1.623774861524367E-005
         158  2.670385168687841E-005
         159  1.915245010470488E-005
         160  6.322651237857153E-005
         161  3.729419908014951E-005
         162  1.183205428704044E-004
         163  5.322668884725796E-005
         164  6.729854945966646E-005
         165  3.044668070128185E-005
         166  1.342380495027726E-004
         167  2.947463328132598E-005
         168  7.483659983017830E-005
         169  2.876871703269411E-005
         170  4.126531498171427E-005
         171  3.176595694974276E-005
         172  4.902024190591948E-005
         173  2.774129279148464E-005
         174  5.201127490626088E-005
         175  3.134335011189896E-005
         176  3.348060903008032E-005
         177  1.044648793241635E-005
         178  8.835028935094368E-006
         179  4.733176997447518E-006
         180  1.102117683323652E-005
         181  5.500509453320850E-006
         182  1.273791707414911E-005
         183  6.967694288583117E-006
         184  1.310937088055957E-005
         185  4.220614774579118E-006
         186  1.637211445320507E-005
         187  4.729332152416623E-006
         188  1.526200330688152E-005
         189  1.311305370737542E-005
         190  2.739675521227508E-005
         191  3.043719088272221E-005
         192  1.060119569589891E-004
         193  1.364442472729568E-004
         194  3.346335374184633E-004
         195  2.260196226144444E-004
         196  4.210492623645945E-004
         197  2.208763279692524E-004
         198  1.596948238296746E-004
         199  1.291286626995456E-005
         200  2.321624110211167E-006
         201  8.620993690820766E-008
         202  1.050515875621361E-007
         203  2.617507026074334E-008
         204  8.501104304867970E-008
         205  7.423956981589747E-008
         206  2.208627226938431E-006
         207  1.475068630778192E-006
         208  2.466504307223032E-006
         209  1.534608001569351E-006
         226  5.786919983996510E-014
         227  4.435491653572768E-015
         230  2.727085065878514E-012
         231  6.658569798101320E-012
         232  5.140210301622272E-007
         234  8.879154742973249E-012
         235  1.430834733412495E-007
         236  1.452997225050944E-009
         238  1.615881645121968E-007
         240  2.821327381609578E-013
         244  3.444002945264162E-009
