           1  7.458069451022039E-005
           2  6.470609901488105E-012
           3  1.574717819390911E-008
           4  8.335893163236835E-005
           6  5.674563962362780E-015
           7  3.114017005274736E-012
           8  2.708281752318958E-013
           9  1.912633244112939E-009
          10  2.713051082138141E-014
          14  1.820966435931464E-015
          15  1.944387930471163E-012
          16  1.190385533526556E-009
          17  8.940288109014811E-011
          18  4.545712457438312E-010
          19  2.080418110775636E-010
          20  4.556549695528043E-009
          21  7.477801004178322E-010
          22  1.491711475399745E-009
          23  4.831131338046527E-009
          24  1.118143550462100E-008
          25  1.367027834033001E-008
          26  1.178654592339111E-008
          27  2.590897123362366E-009
          28  1.596391065797504E-009
          29  8.561997516085135E-010
          30  2.658946976991295E-009
          31  4.828410979740077E-010
          32  6.604777541787897E-010
          33  7.802834692258662E-010
          34  4.341302931642197E-009
          35  2.979107949087313E-010
          36  1.180609468258897E-009
          37  7.875045938880529E-010
          38  1.044485981118666E-009
          39  3.009568280686413E-010
          40  6.291351117873013E-010
          41  8.843040961771712E-010
          42  5.944993899565643E-009
          43  5.200376517635609E-010
          44  9.772689169566390E-010
          45  4.406309518476992E-009
          46  7.380606819984543E-009
          47  8.090104136960686E-009
          48  6.033977630597789E-009
          49  5.117757088772815E-010
          50  3.104268805722005E-009
          51  1.572865430752420E-009
          52  6.399411476651031E-009
          53  2.212572673989029E-010
          54  5.310217410453838E-010
          55  3.408132305203550E-010
          56  4.030251493311835E-010
          57  1.102926239025097E-010
          58  2.034207148404999E-010
          59  1.452096616567394E-010
          60  1.758585825919275E-010
          61  1.785244682479893E-010
          62  8.580037527974011E-010
          63  3.552745133455348E-010
          64  3.588552115492598E-010
          65  3.063476250091653E-010
          66  4.528278815655800E-010
          67  5.884063467232640E-010
          68  8.705864176443228E-010
          69  1.607063842357479E-010
          70  4.684647186254135E-010
          71  1.634463678386552E-010
          72  2.088912503851126E-010
          73  2.165887218817462E-010
          74  4.502404739391595E-010
          75  1.047497996371668E-009
          76  2.811475620124459E-009
          77  5.492227137551632E-009
          78  1.015181743262304E-008
          79  7.830978978957095E-009
          80  3.108681824291669E-008
          81  1.215419403309652E-008
          82  1.057261857622991E-008
          83  4.535292731559861E-009
          84  5.152730996602645E-009
          85  3.396392131921693E-009
          86  3.665138624970909E-009
          87  2.450039604848951E-009
          88  5.821253131769236E-009
          89  2.674860223121537E-009
          90  5.053348364086060E-009
          91  3.362662723659501E-009
          92  2.897836710803896E-009
          93  2.408035124100564E-009
          94  5.467542105611913E-009
          95  2.790440728267502E-009
          96  3.301177023269762E-009
          97  1.458901893763467E-009
          98  1.383173315828304E-009
          99  1.541691512208324E-009
         100  1.367814021770085E-009
         101  1.009884374895045E-009
         102  1.688313041985848E-009
         103  1.601696510189573E-009
         104  1.546715865887679E-009
         105  1.637672140508100E-009
         106  2.124292639273372E-009
         107  1.625824385736678E-009
         108  5.426559168586223E-009
         109  2.443071791132794E-009
         110  6.753897301566218E-009
         111  4.753804116439354E-009
         112  6.307577320232749E-009
         113  3.212350144923263E-009
         114  2.569852386782600E-009
         115  1.363504862092403E-009
         116  1.421014042540252E-009
         117  1.277724208280246E-009
         118  1.359416536420182E-009
         119  4.903772528571919E-010
         120  6.812890572306094E-010
         121  5.524800206005184E-010
         122  7.342760261004186E-010
         123  6.421150531457000E-010
         124  1.749745914548435E-008
         125  7.035467369031952E-008
         126  5.890354220602991E-007
         127  3.068793557306530E-006
         128  2.573109405892504E-005
         129  1.285597429272905E-004
         130  3.195431218280215E-004
         131  1.073537607342843E-003
         132  1.033165367952574E-003
         133  3.499126102390189E-005
         134  8.809076252937625E-005
         135  8.170701784331338E-005
         136  2.146274803241718E-004
         137  1.176532005987613E-004
         138  9.268280512756705E-005
         139  1.426418983390886E-005
         140  3.341679859167822E-005
         141  2.586157638215770E-005
         142  1.010306243114952E-005
         143  1.628905218077804E-006
         144  5.338464692332448E-006
         145  1.932066139332234E-006
         146  8.346761409211306E-006
         147  1.251580102191820E-005
         148  2.154681524193175E-005
         149  1.271851047492530E-005
         150  2.819048765392008E-005
         151  1.636811662856313E-005
         152  6.175452071617697E-005
         153  4.206090489324894E-005
         154  4.266241406922657E-005
         155  1.332650334959674E-005
         156  5.308296929113423E-005
         157  2.234438893790792E-005
         158  2.369348280561813E-005
         159  1.277000088420812E-005
         160  4.634065649583637E-005
         161  3.047024466216708E-005
         162  7.418549129144371E-005
         163  9.003338743673811E-005
         164  1.397117756826507E-004
         165  4.738049340762141E-005
         166  1.814991502918162E-004
         167  4.151369231621046E-005
         168  7.342791231682575E-005
         169  3.778775370100831E-005
         170  4.295172701517394E-005
         171  2.914096010926797E-005
         172  6.019402818679047E-005
         173  2.369983331864639E-005
         174  2.357238374754712E-005
         175  1.270925679311288E-005
         176  2.314438101915872E-005
         177  1.272848625892398E-005
         178  2.117351169262108E-005
         179  6.131982275350496E-006
         180  8.525017454392897E-006
         181  4.397979526314081E-006
         182  1.037649534594773E-005
         183  5.621804687474087E-006
         184  1.045399848017823E-005
         185  3.359092642586544E-006
         186  1.313428092973929E-005
         187  3.795126947588661E-006
         188  1.214679716008213E-005
         189  1.052711916743939E-005
         190  2.226826446912917E-005
         191  2.628633375119783E-005
         192  9.397822043584213E-005
         193  1.247299009284081E-004
         194  3.127180225275026E-004
         195  2.194863872569830E-004
         196  4.230852535639643E-004
         197  2.255414540773507E-004
         198  1.658417377353891E-004
         199  1.337251829774745E-005
         200  2.453816587707132E-006
         201  9.338127319830811E-008
         202  1.164935274347244E-007
         203  2.914775268060002E-008
         204  8.253889903480460E-008
         205  6.862225966324485E-008
         206  2.370335353082321E-006
         207  1.532541747048698E-006
         208  2.596076063727657E-006
         209  1.681565381792753E-006
         226  7.055523815369988E-014
         227  5.339208704251060E-015
         230  3.324914407328236E-012
         231  8.015231816578713E-012
         232  6.161097028780802E-007
         234  1.082563573069113E-011
         235  1.722362673555509E-007
         236  1.754768669188305E-009
         238  1.970113888131510E-007
         240  3.405103257048179E-013
         244  4.156619938063378E-009
