           1  7.387516532968464E-005
           2  6.470609901488105E-012
           3  1.574717819390911E-008
           4  8.156623630015132E-005
           6  5.674563962362780E-015
           7  3.114017005274736E-012
           8  2.708281752318958E-013
           9  1.912633244112939E-009
          10  2.713051082138141E-014
          14  2.381121474200348E-015
          15  2.377146329872094E-012
          16  1.263116601909668E-009
          17  9.353476834494269E-011
          18  4.607855418733167E-010
          19  2.127199893827201E-010
          20  4.606130948714137E-009
          21  7.580515351376305E-010
          22  1.697747257678585E-009
          23  4.844229991521728E-009
          24  1.126091752153300E-008
          25  1.367930497956908E-008
          26  1.236743774207634E-008
          27  2.671219931661086E-009
          28  1.615611854395141E-009
          29  8.661166797346650E-010
          30  2.802514863928262E-009
          31  4.883754083180609E-010
          32  6.219919606760742E-010
          33  7.816935767109086E-010
          34  4.441153211891464E-009
          35  3.002840350335958E-010
          36  1.197496850594338E-009
          37  8.065890006727076E-010
          38  1.078430450359646E-009
          39  2.985579530978074E-010
          40  6.133797479257085E-010
          41  8.813601463698186E-010
          42  6.112093447001805E-009
          43  5.253759177964583E-010
          44  9.648702211837779E-010
          45  4.249373572479812E-009
          46  7.399070232897275E-009
          47  8.219348574386835E-009
          48  6.113407127575608E-009
          49  5.160130204834061E-010
          50  3.128298715825647E-009
          51  1.567737173185040E-009
          52  6.343954482103190E-009
          53  2.195821203352456E-010
          54  5.369575371195628E-010
          55  3.519563326861067E-010
          56  4.036637133555109E-010
          57  1.063067674670686E-010
          58  2.118695376606947E-010
          59  1.464758429932719E-010
          60  1.651392682806741E-010
          61  1.684441154862304E-010
          62  8.135265789394839E-010
          63  3.360879990807564E-010
          64  3.612739758306629E-010
          65  3.081296274512437E-010
          66  4.347517318987892E-010
          67  5.777828666307245E-010
          68  8.521795091264050E-010
          69  1.599615919195771E-010
          70  4.819616184453579E-010
          71  1.659319228071635E-010
          72  2.037390043838159E-010
          73  2.119414913806829E-010
          74  4.214988894685770E-010
          75  9.786340243232620E-010
          76  2.690935913622827E-009
          77  5.435984516191663E-009
          78  1.029914544168351E-008
          79  7.999908609044161E-009
          80  3.243866814720812E-008
          81  1.252057429560655E-008
          82  1.114087080630209E-008
          83  4.852248085808214E-009
          84  5.267680593402895E-009
          85  3.559100945268640E-009
          86  3.847432029954333E-009
          87  2.509593886863992E-009
          88  6.142248061767441E-009
          89  2.820520122917354E-009
          90  5.409882085874595E-009
          91  3.622543421266582E-009
          92  2.943474985236823E-009
          93  2.447134457965637E-009
          94  5.794971671735184E-009
          95  3.007354943578569E-009
          96  3.668645854628537E-009
          97  1.599123469526575E-009
          98  1.461247919019807E-009
          99  1.620244175277729E-009
         100  1.433234583830420E-009
         101  1.064217118371542E-009
         102  1.847827925569617E-009
         103  1.738911102309535E-009
         104  1.694239995213886E-009
         105  1.779994911672920E-009
         106  2.236348974645453E-009
         107  1.717620716239630E-009
         108  5.779615931268868E-009
         109  2.584294996789274E-009
         110  7.226657370023682E-009
         111  5.203701086935120E-009
         112  6.979547104255910E-009
         113  3.545010918131484E-009
         114  2.825438947517109E-009
         115  1.475773529470368E-009
         116  1.543489532334638E-009
         117  1.385354624383800E-009
         118  1.496106851265679E-009
         119  5.543048229641679E-010
         120  7.845474176417725E-010
         121  6.407259776250553E-010
         122  7.947923773270586E-010
         123  7.183025285753573E-010
         124  1.754569928561907E-008
         125  8.054856813703971E-008
         126  6.504186187915300E-007
         127  3.294438762200801E-006
         128  2.708775068726690E-005
         129  1.351020397389757E-004
         130  3.370328853613941E-004
         131  1.113535968641417E-003
         132  1.073084183945365E-003
         133  3.357284994418933E-005
         134  8.438422257079701E-005
         135  9.005743306275801E-005
         136  2.304889810532412E-004
         137  1.233165302343220E-004
         138  8.712143892779149E-005
         139  1.496173704118899E-005
         140  3.437753829681902E-005
         141  2.510358603658628E-005
         142  9.926011331487927E-006
         143  1.633699523605583E-006
         144  5.850329586488447E-006
         145  2.269643476230057E-006
         146  9.642038586329749E-006
         147  1.352011631888529E-005
         148  2.332883698440799E-005
         149  1.409478956719853E-005
         150  1.576244985263273E-005
         151  9.157440985006946E-006
         152  4.369988270649662E-005
         153  3.273347745280730E-005
         154  4.345467103560717E-005
         155  1.586980428331996E-005
         156  2.411549510776539E-005
         157  1.520096465962599E-005
         158  4.963891349100785E-005
         159  3.826939761692921E-005
         160  5.873424483466198E-005
         161  3.153141961107703E-005
         162  8.421515923742834E-005
         163  3.782382420998961E-005
         164  7.681630507645739E-005
         165  3.776968668660049E-005
         166  9.363892299148106E-005
         167  2.299091130608681E-005
         168  4.665844830097697E-005
         169  2.245943156798167E-005
         170  4.023955350321789E-005
         171  3.481524416746922E-005
         172  5.892611149785902E-005
         173  2.609878473176645E-005
         174  3.459696670564979E-005
         175  1.520158254573722E-005
         176  2.155146083058573E-005
         177  1.214744803356783E-005
         178  2.194716272948496E-005
         179  7.610004994215324E-006
         180  1.146464282087180E-005
         181  5.623560155876802E-006
         182  1.242472578711961E-005
         183  6.409525639580715E-006
         184  1.150458806916458E-005
         185  3.631781094217263E-006
         186  1.364847269756876E-005
         187  4.005770914192211E-006
         188  1.325339912882082E-005
         189  1.153421065612735E-005
         190  2.450469679335903E-005
         191  2.797798318358530E-005
         192  1.010070071589648E-004
         193  1.330134226865125E-004
         194  3.318683208873169E-004
         195  2.359022279540554E-004
         196  4.588267072024740E-004
         197  2.411097196386708E-004
         198  1.764337699939313E-004
         199  1.428638404816525E-005
         200  2.531425875635739E-006
         201  9.325067937171611E-008
         202  1.106399643548808E-007
         203  2.674278723044148E-008
         204  9.197540115788844E-008
         205  8.094364639135818E-008
         206  2.302314439819982E-006
         207  1.522058035444191E-006
         208  2.519542824632609E-006
         209  1.590294134952110E-006
         226  5.889989852075966E-014
         227  4.644900769783829E-015
         230  2.775656723817256E-012
         231  6.972935222625770E-012
         232  5.445230629526706E-007
         234  9.037299889363072E-012
         235  1.498387523581010E-007
         236  1.442754225715411E-009
         238  1.644661843993789E-007
         240  2.794751965949536E-013
         244  3.411562254261266E-009
