           1  7.477824201531856E-005
           2  6.470609901488105E-012
           3  1.574717819390911E-008
           4  8.309370039219118E-005
           6  5.674563962362780E-015
           7  3.114017005274736E-012
           8  2.708281752318958E-013
           9  1.912633244112939E-009
          10  2.713051082138141E-014
          14  1.795437376280679E-015
          15  1.853698222974257E-012
          16  1.229969940188774E-009
          17  9.143559088565658E-011
          18  4.468187908590302E-010
          19  1.988903775843114E-010
          20  4.617653524223128E-009
          21  7.550659544110628E-010
          22  1.625604081198443E-009
          23  4.856377845803677E-009
          24  1.125512792886685E-008
          25  1.373889026286986E-008
          26  1.165095028014206E-008
          27  2.489937688493954E-009
          28  1.593065311670388E-009
          29  8.816095397514435E-010
          30  2.784833974591272E-009
          31  4.815580782902267E-010
          32  6.162550988973507E-010
          33  8.093237271950910E-010
          34  4.274337769092981E-009
          35  2.900671921048293E-010
          36  1.176004891961424E-009
          37  6.977826767610931E-010
          38  9.199262295652188E-010
          39  2.866033804132480E-010
          40  6.466178884422510E-010
          41  9.351884669566927E-010
          42  6.282090164078143E-009
          43  5.297202677946391E-010
          44  9.976589518225971E-010
          45  4.411432069142161E-009
          46  7.264002794964804E-009
          47  7.985481034150533E-009
          48  5.989500014994008E-009
          49  4.802445926668964E-010
          50  3.142858028349701E-009
          51  1.615032941759453E-009
          52  6.297429036715355E-009
          53  2.003212937499772E-010
          54  4.728978324715140E-010
          55  3.244907733495213E-010
          56  4.224960689057596E-010
          57  1.122129458880954E-010
          58  2.250984278222214E-010
          59  1.566452189107210E-010
          60  1.776635688072866E-010
          61  1.822777959647574E-010
          62  8.731237737146142E-010
          63  3.580789891253632E-010
          64  3.754820824466998E-010
          65  3.208363246852873E-010
          66  4.503346044452972E-010
          67  5.892861840604706E-010
          68  8.565100043563365E-010
          69  1.599572005749932E-010
          70  4.841097062547790E-010
          71  1.680698293907905E-010
          72  2.103201950633264E-010
          73  2.252906900581158E-010
          74  4.571735920777999E-010
          75  1.069230612375210E-009
          76  2.840645101517544E-009
          77  5.507821843933299E-009
          78  1.018461633944491E-008
          79  7.940795368099944E-009
          80  3.205164348055302E-008
          81  1.152231092475677E-008
          82  1.037596175693568E-008
          83  4.588078020300237E-009
          84  5.318698465667478E-009
          85  3.557207176512897E-009
          86  3.807735072420165E-009
          87  2.378103675610557E-009
          88  5.712555569581585E-009
          89  2.621581060921574E-009
          90  5.058079925175256E-009
          91  3.391237042345981E-009
          92  2.891739595909438E-009
          93  2.394561251011321E-009
          94  5.432486000519156E-009
          95  2.744401840929249E-009
          96  3.332521027794514E-009
          97  1.444716244616251E-009
          98  1.339446888909637E-009
          99  1.487076563157744E-009
         100  1.290324910744133E-009
         101  9.713838779543244E-010
         102  1.702206946080334E-009
         103  1.627870636476846E-009
         104  1.582995337576766E-009
         105  1.700462671547068E-009
         106  2.167945861975829E-009
         107  1.669110197088482E-009
         108  5.580077738189439E-009
         109  2.500507950135880E-009
         110  6.764336709189350E-009
         111  4.728827716855390E-009
         112  6.167364167587314E-009
         113  3.083959699976966E-009
         114  2.418762674424265E-009
         115  1.268010153740349E-009
         116  1.311195822038071E-009
         117  1.191121356176931E-009
         118  1.280527375179247E-009
         119  4.689068754179967E-010
         120  6.687319327385677E-010
         121  5.408856735589544E-010
         122  7.175676294368214E-010
         123  6.480793452171242E-010
         124  1.933829091613218E-008
         125  8.115066557562942E-008
         126  6.617221921468329E-007
         127  3.417767444379161E-006
         128  2.815722713101755E-005
         129  1.362033361133349E-004
         130  3.259278204649402E-004
         131  1.091195324891279E-003
         132  1.007401357516249E-003
         133  3.377941940320936E-005
         134  8.380943384141624E-005
         135  7.358255789685065E-005
         136  2.069673419398805E-004
         137  1.153856721463422E-004
         138  9.098895620282465E-005
         139  1.400740094234349E-005
         140  3.227407865810721E-005
         141  2.529751550028524E-005
         142  9.733236063500258E-006
         143  1.824190646533651E-006
         144  9.333993884203745E-006
         145  5.346265782499295E-006
         146  2.050002299095346E-005
         147  1.379568713582216E-005
         148  2.630102691432429E-005
         149  1.889346960251222E-005
         150  3.808676935603795E-005
         151  1.707963762418188E-005
         152  3.129130890313420E-005
         153  1.165960618194017E-005
         154  4.612377602537888E-005
         155  2.774970346305767E-005
         156  3.615307517957772E-005
         157  1.460685841053271E-005
         158  2.694600397155655E-005
         159  1.883674745845536E-005
         160  1.307231110157573E-004
         161  5.262733176462958E-005
         162  7.122961806031670E-005
         163  3.426697730185300E-005
         164  1.009217201618353E-004
         165  1.083552285250483E-004
         166  1.248344686911070E-004
         167  3.142112735128870E-005
         168  7.823372068801866E-005
         169  3.560132860056295E-005
         170  5.978586797545565E-005
         171  3.799585173342878E-005
         172  4.108412512925089E-005
         173  2.646272639343489E-005
         174  2.905065162286235E-005
         175  1.502262815325504E-005
         176  3.813646170349892E-005
         177  1.272548353610249E-005
         178  1.173806105205371E-005
         179  4.649396079035212E-006
         180  9.266051202506296E-006
         181  5.084595868091768E-006
         182  1.245733810506805E-005
         183  6.776406493005817E-006
         184  1.256701596055182E-005
         185  4.025425310330229E-006
         186  1.579863089483212E-005
         187  4.620332034912600E-006
         188  1.509970819615927E-005
         189  1.312883025717876E-005
         190  2.676001996247789E-005
         191  3.001959892604153E-005
         192  1.042922745011148E-004
         193  1.340228712630948E-004
         194  3.223411952161415E-004
         195  2.181619133772294E-004
         196  4.099890756802572E-004
         197  2.112798265186802E-004
         198  1.498736395113933E-004
         199  1.181328401530960E-005
         200  2.184732689474848E-006
         201  8.651710001071424E-008
         202  1.122287111026968E-007
         203  2.894283767321097E-008
         204  8.936564069052276E-008
         205  7.593982802124176E-008
         206  2.375804813146805E-006
         207  1.570935833176212E-006
         208  2.618066626828671E-006
         209  1.654827792508235E-006
         226  6.828788078927414E-014
         227  5.196913338559635E-015
         230  3.218065229792782E-012
         231  7.801617701525762E-012
         232  5.897376856822576E-007
         234  1.047774398599739E-011
         235  1.676459949001643E-007
         236  1.769956458797402E-009
         238  1.906802469306993E-007
         240  3.440553284621598E-013
         244  4.199893894913751E-009
