           1  7.466924635491646E-005
           2  6.470609901488105E-012
           3  1.574717819390911E-008
           4  8.274400009378797E-005
           6  5.674563962362780E-015
           7  3.114017005274736E-012
           8  2.708281752318958E-013
           9  1.912633244112939E-009
          10  2.713051082138141E-014
          14  1.966568893328092E-015
          15  1.911034686147982E-012
          16  1.229122403979217E-009
          17  9.141100594127549E-011
          18  4.461392001218146E-010
          19  1.974729021798054E-010
          20  4.647413364127088E-009
          21  7.561714831938525E-010
          22  1.561467626606794E-009
          23  4.890148744259940E-009
          24  1.130556653451935E-008
          25  1.381026267645117E-008
          26  1.189861818525873E-008
          27  2.516245480369523E-009
          28  1.550752738311538E-009
          29  8.393169886690267E-010
          30  2.665105263221988E-009
          31  4.576985285965821E-010
          32  6.078557402616997E-010
          33  8.133239314234866E-010
          34  4.265652941136098E-009
          35  2.900530324826967E-010
          36  1.183060799044537E-009
          37  7.892971403716074E-010
          38  1.061604012183154E-009
          39  3.038964131994817E-010
          40  6.190590808897021E-010
          41  8.781264294597017E-010
          42  6.092169233369020E-009
          43  5.117015050668635E-010
          44  1.000153487029213E-009
          45  4.465367477452003E-009
          46  7.383151692226391E-009
          47  7.996521460641708E-009
          48  5.910792317508000E-009
          49  5.259310136233928E-010
          50  3.146942340365687E-009
          51  1.564424469097241E-009
          52  6.239230894405527E-009
          53  2.170617167434737E-010
          54  5.382774646591365E-010
          55  3.511798327590730E-010
          56  4.174779580114851E-010
          57  1.093640993221148E-010
          58  2.178251414879143E-010
          59  1.509623024006678E-010
          60  1.742465424362373E-010
          61  1.824704500505434E-010
          62  8.656449016431419E-010
          63  3.518727562585005E-010
          64  3.670205431322150E-010
          65  3.127469012776827E-010
          66  4.400999544574112E-010
          67  5.820981813551322E-010
          68  8.464702003212624E-010
          69  1.585687559750270E-010
          70  4.792095093682528E-010
          71  1.656192676781638E-010
          72  2.061205189865765E-010
          73  2.214373119383256E-010
          74  4.534286342094239E-010
          75  1.078027556198513E-009
          76  2.849817180245256E-009
          77  5.552592222908296E-009
          78  1.011262994638613E-008
          79  7.932700290788701E-009
          80  3.199179627059780E-008
          81  1.209931463653385E-008
          82  1.057357009827848E-008
          83  4.569484194375656E-009
          84  5.120427341899928E-009
          85  3.455835805949706E-009
          86  3.733871453332088E-009
          87  2.462490997005862E-009
          88  5.942263170100761E-009
          89  2.668951143015383E-009
          90  5.098583164807977E-009
          91  3.438652010678217E-009
          92  2.885352442346067E-009
          93  2.405723168003209E-009
          94  5.608596006170041E-009
          95  2.839330189579081E-009
          96  3.410803982238993E-009
          97  1.471597414555439E-009
          98  1.351805365590320E-009
          99  1.506385092065032E-009
         100  1.312885311739496E-009
         101  9.830978261544352E-010
         102  1.734529978788518E-009
         103  1.645849790248469E-009
         104  1.599120068696819E-009
         105  1.717648346906669E-009
         106  2.203749860948103E-009
         107  1.705953078203385E-009
         108  5.742529628684664E-009
         109  2.552104008001299E-009
         110  6.922451510980383E-009
         111  4.899624054568797E-009
         112  6.405468358920152E-009
         113  3.194933917489450E-009
         114  2.492248527371543E-009
         115  1.307411360822031E-009
         116  1.351107730215493E-009
         117  1.220674741523789E-009
         118  1.314243709289708E-009
         119  4.815270574348926E-010
         120  6.842399676397527E-010
         121  5.577469388342456E-010
         122  7.280004060719756E-010
         123  6.646459085572758E-010
         124  1.933502403023920E-008
         125  8.433746508191726E-008
         126  6.824980268750004E-007
         127  3.498499570050752E-006
         128  2.858697263753706E-005
         129  1.380414301400305E-004
         130  3.274554650711780E-004
         131  1.089569476131335E-003
         132  1.018414423850891E-003
         133  3.350948195869685E-005
         134  8.403989072287237E-005
         135  8.167358589266796E-005
         136  2.126798333991044E-004
         137  1.153655274082027E-004
         138  8.606918810822055E-005
         139  1.445614325988869E-005
         140  3.353749804685176E-005
         141  2.564335936243273E-005
         142  9.718906886974284E-006
         143  1.882719528302532E-006
         144  1.036232058909406E-005
         145  6.447902980337285E-006
         146  2.480528698240044E-005
         147  1.548744582352226E-005
         148  1.243231220157829E-005
         149  1.144961417384211E-005
         150  4.314824321433976E-005
         151  2.245989444189945E-005
         152  3.679908847108501E-005
         153  1.359557911830116E-005
         154  2.203102267420641E-005
         155  1.012998698640132E-005
         156  2.916017668619147E-005
         157  2.108153978344855E-005
         158  9.257394965047582E-005
         159  6.977076941775766E-005
         160  8.707182059489910E-005
         161  3.365937661790877E-005
         162  6.331226157696296E-005
         163  3.690219180383567E-005
         164  9.446235195207391E-005
         165  6.024872093681908E-005
         166  1.172583598187433E-004
         167  2.868478649949951E-005
         168  7.423135966887617E-005
         169  5.616068668605002E-005
         170  5.120348510800017E-005
         171  2.313038941209404E-005
         172  4.549975519691524E-005
         173  2.242085298068815E-005
         174  4.350563340951279E-005
         175  2.560068797117486E-005
         176  1.532298647644838E-005
         177  5.556291347953289E-006
         178  1.108120610382698E-005
         179  7.139465558019871E-006
         180  1.543870040207141E-005
         181  6.960658387460396E-006
         182  1.432825168721329E-005
         183  7.350702579447529E-006
         184  1.324144681804347E-005
         185  4.222062502639482E-006
         186  1.627865896799478E-005
         187  4.738063163024408E-006
         188  1.560843276370329E-005
         189  1.360683338393427E-005
         190  2.790160330520008E-005
         191  3.093517407650819E-005
         192  1.078256389797999E-004
         193  1.379115667225978E-004
         194  3.315808724711316E-004
         195  2.223856902290456E-004
         196  4.129460155177600E-004
         197  2.120942408229847E-004
         198  1.496230624253034E-004
         199  1.187858268671583E-005
         200  2.144154317897364E-006
         201  8.314552707366307E-008
         202  1.055427154406173E-007
         203  2.684063860733833E-008
         204  8.204028913023253E-008
         205  7.034376482462036E-008
         206  2.314163709649531E-006
         207  1.517946276904915E-006
         208  2.544709491059392E-006
         209  1.618009192691819E-006
         226  6.607807108222178E-014
         227  5.070714194402034E-015
         230  3.113927984639895E-012
         231  7.612167269541028E-012
         232  5.794782587102835E-007
         234  1.013868206021123E-011
         235  1.635749666378931E-007
         236  1.704182197251730E-009
         238  1.845097953697426E-007
         240  3.311536034755610E-013
         244  4.042402144248911E-009
