           1  7.448475670488483E-005
           2  6.470609901488105E-012
           3  1.574717819390911E-008
           4  8.069510562091947E-005
           6  5.674563962362780E-015
           7  3.114017005274736E-012
           8  2.708281752318958E-013
           9  1.912633244112939E-009
          10  2.713051082138141E-014
          14  1.750468992644180E-015
          15  2.011192629736407E-012
          16  1.211328685603151E-009
          17  9.047770565633271E-011
          18  4.368047991784908E-010
          19  1.845774743393609E-010
          20  4.635665922497007E-009
          21  7.571581498319288E-010
          22  1.449416392378999E-009
          23  4.897536464029789E-009
          24  1.130077385530409E-008
          25  1.376024584038583E-008
          26  1.150220988084493E-008
          27  2.440193462410910E-009
          28  1.567183930714858E-009
          29  8.197102290493480E-010
          30  2.620273363630862E-009
          31  4.485180097050563E-010
          32  6.323922213546413E-010
          33  8.753335598317145E-010
          34  4.421778139671833E-009
          35  2.785553533894256E-010
          36  1.088299898058381E-009
          37  7.883822078470239E-010
          38  1.078852713794786E-009
          39  3.098831105900027E-010
          40  6.270415337654686E-010
          41  8.859410353876373E-010
          42  6.233217753863255E-009
          43  5.177130334971520E-010
          44  1.001994728840900E-009
          45  4.533470003280691E-009
          46  7.351650753936244E-009
          47  7.873253719033501E-009
          48  5.797825844393648E-009
          49  5.229459468797100E-010
          50  3.081253706347454E-009
          51  1.530663574240048E-009
          52  6.395233475696413E-009
          53  2.324499931806748E-010
          54  5.951187927809611E-010
          55  3.899956918176067E-010
          56  4.222727365705852E-010
          57  1.092067932377321E-010
          58  2.167193094434844E-010
          59  1.492788066990737E-010
          60  1.771094810052957E-010
          61  1.921428293780597E-010
          62  8.979990298474765E-010
          63  3.628547128662452E-010
          64  3.720700029905543E-010
          65  3.123057159615005E-010
          66  4.389318286626858E-010
          67  5.948485838268314E-010
          68  8.784327833172918E-010
          69  1.663453196951300E-010
          70  4.993729739016865E-010
          71  1.698632539554450E-010
          72  2.061083840168323E-010
          73  2.152134532982155E-010
          74  4.544602424736239E-010
          75  1.119479755989276E-009
          76  2.917459160627154E-009
          77  5.540218830573339E-009
          78  9.898018773242035E-009
          79  7.825901472501019E-009
          80  3.180143185813046E-008
          81  1.162254836437795E-008
          82  1.008960048599596E-008
          83  4.364967992918472E-009
          84  4.977784910536654E-009
          85  3.379354583448110E-009
          86  3.658384480779009E-009
          87  2.474114287749654E-009
          88  6.004315420790670E-009
          89  2.745398099821103E-009
          90  5.259734887163384E-009
          91  3.417542869170798E-009
          92  2.797199504410781E-009
          93  2.364667160824990E-009
          94  5.700865594169221E-009
          95  2.861004428101624E-009
          96  3.251989599512581E-009
          97  1.401452519237160E-009
          98  1.295045329221699E-009
          99  1.434047902657876E-009
         100  1.262127508023820E-009
         101  9.699707456017690E-010
         102  1.730963510441850E-009
         103  1.647080754238248E-009
         104  1.599810548207354E-009
         105  1.688379520823557E-009
         106  2.180029798889775E-009
         107  1.708526283983199E-009
         108  5.686157717714021E-009
         109  2.509604304207373E-009
         110  6.712756355896162E-009
         111  4.767325568163537E-009
         112  6.177040651900093E-009
         113  3.080389581095975E-009
         114  2.407046793200146E-009
         115  1.248622244006590E-009
         116  1.275094932363527E-009
         117  1.126137408920178E-009
         118  1.198893700107216E-009
         119  4.470318376824736E-010
         120  6.310280999241130E-010
         121  5.104051168282217E-010
         122  6.446016756762851E-010
         123  6.112304691917449E-010
         124  1.717936186677936E-008
         125  8.189458243638322E-008
         126  6.628980547145886E-007
         127  3.443182590628072E-006
         128  2.834136093746933E-005
         129  1.358039394339936E-004
         130  3.185644224067302E-004
         131  1.060294388985124E-003
         132  1.026055157217484E-003
         133  3.477007673541976E-005
         134  8.819115795059722E-005
         135  8.518016885603891E-005
         136  2.174355001073995E-004
         137  1.190833356326391E-004
         138  9.796370676153746E-005
         139  1.474299440035449E-005
         140  3.373639103420708E-005
         141  2.604575321864265E-005
         142  1.053101051911755E-005
         143  1.969407497042203E-006
         144  9.527219974850942E-006
         145  5.911759578952229E-006
         146  2.313393330242315E-005
         147  1.579746526153936E-005
         148  3.527845654779367E-005
         149  2.775192872868622E-005
         150  6.194877822879619E-005
         151  2.242942249380042E-005
         152  3.467794057243081E-005
         153  1.868678900758365E-005
         154  6.642024320837451E-005
         155  3.846899657469557E-005
         156  5.453830734451069E-005
         157  2.652029976292319E-005
         158  5.329982473610086E-005
         159  2.317730917231766E-005
         160  3.392516019131500E-005
         161  1.940327605583436E-005
         162  7.193049889030762E-005
         163  4.157086458057918E-005
         164  1.383242839973626E-004
         165  6.241273691498133E-005
         166  1.443387416284994E-004
         167  3.025221581366836E-005
         168  2.984983789295079E-005
         169  1.801911364924863E-005
         170  3.589562835996521E-005
         171  2.550463869838999E-005
         172  4.578290400021165E-005
         173  1.670616162305361E-005
         174  1.626920831713201E-005
         175  9.616883428560007E-006
         176  1.206572665631817E-005
         177  6.704106236581789E-006
         178  1.353668042671943E-005
         179  7.367987731806956E-006
         180  1.392909690923802E-005
         181  6.106878112109250E-006
         182  1.248558162905873E-005
         183  6.509150475905653E-006
         184  1.191870406358802E-005
         185  3.829529466480310E-006
         186  1.491171485052023E-005
         187  4.341203670494834E-006
         188  1.440594372939818E-005
         189  1.281652303587080E-005
         190  2.705711621654340E-005
         191  3.056163011604145E-005
         192  1.077811767008762E-004
         193  1.389489463468501E-004
         194  3.368880896614305E-004
         195  2.311660544742895E-004
         196  4.365376938610601E-004
         197  2.246162118146135E-004
         198  1.587341137809829E-004
         199  1.274812764661879E-005
         200  2.324590962272676E-006
         201  9.172261193385797E-008
         202  1.183356425992681E-007
         203  3.046231980359651E-008
         204  8.006159782856522E-008
         205  6.488234987933854E-008
         206  2.201001666082569E-006
         207  1.444771381662326E-006
         208  2.443901319662079E-006
         209  1.544180044963372E-006
         226  5.314960881751771E-014
         227  4.152932218870852E-015
         230  2.504674418591804E-012
         231  6.234390955027797E-012
         232  4.869328921318094E-007
         234  8.155004778436895E-012
         235  1.339684555483687E-007
         236  1.308235941050115E-009
         238  1.484096506797166E-007
         240  2.537646838891007E-013
         244  3.097713240990453E-009
