           1  7.448250634926720E-005
           2  6.470609901488105E-012
           3  1.574717819390911E-008
           4  8.202198958876513E-005
           6  5.674563962362780E-015
           7  3.114017005274736E-012
           8  2.708281752318958E-013
           9  1.912633244112939E-009
          10  2.713051082138141E-014
          14  2.150810750047139E-015
          15  2.023867659409569E-012
          16  1.249753154561599E-009
          17  9.262411162153352E-011
          18  4.520773227130268E-010
          19  2.040002135979913E-010
          20  4.583898095299170E-009
          21  7.560408294552934E-010
          22  1.713434261631146E-009
          23  4.824294164403914E-009
          24  1.122476063456811E-008
          25  1.361186358465706E-008
          26  1.236884882415606E-008
          27  2.656151770631299E-009
          28  1.591879747474489E-009
          29  8.392401091577573E-010
          30  2.741484288455501E-009
          31  4.698909694383861E-010
          32  5.922691708302582E-010
          33  7.739637820201892E-010
          34  4.322553764766042E-009
          35  2.940318337063852E-010
          36  1.191561966234942E-009
          37  8.022972032475751E-010
          38  1.077444051000323E-009
          39  3.009957259289846E-010
          40  6.097793584789078E-010
          41  8.732114749486167E-010
          42  6.110231535260086E-009
          43  5.152521105692542E-010
          44  9.552373912819619E-010
          45  4.211109107390319E-009
          46  7.342493300314118E-009
          47  8.185231497661811E-009
          48  6.117028559041452E-009
          49  5.217327806173445E-010
          50  3.174813914954543E-009
          51  1.580868389422830E-009
          52  6.242211401591369E-009
          53  2.090381331339153E-010
          54  5.119872790559403E-010
          55  3.462825024745123E-010
          56  4.062121489008674E-010
          57  1.058235115496183E-010
          58  2.162153219968972E-010
          59  1.476999586480506E-010
          60  1.633562245504297E-010
          61  1.681380244464164E-010
          62  8.150016873256395E-010
          63  3.374762582945219E-010
          64  3.669322345550430E-010
          65  3.123524923775434E-010
          66  4.319081057129690E-010
          67  5.776618053409158E-010
          68  8.518111199780983E-010
          69  1.616001531506550E-010
          70  4.933014385274429E-010
          71  1.684794110215599E-010
          72  2.041747724244797E-010
          73  2.126339088297415E-010
          74  4.235229179492268E-010
          75  9.953963730563001E-010
          76  2.736206341537173E-009
          77  5.500013264866809E-009
          78  1.028624374957581E-008
          79  7.950821399508662E-009
          80  3.243996531925125E-008
          81  1.222134007381195E-008
          82  1.090982542579129E-008
          83  4.755438056053691E-009
          84  5.146133564763755E-009
          85  3.499372553429995E-009
          86  3.767103997210847E-009
          87  2.399174351650564E-009
          88  5.961042209187793E-009
          89  2.746485935779252E-009
          90  5.268395670932269E-009
          91  3.472894263854852E-009
          92  2.813100743268073E-009
          93  2.365470652926022E-009
          94  5.738551141653380E-009
          95  2.938154045561813E-009
          96  3.582227765399453E-009
          97  1.552393721112514E-009
          98  1.410045398900154E-009
          99  1.549244195494083E-009
         100  1.350532484463218E-009
         101  1.016041996790817E-009
         102  1.776332740718120E-009
         103  1.685264398005532E-009
         104  1.637672360484153E-009
         105  1.719813353691610E-009
         106  2.156418633749336E-009
         107  1.665170940023275E-009
         108  5.580302138593327E-009
         109  2.519235906187662E-009
         110  7.071004781796872E-009
         111  5.036603172811875E-009
         112  6.693528405936879E-009
         113  3.376482652737445E-009
         114  2.672468308644491E-009
         115  1.400396472520547E-009
         116  1.462447063633983E-009
         117  1.324381391789920E-009
         118  1.437649409799221E-009
         119  5.315340920483872E-010
         120  7.580775542601068E-010
         121  6.170731462055816E-010
         122  7.826358824017320E-010
         123  6.999989606711886E-010
         124  1.860107582563469E-008
         125  8.127799236098626E-008
         126  6.546183077188454E-007
         127  3.341878034775532E-006
         128  2.749437571749641E-005
         129  1.354615658712535E-004
         130  3.339774130793586E-004
         131  1.106772170618522E-003
         132  1.037030609779737E-003
         133  3.279810589463853E-005
         134  8.250055102935450E-005
         135  8.439623199897862E-005
         136  2.175159881187705E-004
         137  1.168321716361852E-004
         138  8.275733266873693E-005
         139  1.421885895075164E-005
         140  3.328462715715480E-005
         141  2.505979666832100E-005
         142  9.725656637915167E-006
         143  1.801951089603071E-006
         144  8.849429857781526E-006
         145  5.049028607867742E-006
         146  2.054269522545968E-005
         147  1.750292363183847E-005
         148  1.530288536429864E-005
         149  7.972956070880421E-006
         150  1.784789240743726E-005
         151  2.009048254647529E-005
         152  2.687621376709723E-005
         153  8.566093381434196E-006
         154  3.453543182027730E-005
         155  1.841204210670440E-005
         156  2.698762212436269E-005
         157  1.640083681289041E-005
         158  5.154325101535878E-005
         159  2.604984701193705E-005
         160  6.301969597198381E-005
         161  3.916437645834352E-005
         162  1.497861781395662E-004
         163  5.607744265111969E-005
         164  9.649862613169433E-005
         165  6.785855759973253E-005
         166  8.376114906012651E-005
         167  5.313106054206528E-005
         168  9.484871918767901E-005
         169  2.887882744043547E-005
         170  4.250216357403951E-005
         171  2.176954263268367E-005
         172  3.491372441113971E-005
         173  1.792123726472377E-005
         174  3.888422809449467E-005
         175  1.907499134474880E-005
         176  2.012504386891944E-005
         177  1.028041414711838E-005
         178  2.012950868200385E-005
         179  9.815607075008066E-006
         180  1.696010368868436E-005
         181  7.324407394892589E-006
         182  1.431271940369818E-005
         183  7.106357523661322E-006
         184  1.239257141697535E-005
         185  3.870372946140567E-006
         186  1.453657775513991E-005
         187  4.270413794018080E-006
         188  1.418993190496758E-005
         189  1.246360915318727E-005
         190  2.599545912027074E-005
         191  2.942136613462223E-005
         192  1.035908556933931E-004
         193  1.332745493331629E-004
         194  3.230363580582615E-004
         195  2.245330730458894E-004
         196  4.297098099026662E-004
         197  2.216826545177648E-004
         198  1.581389722691403E-004
         199  1.256366928895038E-005
         200  2.220558035350126E-006
         201  8.245426506628180E-008
         202  1.011864887177379E-007
         203  2.524582757534625E-008
         204  8.443776751402232E-008
         205  7.413599834085972E-008
         206  2.268672836253349E-006
         207  1.492958555265086E-006
         208  2.484597615523754E-006
         209  1.578543614350884E-006
         226  6.442591644756526E-014
         227  5.006490283003246E-015
         230  3.036070225362876E-012
         231  7.515754192895637E-012
         232  5.729174826921068E-007
         234  9.885183883270751E-012
         235  1.615031827112799E-007
         236  1.626075603833602E-009
         238  1.798964840462275E-007
         240  3.156217354644795E-013
         244  3.852804157413716E-009
