           1  7.475319353340569E-005
           2  6.470609901488105E-012
           3  1.574717819390911E-008
           4  8.241652856369142E-005
           6  5.674563962362780E-015
           7  3.114017005274736E-012
           8  2.708281752318958E-013
           9  1.912633244112939E-009
          10  2.713051082138141E-014
          14  1.867064673861755E-015
          15  1.855569467832321E-012
          16  1.221288496547728E-009
          17  9.101964532387171E-011
          18  4.478323183729612E-010
          19  1.995679059970944E-010
          20  4.538783084863956E-009
          21  7.521121785467024E-010
          22  1.682716725198447E-009
          23  4.789208994334232E-009
          24  1.114299864088328E-008
          25  1.352667386420833E-008
          26  1.207384275986318E-008
          27  2.625131977667092E-009
          28  1.599220902706521E-009
          29  8.438219899241066E-010
          30  2.760778042773572E-009
          31  4.768578729270658E-010
          32  5.947654088728956E-010
          33  7.656608469943046E-010
          34  4.281273585495261E-009
          35  2.964486920057112E-010
          36  1.212584225177837E-009
          37  7.610361219732458E-010
          38  1.007320871699424E-009
          39  2.925093024854545E-010
          40  6.131049962708777E-010
          41  8.804067328519721E-010
          42  6.165150492077816E-009
          43  5.158172695329544E-010
          44  9.512158932816176E-010
          45  4.218756452617497E-009
          46  7.279814978791973E-009
          47  8.145891892694337E-009
          48  6.115253652155358E-009
          49  5.068316834437887E-010
          50  3.185959066923928E-009
          51  1.602727848283596E-009
          52  6.236460033593001E-009
          53  2.021704066820562E-010
          54  4.898758884386079E-010
          55  3.388722945028794E-010
          56  4.216815172317920E-010
          57  1.096978187849267E-010
          58  2.206928801086552E-010
          59  1.522529225316707E-010
          60  1.675698223541591E-010
          61  1.726872348766745E-010
          62  8.378525809445070E-010
          63  3.436800010711022E-010
          64  3.686912667060929E-010
          65  3.154008658493801E-010
          66  4.351589640888409E-010
          67  5.859881720456997E-010
          68  8.624862443060529E-010
          69  1.623464196509959E-010
          70  4.927973089030514E-010
          71  1.698308842123919E-010
          72  2.059388194779746E-010
          73  2.165060458601662E-010
          74  4.354956519897272E-010
          75  1.013005038758187E-009
          76  2.778645574774321E-009
          77  5.493860242116120E-009
          78  1.021173257116762E-008
          79  7.856206346755339E-009
          80  3.209191496544341E-008
          81  1.180259450919571E-008
          82  1.060503589837358E-008
          83  4.638064855810305E-009
          84  5.171600612235757E-009
          85  3.494663603303604E-009
          86  3.735542435123687E-009
          87  2.307586877074983E-009
          88  5.723697277026449E-009
          89  2.668600406739908E-009
          90  5.103326962293551E-009
          91  3.304668512687075E-009
          92  2.766183816112156E-009
          93  2.345167539110519E-009
          94  5.605238125299123E-009
          95  2.824805650533032E-009
          96  3.437831547092094E-009
          97  1.472500316074257E-009
          98  1.330112158286946E-009
          99  1.482780294780490E-009
         100  1.288965996714575E-009
         101  9.799142917429221E-010
         102  1.722969854621910E-009
         103  1.618455097044729E-009
         104  1.563546591243564E-009
         105  1.655511721891839E-009
         106  2.081882161575282E-009
         107  1.621554087605415E-009
         108  5.407664649928617E-009
         109  2.431901744003285E-009
         110  6.777370060354647E-009
         111  4.838121381054322E-009
         112  6.391693479981655E-009
         113  3.182964378374857E-009
         114  2.501827261980336E-009
         115  1.327695235986754E-009
         116  1.375010967870384E-009
         117  1.226767269372495E-009
         118  1.337597576119119E-009
         119  5.030879013852676E-010
         120  7.217258648284883E-010
         121  5.883145605600926E-010
         122  7.601873827923015E-010
         123  6.703113470563321E-010
         124  1.865801324274492E-008
         125  7.708521239199714E-008
         126  6.219315226120510E-007
         127  3.227905096889428E-006
         128  2.679354778871118E-005
         129  1.319707374354152E-004
         130  3.261391628853372E-004
         131  1.092146600908986E-003
         132  1.017363809997210E-003
         133  3.346186868732744E-005
         134  8.389858329753144E-005
         135  7.757209567625789E-005
         136  2.084867799943712E-004
         137  1.142808280485725E-004
         138  8.593465957964396E-005
         139  1.321474809420961E-005
         140  3.057142248173937E-005
         141  2.288930172604306E-005
         142  8.508716358226580E-006
         143  1.492013860335727E-006
         144  6.810823998990290E-006
         145  3.762771744595882E-006
         146  1.505589748171634E-005
         147  1.239931620129804E-005
         148  2.291000913818242E-005
         149  1.550616975315105E-005
         150  2.810416670700296E-005
         151  2.191451389275592E-005
         152  7.801493283588378E-005
         153  3.666486592456660E-005
         154  5.343533499652006E-005
         155  1.798628716015393E-005
         156  2.295773882691723E-005
         157  1.429482054648427E-005
         158  6.232942792099233E-005
         159  5.763754862070693E-005
         160  7.215059520691992E-005
         161  2.895427100443743E-005
         162  7.171933808822820E-005
         163  2.914127984074818E-005
         164  9.150972457591321E-005
         165  8.743600348241547E-005
         166  1.061902582367904E-004
         167  3.277834626995500E-005
         168  1.307758068362024E-004
         169  3.758952966769621E-005
         170  2.857393560866999E-005
         171  1.585567984285388E-005
         172  2.953638037542090E-005
         173  1.765255625167306E-005
         174  4.595070218835571E-005
         175  3.296891238667462E-005
         176  3.065271466590578E-005
         177  1.269494283917120E-005
         178  2.081826404465240E-005
         179  6.452396819511176E-006
         180  1.027071869052121E-005
         181  5.553432466737697E-006
         182  1.341678961871288E-005
         183  7.075040844670993E-006
         184  1.281312163483063E-005
         185  4.074282289045147E-006
         186  1.570822409279776E-005
         187  4.521669429418044E-006
         188  1.458642231499783E-005
         189  1.265957173462599E-005
         190  2.609847236601053E-005
         191  2.996052349490982E-005
         192  1.041068244434561E-004
         193  1.312908591116797E-004
         194  3.140427658394772E-004
         195  2.192202920332293E-004
         196  4.211840237224897E-004
         197  2.160587671553932E-004
         198  1.534643357124854E-004
         199  1.205176945586478E-005
         200  2.156744049721549E-006
         201  8.134233466690034E-008
         202  1.038067013982675E-007
         203  2.680315303491609E-008
         204  8.316144831029679E-008
         205  7.127542362204691E-008
         206  2.295134637078504E-006
         207  1.508406680577074E-006
         208  2.514103460901566E-006
         209  1.607787141563309E-006
         226  6.789844728926473E-014
         227  5.232175975123229E-015
         230  3.199713182676779E-012
         231  7.854554048871753E-012
         232  5.896866930505759E-007
         234  1.041799129685975E-011
         235  1.687835239302607E-007
         236  1.756689840333841E-009
         238  1.895928317834342E-007
         240  3.412839744671772E-013
         244  4.166063892116824E-009
