           1  7.416288405559579E-005
           2  6.470609901488105E-012
           3  1.574717819390911E-008
           4  8.010403338424497E-005
           6  5.674563962362780E-015
           7  3.114017005274736E-012
           8  2.708281752318958E-013
           9  1.912633244112939E-009
          10  2.713051082138141E-014
          14  2.151420396299173E-015
          15  2.185610740682670E-012
          16  1.231352777184463E-009
          17  9.182418508110904E-011
          18  4.589059016156952E-010
          19  2.107976511995782E-010
          20  4.488069786270751E-009
          21  7.460325827834573E-010
          22  1.765526253470755E-009
          23  4.732583565688609E-009
          24  1.106493932436298E-008
          25  1.343580768979185E-008
          26  1.235536341342902E-008
          27  2.743476239062232E-009
          28  1.650554473472281E-009
          29  8.686986376459846E-010
          30  2.859685604500336E-009
          31  5.117699312892650E-010
          32  6.004071654783161E-010
          33  7.407212487074972E-010
          34  4.416145220288059E-009
          35  3.051882207548887E-010
          36  1.203454232705512E-009
          37  7.805220255517313E-010
          38  1.029628220752066E-009
          39  2.951190789663269E-010
          40  6.205856878591210E-010
          41  8.855974841143270E-010
          42  6.132064632662480E-009
          43  5.452147495661807E-010
          44  9.380202975123386E-010
          45  4.081219183363282E-009
          46  7.273379102795266E-009
          47  8.247536459408515E-009
          48  6.242866330616385E-009
          49  5.073793014758496E-010
          50  3.153646114257025E-009
          51  1.601703659889150E-009
          52  6.406541299533124E-009
          53  2.130434027932508E-010
          54  5.039668850877406E-010
          55  3.397543013889292E-010
          56  4.019522005481977E-010
          57  1.091543477535311E-010
          58  2.163376670197888E-010
          59  1.506026825804134E-010
          60  1.659475228950858E-010
          61  1.605628956795103E-010
          62  7.870277019993551E-010
          63  3.338035709017551E-010
          64  3.636619657043277E-010
          65  3.109920108826826E-010
          66  4.442369971844382E-010
          67  5.762648357470792E-010
          68  8.628366342593218E-010
          69  1.633358078925300E-010
          70  4.886240846342008E-010
          71  1.690951926166359E-010
          72  2.108388612996844E-010
          73  2.135734413255453E-010
          74  4.178023502439523E-010
          75  9.410503266540623E-010
          76  2.651350939199776E-009
          77  5.422598914443403E-009
          78  1.031100037079078E-008
          79  7.875066752794037E-009
          80  3.203098897324762E-008
          81  1.218951772726513E-008
          82  1.109694389301263E-008
          83  4.882448986686068E-009
          84  5.194572427045637E-009
          85  3.517386265517259E-009
          86  3.789342865720465E-009
          87  2.384576743678121E-009
          88  5.893740891722872E-009
          89  2.757008164009442E-009
          90  5.203453137140815E-009
          91  3.469547903794878E-009
          92  2.833044821229533E-009
          93  2.347805152647124E-009
          94  5.545346187303427E-009
          95  2.922026466340474E-009
          96  3.578576272582205E-009
          97  1.588057497726603E-009
          98  1.465980448819104E-009
          99  1.611865244141201E-009
         100  1.438140776702725E-009
         101  1.060958549103519E-009
         102  1.795541462095644E-009
         103  1.692705993698582E-009
         104  1.643747863190179E-009
         105  1.694367875146769E-009
         106  2.110815891699023E-009
         107  1.604800074783382E-009
         108  5.313438816734926E-009
         109  2.410220724328659E-009
         110  6.865224372906109E-009
         111  4.948493150980637E-009
         112  6.734224797559019E-009
         113  3.473513935700986E-009
         114  2.820980683269705E-009
         115  1.498467394560725E-009
         116  1.566472007569719E-009
         117  1.362034123261691E-009
         118  1.473225310643198E-009
         119  5.609911767675134E-010
         120  7.888195502543331E-010
         121  6.469741368664636E-010
         122  8.053259061490895E-010
         123  7.069584480280626E-010
         124  1.597315404683288E-008
         125  6.939408608973134E-008
         126  5.715039511186111E-007
         127  2.951246634375302E-006
         128  2.482604927730268E-005
         129  1.267199652752239E-004
         130  3.278150947208722E-004
         131  1.108000885745906E-003
         132  1.058144030512716E-003
         133  3.367112481411925E-005
         134  8.473574161295016E-005
         135  8.433836864807054E-005
         136  2.244931229818650E-004
         137  1.220288729268580E-004
         138  8.824908789226869E-005
         139  1.435736196405986E-005
         140  3.375588333753695E-005
         141  2.530669910354031E-005
         142  1.013847120659964E-005
         143  1.887879968895956E-006
         144  9.071894196925600E-006
         145  4.579117692903782E-006
         146  1.687744111809128E-005
         147  1.237061813070069E-005
         148  2.082530955086677E-005
         149  1.445784761788093E-005
         150  2.679700043709010E-005
         151  1.577112006274279E-005
         152  4.709698421694977E-005
         153  2.504743692054346E-005
         154  4.315119966461993E-005
         155  1.887450839298355E-005
         156  2.323746523574262E-005
         157  2.140866830490121E-005
         158  4.453002737791316E-005
         159  2.018892304978492E-005
         160  5.203249419952065E-005
         161  3.319242046453374E-005
         162  1.465191680920970E-004
         163  1.008183301010477E-004
         164  7.994126167905856E-005
         165  2.064427354070529E-005
         166  2.937608318754655E-005
         167  1.372421704463486E-005
         168  8.976507540957207E-005
         169  5.769355427990801E-005
         170  3.608183200674126E-005
         171  1.374474541740043E-005
         172  3.182707751129849E-005
         173  2.513709303962216E-005
         174  6.121604565994877E-005
         175  2.306397989751884E-005
         176  2.420618075831683E-005
         177  8.562901687656749E-006
         178  2.281057046580533E-005
         179  6.903029749117119E-006
         180  9.982859598108013E-006
         181  5.141046127492357E-006
         182  1.213462346585901E-005
         183  6.397926608155331E-006
         184  1.153847987764217E-005
         185  3.605679717009651E-006
         186  1.340469923792940E-005
         187  3.908153193301739E-006
         188  1.260183653009059E-005
         189  1.071410775477121E-005
         190  2.290607516025720E-005
         191  2.643305849460168E-005
         192  9.484626578594014E-005
         193  1.250149924140034E-004
         194  3.152449451199361E-004
         195  2.296834591090642E-004
         196  4.535891502382581E-004
         197  2.419455000977507E-004
         198  1.789612105281583E-004
         199  1.457467685485402E-005
         200  2.550983329395549E-006
         201  8.717279688185205E-008
         202  1.027590002976549E-007
         203  2.556821542426283E-008
         204  8.258391928431462E-008
         205  7.172675144896939E-008
         206  2.131703908738380E-006
         207  1.409693612024278E-006
         208  2.323630558027055E-006
         209  1.493250268024352E-006
         226  5.872951877048905E-014
         227  4.549527362952296E-015
         230  2.767627580961020E-012
         231  6.829760455120807E-012
         232  5.313106880760335E-007
         234  9.011157689852700E-012
         235  1.467621242456680E-007
         236  1.416477569920879E-009
         238  1.639904330291782E-007
         240  2.742800964625029E-013
         244  3.348145508392891E-009
