           1  7.414415879757406E-005
           2  6.470609901488105E-012
           3  1.574717819390911E-008
           4  7.942374547669521E-005
           6  5.674563962362780E-015
           7  3.114017005274736E-012
           8  2.708281752318958E-013
           9  1.912633244112939E-009
          10  2.713051082138141E-014
          14  2.272293654390061E-015
          15  2.181278202585043E-012
          16  1.251375300038261E-009
          17  9.288291248507604E-011
          18  4.565545365676828E-010
          19  2.077152763379114E-010
          20  4.591315432794546E-009
          21  7.600972779056137E-010
          22  1.679458171472045E-009
          23  4.832524791775999E-009
          24  1.123856438886517E-008
          25  1.362859034754129E-008
          26  1.236754230815648E-008
          27  2.723772861593089E-009
          28  1.607962268609612E-009
          29  8.280295840324757E-010
          30  2.710781163476112E-009
          31  4.824469245462921E-010
          32  6.004535501532234E-010
          33  7.650181509357384E-010
          34  4.486740393364167E-009
          35  2.979450368337709E-010
          36  1.159463350405844E-009
          37  8.323986082714762E-010
          38  1.116835592686250E-009
          39  3.004051563256157E-010
          40  5.943470143572284E-010
          41  8.447636711147811E-010
          42  6.043561040667911E-009
          43  5.265863348164573E-010
          44  9.502815878292223E-010
          45  4.207403777996828E-009
          46  7.411005620747247E-009
          47  8.243537430564261E-009
          48  6.119690315901673E-009
          49  5.337734463080108E-010
          50  3.122438417069430E-009
          51  1.548134719135386E-009
          52  6.303812151159420E-009
          53  2.311775737488783E-010
          54  5.802745223986369E-010
          55  3.742686786900153E-010
          56  4.028900426255018E-010
          57  1.070150383877616E-010
          58  2.043794284073675E-010
          59  1.431589682474536E-010
          60  1.622774714481959E-010
          61  1.631135327596928E-010
          62  7.960050706292978E-010
          63  3.306765684757729E-010
          64  3.497492973937711E-010
          65  2.994693913321136E-010
          66  4.304401839888566E-010
          67  5.717870276952070E-010
          68  8.620617288197729E-010
          69  1.617296410118286E-010
          70  4.844675245281678E-010
          71  1.676522749948482E-010
          72  2.071749520952201E-010
          73  2.095570113431152E-010
          74  4.214708972752967E-010
          75  9.762746570002641E-010
          76  2.701294310925048E-009
          77  5.425288471685439E-009
          78  1.029080094428820E-008
          79  7.946938153261766E-009
          80  3.231543771995298E-008
          81  1.259215989538145E-008
          82  1.103635760591376E-008
          83  4.746881369578466E-009
          84  5.088180637806672E-009
          85  3.448366063809613E-009
          86  3.745586977989865E-009
          87  2.509758557975600E-009
          88  6.157187346934934E-009
          89  2.830001619730077E-009
          90  5.379511278463170E-009
          91  3.589042658333496E-009
          92  2.868741328006707E-009
          93  2.379095998362393E-009
          94  5.732056038462461E-009
          95  2.953064034737919E-009
          96  3.518891654246016E-009
          97  1.544004502481255E-009
          98  1.436490574585975E-009
          99  1.603262290772670E-009
         100  1.425829615158269E-009
         101  1.061404097939053E-009
         102  1.822205697283028E-009
         103  1.719927088498652E-009
         104  1.661500728849109E-009
         105  1.736744981670416E-009
         106  2.194243085477420E-009
         107  1.678747940893891E-009
         108  5.611601267887568E-009
         109  2.524100756278562E-009
         110  7.151356949882977E-009
         111  5.131216053575989E-009
         112  6.925903769201653E-009
         113  3.536981437426605E-009
         114  2.839138111194689E-009
         115  1.500063830056184E-009
         116  1.559249393383965E-009
         117  1.328615202655272E-009
         118  1.423232405183439E-009
         119  5.571858866598921E-010
         120  7.852480031653972E-010
         121  6.401875000449992E-010
         122  7.913923893966664E-010
         123  7.099134753420313E-010
         124  1.649530568463349E-008
         125  7.528018972787569E-008
         126  6.152536900187553E-007
         127  3.138472078215283E-006
         128  2.612275495395741E-005
         129  1.320069679858605E-004
         130  3.348535081787556E-004
         131  1.107451547380934E-003
         132  1.061444866484011E-003
         133  3.242910963959334E-005
         134  8.186932461496762E-005
         135  9.124481268789597E-005
         136  2.237262092121052E-004
         137  1.185497745358628E-004
         138  8.554639430313909E-005
         139  1.462613008036403E-005
         140  3.381640944207678E-005
         141  2.414268296068138E-005
         142  9.766918781287496E-006
         143  1.736563188723507E-006
         144  7.684570502770709E-006
         145  3.573263042983884E-006
         146  1.207894580852787E-005
         147  7.273021001778724E-006
         148  1.768416728056556E-005
         149  1.377245405662557E-005
         150  2.404862253724247E-005
         151  1.135408276890061E-005
         152  2.699452377477041E-005
         153  1.453807224333283E-005
         154  3.713781071419016E-005
         155  2.012600881570344E-005
         156  3.470461978713661E-005
         157  2.073400070171939E-005
         158  6.453010124091804E-005
         159  4.518676597337264E-005
         160  9.322309312146350E-005
         161  3.386418181656342E-005
         162  4.353246854109586E-005
         163  2.080997633191639E-005
         164  7.710124215964945E-005
         165  5.010157600169953E-005
         166  6.711539545449581E-005
         167  2.147968136308043E-005
         168  9.903521953230292E-005
         169  5.494156994991592E-005
         170  8.551217031539553E-005
         171  3.439963220266928E-005
         172  3.415793310854547E-005
         173  2.177247415239806E-005
         174  4.629113806981193E-005
         175  2.120691916118936E-005
         176  4.040140579610455E-005
         177  1.764511141610140E-005
         178  1.629827981575101E-005
         179  6.677897196524986E-006
         180  1.242532680439855E-005
         181  5.950192856179882E-006
         182  1.303252834530222E-005
         183  6.799660293622613E-006
         184  1.229386706829242E-005
         185  3.883035519940197E-006
         186  1.471416003591423E-005
         187  4.273398393451475E-006
         188  1.380020535427758E-005
         189  1.184217483068589E-005
         190  2.492601642927781E-005
         191  2.851945268600378E-005
         192  1.007900012734129E-004
         193  1.307539767928587E-004
         194  3.230311844543350E-004
         195  2.263333092744376E-004
         196  4.345286190590718E-004
         197  2.287456671438598E-004
         198  1.666006328464503E-004
         199  1.338220924078277E-005
         200  2.347279391015232E-006
         201  8.454058053855735E-008
         202  9.951580574019416E-008
         203  2.380076681309053E-008
         204  7.799655901343779E-008
         205  6.832754022145786E-008
         206  2.047506214619809E-006
         207  1.348689451022237E-006
         208  2.246713568191559E-006
         209  1.427323111108627E-006
         226  5.577413643458138E-014
         227  4.341934958748104E-015
         230  2.628355238255343E-012
         231  6.518122282645415E-012
         232  5.065152704181847E-007
         234  8.557698904216418E-012
         235  1.400654501105987E-007
         236  1.358269421426108E-009
         238  1.557381190450251E-007
         240  2.633019564523555E-013
         244  3.214135018242329E-009
