           1  7.391329956718893E-005
           2  6.470609901488105E-012
           3  1.574717819390911E-008
           4  8.074876710569432E-005
           6  5.674563962362780E-015
           7  3.114017005274736E-012
           8  2.708281752318958E-013
           9  1.912633244112939E-009
          10  2.713051082138141E-014
          14  2.317365713981821E-015
          15  2.348562167284829E-012
          16  1.274136555691669E-009
          17  9.410671153643152E-011
          18  4.628136465816050E-010
          19  2.156645459833129E-010
          20  4.674684131104214E-009
          21  7.652652119038915E-010
          22  1.653142287823632E-009
          23  4.906328116934643E-009
          24  1.136495280641157E-008
          25  1.384044127053579E-008
          26  1.206566465795022E-008
          27  2.593116793167624E-009
          28  1.615072527163678E-009
          29  8.917658423484302E-010
          30  2.814129293343077E-009
          31  4.931272621133759E-010
          32  6.469846013301049E-010
          33  8.017744104878087E-010
          34  4.411721357019801E-009
          35  2.991214736487744E-010
          36  1.193355527979135E-009
          37  7.554466264027126E-010
          38  1.000673342812104E-009
          39  2.901131791272531E-010
          40  6.335520302064004E-010
          41  9.188925892778063E-010
          42  6.180124317433480E-009
          43  5.335982673603339E-010
          44  9.921355719658518E-010
          45  4.382300370793154E-009
          46  7.411028556605928E-009
          47  8.153961944146819E-009
          48  6.060824134153641E-009
          49  4.924715090308886E-010
          50  3.103729475429491E-009
          51  1.583169375688140E-009
          52  6.341833394061268E-009
          53  2.124545387106817E-010
          54  5.035953066589193E-010
          55  3.312948685257132E-010
          56  4.039328642983722E-010
          57  1.076423792588193E-010
          58  2.116178469024695E-010
          59  1.475607927424641E-010
          60  1.709002515457559E-010
          61  1.763213331360275E-010
          62  8.452604315796528E-010
          63  3.456691916759998E-010
          64  3.629133431507538E-010
          65  3.083670607352807E-010
          66  4.402289060695326E-010
          67  5.832264499628241E-010
          68  8.519075712984897E-010
          69  1.576305813825329E-010
          70  4.708978690153478E-010
          71  1.633039774219771E-010
          72  2.035531176965736E-010
          73  2.161299990779398E-010
          74  4.366781877295125E-010
          75  1.016535292305942E-009
          76  2.737319753320976E-009
          77  5.414874370497806E-009
          78  1.032135340981255E-008
          79  8.087875481292666E-009
          80  3.244658105432807E-008
          81  1.239387945045248E-008
          82  1.098897822773630E-008
          83  4.815263425639198E-009
          84  5.452940752651424E-009
          85  3.629598930941868E-009
          86  3.917601381355278E-009
          87  2.550278055665352E-009
          88  6.083683769513499E-009
          89  2.778905986001734E-009
          90  5.374510631338164E-009
          91  3.660716305321126E-009
          92  3.052914199828516E-009
          93  2.511989511905364E-009
          94  5.695200789503019E-009
          95  2.962737488378270E-009
          96  3.585919758272942E-009
          97  1.565034038261644E-009
          98  1.435294970199020E-009
          99  1.602793867929547E-009
         100  1.423352267309677E-009
         101  1.049155490718734E-009
         102  1.833430513064969E-009
         103  1.729371690857148E-009
         104  1.694074885088230E-009
         105  1.803605259605440E-009
         106  2.294289685353485E-009
         107  1.760820086561038E-009
         108  5.957468003938349E-009
         109  2.635009569928369E-009
         110  7.182500864631482E-009
         111  5.160689278274876E-009
         112  6.883154135696956E-009
         113  3.483892696483466E-009
         114  2.761404044319570E-009
         115  1.444028660879321E-009
         116  1.496396066244988E-009
         117  1.323319954238155E-009
         118  1.425060223230521E-009
         119  5.276011571901255E-010
         120  7.430597665568747E-010
         121  6.097309802331071E-010
         122  7.603346859261226E-010
         123  7.022960570478880E-010
         124  1.782476948142682E-008
         125  8.386760961329253E-008
         126  6.774761295650241E-007
         127  3.429780072499147E-006
         128  2.804083857957364E-005
         129  1.384323106277515E-004
         130  3.390606874486993E-004
         131  1.115818807240805E-003
         132  1.064969370890139E-003
         133  3.385986166656655E-005
         134  8.397305745465561E-005
         135  8.571687856243139E-005
         136  2.268118211080922E-004
         137  1.227593781971619E-004
         138  8.924293772357170E-005
         139  1.488841650001389E-005
         140  3.357579076049298E-005
         141  2.490816395709930E-005
         142  9.753806133548115E-006
         143  1.579569087617066E-006
         144  5.737344445176724E-006
         145  2.117723125562844E-006
         146  6.629773342202456E-006
         147  5.435215409789333E-006
         148  7.084676372005783E-006
         149  5.921710749494884E-006
         150  1.734398857559121E-005
         151  1.383132396696993E-005
         152  6.170180198808133E-005
         153  3.960667881230245E-005
         154  3.631082213350255E-005
         155  1.169299178802651E-005
         156  4.789943309580785E-005
         157  2.365373619013057E-005
         158  3.910049487946181E-005
         159  1.925608924147932E-005
         160  4.119982570011975E-005
         161  2.849417098663597E-005
         162  1.143741200893589E-004
         163  5.842649664185615E-005
         164  6.255484028185587E-005
         165  3.320806288040102E-005
         166  6.341527130618848E-005
         167  2.918022794781996E-005
         168  8.163856963982785E-005
         169  4.178486439674931E-005
         170  5.000959475235577E-005
         171  2.710871354727866E-005
         172  3.680317578965773E-005
         173  2.118536981870927E-005
         174  5.210361825671708E-005
         175  2.856896375302772E-005
         176  2.785824263184284E-005
         177  9.400991506510113E-006
         178  8.355419875113502E-006
         179  4.462476829606701E-006
         180  1.032324669536255E-005
         181  5.195251001540995E-006
         182  1.183542050237389E-005
         183  6.285179586825197E-006
         184  1.169545033552638E-005
         185  3.786506929506557E-006
         186  1.459906968758771E-005
         187  4.265280063780608E-006
         188  1.409985421114371E-005
         189  1.218253992670243E-005
         190  2.572928349620950E-005
         191  2.874315202610621E-005
         192  1.031941665491235E-004
         193  1.352997449419782E-004
         194  3.371464665174267E-004
         195  2.345867006061652E-004
         196  4.471805774337940E-004
         197  2.344448157854208E-004
         198  1.704188787603247E-004
         199  1.381864250385784E-005
         200  2.472996619303028E-006
         201  9.359688210295676E-008
         202  1.117662728480325E-007
         203  2.702133183565811E-008
         204  9.580364470843449E-008
         205  8.403921469669000E-008
         206  2.259451534428136E-006
         207  1.498591991535976E-006
         208  2.472115239645535E-006
         209  1.548129488017284E-006
         226  5.590455285407652E-014
         227  4.386408350249344E-015
         230  2.634501109823191E-012
         231  6.584885835504490E-012
         232  5.141885253917652E-007
         234  8.577709334167482E-012
         235  1.415001066998264E-007
         236  1.395178822869040E-009
         238  1.561022808082213E-007
         240  2.706221164545932E-013
         244  3.303492434796833E-009
