           1  7.449476256199445E-005
           2  6.470609901488105E-012
           3  1.574717819390911E-008
           4  8.264068933562587E-005
           6  5.674563962362780E-015
           7  3.114017005274736E-012
           8  2.708281752318958E-013
           9  1.912633244112939E-009
          10  2.713051082138141E-014
          14  1.984878223404866E-015
          15  1.991103014357744E-012
          16  1.242011345394179E-009
          17  9.214954936992211E-011
          18  4.375031676029426E-010
          19  1.853159283627687E-010
          20  4.660608319113353E-009
          21  7.587777624209799E-010
          22  1.599405260553851E-009
          23  4.887411819975631E-009
          24  1.131549790945416E-008
          25  1.379448808366281E-008
          26  1.185198241420858E-008
          27  2.501087800120304E-009
          28  1.558584943700797E-009
          29  8.299702744156313E-010
          30  2.703454571445488E-009
          31  4.598069241455188E-010
          32  5.767757116248144E-010
          33  8.379794704509561E-010
          34  4.303783531323652E-009
          35  2.862490102480757E-010
          36  1.155608033467469E-009
          37  7.925485785204287E-010
          38  1.074082886968692E-009
          39  3.089119062117164E-010
          40  6.153893461608607E-010
          41  8.682672384388154E-010
          42  6.254943307122970E-009
          43  5.252408205802655E-010
          44  1.003420052958358E-009
          45  4.442206994724943E-009
          46  7.334334764803303E-009
          47  7.912916332529494E-009
          48  5.840376634725600E-009
          49  5.364987661170519E-010
          50  3.151902353291116E-009
          51  1.555515653620229E-009
          52  6.278649297257230E-009
          53  2.244348799105698E-010
          54  5.688877199040705E-010
          55  3.777546744668072E-010
          56  4.334844994377267E-010
          57  1.131146003533810E-010
          58  2.296573204861635E-010
          59  1.580408282363946E-010
          60  1.765737232882585E-010
          61  1.822211746541991E-010
          62  8.661852592501910E-010
          63  3.536053813593304E-010
          64  3.718428527248865E-010
          65  3.166930437554131E-010
          66  4.405929485347291E-010
          67  5.769975400895363E-010
          68  8.488612648723694E-010
          69  1.613084141691795E-010
          70  4.939025560783972E-010
          71  1.699333658894326E-010
          72  2.100386264150073E-010
          73  2.218501652410268E-010
          74  4.507651191527428E-010
          75  1.077320393264957E-009
          76  2.848863264088380E-009
          77  5.557126711001248E-009
          78  1.000876819455111E-008
          79  7.899109806515140E-009
          80  3.239296280254408E-008
          81  1.187835832470051E-008
          82  1.051748288488655E-008
          83  4.587605517611578E-009
          84  5.027453515521335E-009
          85  3.459925643826057E-009
          86  3.753183947389298E-009
          87  2.481380103528436E-009
          88  6.064295608923062E-009
          89  2.700272212524688E-009
          90  5.136109716619777E-009
          91  3.496174416499850E-009
          92  2.853575668081605E-009
          93  2.375499908350447E-009
          94  5.692411293032216E-009
          95  2.869006031799762E-009
          96  3.397123564741672E-009
          97  1.466876849833679E-009
          98  1.352378492304790E-009
          99  1.500415788113206E-009
         100  1.306834888458272E-009
         101  9.840854768957620E-010
         102  1.761459813111949E-009
         103  1.686610448369951E-009
         104  1.640960457585426E-009
         105  1.753747053735884E-009
         106  2.233312518316032E-009
         107  1.718044693387032E-009
         108  5.730931911309011E-009
         109  2.550362712848833E-009
         110  6.918767344598913E-009
         111  4.874806821886574E-009
         112  6.376436981225161E-009
         113  3.184220883786478E-009
         114  2.490477630861920E-009
         115  1.303018057254195E-009
         116  1.353857207128946E-009
         117  1.240202098189183E-009
         118  1.333029035951166E-009
         119  4.818003150970241E-010
         120  6.842215918896448E-010
         121  5.560458783108535E-010
         122  7.224279357418836E-010
         123  6.627695455539810E-010
         124  1.923511865372064E-008
         125  8.492211163996794E-008
         126  6.873629108592389E-007
         127  3.515256778856329E-006
         128  2.867326306633240E-005
         129  1.379536869773076E-004
         130  3.252200473652348E-004
         131  1.093847625213125E-003
         132  1.022617079290179E-003
         133  3.329624742630929E-005
         134  8.404891754347493E-005
         135  8.386162319153264E-005
         136  2.175144545129343E-004
         137  1.178701570202657E-004
         138  8.723234111892821E-005
         139  1.463420904867148E-005
         140  3.381849351378251E-005
         141  2.551503517050206E-005
         142  9.738890318495088E-006
         143  1.861514802710316E-006
         144  9.851743320823953E-006
         145  6.183680809223868E-006
         146  2.501435265822046E-005
         147  1.875904226071673E-005
         148  2.376739301913761E-005
         149  1.485048447921190E-005
         150  3.951711099493847E-005
         151  2.861871508396765E-005
         152  3.230212806196693E-005
         153  9.697849392675882E-006
         154  1.874999230802846E-005
         155  7.809995485905986E-006
         156  2.439555270729505E-005
         157  1.551087039440905E-005
         158  5.485877143432788E-005
         159  2.576305731614297E-005
         160  8.426812907294270E-005
         161  4.255772342716186E-005
         162  8.885129842336623E-005
         163  5.447595914080340E-005
         164  1.322660518539989E-004
         165  7.762742788370656E-005
         166  1.070449964812386E-004
         167  2.351001327172642E-005
         168  5.296656853835128E-005
         169  2.512530290645128E-005
         170  3.045914309569962E-005
         171  2.189388338218553E-005
         172  7.618860037143061E-005
         173  3.441745031591110E-005
         174  5.663010769257639E-005
         175  2.477113559401164E-005
         176  1.517069985990540E-005
         177  5.812047072763292E-006
         178  1.302865448280227E-005
         179  5.464890685317378E-006
         180  9.928793943236184E-006
         181  5.137501650412149E-006
         182  1.227418604324098E-005
         183  6.731497449868458E-006
         184  1.253038783120435E-005
         185  4.036844618163894E-006
         186  1.576936079701347E-005
         187  4.662050065624972E-006
         188  1.561527531400423E-005
         189  1.369392342926056E-005
         190  2.804323652967550E-005
         191  3.101336226923877E-005
         192  1.080507832860650E-004
         193  1.386066997351447E-004
         194  3.332623846640260E-004
         195  2.235143512395922E-004
         196  4.159490383498697E-004
         197  2.138506012355190E-004
         198  1.510743277083858E-004
         199  1.203123543150590E-005
         200  2.155409433664133E-006
         201  8.114456597214513E-008
         202  1.035510093780321E-007
         203  2.685637651396333E-008
         204  8.064397340546222E-008
         205  6.921148415649101E-008
         206  2.307733581877202E-006
         207  1.530024516698606E-006
         208  2.554259738436564E-006
         209  1.614055021691472E-006
         226  6.479862290811669E-014
         227  4.974580708347507E-015
         230  3.053634011026700E-012
         231  7.467851469439531E-012
         232  5.696026783262326E-007
         234  9.942370060824505E-012
         235  1.604738193100643E-007
         236  1.648747348669159E-009
         238  1.809371922818501E-007
         240  3.203344269892983E-013
         244  3.910332126685887E-009
