           1  7.479158010237673E-005
           2  6.470609901488105E-012
           3  1.574717819390911E-008
           4  8.566191804658261E-005
           6  5.674563962362780E-015
           7  3.114017005274736E-012
           8  2.708281752318958E-013
           9  1.912633244112939E-009
          10  2.713051082138141E-014
          14  1.917195573458069E-015
          15  1.846805657651505E-012
          16  1.195405207777348E-009
          17  8.932753766632736E-011
          18  4.465424090606824E-010
          19  2.009851401386597E-010
          20  4.721489194467502E-009
          21  7.393668721782446E-010
          22  1.311110398067295E-009
          23  4.994677895477562E-009
          24  1.142089527467706E-008
          25  1.415656137547806E-008
          26  1.184667597433732E-008
          27  2.283463226177732E-009
          28  1.420269020184627E-009
          29  8.216978281645979E-010
          30  2.451942456172929E-009
          31  3.902919861219721E-010
          32  6.548409507197347E-010
          33  8.977447130727377E-010
          34  4.185069793295612E-009
          35  2.725015727490374E-010
          36  1.153291736173968E-009
          37  8.768065477270505E-010
          38  1.223892346175587E-009
          39  3.192304047328857E-010
          40  6.104107183755427E-010
          41  8.656343075550701E-010
          42  5.755837422317847E-009
          43  4.488123628035003E-010
          44  1.079593274968839E-009
          45  4.911969251560177E-009
          46  7.598790259981230E-009
          47  7.817631840297441E-009
          48  5.606032976537877E-009
          49  5.673091582968450E-010
          50  3.100207563412935E-009
          51  1.479067379520388E-009
          52  6.249855209969077E-009
          53  2.409952537594722E-010
          54  6.377952123797088E-010
          55  3.634493310410725E-010
          56  3.936522026185658E-010
          57  9.672953294443613E-011
          58  2.106013005137330E-010
          59  1.415095634231846E-010
          60  1.817756820270302E-010
          61  2.097537493050624E-010
          62  9.053327470046608E-010
          63  3.547524867996514E-010
          64  3.686427518408660E-010
          65  3.079499731186510E-010
          66  4.263903849470549E-010
          67  5.893255658517098E-010
          68  7.990004410438029E-010
          69  1.501155183189983E-010
          70  4.546149674443635E-010
          71  1.548994348395214E-010
          72  1.945024161531272E-010
          73  2.287531629735145E-010
          74  4.780687503397047E-010
          75  1.205541858826503E-009
          76  2.991199347567206E-009
          77  5.794270578973208E-009
          78  9.940972422870420E-009
          79  7.980512638206317E-009
          80  3.110461363337974E-008
          81  1.262239784689255E-008
          82  1.035418250260639E-008
          83  4.290459234982485E-009
          84  4.901770612384457E-009
          85  3.315692689523496E-009
          86  3.621745312438152E-009
          87  2.644850542545348E-009
          88  6.140930285813678E-009
          89  2.639902284827650E-009
          90  5.106495557803159E-009
          91  3.429961911768841E-009
          92  2.919739253886546E-009
          93  2.446975081946690E-009
          94  5.637483496322893E-009
          95  2.833937066570174E-009
          96  3.506672188524623E-009
          97  1.476825274849041E-009
          98  1.338693967201373E-009
          99  1.469599825591547E-009
         100  1.249389360376670E-009
         101  9.591441023609337E-010
         102  1.735856579423862E-009
         103  1.637397246786553E-009
         104  1.575886202737987E-009
         105  1.719766635795935E-009
         106  2.279789182357936E-009
         107  1.824103633771862E-009
         108  6.276830335126752E-009
         109  2.744328334579076E-009
         110  7.108573525895523E-009
         111  4.986709152258160E-009
         112  6.193990135923554E-009
         113  2.985435743892448E-009
         114  2.230332518479903E-009
         115  1.137050820167092E-009
         116  1.169262484639420E-009
         117  1.159611511803023E-009
         118  1.252673189101495E-009
         119  4.290181164973262E-010
         120  6.246114325340496E-010
         121  5.075878071682739E-010
         122  6.863941719228407E-010
         123  6.666923518514870E-010
         124  2.303367279807424E-008
         125  1.056637206433016E-007
         126  8.307970516573240E-007
         127  4.211227949696042E-006
         128  3.326417612391626E-005
         129  1.510091039723280E-004
         130  3.264191438404785E-004
         131  1.052811469262906E-003
         132  1.009688422804033E-003
         133  3.404730912944673E-005
         134  8.641967244661395E-005
         135  8.946642058020977E-005
         136  2.149742608854649E-004
         137  1.139830025968940E-004
         138  8.577372539752329E-005
         139  1.492640785521594E-005
         140  3.386313649394206E-005
         141  2.558138404640104E-005
         142  9.680584728359870E-006
         143  1.594240742190744E-006
         144  6.098714095619954E-006
         145  3.062512598833853E-006
         146  1.191515501385155E-005
         147  1.049994678866036E-005
         148  3.091776375464292E-005
         149  2.605001025296104E-005
         150  5.012417358223292E-005
         151  3.544713828182514E-005
         152  4.109245823751165E-005
         153  1.452198131012141E-005
         154  2.149126327268834E-005
         155  1.360146921027034E-005
         156  4.273377061657784E-005
         157  2.406225810800401E-005
         158  7.242527853267309E-005
         159  3.692422455406361E-005
         160  6.655537563647886E-005
         161  3.657918939852855E-005
         162  8.830602099188742E-005
         163  4.902720243276274E-005
         164  1.202717472921111E-004
         165  1.028148792979340E-004
         166  1.231023676522501E-004
         167  3.444428595149885E-005
         168  6.160482560476656E-005
         169  2.138336354552251E-005
         170  2.169072437835392E-005
         171  1.173221650583788E-005
         172  3.060235682537925E-005
         173  2.115027792139499E-005
         174  3.448747365142502E-005
         175  2.189896661307434E-005
         176  2.172553712311845E-005
         177  1.001474000519518E-005
         178  1.969736654572460E-005
         179  1.025666895961543E-005
         180  1.814385027508256E-005
         181  7.535018652511812E-006
         182  1.409949114852296E-005
         183  7.121163888448726E-006
         184  1.307723630399454E-005
         185  4.288519502674427E-006
         186  1.696340629954647E-005
         187  5.050100729135531E-006
         188  1.781876895801256E-005
         189  1.632357319154663E-005
         190  3.283961618768240E-005
         191  3.442545353156851E-005
         192  1.198115422999272E-004
         193  1.526400125972468E-004
         194  3.543498987154439E-004
         195  2.242097874417596E-004
         196  3.953659925388939E-004
         197  1.941434080906922E-004
         198  1.300620931096437E-004
         199  1.027906090600647E-005
         200  1.910374413231212E-006
         201  8.523512247819535E-008
         202  1.112767239371366E-007
         203  2.749551157472673E-008
         204  7.603659754243011E-008
         205  6.384307884989181E-008
         206  2.512157813060915E-006
         207  1.595523276057800E-006
         208  2.742721004877678E-006
         209  1.756773445825965E-006
         210  1.026818467879778E-015
         226  7.271830155632299E-014
         227  5.589587099284901E-015
         230  3.426848733673768E-012
         231  8.391100412324245E-012
         232  6.405534702136724E-007
         234  1.115752514205100E-011
         235  1.803131646217632E-007
         236  1.922067851215762E-009
         238  2.030513106700280E-007
         240  3.739892732658304E-013
         244  4.565298472699410E-009
